#!ascii label  , from subject sub-v1s5x0050741_ses-1 vox2ras=TkReg
287
117616  22.751  -3.211  -7.502 0.0000000000
63279  21.991  -11.767  -3.990 0.0000000000
75673  21.719  2.236  -7.605 0.0000000000
80314  13.601  8.327  -16.075 0.0000000000
61373  21.284  -13.413  -2.444 0.0000000000
78042  24.852  5.552  -7.978 0.0000000000
80248  23.419  8.828  -10.112 0.0000000000
126045  20.473  -5.082  -7.325 0.0000000000
121219  22.135  -8.235  -6.532 0.0000000000
68525  23.938  -5.381  -7.439 0.0000000000
129335  25.742  -0.240  -7.488 0.0000000000
113940  26.208  -3.816  -7.579 0.0000000000
72982  22.006  -0.044  -7.478 0.0000000000
75669  25.644  2.604  -7.593 0.0000000000
81966  19.132  10.108  -13.781 0.0000000000
81980  20.673  10.718  -14.132 0.0000000000
64224  22.988  -10.226  -5.249 0.0000000000
78777  22.413  6.838  -8.169 0.0000000000
80249  22.324  9.092  -9.988 0.0000000000
125256  21.372  -3.854  -7.496 0.0000000000
115229  22.099  -5.316  -7.483 0.0000000000
113340  23.098  -3.906  -7.490 0.0000000000
62347  21.749  -12.725  -2.846 0.0000000000
111073  21.824  0.866  -7.499 0.0000000000
74794  24.388  1.399  -7.417 0.0000000000
76510  23.885  2.993  -7.368 0.0000000000
78787  25.071  6.781  -9.265 0.0000000000
78050  26.047  5.385  -8.974 0.0000000000
81143  13.698  8.364  -15.108 0.0000000000
81117  18.339  9.542  -13.626 0.0000000000
81141  16.599  8.635  -14.905 0.0000000000
82022  16.272  9.846  -19.184 0.0000000000
82821  17.558  10.613  -17.240 0.0000000000
82810  17.952  10.927  -15.581 0.0000000000
82808  19.788  11.429  -15.731 0.0000000000
81964  22.520  10.528  -13.669 0.0000000000
66080  23.662  -8.158  -6.661 0.0000000000
65190  22.478  -9.609  -6.095 0.0000000000
60382  20.328  -14.444  -1.521 0.0000000000
115227  23.543  3.903  -7.391 0.0000000000
78044  22.501  5.450  -7.579 0.0000000000
79475  24.390  6.995  -8.741 0.0000000000
79495  24.637  7.926  -10.975 0.0000000000
66880  20.227  -7.695  -6.452 0.0000000000
67708  21.257  -6.570  -7.016 0.0000000000
67706  22.855  -6.766  -7.176 0.0000000000
113956  23.791  -6.924  -7.164 0.0000000000
72109  24.020  -1.680  -7.430 0.0000000000
117618  24.841  -3.043  -7.405 0.0000000000
71168  26.205  -2.319  -7.552 0.0000000000
71173  21.444  -2.460  -7.510 0.0000000000
127510  20.521  -1.040  -7.531 0.0000000000
72110  23.026  -1.700  -7.449 0.0000000000
72980  24.121  -0.193  -7.445 0.0000000000
114050  26.021  1.136  -7.592 0.0000000000
74810  26.615  2.090  -8.086 0.0000000000
115795  25.310  3.871  -7.670 0.0000000000
76523  26.327  3.571  -8.426 0.0000000000
81086  20.450  9.201  -11.885 0.0000000000
81149  15.511  8.056  -16.826 0.0000000000
81997  17.141  9.514  -15.685 0.0000000000
81965  19.998  10.305  -13.663 0.0000000000
81085  21.483  9.718  -11.381 0.0000000000
81936  22.697  10.295  -11.790 0.0000000000
80277  23.927  9.346  -11.854 0.0000000000
63296  21.199  -11.303  -5.347 0.0000000000
65191  21.141  -9.257  -6.239 0.0000000000
69379  24.560  -4.582  -7.436 0.0000000000
67704  25.462  -6.336  -7.467 0.0000000000
79478  21.486  7.216  -8.800 0.0000000000
80238  21.654  8.433  -9.706 0.0000000000
113339  22.210  -3.905  -7.526 0.0000000000
117617  23.513  -3.269  -7.456 0.0000000000
59441  20.384  -15.414  -0.575 0.0000000000
60365  20.755  -14.972  -1.133 0.0000000000
62359  22.085  -12.173  -3.282 0.0000000000
74797  21.530  1.525  -7.580 0.0000000000
74796  22.358  1.523  -7.465 0.0000000000
75672  22.881  2.353  -7.411 0.0000000000
133330  25.040  7.285  -10.778 0.0000000000
78797  25.491  6.389  -9.858 0.0000000000
123984  14.754  7.806  -14.784 0.0000000000
81142  15.785  7.908  -14.790 0.0000000000
80312  15.446  7.716  -15.612 0.0000000000
82819  18.127  11.356  -16.370 0.0000000000
82807  20.871  11.395  -15.674 0.0000000000
66079  24.114  -8.468  -6.662 0.0000000000
66063  24.195  -8.916  -6.408 0.0000000000
62360  20.469  -12.589  -3.683 0.0000000000
77337  22.185  4.505  -7.549 0.0000000000
112923  21.584  5.030  -7.750 0.0000000000
112162  23.011  8.037  -9.012 0.0000000000
78776  23.473  6.975  -8.340 0.0000000000
79476  23.668  7.591  -8.901 0.0000000000
79483  24.396  7.518  -9.509 0.0000000000
79496  24.166  8.158  -10.123 0.0000000000
82006  12.351  10.186  -15.990 0.0000000000
67709  20.559  -6.413  -6.933 0.0000000000
124874  20.970  -5.839  -7.220 0.0000000000
68526  22.965  -5.361  -7.504 0.0000000000
119017  22.451  -6.041  -7.452 0.0000000000
114889  23.357  -6.115  -7.418 0.0000000000
67705  24.370  -6.204  -7.341 0.0000000000
61362  20.776  -13.983  -2.010 0.0000000000
60381  21.206  -14.509  -1.552 0.0000000000
114139  25.535  -0.995  -7.443 0.0000000000
72108  24.928  -1.683  -7.391 0.0000000000
72107  26.462  -1.472  -7.647 0.0000000000
70284  20.956  -3.174  -7.516 0.0000000000
72983  20.904  -0.270  -7.542 0.0000000000
112051  21.502  -0.962  -7.496 0.0000000000
72111  21.997  -1.712  -7.492 0.0000000000
112052  22.566  -0.913  -7.457 0.0000000000
112053  23.594  -0.920  -7.441 0.0000000000
72981  23.157  -0.124  -7.433 0.0000000000
112075  25.175  1.028  -7.473 0.0000000000
74793  25.386  1.763  -7.491 0.0000000000
74792  26.528  1.511  -7.842 0.0000000000
75668  26.340  2.771  -7.930 0.0000000000
77335  24.186  4.716  -7.467 0.0000000000
115777  24.503  3.867  -7.465 0.0000000000
77334  25.121  4.583  -7.740 0.0000000000
77345  26.193  4.512  -8.743 0.0000000000
115522  26.477  3.357  -9.477 0.0000000000
122933  18.517  10.082  -13.948 0.0000000000
81102  19.135  9.153  -13.003 0.0000000000
81116  19.170  9.615  -13.384 0.0000000000
80263  19.591  8.381  -11.867 0.0000000000
81115  19.864  9.803  -13.076 0.0000000000
82014  16.661  9.248  -18.437 0.0000000000
82023  15.012  9.786  -19.156 0.0000000000
128242  15.966  8.653  -17.843 0.0000000000
82005  17.238  9.261  -16.923 0.0000000000
81994  19.414  11.066  -14.989 0.0000000000
81995  18.515  10.771  -14.947 0.0000000000
112192  20.892  10.527  -13.658 0.0000000000
81954  20.671  10.195  -13.091 0.0000000000
81953  21.352  10.199  -12.505 0.0000000000
81084  22.369  10.031  -11.173 0.0000000000
81952  22.391  10.446  -12.599 0.0000000000
81963  23.335  10.368  -13.652 0.0000000000
118978  23.151  10.418  -13.060 0.0000000000
115919  23.748  10.046  -13.245 0.0000000000
81099  24.142  9.342  -12.788 0.0000000000
63289  20.782  -11.715  -4.927 0.0000000000
66879  20.838  -7.859  -6.537 0.0000000000
66067  20.511  -8.551  -6.283 0.0000000000
66066  21.310  -8.414  -6.463 0.0000000000
65182  22.818  -9.986  -5.844 0.0000000000
64234  22.205  -10.166  -5.900 0.0000000000
64225  22.331  -10.539  -5.514 0.0000000000
64215  22.474  -10.852  -4.893 0.0000000000
117079  25.779  -3.053  -7.473 0.0000000000
113342  25.205  -3.797  -7.440 0.0000000000
78769  22.204  6.209  -7.812 0.0000000000
78778  21.478  6.459  -8.272 0.0000000000
79485  22.064  8.036  -9.020 0.0000000000
80237  22.730  8.536  -9.434 0.0000000000
113338  20.975  -4.441  -7.436 0.0000000000
115228  21.337  -5.208  -7.399 0.0000000000
69382  21.738  -4.579  -7.489 0.0000000000
69381  22.584  -4.626  -7.504 0.0000000000
69380  23.522  -4.610  -7.481 0.0000000000
61361  21.733  -13.906  -1.868 0.0000000000
61372  22.251  -13.179  -2.159 0.0000000000
72977  26.857  -0.199  -7.854 0.0000000000
72106  27.012  -0.859  -7.926 0.0000000000
125950  21.228  0.417  -7.538 0.0000000000
111120  22.755  0.715  -7.427 0.0000000000
74795  23.335  1.451  -7.405 0.0000000000
75671  23.824  2.101  -7.382 0.0000000000
75670  24.677  2.339  -7.420 0.0000000000
78775  25.026  6.327  -8.621 0.0000000000
78774  25.523  5.746  -8.635 0.0000000000
78786  25.633  6.133  -9.079 0.0000000000
78068  25.836  5.721  -9.587 0.0000000000
81131  17.318  9.875  -14.302 0.0000000000
81140  17.183  9.653  -14.937 0.0000000000
82013  17.319  9.529  -18.094 0.0000000000
82004  17.501  10.517  -16.247 0.0000000000
82809  18.808  11.247  -15.652 0.0000000000
81993  20.860  11.063  -14.744 0.0000000000
81979  21.528  10.706  -14.193 0.0000000000
81992  21.707  11.053  -15.109 0.0000000000
66081  22.982  -8.135  -6.513 0.0000000000
66065  22.749  -8.879  -6.327 0.0000000000
65189  23.355  -9.319  -6.107 0.0000000000
60366  19.918  -14.834  -0.967 0.0000000000
114108  19.830  -13.892  -1.918 0.0000000000
61374  20.397  -13.471  -2.536 0.0000000000
62348  20.856  -12.982  -3.112 0.0000000000
120130  21.301  -12.370  -3.788 0.0000000000
121478  21.372  2.977  -7.752 0.0000000000
76511  22.853  3.284  -7.413 0.0000000000
115189  22.731  3.987  -7.446 0.0000000000
77336  23.157  4.683  -7.433 0.0000000000
78043  23.728  5.577  -7.581 0.0000000000
78768  23.125  6.300  -7.799 0.0000000000
121667  24.175  6.360  -8.094 0.0000000000
127610  24.655  7.610  -10.275 0.0000000000
81135  12.996  9.382  -14.532 0.0000000000
81144  12.823  9.210  -15.718 0.0000000000
81150  13.163  8.863  -16.854 0.0000000000
66898  20.743  -7.152  -6.711 0.0000000000
66082  21.515  -7.464  -6.742 0.0000000000
122260  21.689  -5.948  -7.360 0.0000000000
67707  22.012  -6.681  -7.152 0.0000000000
66897  22.446  -7.446  -6.814 0.0000000000
66896  23.318  -7.531  -6.853 0.0000000000
66895  24.205  -7.865  -7.007 0.0000000000
71171  23.478  -2.518  -7.447 0.0000000000
130490  24.104  -2.975  -7.406 0.0000000000
71170  24.462  -2.368  -7.412 0.0000000000
71169  25.332  -2.368  -7.425 0.0000000000
71167  27.020  -2.236  -7.878 0.0000000000
112481  26.715  -3.042  -7.717 0.0000000000
128038  20.703  -3.769  -7.482 0.0000000000
117615  21.838  -3.188  -7.531 0.0000000000
71172  22.421  -2.469  -7.497 0.0000000000
72112  21.013  -1.736  -7.497 0.0000000000
112054  24.537  -0.950  -7.411 0.0000000000
72979  25.002  -0.253  -7.422 0.0000000000
111121  23.745  0.614  -7.427 0.0000000000
111122  24.644  0.490  -7.445 0.0000000000
73881  25.497  0.396  -7.490 0.0000000000
129727  26.606  0.931  -7.816 0.0000000000
74791  26.865  1.247  -8.287 0.0000000000
76509  24.992  3.185  -7.484 0.0000000000
77346  25.665  5.037  -8.361 0.0000000000
77333  25.830  4.195  -8.107 0.0000000000
76508  25.854  3.402  -7.803 0.0000000000
75687  26.604  2.771  -8.489 0.0000000000
81068  20.892  9.027  -11.138 0.0000000000
81158  13.519  8.854  -18.006 0.0000000000
119351  14.176  8.264  -16.881 0.0000000000
81148  16.556  8.163  -16.040 0.0000000000
81983  17.715  10.379  -14.918 0.0000000000
81996  17.512  10.420  -15.558 0.0000000000
130991  19.563  10.431  -14.039 0.0000000000
81100  21.140  9.842  -11.986 0.0000000000
80250  21.285  8.801  -10.397 0.0000000000
81067  21.873  9.504  -10.652 0.0000000000
81066  22.854  9.541  -10.615 0.0000000000
81083  23.210  9.937  -11.379 0.0000000000
80262  23.678  9.184  -10.979 0.0000000000
80261  24.291  8.587  -11.462 0.0000000000
80276  24.428  8.547  -12.384 0.0000000000
115487  21.399  -11.767  -4.718 0.0000000000
65192  20.482  -9.427  -5.976 0.0000000000
117821  21.913  -9.064  -6.309 0.0000000000
64235  21.736  -9.848  -6.084 0.0000000000
64236  21.050  -10.047  -5.938 0.0000000000
63295  21.850  -11.183  -5.234 0.0000000000
63288  22.043  -11.414  -4.682 0.0000000000
113341  24.119  -3.743  -7.438 0.0000000000
69378  25.611  -4.584  -7.485 0.0000000000
68524  24.998  -5.399  -7.395 0.0000000000
66064  23.562  -8.691  -6.421 0.0000000000
72978  26.347  -0.586  -7.621 0.0000000000
73880  26.331  0.265  -7.642 0.0000000000
75686  26.824  1.987  -8.756 0.0000000000
76512  21.907  3.639  -7.596 0.0000000000
76537  26.532  3.962  -9.006 0.0000000000
77361  26.307  4.640  -9.250 0.0000000000
78798  25.058  7.083  -10.066 0.0000000000
79477  22.711  7.518  -8.592 0.0000000000
79484  23.606  8.141  -9.486 0.0000000000
80247  24.087  8.587  -10.688 0.0000000000
80264  18.922  8.570  -12.689 0.0000000000
80313  14.469  7.771  -15.845 0.0000000000
81101  20.273  9.584  -12.556 0.0000000000
81130  17.789  9.793  -13.926 0.0000000000
81937  21.929  10.244  -11.824 0.0000000000
81951  23.427  10.167  -12.328 0.0000000000
81978  22.431  10.680  -14.653 0.0000000000
81981  19.066  10.494  -14.346 0.0000000000
81982  18.167  10.255  -14.352 0.0000000000
82015  15.572  9.156  -18.535 0.0000000000
82820  17.703  11.181  -16.692 0.0000000000
114971  21.561  10.466  -13.277 0.0000000000
115411  26.213  2.017  -7.701 0.0000000000
117400  19.995  10.784  -14.422 0.0000000000
118473  22.166  2.894  -7.540 0.0000000000
127900  25.693  -1.767  -7.459 0.0000000000
128378  27.152  -1.548  -8.041 0.0000000000
128936  20.216  11.205  -15.089 0.0000000000
129213  26.608  3.318  -8.883 0.0000000000
