#!ascii label  , from subject sub-v1s5x0050748_ses-1 vox2ras=TkReg
1359
55479  -45.304  -12.503  43.745 0.0000000000
121920  -35.186  -19.518  54.261 0.0000000000
56680  -46.352  -11.471  30.467 0.0000000000
53788  -38.892  -14.174  34.152 0.0000000000
122617  -47.579  -10.649  38.102 0.0000000000
50824  -42.173  -16.767  49.726 0.0000000000
48833  -32.716  -19.383  41.645 0.0000000000
48874  -37.893  -20.309  38.155 0.0000000000
44632  -27.993  -23.786  53.124 0.0000000000
63414  -54.360  -4.840  28.221 0.0000000000
119800  -26.334  -25.879  42.521 0.0000000000
125021  -41.703  -12.786  39.402 0.0000000000
57601  -42.978  -10.636  36.224 0.0000000000
59473  -44.992  -8.799  41.038 0.0000000000
53681  -45.024  -14.474  46.950 0.0000000000
49937  -40.914  -18.751  43.057 0.0000000000
51903  -41.521  -16.459  40.438 0.0000000000
50949  -38.314  -17.120  35.805 0.0000000000
65252  -53.485  -2.251  24.718 0.0000000000
47554  -31.164  -21.306  54.781 0.0000000000
42736  -26.987  -25.018  48.791 0.0000000000
47604  -29.998  -20.233  48.742 0.0000000000
56636  -47.917  -11.954  35.351 0.0000000000
48684  -39.038  -19.043  51.339 0.0000000000
48736  -34.059  -19.422  47.837 0.0000000000
48768  -37.716  -19.686  45.937 0.0000000000
47683  -36.131  -20.581  40.180 0.0000000000
118896  -25.393  -25.401  55.105 0.0000000000
119598  -52.402  -10.045  39.026 0.0000000000
58565  -51.809  -9.437  33.515 0.0000000000
60547  -55.364  -7.045  31.737 0.0000000000
104039  -50.046  -8.264  28.878 0.0000000000
61582  -48.828  -6.748  25.011 0.0000000000
41661  -23.435  -26.173  48.977 0.0000000000
113740  -28.391  -21.010  42.087 0.0000000000
55515  -43.292  -12.126  41.499 0.0000000000
57551  -43.527  -10.245  40.211 0.0000000000
57538  -45.271  -10.208  42.820 0.0000000000
53703  -45.486  -14.018  45.084 0.0000000000
52804  -43.785  -15.657  43.758 0.0000000000
116644  -43.724  -13.858  42.546 0.0000000000
53738  -41.669  -14.674  40.212 0.0000000000
55621  -44.668  -13.141  29.141 0.0000000000
56707  -45.515  -11.642  28.306 0.0000000000
48656  -32.967  -19.812  54.365 0.0000000000
47579  -30.465  -20.287  51.033 0.0000000000
48679  -32.827  -19.529  51.408 0.0000000000
54683  -39.899  -13.383  32.573 0.0000000000
58522  -45.079  -9.973  36.802 0.0000000000
56647  -44.030  -12.138  35.230 0.0000000000
56622  -45.689  -12.618  37.099 0.0000000000
54661  -45.676  -14.205  36.883 0.0000000000
56611  -48.081  -12.866  38.244 0.0000000000
49876  -40.750  -18.061  50.363 0.0000000000
116346  -38.368  -19.464  49.011 0.0000000000
49890  -40.214  -18.521  48.160 0.0000000000
48853  -39.529  -19.780  40.637 0.0000000000
47676  -38.729  -20.633  41.750 0.0000000000
46773  -37.261  -21.734  39.152 0.0000000000
114212  -38.805  -15.546  35.469 0.0000000000
58524  -52.177  -9.860  36.155 0.0000000000
60559  -52.136  -7.795  30.267 0.0000000000
109124  -51.608  -6.698  28.201 0.0000000000
59657  -49.101  -7.932  26.934 0.0000000000
62516  -51.412  -5.393  26.361 0.0000000000
65274  -50.763  -2.695  22.510 0.0000000000
43702  -26.499  -24.660  54.322 0.0000000000
105451  -24.155  -25.557  52.185 0.0000000000
117178  -26.346  -25.692  51.208 0.0000000000
43777  -26.623  -24.930  45.826 0.0000000000
106087  -25.224  -26.478  45.919 0.0000000000
114037  -25.271  -28.837  42.989 0.0000000000
48781  -33.778  -19.453  44.621 0.0000000000
48763  -31.644  -19.609  45.591 0.0000000000
48815  -30.820  -19.511  42.239 0.0000000000
54647  -40.340  -13.300  36.796 0.0000000000
55575  -40.835  -12.112  35.432 0.0000000000
56607  -41.858  -11.406  37.825 0.0000000000
58500  -44.104  -9.449  38.289 0.0000000000
59504  -46.190  -8.568  38.612 0.0000000000
52757  -43.765  -15.471  47.928 0.0000000000
50836  -41.487  -17.625  46.654 0.0000000000
51838  -42.993  -16.723  44.998 0.0000000000
50895  -41.935  -17.599  42.343 0.0000000000
50928  -40.098  -18.142  39.408 0.0000000000
49955  -37.738  -18.629  36.360 0.0000000000
51923  -40.054  -16.495  38.333 0.0000000000
105683  -40.366  -15.013  38.196 0.0000000000
114095  -54.026  -3.557  26.427 0.0000000000
66943  -56.456  -0.851  26.569 0.0000000000
45636  -29.579  -22.996  53.560 0.0000000000
113669  -27.724  -24.614  51.202 0.0000000000
45650  -29.228  -22.297  51.220 0.0000000000
45677  -28.288  -22.100  48.228 0.0000000000
45711  -27.468  -22.400  45.206 0.0000000000
55598  -42.391  -12.716  33.649 0.0000000000
55599  -45.698  -13.470  33.551 0.0000000000
56655  -47.422  -11.586  33.334 0.0000000000
48668  -36.867  -19.324  53.056 0.0000000000
105380  -34.344  -19.466  50.786 0.0000000000
110958  -37.458  -19.497  50.063 0.0000000000
104498  -36.368  -19.464  46.849 0.0000000000
118992  -35.878  -19.497  44.445 0.0000000000
48787  -39.276  -19.808  44.670 0.0000000000
48822  -37.294  -20.098  43.193 0.0000000000
48850  -34.694  -19.613  40.257 0.0000000000
57525  -47.392  -10.013  44.844 0.0000000000
48638  -36.246  -18.753  55.005 0.0000000000
50789  -40.366  -17.576  53.270 0.0000000000
51745  -42.307  -16.295  51.961 0.0000000000
60433  -47.040  -7.890  43.339 0.0000000000
60442  -47.021  -7.210  41.147 0.0000000000
59491  -48.902  -8.228  39.069 0.0000000000
60453  -51.439  -7.231  40.217 0.0000000000
57562  -50.136  -11.141  39.308 0.0000000000
57595  -50.414  -11.407  37.287 0.0000000000
113667  -49.630  -10.543  34.256 0.0000000000
57642  -49.447  -10.076  32.555 0.0000000000
104819  -53.300  -8.540  32.355 0.0000000000
58592  -50.893  -8.783  31.009 0.0000000000
57685  -48.245  -9.859  29.646 0.0000000000
58645  -47.356  -9.771  27.521 0.0000000000
63445  -51.196  -4.113  24.753 0.0000000000
42662  -22.633  -25.473  53.409 0.0000000000
39881  -22.648  -28.373  47.401 0.0000000000
124109  -25.919  -26.163  48.401 0.0000000000
40741  -23.340  -27.337  46.406 0.0000000000
48718  -31.811  -19.477  48.838 0.0000000000
117626  -29.027  -20.613  45.367 0.0000000000
44752  -26.976  -23.460  42.144 0.0000000000
116816  -28.307  -26.460  38.656 0.0000000000
56560  -44.768  -11.859  43.042 0.0000000000
109347  -44.470  -11.255  42.454 0.0000000000
114214  -45.017  -11.026  42.990 0.0000000000
115321  -45.648  -13.048  44.428 0.0000000000
120659  -44.872  -14.048  43.911 0.0000000000
55497  -44.531  -12.770  43.093 0.0000000000
54605  -43.299  -13.434  41.947 0.0000000000
55616  -45.774  -12.207  30.875 0.0000000000
56679  -45.656  -11.936  30.044 0.0000000000
55629  -45.024  -12.345  28.738 0.0000000000
56693  -46.285  -11.238  29.583 0.0000000000
104508  -34.372  -19.611  54.271 0.0000000000
104656  -32.760  -19.677  53.175 0.0000000000
48667  -33.668  -19.551  52.855 0.0000000000
52892  -38.286  -14.918  32.266 0.0000000000
54674  -39.231  -13.630  33.709 0.0000000000
58523  -46.111  -10.374  37.072 0.0000000000
57593  -45.528  -10.983  36.566 0.0000000000
119018  -46.759  -11.328  37.629 0.0000000000
56623  -46.491  -13.291  37.616 0.0000000000
57571  -47.992  -11.732  38.507 0.0000000000
50816  -41.447  -17.440  50.020 0.0000000000
112102  -40.237  -18.503  49.025 0.0000000000
49891  -40.919  -17.862  48.469 0.0000000000
48866  -38.652  -19.794  38.799 0.0000000000
47698  -38.571  -20.411  39.446 0.0000000000
47711  -37.654  -21.062  38.653 0.0000000000
46782  -36.466  -21.962  38.243 0.0000000000
119965  -38.979  -14.643  34.986 0.0000000000
51945  -37.614  -16.158  33.437 0.0000000000
52881  -37.883  -15.508  32.857 0.0000000000
61557  -52.926  -6.375  28.888 0.0000000000
62496  -53.086  -5.774  28.342 0.0000000000
124614  -51.998  -5.876  27.585 0.0000000000
63429  -53.099  -4.797  27.209 0.0000000000
44631  -27.039  -24.189  53.531 0.0000000000
119862  -26.528  -25.399  52.013 0.0000000000
43716  -27.640  -24.428  52.178 0.0000000000
111813  -26.355  -25.156  44.048 0.0000000000
41738  -25.709  -26.739  43.902 0.0000000000
40780  -25.869  -27.131  43.150 0.0000000000
39139  -26.088  -29.419  41.791 0.0000000000
39928  -26.307  -28.598  41.502 0.0000000000
105376  -33.070  -19.430  43.103 0.0000000000
105377  -32.162  -19.455  43.097 0.0000000000
48832  -31.365  -19.432  41.604 0.0000000000
55546  -41.058  -12.839  38.040 0.0000000000
55555  -41.370  -11.996  37.512 0.0000000000
55547  -41.588  -12.067  38.361 0.0000000000
108717  -44.470  -9.334  40.681 0.0000000000
58489  -43.490  -9.917  39.420 0.0000000000
59480  -44.530  -9.051  39.736 0.0000000000
59503  -45.414  -8.803  38.580 0.0000000000
60461  -46.001  -7.960  40.079 0.0000000000
52758  -44.414  -14.947  47.441 0.0000000000
51823  -43.365  -16.102  46.397 0.0000000000
52779  -44.000  -15.601  45.960 0.0000000000
51877  -42.581  -16.374  41.931 0.0000000000
51878  -42.875  -16.559  42.829 0.0000000000
50909  -42.152  -16.780  41.540 0.0000000000
50907  -41.078  -17.975  40.847 0.0000000000
50929  -40.439  -17.438  39.422 0.0000000000
50937  -39.808  -17.797  38.711 0.0000000000
52847  -41.120  -16.056  39.770 0.0000000000
54617  -41.787  -13.757  40.101 0.0000000000
53753  -40.757  -14.991  38.961 0.0000000000
54635  -41.135  -13.523  38.757 0.0000000000
53763  -40.399  -14.253  37.815 0.0000000000
46614  -30.478  -21.992  54.857 0.0000000000
45643  -29.641  -22.637  52.530 0.0000000000
46634  -30.127  -21.623  52.270 0.0000000000
47587  -30.469  -20.002  50.156 0.0000000000
113152  -29.571  -20.864  49.960 0.0000000000
122810  -28.745  -21.455  48.285 0.0000000000
104340  -27.676  -22.718  46.954 0.0000000000
47621  -28.750  -21.006  46.839 0.0000000000
56632  -41.457  -11.658  35.438 0.0000000000
55576  -41.187  -11.958  34.710 0.0000000000
118844  -42.790  -11.440  34.979 0.0000000000
55577  -44.537  -13.322  36.146 0.0000000000
54670  -43.884  -12.996  35.139 0.0000000000
105836  -43.567  -14.960  34.773 0.0000000000
55579  -46.562  -13.431  36.476 0.0000000000
54672  -46.007  -13.742  35.884 0.0000000000
55593  -46.523  -12.926  34.905 0.0000000000
124920  -46.918  -12.018  33.469 0.0000000000
56648  -47.695  -11.715  34.283 0.0000000000
48670  -38.103  -19.099  52.607 0.0000000000
104686  -37.239  -19.417  51.996 0.0000000000
48693  -38.152  -19.452  50.628 0.0000000000
48741  -38.622  -19.491  47.375 0.0000000000
48724  -37.620  -19.516  48.434 0.0000000000
104497  -37.363  -19.563  46.768 0.0000000000
104493  -35.291  -19.443  45.062 0.0000000000
105202  -37.252  -19.711  45.217 0.0000000000
49918  -41.238  -18.257  45.239 0.0000000000
49917  -40.489  -18.734  45.643 0.0000000000
48806  -40.108  -19.372  44.288 0.0000000000
47674  -37.190  -20.678  41.494 0.0000000000
47661  -37.889  -20.545  42.848 0.0000000000
120835  -36.604  -20.035  41.935 0.0000000000
48837  -35.805  -19.647  41.962 0.0000000000
50945  -38.043  -17.843  36.082 0.0000000000
50800  -41.378  -17.138  52.379 0.0000000000
53668  -44.718  -14.272  49.541 0.0000000000
58454  -47.300  -9.308  44.377 0.0000000000
61395  -47.870  -6.595  42.212 0.0000000000
61405  -48.618  -6.298  41.750 0.0000000000
60450  -48.446  -7.031  40.188 0.0000000000
60451  -49.409  -6.993  40.134 0.0000000000
59494  -51.989  -9.091  39.607 0.0000000000
109800  -50.618  -8.846  39.451 0.0000000000
57563  -51.226  -10.506  39.394 0.0000000000
56612  -49.956  -11.966  38.715 0.0000000000
56599  -51.370  -10.969  38.569 0.0000000000
58534  -52.022  -9.703  35.214 0.0000000000
57607  -51.298  -10.240  35.700 0.0000000000
57626  -50.302  -10.081  33.732 0.0000000000
57625  -49.580  -10.283  33.338 0.0000000000
58563  -50.122  -9.828  32.874 0.0000000000
60533  -55.257  -7.502  32.184 0.0000000000
59631  -51.300  -8.054  29.908 0.0000000000
59612  -51.581  -8.329  30.620 0.0000000000
59611  -50.309  -8.823  30.327 0.0000000000
58604  -49.592  -9.293  30.425 0.0000000000
58622  -49.234  -9.252  29.676 0.0000000000
58634  -47.777  -9.677  28.268 0.0000000000
59638  -48.864  -8.747  28.044 0.0000000000
60606  -49.201  -7.058  25.767 0.0000000000
59655  -47.819  -8.704  26.147 0.0000000000
60604  -47.881  -7.864  24.851 0.0000000000
65243  -53.949  -2.615  25.410 0.0000000000
64372  -52.736  -3.547  25.475 0.0000000000
64383  -52.358  -3.167  24.746 0.0000000000
42709  -24.364  -25.823  50.669 0.0000000000
42690  -22.619  -25.661  51.202 0.0000000000
42720  -22.909  -26.027  49.668 0.0000000000
40717  -22.042  -27.398  48.843 0.0000000000
41697  -22.661  -26.869  47.836 0.0000000000
43741  -27.384  -24.522  49.602 0.0000000000
42724  -26.584  -25.672  49.890 0.0000000000
42735  -26.539  -25.650  48.363 0.0000000000
41727  -24.492  -27.020  45.502 0.0000000000
37393  -24.910  -31.516  44.235 0.0000000000
48705  -34.213  -19.436  49.303 0.0000000000
48704  -33.338  -19.429  49.387 0.0000000000
48735  -33.145  -19.421  47.923 0.0000000000
48796  -29.790  -19.959  43.611 0.0000000000
48761  -30.272  -19.989  45.346 0.0000000000
47651  -28.637  -20.804  43.925 0.0000000000
46715  -27.533  -22.069  43.681 0.0000000000
105012  -27.534  -22.234  41.877 0.0000000000
39967  -28.378  -28.038  38.878 0.0000000000
118790  -42.456  -12.572  40.566 0.0000000000
56577  -42.713  -11.363  40.101 0.0000000000
56570  -43.488  -11.393  41.323 0.0000000000
57543  -44.342  -10.026  41.457 0.0000000000
58474  -45.322  -8.913  41.842 0.0000000000
53696  -45.552  -14.050  45.772 0.0000000000
52793  -44.528  -15.155  44.778 0.0000000000
53702  -44.893  -14.505  44.473 0.0000000000
52827  -43.468  -15.201  42.645 0.0000000000
125778  -43.075  -15.188  42.007 0.0000000000
52839  -41.621  -15.604  40.338 0.0000000000
54604  -42.740  -13.807  41.391 0.0000000000
54618  -42.313  -13.323  40.689 0.0000000000
56730  -45.181  -11.746  26.510 0.0000000000
121141  -31.788  -20.541  54.706 0.0000000000
47571  -31.120  -20.434  52.729 0.0000000000
105601  -31.837  -19.948  52.986 0.0000000000
48666  -31.576  -19.896  52.135 0.0000000000
48701  -31.016  -19.654  49.824 0.0000000000
58521  -44.226  -9.878  36.925 0.0000000000
56634  -43.645  -11.328  35.340 0.0000000000
57603  -44.275  -10.998  35.727 0.0000000000
55578  -45.089  -13.086  36.771 0.0000000000
54648  -45.145  -14.142  36.983 0.0000000000
54660  -45.214  -14.508  36.873 0.0000000000
55565  -46.154  -13.677  37.338 0.0000000000
111611  -46.820  -13.454  37.536 0.0000000000
55566  -47.483  -13.166  37.838 0.0000000000
49866  -39.726  -18.639  51.389 0.0000000000
48694  -38.905  -19.246  50.522 0.0000000000
114877  -39.534  -18.923  50.206 0.0000000000
49889  -39.598  -18.946  48.608 0.0000000000
110525  -39.150  -19.321  47.324 0.0000000000
124407  -40.431  -19.140  41.874 0.0000000000
108925  -39.754  -19.832  42.888 0.0000000000
48838  -39.442  -20.092  41.473 0.0000000000
47684  -37.656  -21.404  40.255 0.0000000000
47696  -36.685  -21.517  39.774 0.0000000000
47710  -35.729  -21.884  38.963 0.0000000000
46771  -36.031  -22.180  38.547 0.0000000000
51933  -38.006  -16.882  35.126 0.0000000000
50954  -37.498  -17.138  34.515 0.0000000000
60477  -53.026  -8.348  38.411 0.0000000000
57584  -52.224  -10.380  38.088 0.0000000000
58515  -53.534  -8.858  37.204 0.0000000000
58535  -53.026  -9.252  35.721 0.0000000000
58549  -52.671  -9.303  34.700 0.0000000000
61520  -55.361  -6.407  31.193 0.0000000000
60561  -54.564  -7.216  31.075 0.0000000000
61519  -53.622  -7.066  30.250 0.0000000000
60573  -51.864  -7.424  29.454 0.0000000000
60581  -50.576  -7.578  28.380 0.0000000000
60580  -49.891  -7.888  28.038 0.0000000000
119486  -50.358  -7.328  27.649 0.0000000000
61575  -50.325  -6.536  26.516 0.0000000000
61584  -50.115  -6.115  25.774 0.0000000000
66113  -53.378  -1.103  23.585 0.0000000000
65250  -51.956  -2.728  23.968 0.0000000000
66111  -52.139  -1.708  22.820 0.0000000000
42655  -26.021  -25.194  55.024 0.0000000000
42664  -25.340  -25.571  53.602 0.0000000000
42677  -25.764  -25.589  52.800 0.0000000000
42693  -25.740  -25.800  51.632 0.0000000000
42722  -25.279  -26.072  50.043 0.0000000000
112991  -26.738  -25.212  47.150 0.0000000000
42752  -26.440  -25.670  47.581 0.0000000000
124555  -25.623  -26.240  45.585 0.0000000000
40765  -25.272  -27.056  44.419 0.0000000000
114680  -24.869  -28.909  43.457 0.0000000000
109910  -24.935  -30.919  43.604 0.0000000000
38241  -25.590  -30.404  42.509 0.0000000000
48752  -33.907  -19.396  46.238 0.0000000000
119209  -32.985  -19.449  46.552 0.0000000000
48764  -32.391  -19.503  45.204 0.0000000000
113481  -30.316  -19.665  42.956 0.0000000000
122418  -29.358  -20.148  41.980 0.0000000000
53784  -39.490  -14.236  35.744 0.0000000000
111629  -39.736  -13.234  34.677 0.0000000000
54658  -40.409  -12.765  36.021 0.0000000000
111155  -41.740  -11.394  37.039 0.0000000000
57581  -42.623  -10.549  37.628 0.0000000000
57550  -42.961  -10.651  39.615 0.0000000000
57570  -42.807  -10.356  38.173 0.0000000000
57582  -43.086  -10.168  37.548 0.0000000000
58510  -44.546  -9.526  37.496 0.0000000000
58511  -45.826  -9.039  37.956 0.0000000000
117665  -46.973  -8.740  38.312 0.0000000000
51791  -43.086  -16.010  48.401 0.0000000000
50831  -41.762  -17.178  48.170 0.0000000000
109732  -42.656  -16.583  46.829 0.0000000000
50852  -42.401  -17.230  45.353 0.0000000000
50866  -42.073  -17.725  43.964 0.0000000000
51854  -43.503  -16.234  44.647 0.0000000000
121137  -42.678  -17.079  43.591 0.0000000000
49938  -41.509  -18.198  42.666 0.0000000000
49941  -40.740  -18.649  41.403 0.0000000000
49947  -40.049  -18.671  39.874 0.0000000000
122477  -38.995  -19.080  38.510 0.0000000000
48878  -37.738  -19.849  37.491 0.0000000000
49953  -38.762  -18.548  37.719 0.0000000000
50941  -38.951  -17.725  37.376 0.0000000000
50947  -39.075  -16.993  37.041 0.0000000000
124145  -40.787  -15.674  39.231 0.0000000000
52862  -39.981  -15.807  37.875 0.0000000000
51930  -39.230  -16.296  36.816 0.0000000000
52869  -39.426  -15.523  36.661 0.0000000000
53778  -39.654  -14.636  36.529 0.0000000000
63441  -54.433  -3.866  27.100 0.0000000000
64365  -55.755  -2.804  27.241 0.0000000000
65234  -55.314  -2.539  26.506 0.0000000000
66091  -54.970  -1.568  25.435 0.0000000000
66951  -55.192  -0.798  25.144 0.0000000000
66976  -54.389  -0.031  23.511 0.0000000000
45635  -29.329  -23.028  53.592 0.0000000000
43717  -28.168  -24.031  52.131 0.0000000000
44642  -28.715  -23.646  52.300 0.0000000000
44651  -28.591  -23.599  51.585 0.0000000000
108593  -28.286  -23.286  50.304 0.0000000000
47578  -29.958  -20.974  51.352 0.0000000000
45663  -28.562  -22.467  49.876 0.0000000000
113956  -27.529  -23.561  48.100 0.0000000000
123064  -27.262  -23.744  46.726 0.0000000000
104213  -26.762  -24.166  45.097 0.0000000000
43804  -26.536  -24.522  43.384 0.0000000000
55587  -40.151  -12.826  34.038 0.0000000000
55603  -41.012  -12.951  32.911 0.0000000000
56646  -43.408  -11.986  34.731 0.0000000000
56658  -46.603  -11.849  32.085 0.0000000000
56667  -47.149  -11.239  31.557 0.0000000000
120460  -36.459  -19.263  54.093 0.0000000000
104503  -35.432  -19.497  52.394 0.0000000000
104502  -36.297  -19.470  52.282 0.0000000000
123267  -35.494  -19.436  49.915 0.0000000000
118806  -35.987  -19.460  49.313 0.0000000000
113214  -38.184  -19.462  49.822 0.0000000000
48723  -36.604  -19.465  48.558 0.0000000000
48737  -34.970  -19.389  47.762 0.0000000000
48766  -34.633  -19.402  45.629 0.0000000000
104492  -34.181  -19.473  44.103 0.0000000000
48818  -33.731  -19.411  42.749 0.0000000000
49899  -40.821  -18.101  46.984 0.0000000000
48771  -39.756  -19.197  46.041 0.0000000000
125254  -38.832  -19.673  45.781 0.0000000000
47654  -39.070  -20.304  43.167 0.0000000000
47643  -38.096  -20.218  44.175 0.0000000000
48785  -37.568  -19.911  44.577 0.0000000000
48802  -36.673  -19.707  43.676 0.0000000000
111539  -34.868  -19.442  42.032 0.0000000000
48881  -36.780  -19.844  36.245 0.0000000000
115782  -46.902  -11.582  44.986 0.0000000000
56548  -46.800  -11.010  44.523 0.0000000000
105761  -26.410  -24.404  55.301 0.0000000000
45629  -29.345  -22.837  54.028 0.0000000000
45630  -29.755  -22.746  54.193 0.0000000000
46603  -30.412  -21.622  55.446 0.0000000000
48635  -32.672  -19.977  56.260 0.0000000000
48636  -34.460  -19.449  55.838 0.0000000000
48637  -35.223  -19.262  55.810 0.0000000000
48649  -36.014  -19.159  54.933 0.0000000000
48650  -36.889  -18.958  54.466 0.0000000000
48660  -37.856  -18.989  53.366 0.0000000000
48661  -38.608  -18.748  53.000 0.0000000000
49845  -39.686  -17.666  53.809 0.0000000000
49858  -40.061  -18.211  52.266 0.0000000000
50799  -40.788  -17.627  52.277 0.0000000000
120642  -41.791  -17.088  51.167 0.0000000000
50817  -41.974  -16.949  50.546 0.0000000000
51775  -43.200  -15.746  50.155 0.0000000000
52745  -43.707  -15.463  48.895 0.0000000000
52746  -44.293  -14.932  48.411 0.0000000000
107873  -46.499  -12.419  45.358 0.0000000000
106725  -46.677  -9.620  43.852 0.0000000000
58467  -46.243  -9.102  43.143 0.0000000000
59474  -45.912  -8.089  41.826 0.0000000000
61385  -47.764  -6.704  43.108 0.0000000000
107630  -46.662  -7.467  42.069 0.0000000000
121183  -46.370  -7.600  41.300 0.0000000000
60462  -46.787  -7.806  39.737 0.0000000000
60463  -47.471  -7.805  39.426 0.0000000000
59506  -48.266  -9.235  38.450 0.0000000000
60465  -49.877  -7.842  39.482 0.0000000000
59492  -49.765  -8.945  39.148 0.0000000000
58503  -48.926  -10.330  38.780 0.0000000000
121423  -49.403  -12.046  38.772 0.0000000000
118801  -49.120  -12.356  38.376 0.0000000000
56638  -49.055  -11.804  36.498 0.0000000000
107708  -51.387  -10.790  37.532 0.0000000000
57605  -49.815  -11.414  36.492 0.0000000000
56650  -48.687  -11.510  35.418 0.0000000000
56656  -48.159  -11.149  33.585 0.0000000000
56660  -48.027  -10.982  32.743 0.0000000000
57669  -47.547  -10.734  30.945 0.0000000000
59568  -54.462  -8.339  33.986 0.0000000000
59578  -52.473  -9.029  32.880 0.0000000000
59591  -52.926  -8.365  31.641 0.0000000000
104023  -52.159  -8.801  32.122 0.0000000000
58581  -51.523  -9.289  32.639 0.0000000000
58591  -49.733  -9.490  31.301 0.0000000000
115137  -48.558  -10.070  30.781 0.0000000000
57668  -47.063  -10.737  30.110 0.0000000000
57703  -46.917  -10.584  29.009 0.0000000000
57720  -46.637  -10.408  27.468 0.0000000000
57729  -46.362  -10.417  26.538 0.0000000000
107295  -48.656  -8.527  27.286 0.0000000000
58653  -47.465  -9.344  26.684 0.0000000000
57732  -46.143  -10.414  25.634 0.0000000000
63439  -52.747  -4.525  26.576 0.0000000000
62524  -51.118  -5.139  25.743 0.0000000000
62522  -49.793  -5.752  25.075 0.0000000000
64382  -50.800  -3.704  23.960 0.0000000000
63456  -49.758  -4.732  23.917 0.0000000000
60616  -48.256  -6.539  23.731 0.0000000000
42675  -23.511  -25.473  53.018 0.0000000000
42694  -27.382  -24.942  51.151 0.0000000000
42723  -26.119  -25.993  49.964 0.0000000000
41662  -24.623  -26.183  49.058 0.0000000000
41714  -25.365  -26.321  46.785 0.0000000000
41699  -24.455  -26.407  47.279 0.0000000000
41698  -23.283  -26.593  47.493 0.0000000000
40740  -22.873  -27.785  46.796 0.0000000000
48680  -33.824  -19.499  51.619 0.0000000000
48703  -32.377  -19.445  49.605 0.0000000000
106925  -31.078  -19.600  49.072 0.0000000000
48750  -31.561  -19.643  46.431 0.0000000000
48749  -30.833  -19.852  46.791 0.0000000000
115734  -29.466  -20.493  46.593 0.0000000000
46691  -27.949  -21.644  45.322 0.0000000000
119728  -26.946  -23.127  43.672 0.0000000000
42815  -26.544  -25.127  42.042 0.0000000000
112426  -28.767  -21.320  39.598 0.0000000000
45749  -28.319  -21.641  40.176 0.0000000000
45756  -27.685  -23.126  39.877 0.0000000000
43849  -27.389  -24.890  39.467 0.0000000000
41795  -26.877  -26.279  40.187 0.0000000000
40825  -26.761  -27.586  40.370 0.0000000000
56547  -45.533  -11.621  43.643 0.0000000000
54585  -45.052  -13.364  43.802 0.0000000000
56692  -45.594  -11.750  29.167 0.0000000000
48657  -33.631  -19.645  53.790 0.0000000000
104507  -34.404  -19.559  53.439 0.0000000000
53794  -38.756  -14.144  33.422 0.0000000000
53801  -38.725  -14.199  32.571 0.0000000000
58512  -46.919  -10.213  37.604 0.0000000000
57583  -47.341  -11.659  38.129 0.0000000000
49884  -40.845  -17.963  49.493 0.0000000000
50823  -41.574  -17.293  49.118 0.0000000000
47712  -38.211  -20.441  38.755 0.0000000000
52875  -38.536  -14.803  34.066 0.0000000000
52874  -38.109  -15.541  33.806 0.0000000000
52882  -38.353  -14.842  33.161 0.0000000000
62497  -53.970  -5.475  28.656 0.0000000000
62512  -53.488  -5.153  27.880 0.0000000000
62511  -52.567  -5.486  27.585 0.0000000000
63430  -53.954  -4.506  27.470 0.0000000000
43708  -27.469  -24.360  52.797 0.0000000000
118662  -26.103  -26.310  43.227 0.0000000000
40795  -26.112  -27.377  42.389 0.0000000000
39919  -26.127  -27.994  42.087 0.0000000000
124602  -26.284  -27.500  41.856 0.0000000000
48817  -32.510  -19.416  42.414 0.0000000000
118530  -32.068  -19.401  41.830 0.0000000000
108040  -41.478  -12.782  38.879 0.0000000000
55537  -41.887  -12.160  39.264 0.0000000000
117992  -44.890  -8.739  40.298 0.0000000000
59488  -45.376  -8.503  39.490 0.0000000000
59481  -45.389  -8.333  40.517 0.0000000000
52769  -44.523  -15.023  46.457 0.0000000000
51893  -42.113  -16.142  41.088 0.0000000000
51892  -41.818  -16.816  41.014 0.0000000000
50919  -41.387  -17.199  40.615 0.0000000000
50930  -41.004  -16.878  39.905 0.0000000000
55527  -41.952  -12.838  39.966 0.0000000000
54625  -41.543  -13.327  39.430 0.0000000000
121683  -30.827  -21.757  54.408 0.0000000000
46620  -30.588  -22.063  54.024 0.0000000000
47594  -29.992  -20.331  49.639 0.0000000000
46658  -29.241  -20.867  48.322 0.0000000000
46668  -28.732  -21.294  47.696 0.0000000000
47611  -29.342  -20.655  47.440 0.0000000000
124802  -42.627  -10.924  35.949 0.0000000000
103949  -42.249  -11.249  35.591 0.0000000000
56633  -42.979  -10.968  35.624 0.0000000000
125245  -44.335  -14.244  35.992 0.0000000000
55580  -47.383  -12.889  36.549 0.0000000000
55594  -47.210  -12.454  35.202 0.0000000000
55601  -47.042  -12.150  34.083 0.0000000000
48671  -38.536  -19.060  52.027 0.0000000000
48682  -38.000  -19.315  52.008 0.0000000000
48683  -38.440  -19.293  51.315 0.0000000000
48754  -38.192  -19.621  46.653 0.0000000000
48740  -37.896  -19.565  47.507 0.0000000000
122415  -36.801  -19.569  46.004 0.0000000000
49926  -41.418  -18.276  44.358 0.0000000000
49925  -40.682  -18.804  44.768 0.0000000000
49929  -40.831  -18.802  43.902 0.0000000000
122647  -36.991  -21.164  40.559 0.0000000000
48852  -36.232  -20.135  41.096 0.0000000000
49961  -37.391  -18.298  35.510 0.0000000000
61416  -48.918  -6.519  40.870 0.0000000000
59496  -52.582  -8.590  39.090 0.0000000000
60468  -52.141  -8.373  39.540 0.0000000000
59495  -52.315  -9.043  39.297 0.0000000000
58493  -51.703  -9.807  39.551 0.0000000000
57564  -51.872  -10.319  39.258 0.0000000000
57574  -51.321  -10.904  39.080 0.0000000000
57575  -52.032  -10.477  38.825 0.0000000000
58548  -51.839  -9.595  34.373 0.0000000000
57613  -51.334  -9.953  34.801 0.0000000000
58547  -51.078  -9.803  34.068 0.0000000000
58564  -50.904  -9.650  33.191 0.0000000000
61503  -55.243  -6.497  31.606 0.0000000000
60534  -55.491  -7.047  32.604 0.0000000000
60572  -50.905  -7.800  29.168 0.0000000000
59630  -50.538  -8.396  29.697 0.0000000000
59629  -49.827  -8.843  29.641 0.0000000000
58636  -49.233  -8.909  28.900 0.0000000000
59639  -49.465  -8.419  28.297 0.0000000000
60605  -48.527  -7.430  25.354 0.0000000000
60611  -48.182  -7.098  24.365 0.0000000000
65242  -53.170  -2.912  25.071 0.0000000000
42654  -24.730  -25.511  54.701 0.0000000000
42721  -23.912  -25.937  49.786 0.0000000000
103939  -22.746  -26.348  49.021 0.0000000000
41681  -22.944  -26.452  48.307 0.0000000000
42725  -26.972  -25.210  49.771 0.0000000000
118724  -24.522  -31.326  44.767 0.0000000000
48721  -34.577  -19.426  48.544 0.0000000000
48720  -33.681  -19.438  48.619 0.0000000000
47652  -29.079  -20.410  43.327 0.0000000000
47642  -29.280  -20.342  44.183 0.0000000000
47658  -28.483  -20.885  43.022 0.0000000000
46726  -28.041  -21.355  42.671 0.0000000000
109208  -27.893  -21.623  41.903 0.0000000000
55528  -42.856  -11.874  40.801 0.0000000000
57537  -44.649  -10.510  42.278 0.0000000000
56571  -44.072  -10.933  41.800 0.0000000000
58465  -44.941  -9.712  42.103 0.0000000000
53695  -45.085  -14.590  45.266 0.0000000000
54594  -44.362  -13.780  43.198 0.0000000000
53710  -44.422  -14.595  43.653 0.0000000000
53716  -43.879  -14.538  42.926 0.0000000000
118492  -43.285  -14.417  42.115 0.0000000000
53724  -42.676  -14.735  41.470 0.0000000000
112422  -43.430  -12.669  41.880 0.0000000000
55514  -42.862  -12.805  41.278 0.0000000000
54703  -44.804  -13.289  29.929 0.0000000000
56722  -45.412  -11.615  27.461 0.0000000000
47556  -32.449  -20.176  55.339 0.0000000000
48645  -32.203  -20.087  54.009 0.0000000000
106799  -32.291  -19.653  52.182 0.0000000000
48678  -31.804  -19.647  51.246 0.0000000000
125915  -31.031  -19.791  50.675 0.0000000000
112130  -31.686  -19.550  50.222 0.0000000000
54689  -39.331  -13.824  32.132 0.0000000000
57592  -44.482  -10.460  36.282 0.0000000000
57604  -45.016  -11.494  36.141 0.0000000000
116588  -45.671  -13.764  37.176 0.0000000000
55556  -47.294  -13.138  37.915 0.0000000000
116552  -46.810  -13.430  37.666 0.0000000000
49875  -40.044  -18.593  50.656 0.0000000000
49897  -39.593  -18.955  47.747 0.0000000000
111157  -40.094  -19.327  41.183 0.0000000000
47697  -37.881  -21.230  39.486 0.0000000000
47685  -38.338  -20.988  40.339 0.0000000000
46744  -37.248  -21.655  39.807 0.0000000000
46755  -36.925  -21.882  39.360 0.0000000000
46772  -36.733  -21.989  38.932 0.0000000000
51934  -38.473  -16.315  35.452 0.0000000000
51937  -37.944  -16.338  34.443 0.0000000000
113781  -53.262  -7.527  37.759 0.0000000000
58505  -53.199  -9.104  37.997 0.0000000000
59525  -54.514  -7.906  35.822 0.0000000000
59539  -54.143  -8.484  35.695 0.0000000000
59538  -53.718  -8.785  34.863 0.0000000000
62482  -55.434  -5.630  30.108 0.0000000000
62483  -55.806  -5.216  30.541 0.0000000000
62464  -55.653  -5.729  30.890 0.0000000000
61540  -55.141  -6.164  30.468 0.0000000000
106150  -54.589  -6.704  30.573 0.0000000000
61539  -53.899  -6.471  29.734 0.0000000000
61538  -52.810  -6.918  29.506 0.0000000000
61537  -52.091  -6.797  28.791 0.0000000000
60582  -51.330  -7.224  28.636 0.0000000000
60591  -51.017  -6.992  27.929 0.0000000000
62510  -51.835  -5.576  27.054 0.0000000000
61576  -51.084  -6.049  26.812 0.0000000000
62515  -50.754  -5.774  26.122 0.0000000000
66112  -52.718  -1.319  23.081 0.0000000000
42666  -26.284  -25.043  54.184 0.0000000000
42665  -25.920  -25.384  53.882 0.0000000000
42678  -26.380  -25.169  53.098 0.0000000000
111708  -25.324  -25.953  50.918 0.0000000000
42710  -25.954  -25.995  50.733 0.0000000000
43768  -26.815  -24.859  46.556 0.0000000000
42767  -26.376  -25.566  46.649 0.0000000000
42779  -26.087  -25.730  45.583 0.0000000000
40779  -25.399  -27.520  43.700 0.0000000000
39911  -25.102  -28.298  43.540 0.0000000000
39119  -24.939  -29.490  43.234 0.0000000000
39128  -25.486  -29.619  42.542 0.0000000000
38256  -26.568  -30.578  41.545 0.0000000000
37435  -26.808  -31.226  41.791 0.0000000000
48765  -33.836  -19.422  45.304 0.0000000000
104496  -33.112  -19.456  45.692 0.0000000000
104495  -33.156  -19.449  44.864 0.0000000000
106933  -31.246  -19.488  43.083 0.0000000000
48814  -29.984  -19.760  42.081 0.0000000000
54646  -39.925  -13.714  36.306 0.0000000000
54657  -39.827  -13.357  35.490 0.0000000000
56608  -42.242  -10.929  37.343 0.0000000000
56595  -42.334  -10.868  38.063 0.0000000000
56578  -43.187  -10.996  40.533 0.0000000000
56586  -42.404  -11.377  39.412 0.0000000000
58490  -44.028  -9.407  39.164 0.0000000000
57561  -43.097  -10.168  38.817 0.0000000000
113685  -43.589  -9.716  38.760 0.0000000000
58499  -43.368  -9.883  38.175 0.0000000000
58509  -43.756  -9.790  37.522 0.0000000000
59513  -46.645  -9.171  37.877 0.0000000000
51806  -42.496  -16.574  47.812 0.0000000000
51807  -43.196  -16.021  47.387 0.0000000000
51822  -42.843  -16.653  45.878 0.0000000000
50851  -41.936  -17.754  44.837 0.0000000000
50867  -42.554  -17.224  44.485 0.0000000000
116291  -43.925  -15.700  44.350 0.0000000000
51865  -43.366  -16.287  43.785 0.0000000000
50880  -42.434  -17.215  42.794 0.0000000000
50879  -42.071  -17.690  43.130 0.0000000000
49942  -41.390  -18.111  41.806 0.0000000000
49948  -40.522  -18.077  40.030 0.0000000000
107748  -39.591  -18.707  39.101 0.0000000000
49950  -39.301  -18.319  38.282 0.0000000000
50938  -40.130  -17.093  38.727 0.0000000000
50942  -39.384  -17.723  37.973 0.0000000000
51922  -39.712  -17.164  38.140 0.0000000000
123786  -39.351  -17.247  37.601 0.0000000000
112374  -41.202  -15.193  39.644 0.0000000000
52861  -39.593  -15.870  37.253 0.0000000000
53771  -39.899  -15.033  37.358 0.0000000000
53772  -40.120  -14.078  37.066 0.0000000000
65235  -56.281  -2.024  27.105 0.0000000000
66082  -56.620  -1.297  27.084 0.0000000000
66092  -55.725  -1.724  26.291 0.0000000000
66964  -55.608  0.030  24.917 0.0000000000
66963  -54.715  -0.379  24.353 0.0000000000
67822  -55.107  0.400  23.985 0.0000000000
44634  -29.067  -23.302  53.038 0.0000000000
125784  -29.441  -22.478  51.800 0.0000000000
45649  -29.068  -23.054  51.929 0.0000000000
45657  -28.694  -22.970  50.912 0.0000000000
44661  -28.260  -23.771  50.934 0.0000000000
46635  -30.488  -20.685  52.000 0.0000000000
46657  -28.773  -21.662  48.969 0.0000000000
46649  -29.116  -21.525  49.846 0.0000000000
113495  -28.266  -22.505  49.080 0.0000000000
44688  -27.808  -23.124  48.720 0.0000000000
45690  -27.778  -22.803  47.740 0.0000000000
45699  -27.708  -22.276  46.158 0.0000000000
44710  -27.413  -23.177  46.501 0.0000000000
44726  -27.087  -23.251  45.150 0.0000000000
43790  -26.601  -24.355  44.221 0.0000000000
44735  -26.859  -23.527  44.335 0.0000000000
55574  -40.378  -12.572  34.896 0.0000000000
55589  -41.705  -12.099  34.100 0.0000000000
55588  -40.867  -12.348  34.040 0.0000000000
55597  -41.385  -12.584  33.471 0.0000000000
54679  -43.123  -13.690  33.964 0.0000000000
54671  -45.328  -14.619  36.238 0.0000000000
55592  -45.824  -13.545  34.756 0.0000000000
56654  -46.786  -11.953  32.919 0.0000000000
56659  -47.338  -11.366  32.393 0.0000000000
104687  -36.049  -19.468  53.173 0.0000000000
105378  -37.286  -19.487  50.960 0.0000000000
105379  -36.397  -19.485  51.335 0.0000000000
48692  -36.418  -19.476  50.257 0.0000000000
48709  -38.722  -19.332  49.743 0.0000000000
123637  -38.528  -19.371  50.192 0.0000000000
48739  -36.995  -19.479  47.637 0.0000000000
48738  -35.969  -19.428  47.711 0.0000000000
104499  -35.344  -19.393  46.951 0.0000000000
48753  -34.778  -19.384  46.368 0.0000000000
48767  -35.627  -19.443  46.009 0.0000000000
48782  -35.016  -19.460  44.262 0.0000000000
105375  -33.900  -19.434  43.383 0.0000000000
106146  -34.741  -19.456  43.498 0.0000000000
50837  -41.971  -17.118  47.223 0.0000000000
50830  -41.264  -17.640  47.543 0.0000000000
48788  -39.927  -19.303  45.170 0.0000000000
49908  -40.320  -18.642  46.506 0.0000000000
48770  -39.231  -19.588  45.563 0.0000000000
47663  -39.252  -20.260  42.330 0.0000000000
47662  -38.521  -20.581  42.585 0.0000000000
47653  -38.362  -20.418  43.387 0.0000000000
123268  -37.835  -20.313  43.514 0.0000000000
48803  -37.410  -19.955  43.931 0.0000000000
48836  -35.262  -19.617  41.176 0.0000000000
48835  -34.343  -19.448  41.293 0.0000000000
110956  -34.017  -19.400  42.124 0.0000000000
110954  -33.761  -19.454  40.562 0.0000000000
49952  -38.091  -19.023  37.180 0.0000000000
48882  -37.448  -19.434  36.678 0.0000000000
43701  -26.273  -24.898  55.279 0.0000000000
46602  -29.547  -21.412  55.553 0.0000000000
47548  -31.841  -20.457  56.250 0.0000000000
49844  -38.933  -18.265  53.744 0.0000000000
50773  -40.312  -17.007  53.953 0.0000000000
111490  -39.523  -18.237  53.198 0.0000000000
50809  -41.840  -16.878  51.772 0.0000000000
50808  -41.310  -17.426  51.590 0.0000000000
51760  -42.381  -16.491  51.146 0.0000000000
51761  -43.039  -15.814  50.774 0.0000000000
52722  -43.627  -15.310  50.439 0.0000000000
118245  -43.678  -15.377  49.725 0.0000000000
111121  -44.665  -14.474  48.819 0.0000000000
53674  -44.937  -14.340  47.975 0.0000000000
57524  -47.018  -10.197  44.478 0.0000000000
57532  -46.429  -10.476  43.981 0.0000000000
59458  -46.898  -8.748  43.634 0.0000000000
59466  -46.435  -8.194  42.783 0.0000000000
59465  -45.860  -8.729  42.463 0.0000000000
117483  -47.320  -6.948  41.854 0.0000000000
60449  -46.573  -7.590  40.542 0.0000000000
117750  -47.469  -7.332  40.193 0.0000000000
60464  -48.187  -7.607  39.494 0.0000000000
59490  -47.968  -8.273  38.882 0.0000000000
123465  -48.542  -8.692  38.736 0.0000000000
60454  -52.028  -7.407  40.035 0.0000000000
60452  -50.461  -7.110  40.185 0.0000000000
60466  -51.022  -7.963  39.690 0.0000000000
117640  -50.356  -9.708  39.409 0.0000000000
58491  -49.768  -10.232  39.224 0.0000000000
57573  -49.556  -11.350  39.111 0.0000000000
57572  -48.787  -11.596  38.775 0.0000000000
56626  -49.974  -12.083  38.231 0.0000000000
56624  -48.560  -12.670  37.798 0.0000000000
56625  -49.543  -12.121  37.592 0.0000000000
57596  -52.257  -10.102  37.109 0.0000000000
121412  -51.632  -10.325  36.593 0.0000000000
57612  -50.512  -10.333  34.818 0.0000000000
57606  -50.433  -10.821  35.994 0.0000000000
104586  -49.576  -11.002  35.394 0.0000000000
57611  -49.003  -10.952  34.632 0.0000000000
56649  -48.393  -11.306  34.456 0.0000000000
104101  -49.051  -10.449  32.991 0.0000000000
57641  -48.710  -10.424  32.331 0.0000000000
57640  -47.956  -10.749  31.775 0.0000000000
57655  -48.636  -10.210  31.444 0.0000000000
59580  -54.612  -8.121  32.545 0.0000000000
113722  -54.923  -8.108  33.151 0.0000000000
59579  -53.630  -8.628  33.206 0.0000000000
60560  -53.171  -7.583  30.630 0.0000000000
60545  -53.677  -7.835  31.302 0.0000000000
59613  -52.512  -8.100  30.968 0.0000000000
110430  -51.853  -8.590  31.358 0.0000000000
58593  -51.224  -9.049  31.850 0.0000000000
58580  -50.681  -9.475  32.359 0.0000000000
119407  -50.423  -9.266  31.594 0.0000000000
58603  -48.773  -9.690  30.162 0.0000000000
58590  -49.093  -9.767  30.982 0.0000000000
57670  -48.025  -10.251  30.300 0.0000000000
57684  -47.650  -10.201  29.468 0.0000000000
57721  -47.142  -10.178  28.210 0.0000000000
58644  -46.930  -9.944  26.874 0.0000000000
60589  -49.732  -7.616  27.315 0.0000000000
59647  -49.295  -8.210  27.646 0.0000000000
58661  -47.122  -9.225  25.529 0.0000000000
58660  -46.740  -9.841  26.092 0.0000000000
63440  -53.583  -4.197  26.788 0.0000000000
64363  -53.159  -3.881  26.158 0.0000000000
64371  -51.916  -3.821  25.156 0.0000000000
63438  -52.245  -4.298  25.900 0.0000000000
63446  -51.495  -4.504  25.455 0.0000000000
62523  -50.473  -5.443  25.438 0.0000000000
62534  -50.156  -5.097  24.709 0.0000000000
64397  -51.169  -3.010  23.500 0.0000000000
64396  -50.373  -3.355  23.026 0.0000000000
63465  -49.358  -4.459  23.062 0.0000000000
62532  -48.660  -5.800  23.615 0.0000000000
42676  -24.777  -25.632  52.976 0.0000000000
41650  -22.257  -26.027  50.374 0.0000000000
40704  -21.764  -27.525  49.461 0.0000000000
39873  -22.255  -28.040  48.258 0.0000000000
111158  -22.589  -29.041  48.068 0.0000000000
43725  -27.724  -24.540  51.634 0.0000000000
124227  -26.299  -25.917  49.372 0.0000000000
41663  -25.792  -26.149  49.124 0.0000000000
41683  -25.226  -26.257  48.289 0.0000000000
41729  -25.812  -26.071  46.331 0.0000000000
41715  -26.025  -26.030  47.230 0.0000000000
41712  -23.857  -27.008  46.082 0.0000000000
41713  -24.485  -26.647  46.309 0.0000000000
104739  -23.615  -26.769  46.704 0.0000000000
40730  -22.912  -27.048  47.061 0.0000000000
37407  -26.036  -31.743  43.084 0.0000000000
36451  -26.172  -32.178  43.637 0.0000000000
48681  -34.854  -19.482  51.606 0.0000000000
48719  -32.733  -19.424  48.715 0.0000000000
120040  -33.111  -19.432  50.054 0.0000000000
48702  -31.565  -19.530  49.507 0.0000000000
48717  -31.151  -19.617  48.210 0.0000000000
48751  -32.329  -19.546  46.055 0.0000000000
105292  -32.197  -19.508  46.927 0.0000000000
111648  -29.476  -20.320  44.977 0.0000000000
47622  -30.206  -20.125  46.276 0.0000000000
47612  -30.133  -20.189  47.237 0.0000000000
47629  -28.897  -20.767  46.008 0.0000000000
46692  -28.525  -21.026  45.357 0.0000000000
44753  -27.240  -22.721  42.399 0.0000000000
45728  -27.220  -22.608  43.291 0.0000000000
45727  -26.914  -23.239  42.952 0.0000000000
104951  -26.711  -23.945  42.764 0.0000000000
43817  -26.744  -24.231  42.023 0.0000000000
45767  -28.807  -22.722  38.702 0.0000000000
123296  -28.585  -22.020  39.233 0.0000000000
42863  -28.810  -25.747  38.489 0.0000000000
118802  -27.878  -24.258  38.955 0.0000000000
43859  -27.776  -25.192  38.898 0.0000000000
43839  -27.384  -23.990  39.827 0.0000000000
42861  -27.730  -25.962  38.920 0.0000000000
39966  -27.721  -27.964  39.173 0.0000000000
40847  -27.452  -27.213  39.323 0.0000000000
40846  -26.963  -27.051  39.901 0.0000000000
122366  -27.106  -27.943  39.754 0.0000000000
114780  -43.948  -11.989  42.210 0.0000000000
54578  -45.811  -13.425  44.984 0.0000000000
54577  -45.334  -13.773  44.463 0.0000000000
54593  -43.851  -13.076  42.494 0.0000000000
55615  -45.224  -12.737  30.408 0.0000000000
55622  -45.099  -12.502  29.594 0.0000000000
56708  -46.147  -11.113  28.696 0.0000000000
48646  -33.858  -19.703  54.931 0.0000000000
104505  -33.171  -19.539  52.226 0.0000000000
54682  -39.236  -13.624  32.923 0.0000000000
57594  -46.299  -11.904  37.381 0.0000000000
56609  -46.993  -12.564  38.071 0.0000000000
56610  -47.716  -12.602  38.301 0.0000000000
123919  -39.568  -19.337  39.869 0.0000000000
47699  -39.045  -20.158  40.068 0.0000000000
46783  -37.090  -21.562  38.455 0.0000000000
46792  -36.202  -21.590  37.278 0.0000000000
51938  -38.464  -15.554  34.732 0.0000000000
62481  -54.514  -5.854  29.508 0.0000000000
61558  -53.616  -5.978  29.024 0.0000000000
61568  -52.219  -6.182  28.129 0.0000000000
115747  -51.485  -6.301  27.561 0.0000000000
118255  -52.429  -5.054  26.979 0.0000000000
43707  -26.749  -24.739  53.329 0.0000000000
43715  -27.035  -24.861  52.491 0.0000000000
43724  -27.246  -24.933  51.735 0.0000000000
111372  -26.452  -25.032  44.915 0.0000000000
42791  -26.134  -25.673  44.677 0.0000000000
41752  -26.075  -25.955  43.977 0.0000000000
40794  -25.664  -27.997  42.913 0.0000000000
39918  -25.797  -28.752  42.327 0.0000000000
38270  -26.941  -30.195  40.890 0.0000000000
48800  -33.306  -19.470  44.022 0.0000000000
48799  -32.572  -19.471  43.689 0.0000000000
48816  -31.703  -19.440  42.396 0.0000000000
48831  -30.465  -19.580  41.250 0.0000000000
54640  -40.555  -13.438  37.496 0.0000000000
55554  -40.809  -12.558  36.993 0.0000000000
56594  -42.080  -11.409  38.618 0.0000000000
57552  -43.973  -9.923  40.698 0.0000000000
58483  -43.951  -9.593  39.991 0.0000000000
59487  -44.718  -9.022  38.871 0.0000000000
115099  -46.258  -8.184  39.368 0.0000000000
52768  -43.875  -15.509  46.918 0.0000000000
51839  -43.485  -16.187  45.478 0.0000000000
107508  -43.433  -15.829  43.137 0.0000000000
50896  -42.350  -17.029  42.151 0.0000000000
50908  -41.748  -17.371  41.483 0.0000000000
110300  -40.888  -17.518  40.159 0.0000000000
51912  -40.544  -16.484  39.146 0.0000000000
53754  -41.260  -14.239  39.385 0.0000000000
53764  -40.757  -14.264  38.561 0.0000000000
54634  -40.749  -13.653  38.156 0.0000000000
46619  -30.045  -22.623  54.284 0.0000000000
46627  -30.169  -22.370  53.348 0.0000000000
47586  -29.965  -20.569  50.460 0.0000000000
46650  -29.428  -20.849  49.230 0.0000000000
109032  -28.126  -21.915  47.120 0.0000000000
56645  -41.972  -11.629  34.774 0.0000000000
55590  -42.595  -11.994  34.304 0.0000000000
54669  -43.786  -14.352  35.239 0.0000000000
55600  -46.407  -12.605  33.684 0.0000000000
48669  -37.584  -19.219  52.796 0.0000000000
125389  -37.891  -19.430  51.402 0.0000000000
123577  -38.729  -19.406  48.594 0.0000000000
48783  -36.287  -19.533  45.206 0.0000000000
50841  -41.709  -17.688  45.740 0.0000000000
49909  -41.019  -18.175  46.130 0.0000000000
108164  -37.924  -20.889  41.930 0.0000000000
47660  -37.293  -20.352  42.365 0.0000000000
48821  -36.420  -19.751  42.781 0.0000000000
49842  -37.306  -18.518  54.607 0.0000000000
50755  -37.514  -17.205  54.977 0.0000000000
50774  -40.818  -16.801  53.672 0.0000000000
121294  -41.008  -17.229  53.024 0.0000000000
50790  -41.281  -16.706  53.095 0.0000000000
52733  -44.170  -14.838  50.048 0.0000000000
106417  -47.566  -9.396  45.101 0.0000000000
59451  -47.543  -8.687  44.632 0.0000000000
59459  -47.428  -8.368  44.072 0.0000000000
61404  -47.926  -6.747  41.115 0.0000000000
117793  -48.951  -7.485  39.613 0.0000000000
61428  -52.329  -6.851  39.642 0.0000000000
60467  -51.848  -8.198  39.814 0.0000000000
59493  -51.492  -8.996  39.615 0.0000000000
58492  -51.048  -9.829  39.581 0.0000000000
121171  -50.541  -10.507  39.418 0.0000000000
56597  -50.097  -11.709  39.076 0.0000000000
56587  -50.674  -11.174  39.224 0.0000000000
56598  -50.626  -11.469  38.918 0.0000000000
56613  -50.614  -11.569  38.338 0.0000000000
59581  -55.469  -7.548  32.844 0.0000000000
59592  -54.220  -8.053  31.894 0.0000000000
105212  -50.910  -8.485  30.300 0.0000000000
58605  -50.161  -9.103  30.943 0.0000000000
58621  -48.676  -9.452  29.308 0.0000000000
58620  -48.044  -9.719  29.001 0.0000000000
58635  -48.465  -9.283  28.509 0.0000000000
58646  -48.109  -9.166  27.601 0.0000000000
60597  -49.606  -7.245  26.544 0.0000000000
59656  -48.466  -8.299  26.551 0.0000000000
60596  -48.845  -7.670  26.183 0.0000000000
59665  -48.201  -8.095  25.754 0.0000000000
59664  -47.580  -8.527  25.248 0.0000000000
122101  -54.432  -2.928  26.095 0.0000000000
64373  -53.602  -3.253  25.756 0.0000000000
64400  -50.054  -3.158  22.059 0.0000000000
64395  -49.670  -3.785  22.577 0.0000000000
42663  -23.247  -25.425  53.950 0.0000000000
42692  -24.773  -25.775  51.506 0.0000000000
42691  -23.681  -25.619  51.336 0.0000000000
42708  -23.228  -25.746  50.474 0.0000000000
41660  -22.333  -26.434  49.541 0.0000000000
41659  -21.921  -26.915  49.424 0.0000000000
124350  -22.339  -27.256  48.214 0.0000000000
43733  -27.476  -24.757  50.529 0.0000000000
114598  -26.601  -25.638  49.150 0.0000000000
41664  -26.245  -25.959  48.732 0.0000000000
40751  -24.807  -27.272  44.831 0.0000000000
40749  -23.773  -27.531  45.719 0.0000000000
39888  -23.292  -28.039  46.071 0.0000000000
38212  -23.771  -30.158  45.456 0.0000000000
37385  -24.352  -31.507  45.369 0.0000000000
36433  -24.844  -31.944  44.907 0.0000000000
36434  -25.558  -32.229  44.374 0.0000000000
48691  -34.722  -19.412  50.006 0.0000000000
48690  -33.867  -19.418  50.038 0.0000000000
48779  -30.720  -19.745  44.740 0.0000000000
106681  -31.027  -19.698  45.261 0.0000000000
48778  -30.016  -19.959  44.468 0.0000000000
47641  -28.838  -20.692  44.736 0.0000000000
46707  -28.269  -21.222  44.575 0.0000000000
46716  -28.009  -21.414  43.595 0.0000000000
46725  -27.593  -21.967  42.762 0.0000000000
40848  -29.799  -28.074  39.217 0.0000000000
40870  -28.745  -27.317  38.667 0.0000000000
55538  -42.358  -12.030  40.040 0.0000000000
57542  -43.725  -10.554  41.029 0.0000000000
58473  -44.791  -9.350  41.444 0.0000000000
53688  -45.109  -14.553  46.059 0.0000000000
52780  -44.584  -15.106  45.574 0.0000000000
52805  -44.310  -15.190  44.052 0.0000000000
53709  -43.889  -15.193  43.379 0.0000000000
52813  -43.033  -15.825  42.370 0.0000000000
52826  -42.623  -15.589  41.623 0.0000000000
109758  -42.164  -15.167  40.908 0.0000000000
53739  -42.200  -14.229  40.801 0.0000000000
55628  -44.591  -13.013  28.292 0.0000000000
47563  -31.013  -21.219  53.776 0.0000000000
47564  -31.541  -20.518  53.782 0.0000000000
48677  -31.026  -20.052  51.627 0.0000000000
47595  -30.513  -19.865  49.351 0.0000000000
57591  -43.508  -10.203  36.747 0.0000000000
57602  -43.640  -10.663  35.920 0.0000000000
56635  -44.503  -11.867  35.686 0.0000000000
54659  -44.917  -14.544  36.617 0.0000000000
125856  -45.228  -14.504  36.840 0.0000000000
54649  -45.434  -14.293  36.977 0.0000000000
111866  -39.440  -18.941  50.815 0.0000000000
48710  -39.152  -19.143  49.810 0.0000000000
49883  -40.172  -18.537  49.881 0.0000000000
49882  -39.608  -18.923  49.450 0.0000000000
48726  -39.050  -19.284  49.056 0.0000000000
48742  -39.035  -19.347  48.132 0.0000000000
48755  -38.993  -19.529  46.446 0.0000000000
105881  -40.384  -19.262  42.588 0.0000000000
48824  -40.276  -19.353  43.420 0.0000000000
48823  -39.912  -19.684  42.052 0.0000000000
47686  -38.927  -20.528  40.910 0.0000000000
117426  -38.316  -20.968  41.196 0.0000000000
47675  -37.713  -21.150  40.993 0.0000000000
47695  -35.949  -21.125  39.520 0.0000000000
46754  -36.489  -21.908  39.170 0.0000000000
109534  -37.717  -17.525  35.292 0.0000000000
50960  -36.830  -17.409  33.709 0.0000000000
50961  -37.388  -16.751  33.841 0.0000000000
59508  -52.692  -9.315  38.823 0.0000000000
58504  -52.645  -9.883  38.447 0.0000000000
58514  -52.971  -9.575  37.513 0.0000000000
58525  -52.840  -9.562  36.661 0.0000000000
59524  -54.046  -8.344  36.514 0.0000000000
58526  -53.518  -9.011  36.617 0.0000000000
58566  -52.406  -9.337  34.018 0.0000000000
120237  -52.697  -7.381  29.989 0.0000000000
60590  -50.732  -6.715  27.256 0.0000000000
60598  -50.171  -7.112  27.042 0.0000000000
120294  -49.758  -6.685  26.020 0.0000000000
61583  -49.478  -6.417  25.410 0.0000000000
66100  -53.730  -1.520  24.353 0.0000000000
65251  -52.723  -2.492  24.378 0.0000000000
66099  -53.034  -1.784  24.001 0.0000000000
65265  -52.357  -2.056  23.576 0.0000000000
65264  -51.593  -2.256  22.978 0.0000000000
106797  -25.393  -25.492  54.373 0.0000000000
105674  -25.119  -25.725  52.240 0.0000000000
43753  -26.850  -25.142  47.831 0.0000000000
41739  -25.712  -26.311  44.779 0.0000000000
41728  -25.222  -26.711  45.154 0.0000000000
40764  -24.793  -27.846  44.262 0.0000000000
38228  -25.110  -30.273  43.060 0.0000000000
37422  -25.573  -31.084  42.881 0.0000000000
38255  -25.971  -30.160  41.969 0.0000000000
38242  -26.091  -30.851  42.165 0.0000000000
104500  -34.433  -19.398  47.044 0.0000000000
104501  -33.553  -19.421  47.145 0.0000000000
106970  -31.550  -19.574  44.699 0.0000000000
48780  -32.472  -19.485  44.380 0.0000000000
48797  -30.752  -19.647  43.917 0.0000000000
115703  -29.540  -20.054  42.738 0.0000000000
47659  -28.918  -20.496  42.421 0.0000000000
125114  -39.433  -13.853  35.099 0.0000000000
53789  -39.275  -13.783  34.464 0.0000000000
55564  -40.998  -11.993  36.162 0.0000000000
118541  -41.284  -11.851  36.796 0.0000000000
56620  -41.627  -11.465  36.246 0.0000000000
56621  -42.296  -10.985  36.480 0.0000000000
57590  -42.757  -10.510  36.975 0.0000000000
57560  -42.577  -10.762  38.783 0.0000000000
58501  -44.986  -9.130  38.070 0.0000000000
114167  -45.465  -9.498  37.408 0.0000000000
119919  -46.241  -9.588  37.476 0.0000000000
58513  -47.487  -9.521  38.046 0.0000000000
51790  -42.345  -16.626  48.794 0.0000000000
50842  -42.191  -17.163  46.278 0.0000000000
49930  -41.512  -18.247  43.503 0.0000000000
52792  -44.035  -15.678  45.108 0.0000000000
51853  -43.038  -16.712  44.279 0.0000000000
116066  -40.923  -18.691  42.223 0.0000000000
48854  -39.952  -19.144  40.407 0.0000000000
49944  -40.430  -18.642  40.597 0.0000000000
48867  -39.092  -19.577  39.277 0.0000000000
48875  -38.355  -19.563  38.067 0.0000000000
123424  -39.125  -18.076  37.820 0.0000000000
49956  -38.393  -18.186  36.873 0.0000000000
50946  -38.602  -17.414  36.586 0.0000000000
52855  -40.418  -15.742  38.616 0.0000000000
51928  -39.564  -16.574  37.568 0.0000000000
51929  -38.773  -16.687  36.312 0.0000000000
52868  -38.991  -15.953  36.110 0.0000000000
52872  -39.231  -15.137  35.923 0.0000000000
64356  -55.324  -3.541  27.506 0.0000000000
64364  -54.898  -3.235  26.764 0.0000000000
118417  -54.760  -2.265  25.775 0.0000000000
66090  -54.215  -1.948  25.060 0.0000000000
120804  -55.669  -1.118  25.817 0.0000000000
66101  -54.442  -1.200  24.694 0.0000000000
66962  -53.990  -0.738  23.967 0.0000000000
66975  -53.734  -0.423  23.135 0.0000000000
44633  -28.726  -23.423  53.068 0.0000000000
43709  -28.126  -23.901  52.595 0.0000000000
122560  -28.595  -23.606  52.617 0.0000000000
43726  -28.133  -24.130  51.568 0.0000000000
44643  -29.186  -23.247  52.801 0.0000000000
43734  -27.891  -24.339  50.939 0.0000000000
44673  -27.870  -23.985  50.210 0.0000000000
125695  -27.688  -23.780  49.395 0.0000000000
46628  -30.608  -21.355  52.991 0.0000000000
119237  -29.675  -21.881  51.609 0.0000000000
46642  -29.485  -21.412  50.685 0.0000000000
45658  -29.006  -22.112  50.484 0.0000000000
44674  -28.052  -23.184  49.608 0.0000000000
44687  -27.408  -24.064  48.776 0.0000000000
106539  -27.219  -24.306  47.979 0.0000000000
43754  -27.084  -24.408  47.075 0.0000000000
44725  -27.049  -23.933  46.095 0.0000000000
42800  -26.360  -25.363  43.118 0.0000000000
111435  -32.003  -19.390  40.976 0.0000000000
54668  -39.623  -13.279  34.034 0.0000000000
54675  -39.863  -13.162  33.335 0.0000000000
55596  -40.626  -12.783  33.411 0.0000000000
54676  -40.402  -13.082  32.907 0.0000000000
54684  -40.618  -13.337  32.438 0.0000000000
55591  -43.235  -12.797  34.336 0.0000000000
55605  -46.103  -12.604  32.668 0.0000000000
55609  -45.904  -12.461  31.731 0.0000000000
56666  -46.429  -11.707  31.274 0.0000000000
56681  -46.921  -11.163  30.872 0.0000000000
122516  -35.804  -19.454  53.880 0.0000000000
104506  -35.233  -19.514  53.241 0.0000000000
119411  -35.680  -19.490  51.678 0.0000000000
122378  -35.410  -19.463  50.792 0.0000000000
48706  -35.066  -19.418  49.258 0.0000000000
123887  -37.210  -19.493  48.912 0.0000000000
48707  -36.895  -19.487  49.396 0.0000000000
48722  -35.507  -19.427  48.518 0.0000000000
104494  -34.439  -19.439  44.827 0.0000000000
110957  -33.262  -19.394  42.275 0.0000000000
114955  -40.687  -18.130  47.708 0.0000000000
49898  -40.212  -18.575  47.336 0.0000000000
49907  -39.637  -19.038  46.897 0.0000000000
48769  -38.420  -19.708  45.861 0.0000000000
48805  -39.554  -19.860  43.743 0.0000000000
48804  -38.826  -20.213  43.979 0.0000000000
48786  -38.577  -20.050  44.634 0.0000000000
104290  -38.064  -19.953  45.100 0.0000000000
48784  -36.784  -19.658  44.446 0.0000000000
48801  -35.746  -19.505  43.640 0.0000000000
48820  -35.325  -19.484  42.788 0.0000000000
48819  -34.418  -19.420  42.777 0.0000000000
110955  -32.916  -19.399  40.751 0.0000000000
49968  -37.074  -17.906  34.643 0.0000000000
55480  -46.148  -12.158  44.471 0.0000000000
122471  -46.241  -11.301  44.110 0.0000000000
124688  -46.556  -11.547  44.553 0.0000000000
56533  -47.292  -10.758  44.927 0.0000000000
44621  -27.423  -23.402  53.924 0.0000000000
45628  -27.928  -22.495  54.460 0.0000000000
44622  -28.691  -23.228  53.585 0.0000000000
46613  -30.031  -22.296  54.837 0.0000000000
46604  -30.868  -21.382  55.607 0.0000000000
47547  -31.210  -20.834  56.243 0.0000000000
47555  -31.489  -20.838  55.609 0.0000000000
125365  -33.198  -19.907  55.157 0.0000000000
48647  -34.828  -19.518  55.124 0.0000000000
48648  -35.565  -19.313  55.274 0.0000000000
48658  -35.882  -19.355  54.584 0.0000000000
48659  -37.262  -19.095  53.734 0.0000000000
48651  -37.534  -18.811  54.164 0.0000000000
49857  -39.229  -18.682  52.166 0.0000000000
49867  -40.578  -18.049  51.306 0.0000000000
110773  -41.331  -17.534  50.826 0.0000000000
51746  -42.873  -15.811  51.483 0.0000000000
51774  -42.645  -16.304  50.317 0.0000000000
115279  -42.975  -16.009  49.451 0.0000000000
115284  -44.222  -14.903  49.262 0.0000000000
53682  -45.498  -13.665  48.031 0.0000000000
112095  -45.419  -13.982  47.326 0.0000000000
53689  -45.540  -14.007  46.557 0.0000000000
54579  -46.137  -13.068  45.355 0.0000000000
55462  -46.101  -12.871  44.930 0.0000000000
57531  -45.718  -10.760  43.504 0.0000000000
58458  -45.924  -9.901  43.381 0.0000000000
58466  -45.564  -9.415  42.639 0.0000000000
122997  -45.457  -8.379  41.252 0.0000000000
60427  -47.509  -7.459  43.699 0.0000000000
60434  -47.297  -7.181  42.758 0.0000000000
125048  -46.817  -7.635  42.747 0.0000000000
60441  -45.873  -7.875  40.915 0.0000000000
59489  -47.011  -8.213  38.919 0.0000000000
59505  -47.535  -8.706  38.464 0.0000000000
61417  -49.885  -6.476  40.810 0.0000000000
59507  -49.038  -9.188  38.764 0.0000000000
58502  -48.169  -10.477  38.413 0.0000000000
56596  -48.530  -12.381  38.462 0.0000000000
56637  -48.208  -12.414  36.592 0.0000000000
105605  -51.014  -10.672  36.590 0.0000000000
57624  -48.889  -10.734  33.758 0.0000000000
110410  -48.564  -10.735  33.073 0.0000000000
59567  -53.251  -8.995  34.043 0.0000000000
59566  -52.669  -9.135  33.523 0.0000000000
60546  -54.797  -7.525  31.666 0.0000000000
58579  -49.933  -9.653  32.077 0.0000000000
57656  -49.256  -9.913  31.781 0.0000000000
104151  -48.163  -10.396  31.045 0.0000000000
57704  -47.518  -10.066  28.782 0.0000000000
106902  -46.580  -10.644  28.248 0.0000000000
56723  -46.035  -11.035  27.865 0.0000000000
57719  -45.912  -11.014  26.992 0.0000000000
58654  -48.101  -8.802  26.878 0.0000000000
112678  -52.030  -4.936  26.482 0.0000000000
112120  -51.655  -4.855  25.990 0.0000000000
61592  -49.122  -6.090  24.645 0.0000000000
103925  -51.568  -3.420  24.381 0.0000000000
63466  -50.061  -4.048  23.518 0.0000000000
63457  -50.481  -4.411  24.350 0.0000000000
62533  -49.437  -5.411  24.282 0.0000000000
61591  -48.589  -6.450  24.284 0.0000000000
104521  -24.407  -25.540  53.896 0.0000000000
105924  -23.042  -25.479  52.041 0.0000000000
39059  -21.957  -28.763  49.570 0.0000000000
39864  -21.875  -28.076  49.101 0.0000000000
109452  -26.862  -25.319  51.183 0.0000000000
42712  -26.969  -25.297  50.532 0.0000000000
42711  -26.479  -25.687  50.575 0.0000000000
41701  -26.172  -25.992  48.034 0.0000000000
41700  -25.658  -26.202  47.710 0.0000000000
41682  -23.911  -26.271  48.176 0.0000000000
40729  -22.566  -27.515  47.565 0.0000000000
39097  -23.035  -28.784  46.565 0.0000000000
39087  -22.870  -29.220  47.344 0.0000000000
37406  -25.484  -31.630  43.618 0.0000000000
104504  -34.440  -19.509  52.458 0.0000000000
124141  -33.762  -19.519  52.259 0.0000000000
105450  -33.420  -19.476  50.730 0.0000000000
48689  -32.522  -19.486  50.534 0.0000000000
119615  -30.620  -19.804  48.691 0.0000000000
123864  -32.791  -19.442  47.296 0.0000000000
105844  -32.147  -19.444  47.898 0.0000000000
48762  -30.923  -19.779  45.946 0.0000000000
48734  -31.429  -19.627  47.306 0.0000000000
48733  -30.779  -19.828  47.530 0.0000000000
47605  -30.414  -19.974  48.063 0.0000000000
113907  -29.836  -20.366  47.958 0.0000000000
46679  -28.298  -21.399  46.133 0.0000000000
46706  -27.703  -21.853  44.458 0.0000000000
45720  -27.224  -22.652  44.271 0.0000000000
44743  -26.735  -23.765  43.545 0.0000000000
116041  -26.565  -24.624  42.659 0.0000000000
110233  -26.454  -25.993  41.757 0.0000000000
48846  -30.655  -19.616  40.264 0.0000000000
48845  -29.908  -19.846  40.415 0.0000000000
106582  -29.603  -20.278  39.680 0.0000000000
47682  -29.276  -20.332  40.495 0.0000000000
47681  -28.779  -20.890  40.317 0.0000000000
46737  -28.319  -21.286  41.135 0.0000000000
44791  -28.368  -23.449  38.808 0.0000000000
118998  -27.979  -22.389  39.968 0.0000000000
46736  -27.798  -22.091  40.979 0.0000000000
45748  -27.616  -22.777  40.550 0.0000000000
44770  -27.350  -23.440  40.605 0.0000000000
44769  -27.092  -24.120  40.672 0.0000000000
41835  -27.718  -26.656  38.983 0.0000000000
42849  -27.107  -25.587  39.842 0.0000000000
43828  -26.819  -24.570  41.251 0.0000000000
42829  -26.684  -25.379  41.119 0.0000000000
41778  -26.620  -26.170  40.942 0.0000000000
109478  -26.403  -26.888  41.599 0.0000000000
39942  -26.706  -28.338  40.567 0.0000000000
39152  -27.346  -29.678  40.234 0.0000000000
39151  -26.658  -29.319  40.871 0.0000000000
39954  -28.077  -28.662  39.182 0.0000000000
40808  -26.474  -27.687  41.223 0.0000000000
40869  -28.006  -27.294  38.845 0.0000000000
41680  -22.396  -26.769  48.711 0.0000000000
41814  -27.311  -26.328  39.472 0.0000000000
42841  -26.831  -25.647  40.473 0.0000000000
42850  -27.462  -25.578  39.286 0.0000000000
42862  -28.152  -25.648  38.648 0.0000000000
43838  -26.987  -24.866  40.347 0.0000000000
44697  -27.436  -23.518  47.281 0.0000000000
44761  -27.039  -23.782  41.353 0.0000000000
44780  -27.868  -23.503  39.316 0.0000000000
44781  -28.185  -22.842  39.274 0.0000000000
45743  -27.348  -22.919  41.412 0.0000000000
47630  -29.544  -20.376  45.759 0.0000000000
47672  -28.889  -20.552  41.374 0.0000000000
47673  -29.594  -19.975  41.262 0.0000000000
47692  -29.149  -20.820  39.556 0.0000000000
48708  -37.654  -19.513  49.270 0.0000000000
48725  -38.401  -19.484  48.173 0.0000000000
48798  -31.797  -19.507  43.816 0.0000000000
48847  -31.467  -19.507  40.090 0.0000000000
58494  -52.201  -9.674  39.329 0.0000000000
106483  -38.714  -19.833  45.265 0.0000000000
106626  -26.219  -26.612  42.459 0.0000000000
106728  -27.336  -22.984  45.826 0.0000000000
111145  -50.820  -4.771  25.108 0.0000000000
113887  -26.665  -26.932  40.669 0.0000000000
120368  -26.403  -29.972  41.391 0.0000000000
120704  -23.409  -28.758  45.785 0.0000000000
122871  -29.156  -20.561  40.005 0.0000000000
125327  -36.267  -19.561  44.055 0.0000000000
