#!ascii label  , from subject sub-v1s5x0050748_ses-1 vox2ras=TkReg
543
114080  22.541  -68.038  -6.144 0.6000000238
9591  21.187  -68.081  0.076 0.6999999881
9613  21.080  -68.182  -1.723 0.6999999881
9643  20.554  -68.522  -4.905 0.8999999762
9649  20.778  -68.572  -5.553 0.8000000119
10226  21.653  -67.838  -5.542 0.8000000119
10855  22.756  -66.839  -5.962 0.6000000238
10854  23.661  -66.433  -6.247 0.6999999881
10853  24.600  -66.123  -6.413 0.6999999881
10170  21.437  -67.394  0.427 0.6999999881
9577  21.186  -67.947  0.938 0.6999999881
10197  21.523  -67.537  -1.158 0.6999999881
10206  21.555  -67.596  -2.096 0.6000000238
9624  20.921  -68.268  -2.755 0.6999999881
113757  21.324  -67.875  -3.998 0.8000000119
10220  21.508  -67.594  -4.710 0.8000000119
10843  22.271  -66.840  -5.500 0.6000000238
11461  23.028  -65.683  -6.044 0.6000000238
115070  23.865  -65.689  -6.294 0.6999999881
11458  25.263  -65.525  -6.507 0.6999999881
10805  21.534  -66.655  0.574 0.5000000000
10157  20.990  -67.678  1.779 0.6000000238
124025  21.628  -66.963  0.007 0.4000000060
10185  21.474  -67.500  -0.330 0.6000000238
109836  21.861  -66.723  -1.461 0.5000000000
10824  22.016  -66.837  -2.541 0.6000000238
10213  21.466  -67.697  -3.096 0.8000000119
10831  21.880  -67.193  -3.603 0.6999999881
10838  22.101  -66.558  -4.270 0.6999999881
11447  22.321  -65.899  -5.254 0.6999999881
11460  23.592  -64.989  -6.252 0.6000000238
11459  24.467  -65.251  -6.431 0.6000000238
11457  25.999  -65.672  -6.516 0.5000000000
10790  21.365  -66.324  1.323 0.5000000000
10791  21.145  -66.881  1.963 0.6000000238
10146  20.629  -67.389  2.682 0.6000000238
105631  22.061  -66.120  -1.910 0.5000000000
11435  22.258  -65.292  -3.127 0.6000000238
103475  22.263  -65.566  -3.979 0.6000000238
11442  22.197  -65.716  -4.789 0.6000000238
11441  22.235  -65.026  -5.102 0.5000000000
12109  22.862  -64.769  -5.908 0.5000000000
12108  23.276  -64.202  -6.158 0.6000000238
12107  24.260  -64.360  -6.424 0.6000000238
12106  25.142  -64.793  -6.514 0.5000000000
108115  25.887  -64.351  -6.389 0.5000000000
12096  26.836  -64.266  -6.139 0.5000000000
117395  25.776  -65.085  -6.491 0.5000000000
10778  21.171  -66.140  2.009 0.5000000000
10779  20.819  -66.429  2.615 0.5000000000
11414  21.730  -65.595  -0.380 0.4000000060
12064  22.176  -64.262  -1.174 0.3000000119
12072  22.072  -64.926  -1.573 0.4000000060
12079  22.202  -65.021  -2.338 0.3000000119
12071  22.285  -64.319  -2.029 0.3000000119
11428  22.173  -65.825  -2.499 0.5000000000
119151  22.313  -64.834  -3.752 0.5000000000
115186  22.369  -64.101  -4.089 0.5000000000
12097  22.463  -64.475  -5.394 0.5000000000
120904  22.750  -64.089  -5.766 0.6000000238
12774  23.637  -63.522  -6.344 0.6000000238
109612  25.079  -64.141  -6.491 0.5000000000
12772  25.417  -63.576  -6.402 0.5000000000
11388  21.016  -65.632  2.501 0.5000000000
117893  21.382  -65.398  1.643 0.5000000000
12056  21.664  -64.755  0.892 0.5000000000
119053  22.046  -64.241  -0.340 0.4000000060
12065  21.877  -64.903  -0.784 0.5000000000
12740  22.475  -63.626  -1.623 0.3000000119
12748  22.512  -63.686  -2.512 0.3000000119
12092  22.269  -64.225  -4.938 0.5000000000
12766  22.492  -63.575  -5.419 0.4000000060
12773  24.569  -63.552  -6.498 0.5000000000
111985  24.929  -62.882  -6.535 0.5000000000
124856  25.655  -62.964  -6.262 0.5000000000
12764  27.409  -63.482  -5.733 0.5000000000
13417  26.878  -62.779  -5.678 0.4000000060
12765  26.329  -63.438  -6.067 0.5000000000
111651  21.219  -64.816  2.463 0.5000000000
12047  21.601  -64.396  1.766 0.5000000000
12720  21.903  -63.944  1.050 0.5000000000
12719  22.298  -63.558  0.271 0.4000000060
12732  22.414  -63.587  -0.729 0.4000000060
13391  22.805  -62.951  -1.215 0.3000000119
106574  22.516  -63.242  -3.947 0.4000000060
13411  22.553  -62.455  -4.600 0.4000000060
13418  22.481  -62.673  -5.369 0.4000000060
12759  22.377  -63.375  -4.790 0.4000000060
105696  22.654  -62.864  -5.786 0.5000000000
104817  23.052  -62.745  -6.227 0.5000000000
118166  22.877  -63.488  -5.985 0.6000000238
13425  25.421  -62.295  -6.337 0.4000000060
12708  21.906  -63.556  1.884 0.4000000060
12707  22.300  -63.197  1.233 0.4000000060
13385  22.778  -62.875  -0.288 0.4000000060
13397  22.769  -62.994  -2.148 0.4000000060
120610  23.127  -62.339  -2.828 0.4000000060
13403  22.736  -62.629  -3.646 0.4000000060
13427  22.582  -62.047  -5.937 0.5000000000
105018  23.280  -61.834  -6.436 0.6000000238
13426  24.498  -62.083  -6.554 0.5000000000
14837  25.113  -60.584  -6.531 0.4000000060
14126  25.181  -61.499  -6.451 0.4000000060
118617  22.225  -62.883  1.950 0.4000000060
13372  22.732  -62.709  0.646 0.4000000060
13354  22.635  -62.451  1.544 0.4000000060
13371  23.242  -62.150  0.124 0.4000000060
13390  23.237  -62.321  -1.734 0.4000000060
13402  22.932  -61.962  -3.853 0.4000000060
14113  22.667  -61.409  -4.861 0.4000000060
14119  22.523  -61.840  -5.459 0.4000000060
14129  22.511  -61.153  -6.108 0.5000000000
14128  23.104  -60.823  -6.514 0.4000000060
14127  24.190  -61.203  -6.634 0.6000000238
13353  23.162  -61.965  1.034 0.4000000060
14086  23.679  -61.552  -0.375 0.4000000060
13384  23.278  -62.268  -0.786 0.4000000060
14099  23.640  -61.627  -2.199 0.4000000060
14818  23.630  -60.761  -3.525 0.4000000060
14112  23.197  -61.274  -3.981 0.4000000060
14823  22.577  -60.527  -5.452 0.3000000119
112089  22.452  -61.129  -5.729 0.4000000060
116593  22.580  -60.441  -6.199 0.4000000060
14838  23.941  -60.313  -6.707 0.5000000000
13342  22.340  -62.189  2.437 0.4000000060
14802  24.134  -60.989  -1.680 0.4000000060
14810  23.968  -60.917  -2.592 0.3000000119
15508  23.695  -60.006  -3.993 0.3000000119
14822  23.097  -60.632  -4.515 0.3000000119
14830  22.395  -60.467  -5.968 0.3000000119
14839  22.996  -60.015  -6.542 0.4000000060
15535  23.642  -59.495  -6.794 0.4000000060
14056  23.491  -61.208  1.376 0.3000000119
14796  24.060  -60.898  -0.010 0.3000000119
14085  24.133  -60.985  -0.822 0.3000000119
14809  24.407  -60.313  -2.074 0.3000000119
14817  24.187  -60.196  -2.984 0.3000000119
16259  23.116  -58.765  -5.200 0.4000000060
15514  22.925  -59.720  -5.073 0.3000000119
15523  22.629  -59.070  -5.764 0.3000000119
14840  22.569  -59.791  -6.169 0.3000000119
15536  22.846  -59.203  -6.596 0.4000000060
108339  23.305  -58.727  -7.015 0.4000000060
16284  24.044  -58.230  -7.225 0.4000000060
15513  23.771  -59.163  -4.309 0.4000000060
16270  22.517  -58.176  -5.961 0.3000000119
16285  22.646  -58.349  -6.790 0.4000000060
17016  22.245  -57.675  -6.988 0.4000000060
16296  22.923  -57.906  -7.203 0.4000000060
17005  22.285  -57.379  -6.498 0.5000000000
17017  21.969  -57.106  -6.965 0.4000000060
17030  22.144  -57.196  -7.125 0.4000000060
17029  23.856  -57.608  -7.379 0.3000000119
108363  23.114  -57.098  -7.414 0.3000000119
10225  22.157  -67.589  -5.821 0.6999999881
117381  22.567  -66.070  -5.651 0.6000000238
10844  22.020  -66.750  -5.072 0.6999999881
105587  21.790  -66.242  -0.753 0.4000000060
109526  22.110  -65.506  -1.898 0.4000000060
104300  22.177  -66.237  -3.310 0.6999999881
11446  22.533  -65.285  -5.548 0.6999999881
11405  21.559  -65.688  0.561 0.5000000000
12086  22.248  -64.879  -4.521 0.5000000000
12078  22.376  -64.422  -3.012 0.4000000060
109191  23.974  -62.769  -6.507 0.5000000000
14105  23.469  -61.500  -3.157 0.3000000119
14057  22.961  -61.694  1.910 0.4000000060
15524  22.504  -59.760  -5.868 0.3000000119
15537  22.517  -58.875  -6.274 0.3000000119
16271  22.408  -57.854  -6.662 0.3000000119
9057  21.092  -70.557  -3.731 0.6000000238
9039  21.707  -70.194  -2.730 0.6000000238
9007  23.743  -69.532  -0.511 0.6000000238
104253  24.345  -69.387  -0.928 0.6000000238
8422  20.584  -71.125  -2.394 0.5000000000
8435  20.612  -70.806  -3.230 0.6000000238
8449  19.409  -70.987  -4.777 0.6999999881
124698  20.273  -70.877  -4.104 0.6999999881
9071  21.281  -70.583  -4.385 0.6000000238
9056  22.059  -70.040  -3.543 0.6000000238
115478  23.025  -69.351  -3.079 0.6000000238
9037  23.395  -69.162  -2.228 0.6000000238
9612  24.114  -68.923  -2.081 0.6000000238
9036  24.786  -69.075  -2.597 0.6000000238
8434  25.694  -70.035  -2.217 0.6999999881
7908  18.157  -71.096  -3.898 0.6000000238
9059  18.272  -69.993  -4.824 0.6999999881
7894  19.375  -71.285  -3.464 0.5000000000
8450  18.309  -70.468  -4.632 0.6999999881
8460  19.807  -70.594  -5.481 0.6999999881
8448  20.333  -70.895  -4.844 0.6999999881
9070  21.951  -70.500  -4.674 0.5000000000
9054  24.284  -69.218  -3.589 0.6000000238
119706  25.181  -69.327  -3.691 0.6000000238
9035  25.568  -69.563  -2.816 0.6999999881
9067  25.369  -69.824  -4.905 0.6999999881
8433  26.122  -70.225  -2.805 0.6999999881
8456  26.904  -70.314  -4.298 0.6999999881
6288  29.897  -74.780  -5.616 0.4000000060
7913  29.133  -72.094  -4.837 0.5000000000
123807  28.504  -71.504  -4.697 0.6000000238
7914  27.930  -71.247  -4.298 0.6000000238
8423  17.496  -70.233  -3.177 0.5000000000
8436  17.732  -70.198  -3.907 0.5000000000
9042  17.762  -69.864  -3.707 0.6000000238
7909  17.878  -70.451  -4.086 0.5000000000
9041  18.069  -69.688  -4.159 0.6999999881
9060  17.896  -70.073  -4.402 0.5000000000
9058  18.929  -69.802  -5.199 0.6999999881
8461  18.900  -70.298  -5.245 0.6999999881
9072  19.668  -70.154  -5.721 0.6999999881
123144  23.529  -69.340  -3.542 0.6000000238
9068  24.459  -69.734  -4.695 0.6000000238
9066  26.260  -70.135  -5.224 0.6999999881
113085  26.991  -70.456  -5.451 0.6999999881
8455  27.539  -70.709  -4.660 0.6000000238
118315  27.594  -70.672  -5.576 0.6000000238
8407  17.881  -70.125  -0.709 0.5000000000
116759  16.896  -70.764  -1.671 0.4000000060
9025  17.906  -69.731  -2.626 0.5000000000
105644  17.440  -70.242  -1.939 0.5000000000
9024  18.817  -69.227  -1.987 0.6000000238
107451  18.192  -69.465  -3.193 0.6000000238
9625  19.803  -68.808  -3.620 0.6999999881
9626  18.684  -69.444  -4.493 0.6999999881
8459  20.879  -70.798  -5.422 0.6999999881
8458  21.862  -70.764  -5.738 0.6999999881
9069  22.721  -70.495  -5.231 0.6999999881
9079  23.573  -70.557  -5.681 0.6999999881
9078  24.416  -70.586  -5.919 0.6999999881
9077  25.262  -70.501  -6.122 0.8000000119
8468  26.179  -70.467  -6.260 0.6999999881
7918  28.877  -71.253  -5.466 0.5000000000
8466  28.022  -70.674  -6.124 0.6000000238
8467  27.085  -70.499  -6.282 0.6000000238
108257  17.518  -70.429  -0.109 0.4000000060
9010  19.190  -69.369  -0.693 0.6000000238
9011  18.278  -69.695  -1.359 0.6000000238
120938  19.673  -68.846  -1.938 0.6000000238
106281  20.209  -68.617  -2.377 0.6000000238
9638  19.560  -69.108  -4.757 0.6999999881
8473  20.342  -70.573  -5.811 0.6999999881
124183  21.036  -70.080  -6.313 0.8000000119
8486  21.459  -70.584  -6.088 0.8000000119
8485  22.596  -70.644  -6.090 0.6000000238
8470  23.583  -70.681  -6.105 0.6000000238
8482  25.345  -70.316  -6.511 0.8000000119
7917  29.588  -71.113  -6.104 0.5000000000
8465  28.742  -70.750  -6.252 0.6000000238
9088  27.109  -69.798  -7.039 0.6999999881
8478  29.108  -70.456  -6.633 0.6000000238
108157  18.805  -69.805  0.748 0.5000000000
8984  18.276  -70.091  1.029 0.4000000060
106669  17.214  -70.630  1.300 0.4000000060
8996  19.429  -69.457  0.376 0.5000000000
8997  18.618  -69.756  -0.224 0.5000000000
113716  19.842  -68.978  -1.047 0.6000000238
9614  20.474  -68.555  -1.345 0.6000000238
9637  20.689  -68.425  -3.871 0.6999999881
9644  19.840  -69.373  -5.452 0.8000000119
119927  21.061  -68.733  -5.987 0.8000000119
111664  22.200  -69.143  -6.397 0.6000000238
9092  22.908  -69.997  -6.467 0.6000000238
8483  24.557  -70.269  -6.473 0.6999999881
9090  25.238  -69.958  -6.742 0.6999999881
9654  26.754  -68.945  -7.046 0.6999999881
8479  28.328  -70.349  -6.691 0.6000000238
9653  27.695  -69.016  -7.201 0.6000000238
10231  28.181  -68.263  -7.109 0.6000000238
103208  28.775  -70.034  -7.009 0.6000000238
9665  28.567  -68.904  -7.284 0.6000000238
8995  20.179  -69.074  0.987 0.5000000000
8983  19.499  -69.448  1.385 0.5000000000
115640  18.778  -69.808  1.651 0.5000000000
8363  17.244  -70.487  2.211 0.5000000000
9592  20.716  -68.581  0.518 0.5000000000
9603  20.615  -68.597  -0.418 0.6000000238
10235  21.731  -68.407  -6.085 0.6999999881
109396  23.206  -68.881  -6.479 0.6000000238
9656  24.170  -68.694  -6.555 0.6000000238
109642  25.124  -68.720  -6.690 0.6999999881
10232  25.331  -67.640  -6.537 0.6000000238
122056  26.732  -68.014  -6.775 0.6000000238
9086  29.537  -69.960  -6.992 0.5000000000
10242  28.975  -67.942  -7.177 0.4000000060
9579  20.123  -68.864  2.112 0.5000000000
9564  19.731  -68.866  2.993 0.5000000000
8952  19.140  -69.190  3.301 0.5000000000
8954  17.668  -69.741  3.856 0.5000000000
8955  16.982  -69.993  4.197 0.5000000000
8939  16.270  -69.685  4.773 0.5000000000
10234  23.588  -67.580  -6.309 0.6000000238
10233  24.603  -67.686  -6.457 0.6000000238
112166  25.817  -67.044  -6.536 0.4000000060
112167  26.692  -67.217  -6.634 0.5000000000
115246  27.546  -66.958  -6.639 0.4000000060
10230  28.880  -67.114  -6.843 0.4000000060
109860  27.412  -67.963  -6.874 0.5000000000
112431  20.595  -68.163  2.263 0.6000000238
9563  20.197  -68.260  3.000 0.5000000000
9550  18.819  -68.959  3.967 0.5000000000
8937  18.176  -69.087  4.283 0.5000000000
8938  17.267  -69.198  4.672 0.5000000000
119618  16.515  -68.853  5.075 0.5000000000
8926  14.893  -69.118  5.127 0.4000000060
119337  14.338  -69.021  5.004 0.5000000000
9541  13.145  -68.912  4.384 0.4000000060
8956  12.421  -69.283  4.014 0.4000000060
8957  11.714  -69.649  3.620 0.4000000060
10852  25.505  -66.252  -6.506 0.6000000238
10851  26.273  -66.361  -6.527 0.4000000060
121233  27.015  -66.335  -6.525 0.4000000060
10849  28.285  -66.646  -6.611 0.4000000060
10134  19.999  -67.495  3.558 0.5000000000
118513  18.913  -67.855  4.411 0.4000000060
10121  18.302  -67.816  4.662 0.4000000060
9537  17.071  -68.322  5.036 0.5000000000
10124  15.985  -67.435  4.864 0.4000000060
109872  15.425  -68.025  4.991 0.5000000000
121071  15.257  -67.412  4.644 0.4000000060
10125  14.697  -67.139  4.213 0.5000000000
114735  14.653  -67.853  4.643 0.5000000000
123942  13.733  -67.432  3.527 0.3000000119
10136  13.372  -67.813  3.576 0.3000000119
9565  12.295  -68.304  2.771 0.3000000119
12105  26.524  -65.079  -6.413 0.4000000060
10763  19.801  -66.798  3.947 0.5000000000
108804  18.661  -67.191  4.580 0.5000000000
111627  18.029  -67.224  4.778 0.4000000060
10762  20.578  -65.850  3.195 0.4000000060
11378  19.985  -65.937  3.906 0.4000000060
10748  19.169  -66.405  4.432 0.4000000060
11368  17.763  -65.386  4.648 0.4000000060
11377  20.375  -65.294  3.601 0.4000000060
11366  20.002  -65.039  4.069 0.4000000060
11367  19.397  -65.436  4.361 0.4000000060
12024  20.494  -64.546  3.626 0.4000000060
116149  18.972  -64.940  4.542 0.4000000060
113105  18.301  -64.688  4.584 0.4000000060
12017  16.996  -65.024  4.438 0.4000000060
12015  20.034  -64.374  4.115 0.4000000060
12695  21.407  -63.867  2.638 0.3000000119
12665  18.727  -63.539  4.399 0.4000000060
12666  17.875  -63.886  4.401 0.4000000060
12667  16.992  -64.142  4.137 0.4000000060
113991  21.303  -63.043  3.197 0.4000000060
12680  16.747  -63.578  3.544 0.4000000060
13327  16.862  -62.852  3.194 0.4000000060
13343  21.738  -62.281  3.081 0.3000000119
13322  21.103  -62.309  3.485 0.4000000060
13323  20.400  -62.340  3.768 0.4000000060
13311  18.829  -62.677  4.132 0.4000000060
13312  18.065  -62.989  4.140 0.4000000060
12679  17.324  -63.306  3.884 0.4000000060
13325  18.277  -62.226  3.774 0.3000000119
9009  20.082  -69.113  -0.029 0.5000000000
117546  24.303  -66.907  -6.372 0.6000000238
121758  26.622  -65.791  -6.480 0.4000000060
112453  22.961  -69.447  -1.726 0.6000000238
119063  26.125  -69.737  -3.825 0.6999999881
7912  30.003  -72.528  -5.396 0.5000000000
122465  29.610  -71.765  -5.464 0.5000000000
7403  28.306  -72.061  -4.214 0.5000000000
8454  28.138  -70.976  -5.067 0.6000000238
8424  16.951  -70.876  -2.663 0.5000000000
8471  21.919  -70.768  -5.945 0.6999999881
8480  27.465  -70.272  -6.713 0.6000000238
9040  18.984  -69.075  -3.141 0.6000000238
8457  22.705  -70.790  -5.970 0.6999999881
8469  24.424  -70.502  -6.252 0.8000000119
8481  26.382  -70.238  -6.699 0.6999999881
8388  18.132  -70.111  0.249 0.4000000060
9093  21.857  -70.089  -6.384 0.6000000238
8484  23.716  -70.460  -6.274 0.6000000238
9655  25.897  -69.395  -6.913 0.6999999881
9089  25.821  -70.106  -6.832 0.6999999881
8477  30.060  -70.543  -6.592 0.5000000000
9087  28.117  -69.773  -7.116 0.6000000238
9091  23.881  -69.831  -6.554 0.6999999881
117555  24.599  -69.650  -6.652 0.6999999881
9099  29.038  -69.479  -7.223 0.6000000238
9664  29.431  -68.704  -7.340 0.6000000238
8971  19.372  -69.368  2.375 0.5000000000
8972  18.619  -69.714  2.606 0.5000000000
8973  17.842  -70.030  2.874 0.4000000060
116515  26.051  -68.095  -6.700 0.6000000238
8335  12.195  -69.957  4.138 0.3000000119
10850  27.685  -66.241  -6.486 0.4000000060
103108  16.253  -68.175  5.114 0.5000000000
9551  13.420  -68.269  4.133 0.4000000060
9553  11.964  -68.965  3.343 0.4000000060
12663  20.315  -63.770  3.923 0.4000000060
12664  19.595  -63.825  4.293 0.4000000060
2017  31.896  -83.500  -0.897 0.3000000119
2026  32.097  -83.280  -2.084 0.3000000119
4726  25.327  -77.523  -4.150 0.4000000060
4292  26.140  -78.824  -5.513 0.4000000060
4283  24.999  -79.361  -5.259 0.4000000060
3336  25.554  -80.081  -5.235 0.4000000060
123281  26.534  -75.675  -4.376 0.4000000060
5665  25.957  -75.816  -3.669 0.4000000060
6278  26.064  -75.014  -3.262 0.4000000060
6260  25.798  -74.685  -2.546 0.5000000000
6244  25.657  -74.428  -1.612 0.5000000000
6840  25.664  -73.575  -1.826 0.5000000000
5186  26.478  -77.305  -5.394 0.4000000060
4735  25.581  -77.375  -4.739 0.5000000000
5162  25.689  -76.647  -4.108 0.5000000000
6825  25.637  -73.689  -0.911 0.5000000000
4746  27.298  -77.738  -5.555 0.5000000000
4748  25.780  -77.702  -5.227 0.5000000000
4291  27.001  -78.370  -5.443 0.5000000000
3798  25.842  -79.485  -5.373 0.4000000060
3787  26.229  -79.822  -5.081 0.4000000060
3329  25.702  -80.546  -4.883 0.4000000060
113115  26.012  -81.079  -4.135 0.4000000060
3324  26.484  -81.652  -3.394 0.3000000119
2468  27.067  -83.844  -3.249 0.4000000060
5681  28.458  -75.562  -5.394 0.4000000060
6290  27.783  -74.604  -4.456 0.4000000060
6276  26.982  -74.211  -3.757 0.4000000060
5693  27.962  -76.234  -5.551 0.4000000060
5171  26.895  -75.975  -4.959 0.4000000060
6291  26.887  -75.145  -4.249 0.4000000060
6277  26.444  -74.656  -3.551 0.4000000060
106320  26.491  -73.946  -3.297 0.5000000000
123739  25.769  -74.037  -2.337 0.5000000000
5184  28.643  -77.039  -5.741 0.4000000060
5172  26.464  -76.591  -5.111 0.4000000060
5683  26.195  -76.141  -4.448 0.4000000060
6852  26.291  -73.394  -2.919 0.5000000000
6853  25.917  -73.472  -2.456 0.5000000000
124540  25.731  -72.989  -2.040 0.5000000000
7376  25.753  -72.297  -1.810 0.6000000238
7884  25.695  -71.359  -1.539 0.6000000238
7361  25.588  -72.024  -0.894 0.6000000238
8447  26.660  -70.521  -3.392 0.6000000238
7893  26.410  -71.067  -2.711 0.6000000238
7875  25.379  -71.003  -0.524 0.5000000000
3767  26.459  -80.145  -4.304 0.4000000060
103000  25.253  -69.559  -1.922 0.5000000000
3323  27.209  -80.950  -2.359 0.4000000060
2905  27.323  -82.408  -2.955 0.4000000060
6863  27.639  -73.588  -3.894 0.4000000060
6871  28.319  -73.029  -4.181 0.5000000000
7396  27.637  -72.586  -3.698 0.5000000000
7397  27.002  -72.246  -3.228 0.5000000000
7387  26.077  -72.690  -2.465 0.5000000000
7906  27.560  -71.630  -3.706 0.5000000000
112701  26.027  -71.723  -2.250 0.6000000238
8446  27.332  -70.863  -3.826 0.6000000238
7907  26.924  -71.339  -3.231 0.6000000238
2425  32.333  -82.872  -0.087 0.3000000119
2463  32.853  -81.977  -2.937 0.3000000119
3303  30.953  -81.574  -1.791 0.3000000119
6295  29.643  -75.816  -5.893 0.4000000060
6289  28.839  -74.621  -5.035 0.4000000060
107448  28.333  -73.856  -4.367 0.4000000060
7402  28.861  -72.718  -4.543 0.4000000060
113937  25.907  -70.787  -2.160 0.6000000238
8419  25.461  -70.320  -1.426 0.5000000000
6870  29.097  -73.638  -4.752 0.4000000060
5664  26.314  -75.429  -3.907 0.4000000060
105646  25.643  -72.899  -1.321 0.5000000000
2884  29.365  -82.149  -1.956 0.3000000119
6864  26.888  -73.264  -3.355 0.5000000000
121546  26.513  -72.741  -2.938 0.5000000000
7386  26.490  -71.978  -2.773 0.6000000238
2434  32.589  -82.803  -1.375 0.3000000119
3337  24.965  -80.587  -5.129 0.4000000060
3346  25.147  -79.795  -5.315 0.4000000060
3797  26.608  -79.075  -5.300 0.4000000060
4293  25.446  -79.161  -5.387 0.4000000060
4747  26.386  -78.128  -5.519 0.5000000000
5173  25.922  -76.912  -4.902 0.5000000000
5185  27.375  -76.903  -5.562 0.4000000060
5651  25.748  -75.487  -2.818 0.4000000060
5682  27.542  -75.491  -4.937 0.4000000060
6259  26.075  -74.145  -2.958 0.5000000000
8375  17.952  -70.191  1.762 0.5000000000
8389  17.673  -70.380  0.748 0.4000000060
8472  21.134  -70.738  -5.929 0.6999999881
8953  18.414  -69.475  3.533 0.5000000000
8958  11.103  -69.929  3.288 0.4000000060
9021  24.605  -69.198  -1.625 0.6000000238
9022  23.731  -69.191  -1.383 0.6000000238
9055  22.806  -69.814  -4.044 0.6000000238
9080  20.588  -70.372  -6.043 0.6999999881
9534  19.405  -68.344  3.810 0.5000000000
9535  18.611  -68.432  4.367 0.5000000000
9536  17.869  -68.438  4.720 0.4000000060
9538  15.638  -68.858  5.163 0.4000000060
9539  14.799  -68.547  4.995 0.5000000000
9540  13.961  -68.504  4.650 0.5000000000
9552  12.760  -68.468  3.657 0.3000000119
9578  20.691  -68.418  1.463 0.5000000000
9602  21.135  -68.130  -0.796 0.6999999881
9636  23.889  -69.015  -2.801 0.6000000238
9650  20.454  -69.563  -6.036 0.8000000119
9657  21.292  -69.331  -6.289 0.6999999881
10120  19.363  -67.375  4.202 0.5000000000
10122  17.597  -67.718  4.888 0.5000000000
10126  13.946  -67.667  4.108 0.4000000060
10135  14.131  -66.997  3.416 0.3000000119
10156  21.351  -67.173  1.190 0.6000000238
10751  16.519  -66.803  4.713 0.4000000060
10816  21.658  -66.336  -0.100 0.4000000060
11389  20.799  -65.106  3.091 0.4000000060
11421  21.944  -65.702  -1.237 0.4000000060
12016  18.937  -64.296  4.520 0.4000000060
12037  16.403  -64.177  3.476 0.4000000060
12055  21.902  -64.273  0.366 0.4000000060
12677  20.897  -63.798  3.389 0.4000000060
12678  20.677  -63.052  3.662 0.4000000060
12694  21.825  -62.966  2.555 0.4000000060
13309  20.039  -63.061  4.068 0.4000000060
13310  19.385  -63.083  4.233 0.4000000060
13324  19.601  -62.315  3.966 0.4000000060
13326  17.560  -62.527  3.568 0.4000000060
13424  26.201  -62.533  -5.950 0.5000000000
14076  23.614  -61.415  0.496 0.3000000119
14092  23.695  -61.624  -1.258 0.4000000060
17802  22.193  -56.539  -7.252 0.4000000060
102881  21.718  -64.879  0.033 0.4000000060
104422  25.697  -76.158  -3.297 0.4000000060
104504  25.644  -78.487  -5.384 0.4000000060
105194  22.692  -63.104  -3.053 0.4000000060
109433  23.575  -69.762  -4.457 0.6000000238
110417  28.216  -67.474  -6.853 0.5000000000
110598  21.701  -66.885  -0.619 0.6000000238
110641  20.331  -66.662  3.349 0.5000000000
112165  25.034  -66.906  -6.470 0.6000000238
115714  26.359  -69.839  -6.996 0.6999999881
116289  22.503  -63.716  -3.317 0.4000000060
117477  18.621  -65.559  4.600 0.4000000060
118415  19.513  -64.659  4.343 0.4000000060
121809  24.699  -79.932  -5.088 0.4000000060
122205  19.982  -71.458  -2.573 0.5000000000
122761  18.446  -64.101  4.510 0.4000000060
122839  21.000  -64.441  3.067 0.3000000119
123044  17.556  -64.617  4.484 0.4000000060
123554  17.148  -70.679  -0.364 0.4000000060
124408  22.460  -61.509  -5.885 0.4000000060
