#!ascii label  , from subject sub-v1s5x0050725_ses-1 vox2ras=TkReg
1023
126949  -18.159  -14.888  -8.618 0.5555555820
67945  -18.764  -14.510  -9.559 0.6666666865
68902  -19.443  -13.784  -10.407 0.7777777910
68903  -20.186  -13.867  -10.938 0.7777777910
69863  -20.162  -12.497  -11.620 0.8888888955
135989  -22.537  -13.107  -13.056 0.8888888955
66993  -17.661  -15.067  -7.927 0.5555555820
67934  -17.694  -14.369  -8.460 0.5555555820
68892  -18.380  -13.796  -9.546 0.6666666865
68901  -18.809  -13.390  -10.067 0.8888888955
134334  -20.758  -13.981  -11.405 0.8888888955
69864  -20.851  -12.955  -12.051 0.8888888955
70836  -22.011  -11.946  -13.283 1.0000000000
69885  -22.643  -12.477  -13.368 0.8888888955
70849  -23.609  -11.211  -14.022 1.0000000000
68891  -17.801  -13.124  -9.288 0.7777777910
70812  -18.374  -11.507  -10.523 1.0000000000
71794  -18.179  -10.651  -10.766 1.0000000000
70822  -19.598  -11.599  -11.566 1.0000000000
127195  -20.393  -10.319  -13.077 1.0000000000
71808  -19.375  -10.607  -11.904 1.0000000000
71818  -20.903  -10.783  -13.146 1.0000000000
71817  -19.782  -10.139  -12.697 1.0000000000
71830  -20.917  -9.985  -13.566 1.0000000000
71832  -23.630  -10.194  -14.264 1.0000000000
72869  -21.685  -9.451  -13.953 1.0000000000
71845  -24.523  -9.629  -14.712 1.0000000000
127119  -23.392  -8.631  -14.774 1.0000000000
72880  -24.377  -8.940  -14.946 0.7777777910
71806  -17.968  -9.804  -11.080 0.8888888955
71807  -18.623  -10.220  -11.500 1.0000000000
71829  -20.192  -9.690  -13.366 1.0000000000
72845  -18.413  -9.370  -11.805 1.0000000000
72867  -19.944  -9.020  -13.622 1.0000000000
72878  -21.547  -8.631  -14.387 1.0000000000
73962  -22.437  -8.295  -14.784 1.0000000000
140958  -23.230  -8.097  -15.021 1.0000000000
73963  -24.136  -8.330  -15.121 1.0000000000
73964  -25.003  -8.619  -15.350 0.8888888955
74998  -24.720  -7.959  -15.462 1.0000000000
73973  -25.525  -8.219  -15.545 0.7777777910
73975  -26.746  -8.156  -15.075 0.7777777910
73927  -17.245  -8.094  -11.331 0.5555555820
75977  -17.921  -6.510  -13.423 0.7777777910
74974  -18.341  -7.835  -13.061 0.8888888955
73959  -20.393  -8.013  -14.311 1.0000000000
73950  -20.464  -8.536  -14.052 1.0000000000
74986  -19.781  -7.698  -14.059 0.8888888955
129612  -21.036  -7.649  -14.727 1.0000000000
75009  -23.315  -6.888  -15.478 1.0000000000
75010  -24.341  -7.138  -15.555 0.8888888955
124012  -24.789  -6.659  -15.750 0.8888888955
76009  -26.650  -6.759  -15.426 0.7777777910
76002  -27.622  -7.163  -15.154 0.6666666865
76010  -27.494  -6.705  -15.475 0.6666666865
76996  -16.462  -5.778  -11.764 0.4444444478
75963  -17.502  -6.662  -12.904 0.7777777910
77011  -17.021  -5.216  -13.296 0.6666666865
77025  -19.374  -5.317  -14.939 0.7777777910
75987  -20.108  -6.205  -14.741 0.8888888955
75988  -20.988  -6.876  -15.073 0.8888888955
74995  -21.678  -7.270  -15.151 1.0000000000
75995  -20.947  -5.746  -15.546 1.0000000000
75997  -22.982  -6.030  -15.675 1.0000000000
75998  -23.952  -6.285  -15.678 1.0000000000
77037  -24.372  -5.805  -15.864 0.8888888955
75999  -25.024  -6.276  -15.810 0.7777777910
76008  -25.763  -6.585  -15.533 0.7777777910
76011  -27.978  -6.431  -15.714 0.5555555820
77050  -26.009  -5.890  -15.504 0.7777777910
78050  -27.771  -5.474  -16.441 0.6666666865
78005  -17.270  -4.634  -13.852 0.6666666865
77024  -18.388  -5.235  -14.532 0.7777777910
78020  -18.476  -4.337  -14.947 0.7777777910
133124  -20.106  -5.299  -15.398 0.8888888955
75994  -20.383  -4.618  -15.994 1.0000000000
77034  -21.146  -4.826  -16.178 1.0000000000
77035  -22.624  -5.256  -15.867 1.0000000000
77036  -23.557  -5.561  -15.773 0.8888888955
77047  -24.291  -5.267  -15.993 0.8888888955
78049  -25.087  -5.413  -16.204 0.8888888955
77049  -25.106  -5.906  -15.868 0.7777777910
78047  -23.877  -4.709  -15.979 0.8888888955
78048  -24.507  -4.944  -16.313 0.7777777910
130664  -25.021  -4.781  -16.537 0.7777777910
138041  -26.798  -5.517  -15.842 0.7777777910
133256  -28.263  -4.754  -16.888 0.6666666865
78018  -16.984  -4.009  -13.815 0.6666666865
78004  -16.601  -4.315  -13.189 0.5555555820
78019  -17.688  -4.063  -14.479 0.7777777910
78029  -19.211  -3.687  -15.888 0.8888888955
78030  -19.792  -3.728  -16.403 0.8888888955
78043  -19.689  -3.334  -17.001 1.0000000000
78031  -20.392  -3.920  -16.448 1.0000000000
78046  -22.523  -4.528  -15.977 1.0000000000
132439  -23.523  -4.927  -15.857 0.8888888955
79074  -25.442  -4.105  -16.591 0.7777777910
79075  -26.539  -4.171  -16.360 0.6666666865
79076  -27.836  -4.241  -16.797 0.5555555820
79077  -28.828  -3.843  -16.994 0.5555555820
79053  -17.098  -3.424  -14.063 0.7777777910
80078  -17.256  -2.688  -14.340 0.6666666865
79055  -18.582  -3.531  -15.467 0.8888888955
79069  -18.940  -3.068  -17.471 1.0000000000
78044  -20.334  -3.589  -16.615 1.0000000000
79072  -22.008  -3.711  -16.166 0.8888888955
143333  -23.088  -4.426  -15.834 0.8888888955
80098  -23.555  -2.887  -16.148 0.8888888955
130504  -24.112  -4.322  -16.219 0.8888888955
80100  -25.090  -3.166  -16.566 0.7777777910
80085  -25.546  -2.427  -16.243 0.7777777910
80101  -25.993  -3.335  -16.434 0.7777777910
126997  -28.269  -3.504  -16.678 0.5555555820
142280  -24.487  -1.814  -16.156 0.7777777910
80086  -26.764  -2.639  -15.684 0.5555555820
80087  -28.068  -2.649  -15.896 0.5555555820
81041  -26.197  -1.754  -15.491 0.6666666865
81001  -15.852  -1.068  -12.402 0.4444444478
81026  -16.792  -1.881  -13.866 0.5555555820
81034  -18.082  -1.571  -15.551 0.7777777910
80093  -18.893  -2.670  -17.822 1.0000000000
135937  -18.393  -2.284  -16.570 0.8888888955
80094  -19.423  -2.526  -17.937 1.0000000000
80095  -20.106  -2.427  -17.472 0.8888888955
80096  -21.092  -2.711  -16.346 0.8888888955
80097  -22.395  -2.882  -16.005 0.8888888955
81040  -25.050  -1.607  -15.936 0.6666666865
81042  -27.329  -1.813  -15.179 0.5555555820
82903  -18.533  1.618  -15.942 0.6666666865
81989  -17.651  0.324  -15.001 0.6666666865
82011  -18.884  0.585  -18.171 0.7777777910
81051  -20.107  -0.936  -17.887 0.8888888955
82013  -19.658  0.189  -18.082 0.7777777910
81036  -20.521  -0.965  -16.904 0.7777777910
81052  -20.618  -1.784  -16.851 0.8888888955
81037  -21.087  -1.380  -16.002 0.7777777910
81053  -21.607  -2.107  -15.970 0.8888888955
81038  -22.290  -1.538  -15.767 0.7777777910
81039  -23.478  -1.497  -15.891 0.7777777910
126913  -24.303  -1.399  -15.948 0.6666666865
82920  -23.548  -0.108  -15.151 0.6666666865
82003  -23.966  -0.753  -15.603 0.6666666865
82004  -24.899  -0.674  -15.458 0.6666666865
129895  -24.803  1.026  -14.650 0.6666666865
81990  -25.242  0.269  -14.837 0.5555555820
81991  -25.921  -0.363  -14.852 0.5555555820
82005  -26.695  -1.057  -14.836 0.4444444478
82908  -26.264  0.507  -14.507 0.5555555820
84784  -19.086  3.884  -14.667 0.3333333433
144167  -18.755  3.120  -15.004 0.3333333433
83834  -18.760  1.600  -16.380 0.5555555820
82916  -18.928  1.293  -17.611 0.6666666865
83836  -19.926  1.201  -15.902 0.5555555820
82929  -19.721  0.629  -17.617 0.7777777910
82918  -21.364  0.078  -15.650 0.6666666865
82000  -20.768  -0.511  -16.280 0.6666666865
82919  -22.559  -0.111  -15.278 0.6666666865
82907  -24.012  0.675  -14.760 0.6666666865
134198  -25.658  1.008  -14.428 0.5555555820
83828  -26.499  1.459  -14.364 0.5555555820
83827  -25.447  1.766  -14.434 0.6666666865
84785  -19.474  3.188  -14.358 0.4444444478
84771  -19.269  4.068  -14.393 0.4444444478
83821  -19.139  2.327  -15.020 0.4444444478
136152  -20.195  1.956  -14.201 0.5555555820
144487  -19.428  1.672  -15.494 0.5555555820
82904  -21.008  0.841  -15.467 0.6666666865
82906  -23.141  0.539  -14.741 0.6666666865
83825  -23.720  1.252  -14.495 0.6666666865
138094  -25.311  2.400  -14.389 0.6666666865
130704  -26.207  2.404  -14.298 0.6666666865
83823  -21.707  1.311  -14.727 0.6666666865
82905  -22.114  0.642  -14.981 0.6666666865
83824  -22.781  1.210  -14.499 0.6666666865
129081  -24.362  1.889  -14.398 0.6666666865
68911  -19.786  -13.161  -10.991 0.8888888955
69853  -18.619  -12.469  -10.299 1.0000000000
70813  -18.933  -11.837  -10.926 1.0000000000
70823  -20.333  -11.757  -12.059 1.0000000000
70847  -22.137  -11.224  -13.494 1.0000000000
77010  -16.520  -5.039  -12.543 0.5555555820
139480  -23.863  -5.296  -15.846 0.8888888955
80069  -16.577  -2.818  -13.619 0.5555555820
81982  -16.375  -0.415  -13.192 0.5555555820
80079  -18.014  -2.472  -15.291 0.7777777910
127935  -19.757  -3.070  -17.353 1.0000000000
80099  -24.343  -3.002  -16.366 0.8888888955
82878  -16.023  0.320  -12.394 0.2222222239
81999  -20.156  -0.139  -17.364 0.7777777910
83822  -20.627  1.494  -14.842 0.6666666865
84787  -22.347  1.583  -14.352 0.6666666865
79032  -16.135  -3.551  -12.760 0.4444444478
84792  -27.118  2.312  -14.457 0.5555555820
84772  -20.625  3.500  -12.741 0.2222222239
84791  -26.731  3.023  -14.329 0.5555555820
66015  -18.475  -16.301  -7.816 0.5555555820
66995  -19.089  -15.686  -8.952 0.5555555820
67006  -18.651  -15.025  -9.078 0.6666666865
67017  -19.777  -15.048  -10.134 0.5555555820
67018  -20.550  -15.271  -10.564 0.5555555820
67972  -22.023  -14.014  -12.342 0.7777777910
68922  -22.766  -13.685  -12.816 0.8888888955
66982  -18.008  -15.757  -7.688 0.5555555820
67954  -20.681  -14.531  -11.015 0.6666666865
67962  -21.428  -14.488  -11.626 0.6666666865
68932  -23.312  -13.131  -13.306 0.7777777910
134410  -23.994  -12.706  -13.566 0.7777777910
70850  -24.360  -11.850  -13.950 0.8888888955
67912  -16.957  -14.863  -7.154 0.4444444478
68870  -16.695  -13.528  -7.543 0.5555555820
71833  -24.586  -10.616  -14.410 1.0000000000
69838  -16.770  -12.444  -8.219 0.2222222239
70798  -17.414  -11.723  -9.369 0.6666666865
71846  -25.270  -9.771  -14.755 0.8888888955
72882  -25.763  -9.201  -14.980 0.6666666865
73974  -26.209  -8.284  -15.378 0.7777777910
71776  -17.232  -10.354  -9.588 0.5555555820
73976  -27.142  -7.923  -14.986 0.6666666865
72830  -16.945  -8.942  -9.809 0.4444444478
75014  -27.555  -7.478  -15.040 0.5555555820
76012  -28.278  -6.170  -15.747 0.5555555820
74946  -16.467  -7.115  -10.524 0.2222222239
77053  -28.306  -5.648  -16.236 0.5555555820
78051  -28.778  -4.510  -16.862 0.5555555820
79022  -15.788  -3.635  -11.549 0.3333333433
79078  -29.346  -3.556  -16.846 0.5555555820
81016  -16.346  -1.326  -13.219 0.4444444478
80104  -29.916  -2.389  -17.037 0.4444444478
81966  -15.630  -0.359  -11.714 0.3333333433
126514  -29.424  -2.198  -16.814 0.5555555820
82006  -27.754  -0.972  -14.974 0.4444444478
85748  -19.014  4.200  -14.629 0.3333333433
138498  -17.809  3.232  -14.692 0.3333333433
83819  -17.834  2.491  -15.128 0.4444444478
81992  -26.960  -0.208  -14.582 0.4444444478
82909  -27.118  0.661  -14.568 0.4444444478
84786  -21.229  1.686  -14.395 0.6666666865
84788  -23.618  1.806  -14.216 0.6666666865
84774  -24.440  2.533  -14.109 0.6666666865
85749  -25.029  3.101  -14.204 0.6666666865
84789  -24.927  2.502  -14.385 0.6666666865
84790  -25.774  3.184  -14.211 0.6666666865
85752  -27.520  3.093  -14.838 0.3333333433
125146  -21.718  2.751  -13.112 0.5555555820
67935  -18.266  -14.407  -9.074 0.6666666865
67007  -19.284  -15.183  -9.585 0.6666666865
68893  -18.906  -14.033  -9.907 0.7777777910
67953  -19.970  -14.491  -10.494 0.7777777910
129657  -19.210  -13.046  -10.523 0.8888888955
69872  -20.796  -12.243  -12.256 1.0000000000
68912  -20.458  -13.356  -11.495 0.8888888955
69862  -19.361  -12.444  -10.994 1.0000000000
69874  -21.904  -12.696  -12.882 0.8888888955
139600  -22.142  -13.354  -12.691 0.8888888955
66994  -18.436  -15.559  -8.382 0.5555555820
66981  -17.396  -15.616  -7.189 0.4444444478
67924  -17.063  -14.301  -7.774 0.5555555820
68871  -17.180  -13.712  -8.266 0.6666666865
68880  -17.781  -13.761  -8.904 0.6666666865
68921  -21.531  -13.220  -12.386 0.8888888955
133973  -21.373  -12.068  -12.773 1.0000000000
70848  -22.762  -11.625  -13.606 1.0000000000
70834  -20.838  -11.536  -12.631 1.0000000000
70835  -21.478  -11.353  -13.186 1.0000000000
69886  -23.461  -12.196  -13.673 1.0000000000
126568  -22.776  -10.698  -13.777 1.0000000000
69845  -17.264  -12.422  -8.980 0.6666666865
69846  -17.907  -12.458  -9.625 0.8888888955
125123  -17.245  -13.104  -8.648 0.6666666865
70799  -18.010  -11.855  -9.955 0.8888888955
70821  -18.827  -11.089  -11.206 1.0000000000
70833  -20.182  -10.969  -12.424 1.0000000000
71831  -21.772  -10.453  -13.595 1.0000000000
71816  -19.111  -9.750  -12.217 1.0000000000
139146  -19.498  -9.410  -13.000 1.0000000000
72870  -22.661  -9.802  -14.039 1.0000000000
71844  -23.558  -9.317  -14.499 1.0000000000
72879  -22.522  -8.986  -14.407 1.0000000000
72868  -20.800  -9.111  -13.893 1.0000000000
72881  -25.182  -9.156  -15.089 0.8888888955
73965  -25.722  -8.725  -15.309 0.7777777910
72844  -17.721  -8.891  -11.383 0.5555555820
71793  -17.592  -10.181  -10.307 0.6666666865
72831  -17.426  -9.367  -10.509 0.5555555820
72857  -18.771  -8.964  -12.641 1.0000000000
72856  -18.188  -8.725  -12.103 0.8888888955
73949  -19.661  -8.331  -13.754 1.0000000000
73960  -20.999  -8.228  -14.454 1.0000000000
73961  -21.678  -7.936  -14.785 1.0000000000
74996  -22.577  -7.570  -15.172 1.0000000000
74997  -23.731  -7.657  -15.268 1.0000000000
75011  -25.207  -7.519  -15.646 0.8888888955
75012  -26.571  -7.817  -15.326 0.7777777910
75013  -27.145  -7.730  -15.019 0.6666666865
73926  -16.767  -7.838  -10.595 0.5555555820
73915  -17.138  -8.578  -10.600 0.5555555820
74959  -16.831  -7.362  -11.304 0.6666666865
74960  -17.289  -7.617  -11.892 0.6666666865
73939  -17.713  -8.212  -12.029 0.7777777910
74984  -18.154  -7.165  -13.191 0.7777777910
134674  -17.468  -5.955  -13.389 0.6666666865
75985  -18.113  -5.966  -13.865 0.8888888955
74993  -19.499  -6.928  -14.083 0.8888888955
73948  -18.832  -8.357  -13.210 0.8888888955
74985  -18.957  -7.617  -13.587 1.0000000000
74994  -20.346  -7.292  -14.504 0.8888888955
126756  -25.625  -7.138  -15.611 0.7777777910
76001  -26.822  -7.207  -15.295 0.7777777910
77051  -27.125  -6.076  -15.707 0.6666666865
76003  -27.945  -6.942  -15.383 0.5555555820
77052  -27.963  -5.952  -16.092 0.6666666865
76997  -16.929  -5.933  -12.704 0.5555555820
76976  -16.290  -5.964  -10.933 0.3333333433
75953  -16.515  -6.590  -11.178 0.3333333433
75962  -16.970  -6.812  -12.085 0.4444444478
77023  -17.625  -5.327  -13.924 0.6666666865
75007  -21.598  -6.529  -15.441 1.0000000000
75996  -21.947  -5.711  -15.812 1.0000000000
77048  -24.675  -5.703  -15.980 0.7777777910
131377  -25.937  -4.989  -15.986 0.7777777910
127286  -28.369  -5.222  -16.624 0.5555555820
77032  -18.974  -4.613  -15.203 0.8888888955
77045  -22.073  -4.672  -16.154 1.0000000000
132689  -27.217  -4.889  -16.363 0.7777777910
77991  -16.178  -4.191  -12.366 0.4444444478
79062  -18.896  -3.221  -16.804 0.8888888955
78045  -21.350  -4.054  -16.322 1.0000000000
79073  -24.635  -4.059  -16.554 0.7777777910
80102  -27.237  -3.498  -16.115 0.6666666865
80103  -29.176  -2.983  -16.986 0.5555555820
80057  -16.089  -2.174  -12.931 0.5555555820
134838  -17.481  -1.955  -14.680 0.6666666865
79061  -18.637  -2.910  -16.058 0.8888888955
79071  -20.564  -3.269  -16.602 1.0000000000
135029  -24.023  -3.644  -16.244 0.8888888955
81056  -24.726  -2.298  -16.321 0.8888888955
81054  -22.958  -2.141  -15.993 0.8888888955
81017  -16.768  -0.953  -13.758 0.5555555820
81027  -17.442  -0.957  -14.613 0.5555555820
135540  -18.581  -2.040  -17.649 1.0000000000
81035  -18.365  -1.188  -16.932 0.7777777910
81997  -18.207  -0.425  -15.826 0.7777777910
143165  -20.130  -1.704  -17.783 0.8888888955
81050  -19.057  -1.571  -18.249 0.7777777910
81043  -28.359  -1.683  -15.648 0.5555555820
123040  -17.007  2.037  -14.734 0.5555555820
82902  -17.719  1.474  -15.258 0.5555555820
82914  -18.391  0.811  -16.154 0.6666666865
82915  -18.797  1.260  -17.472 0.6666666865
81998  -18.528  0.195  -17.332 0.7777777910
81983  -16.898  -0.041  -14.061 0.7777777910
82928  -19.273  1.055  -18.104 0.7777777910
81063  -19.035  -0.282  -18.357 0.7777777910
82002  -22.981  -0.877  -15.549 0.6666666865
82921  -24.408  0.055  -15.079 0.6666666865
130201  -25.717  -1.067  -15.310 0.5555555820
83820  -18.536  2.375  -15.381 0.4444444478
138884  -18.712  2.364  -15.350 0.5555555820
82917  -19.484  1.114  -17.228 0.6666666865
122722  -20.259  0.478  -16.589 0.7777777910
145754  -24.376  1.369  -14.550 0.6666666865
139960  -19.743  1.838  -14.771 0.5555555820
124462  -16.162  -2.999  -13.049 0.4444444478
82895  -16.441  0.708  -13.455 0.3333333433
77980  -16.178  -4.771  -11.762 0.4444444478
79031  -15.800  -3.516  -12.090 0.4444444478
83829  -27.538  1.362  -14.793 0.3333333433
85751  -26.739  3.847  -14.380 0.3333333433
67973  -23.077  -14.522  -12.521 0.6666666865
66014  -17.890  -16.328  -7.219 0.5555555820
66969  -16.690  -15.413  -6.554 0.3333333433
73966  -26.274  -8.641  -15.071 0.6666666865
70811  -17.660  -11.053  -9.975 0.7777777910
128105  -16.431  -7.568  -9.816 0.1111111119
75943  -16.295  -6.461  -10.415 0.1111111119
77990  -15.969  -4.069  -11.766 0.4444444478
80044  -15.572  -2.858  -11.702 0.3333333433
81000  -15.564  -2.036  -12.059 0.3333333433
83813  -16.481  1.882  -13.853 0.3333333433
85750  -25.501  3.894  -13.897 0.6666666865
142639  -26.067  3.907  -14.084 0.4444444478
64997  -23.226  -17.560  -9.903 0.4444444478
64982  -23.981  -17.255  -8.565 0.2222222239
64979  -19.579  -17.173  -8.417 0.4444444478
64980  -20.370  -17.724  -8.799 0.4444444478
66039  -20.144  -16.495  -9.450 0.4444444478
66040  -20.776  -16.576  -9.980 0.4444444478
65008  -22.728  -17.297  -10.347 0.4444444478
65009  -23.204  -17.055  -10.452 0.4444444478
66043  -24.295  -16.289  -9.804 0.2222222239
67019  -21.343  -15.880  -10.859 0.4444444478
66059  -22.210  -16.317  -11.072 0.4444444478
66060  -23.095  -16.295  -11.360 0.4444444478
67010  -25.097  -15.119  -9.337 0.1111111119
67936  -25.553  -14.638  -8.841 0.1111111119
125778  -24.283  -15.773  -11.151 0.3333333433
67027  -21.255  -15.163  -11.149 0.4444444478
67028  -21.818  -15.664  -11.291 0.4444444478
66061  -23.818  -16.075  -11.336 0.3333333433
67955  -24.795  -15.112  -11.114 0.3333333433
67947  -25.472  -14.474  -9.725 0.2222222239
67030  -23.450  -15.703  -11.824 0.4444444478
67031  -24.210  -15.453  -11.818 0.3333333433
125945  -21.856  -15.181  -11.563 0.5555555820
67029  -22.557  -15.649  -11.641 0.4444444478
68914  -25.764  -13.925  -11.951 0.2222222239
68904  -25.922  -13.953  -11.142 0.1111111119
69865  -26.968  -12.895  -11.214 0.1111111119
67976  -25.213  -14.284  -12.070 0.3333333433
68925  -25.263  -13.755  -12.513 0.3333333433
68924  -24.316  -13.492  -12.984 0.4444444478
69887  -24.607  -12.626  -13.459 0.5555555820
69888  -25.259  -12.115  -13.667 0.6666666865
70837  -26.548  -11.748  -13.095 0.4444444478
140679  -25.056  -11.277  -14.179 0.6666666865
71820  -27.467  -10.551  -12.835 0.3333333433
71835  -25.823  -10.606  -14.336 0.6666666865
71837  -26.879  -10.027  -13.698 0.5555555820
71834  -25.387  -10.526  -14.457 0.6666666865
72871  -26.507  -9.335  -14.452 0.5555555820
72872  -27.176  -9.221  -13.923 0.5555555820
72858  -27.538  -9.768  -13.164 0.4444444478
73951  -27.600  -8.551  -14.242 0.3333333433
71847  -25.760  -9.863  -14.661 0.5555555820
73968  -27.956  -8.024  -14.549 0.4444444478
74999  -27.715  -7.776  -14.843 0.5555555820
73967  -27.201  -8.088  -14.880 0.4444444478
75015  -27.922  -7.264  -15.087 0.4444444478
84773  -22.860  2.697  -13.462 0.5555555820
143049  -24.062  2.400  -13.979 0.5555555820
137159  -24.756  3.441  -13.757 0.5555555820
86695  -24.987  4.364  -13.411 0.5555555820
63949  -22.118  -18.371  -9.359 0.4444444478
132436  -19.608  -15.890  -9.379 0.4444444478
67021  -24.982  -15.044  -10.154 0.2222222239
68894  -25.919  -13.858  -10.196 0.1111111119
68926  -26.027  -13.273  -12.559 0.4444444478
128022  -26.684  -12.805  -12.075 0.3333333433
69875  -25.232  -12.990  -13.049 0.4444444478
70851  -25.628  -11.287  -14.058 0.6666666865
75001  -28.693  -7.260  -14.481 0.4444444478
77038  -28.793  -5.384  -16.119 0.4444444478
135461  -23.106  3.349  -13.012 0.5555555820
86684  -23.909  4.878  -12.431 0.5555555820
67008  -20.122  -15.771  -9.925 0.4444444478
70838  -27.307  -11.505  -12.440 0.2222222239
63915  -20.315  -18.863  -7.897 0.4444444478
63933  -21.608  -18.802  -8.774 0.4444444478
63934  -22.490  -18.773  -8.697 0.4444444478
64981  -23.558  -17.936  -8.269 0.2222222239
64963  -24.061  -17.373  -7.630 0.2222222239
64978  -18.954  -16.887  -7.922 0.4444444478
63931  -19.933  -18.086  -8.173 0.4444444478
66032  -24.374  -16.526  -8.872 0.1111111119
66997  -25.143  -15.291  -8.578 0.1111111119
66016  -24.456  -16.619  -7.959 0.1111111119
69839  -27.402  -12.975  -9.446 0.1111111119
131264  -27.755  -12.646  -10.134 0.1111111119
69855  -27.665  -12.561  -10.815 0.1111111119
135545  -27.881  -11.617  -11.659 0.2222222239
70839  -28.085  -10.955  -12.030 0.2222222239
73952  -28.409  -8.358  -13.744 0.2222222239
73953  -29.053  -8.095  -13.256 0.2222222239
74987  -28.634  -7.822  -14.098 0.3333333433
76004  -28.389  -6.724  -15.137 0.4444444478
126224  -29.028  -5.980  -15.152 0.3333333433
78021  -29.312  -4.973  -15.401 0.3333333433
124321  -28.683  -5.033  -16.623 0.4444444478
78033  -29.243  -4.425  -16.475 0.3333333433
82896  -16.917  1.155  -14.425 0.4444444478
131130  -27.913  0.016  -14.989 0.3333333433
86708  -26.156  4.577  -14.213 0.5555555820
85734  -22.179  3.320  -12.742 0.5555555820
86694  -22.765  3.927  -12.556 0.5555555820
125170  -24.450  4.052  -13.083 0.5555555820
140021  -24.564  5.050  -12.745 0.5555555820
128957  -25.156  5.104  -13.261 0.5555555820
66030  -19.006  -16.313  -8.400 0.4444444478
64993  -20.085  -17.025  -8.995 0.4444444478
67963  -22.326  -14.870  -11.997 0.5555555820
67037  -23.084  -15.243  -12.141 0.5555555820
68923  -23.501  -13.867  -12.859 0.6666666865
140379  -26.397  -8.738  -14.888 0.5555555820
124550  -26.723  -8.304  -14.999 0.5555555820
142535  -27.640  0.707  -14.876 0.3333333433
67975  -24.643  -14.291  -12.392 0.3333333433
67038  -23.742  -15.128  -12.284 0.3333333433
64996  -22.505  -17.819  -9.861 0.4444444478
130946  -23.445  -17.826  -9.132 0.3333333433
63935  -22.863  -18.203  -9.354 0.4444444478
64994  -20.758  -17.299  -9.492 0.4444444478
63948  -21.201  -18.135  -9.169 0.4444444478
66050  -20.832  -16.060  -10.410 0.4444444478
64995  -21.648  -17.715  -9.722 0.4444444478
66041  -21.336  -17.129  -10.009 0.4444444478
66051  -21.528  -16.623  -10.485 0.4444444478
66052  -22.848  -16.786  -10.821 0.4444444478
64998  -23.846  -17.096  -9.444 0.4444444478
66042  -23.690  -16.826  -10.196 0.4444444478
66053  -23.464  -16.592  -10.842 0.4444444478
66054  -24.062  -16.269  -10.684 0.4444444478
67009  -24.723  -15.771  -9.087 0.1111111119
135727  -24.715  -15.566  -9.752 0.2222222239
127450  -25.556  -14.913  -8.040 0.1111111119
67965  -25.320  -14.424  -11.493 0.3333333433
67964  -24.748  -14.779  -11.908 0.3333333433
67956  -25.414  -14.486  -10.654 0.2222222239
68915  -26.372  -13.440  -11.645 0.2222222239
68905  -26.510  -13.431  -10.730 0.1111111119
69854  -27.115  -12.927  -10.347 0.1111111119
125861  -25.825  -12.632  -13.177 0.4444444478
69889  -25.995  -12.010  -13.563 0.4444444478
69876  -26.323  -12.492  -12.839 0.4444444478
69877  -26.852  -12.182  -12.394 0.3333333433
71821  -28.260  -9.986  -12.390 0.1111111119
71819  -26.761  -10.947  -13.444 0.4444444478
71836  -26.236  -10.189  -14.247 0.5555555820
70852  -26.145  -11.182  -13.874 0.5555555820
72884  -26.829  -8.644  -14.682 0.5555555820
72859  -28.089  -9.090  -13.225 0.3333333433
75989  -29.102  -6.657  -14.442 0.4444444478
85735  -24.328  3.029  -13.675 0.5555555820
68895  -26.539  -13.352  -9.781 0.1111111119
86676  -23.209  5.357  -12.015 0.5555555820
69866  -27.373  -12.261  -11.638 0.2222222239
62833  -21.143  -19.335  -8.193 0.4444444478
63932  -20.748  -18.535  -8.542 0.4444444478
62821  -23.087  -18.594  -8.059 0.4444444478
64962  -23.611  -18.140  -7.400 0.2222222239
144431  -23.119  -18.352  -8.789 0.4444444478
64961  -19.235  -17.612  -7.724 0.4444444478
64960  -18.479  -17.106  -7.339 0.4444444478
66996  -24.757  -15.903  -8.303 0.1111111119
68881  -25.974  -13.911  -9.246 0.1111111119
57209  -23.130  -24.375  -3.420 0.1111111119
59454  -19.534  -22.429  -5.220 0.3333333433
58387  -21.550  -23.504  -4.386 0.2222222239
58388  -22.221  -24.159  -3.817 0.2222222239
58368  -22.832  -23.617  -3.492 0.1111111119
61673  -17.784  -20.315  -5.242 0.3333333433
60573  -17.731  -20.991  -4.873 0.3333333433
59453  -18.823  -21.905  -5.134 0.3333333433
60577  -20.721  -21.781  -5.714 0.3333333433
59443  -21.503  -22.734  -4.731 0.2222222239
59457  -21.774  -22.008  -5.016 0.2222222239
59444  -22.090  -22.470  -4.377 0.2222222239
139216  -22.975  -22.991  -3.420 0.1111111119
63881  -16.276  -18.323  -5.339 0.2222222239
62781  -17.403  -19.498  -5.413 0.2222222239
62765  -16.853  -19.899  -4.907 0.2222222239
60574  -18.514  -21.106  -5.296 0.3333333433
60575  -19.407  -21.573  -5.539 0.3333333433
60566  -22.524  -21.673  -4.512 0.1111111119
64930  -17.027  -17.978  -5.832 0.2222222239
63882  -17.158  -18.766  -5.606 0.3333333433
64941  -17.696  -17.766  -6.380 0.3333333433
62799  -17.834  -19.134  -5.825 0.3333333433
63896  -18.396  -18.302  -6.583 0.3333333433
63897  -19.143  -18.762  -6.880 0.3333333433
62782  -18.198  -19.746  -5.747 0.3333333433
62801  -19.469  -19.610  -6.708 0.3333333433
61692  -20.652  -20.729  -6.749 0.3333333433
61708  -20.376  -20.059  -7.182 0.3333333433
61693  -21.416  -20.694  -6.848 0.3333333433
61710  -21.581  -20.215  -7.366 0.3333333433
60590  -21.900  -20.908  -6.185 0.3333333433
61676  -22.504  -20.724  -5.654 0.1111111119
62783  -22.567  -20.248  -6.207 0.2222222239
64940  -16.890  -17.062  -6.157 0.2222222239
64959  -17.738  -17.021  -6.750 0.3333333433
63913  -18.834  -17.989  -7.143 0.3333333433
63914  -19.553  -18.426  -7.514 0.3333333433
62817  -19.908  -19.219  -7.310 0.3333333433
141127  -20.595  -19.537  -7.675 0.3333333433
62818  -21.066  -19.971  -7.672 0.3333333433
62819  -21.718  -19.714  -7.854 0.3333333433
61694  -22.085  -20.354  -6.903 0.3333333433
143751  -16.573  -16.441  -6.139 0.3333333433
62834  -21.899  -19.284  -8.363 0.3333333433
62820  -22.459  -19.302  -7.841 0.3333333433
132575  -29.304  -7.038  -13.849 0.2222222239
142929  -29.413  -6.110  -14.214 0.2222222239
75979  -29.529  -6.530  -13.640 0.2222222239
80105  -29.884  -2.678  -16.955 0.3333333433
79064  -29.795  -3.350  -16.446 0.2222222239
59455  -20.392  -22.486  -5.324 0.3333333433
127853  -22.296  -23.132  -3.876 0.2222222239
59427  -22.745  -22.360  -3.773 0.1111111119
61691  -19.806  -20.453  -6.502 0.3333333433
60589  -21.083  -21.241  -6.303 0.3333333433
133383  -21.456  -21.601  -5.678 0.3333333433
63895  -17.784  -18.524  -6.093 0.3333333433
134801  -22.654  -25.100  -3.688 0.1111111119
56152  -23.580  -25.360  -3.382 0.1111111119
130652  -17.380  -21.955  -4.151 0.3333333433
59440  -18.673  -22.581  -4.731 0.3333333433
59441  -19.288  -23.143  -4.797 0.3333333433
58386  -20.348  -23.883  -4.768 0.3333333433
129823  -20.968  -23.944  -4.659 0.3333333433
57210  -23.952  -24.511  -3.193 0.1111111119
61661  -17.167  -20.560  -4.745 0.3333333433
58369  -23.664  -23.571  -3.137 0.1111111119
62780  -16.515  -19.123  -5.120 0.2222222239
59428  -23.620  -22.433  -3.249 0.1111111119
64916  -15.539  -17.815  -4.900 0.2222222239
60567  -23.135  -21.130  -4.361 0.1111111119
61677  -23.123  -20.183  -5.403 0.1111111119
64929  -16.162  -17.468  -5.536 0.2222222239
62784  -23.162  -19.576  -6.039 0.1111111119
62802  -22.685  -19.648  -6.903 0.1111111119
62803  -23.162  -18.907  -7.245 0.1111111119
66002  -15.761  -15.854  -5.465 0.1111111119
77026  -29.505  -5.395  -14.407 0.2222222239
125573  -30.173  -1.951  -17.044 0.2222222239
80088  -30.178  -2.504  -16.542 0.2222222239
67911  -16.449  -14.656  -6.536 0.2222222239
67923  -16.581  -14.082  -7.017 0.3333333433
66004  -17.099  -16.243  -6.582 0.3333333433
66003  -16.282  -15.937  -6.076 0.2222222239
78034  -29.712  -4.070  -15.500 0.2222222239
58402  -20.020  -23.205  -5.078 0.3333333433
59442  -20.832  -23.171  -4.931 0.3333333433
60564  -17.064  -21.215  -4.363 0.2222222239
60565  -18.023  -21.757  -4.701 0.3333333433
60576  -20.062  -21.917  -5.597 0.3333333433
59456  -21.099  -22.306  -5.268 0.3333333433
60588  -20.145  -21.259  -6.103 0.3333333433
60578  -22.160  -21.334  -5.390 0.2222222239
61675  -19.243  -20.802  -5.866 0.3333333433
62800  -18.540  -19.161  -6.290 0.3333333433
61690  -18.960  -20.041  -6.148 0.3333333433
61709  -21.019  -20.427  -7.269 0.3333333433
61662  -22.793  -20.913  -4.987 0.1111111119
65993  -16.036  -16.573  -5.684 0.2222222239
61711  -22.124  -19.898  -7.415 0.3333333433
144156  -23.297  -19.092  -6.513 0.1111111119
56151  -22.253  -25.698  -3.847 0.1111111119
57227  -21.409  -24.439  -4.338 0.2222222239
144997  -18.809  -23.140  -4.574 0.3333333433
59439  -17.893  -22.523  -4.267 0.2222222239
58384  -18.909  -23.703  -4.454 0.3333333433
58385  -19.670  -23.802  -4.710 0.3333333433
57226  -20.660  -24.603  -4.566 0.3333333433
61660  -16.290  -20.370  -4.327 0.2222222239
77017  -29.737  -5.757  -13.446 0.1111111119
137437  -29.987  -5.136  -12.926 0.1111111119
142222  -29.912  -4.178  -13.593 0.1111111119
79048  -30.013  -3.606  -13.399 0.1111111119
136881  -30.048  -3.222  -15.477 0.1111111119
80080  -30.025  -3.116  -14.364 0.1111111119
82014  -29.477  -1.261  -16.664 0.2222222239
126448  -30.248  -2.323  -15.167 0.1111111119
131143  -28.708  -0.662  -15.846 0.1111111119
83837  -28.248  0.653  -15.588 0.1111111119
82930  -29.689  -0.443  -16.956 0.1111111119
82922  -28.922  0.039  -16.450 0.1111111119
86693  -21.695  4.107  -12.276 0.4444444478
126497  -28.260  1.404  -15.936 0.1111111119
86710  -27.454  3.991  -15.022 0.1111111119
142145  -27.749  2.159  -15.034 0.1111111119
85758  -27.967  3.422  -16.011 0.1111111119
87606  -23.834  6.136  -11.945 0.4444444478
87617  -24.401  5.977  -12.401 0.4444444478
87626  -24.980  5.762  -12.989 0.4444444478
87627  -25.380  5.543  -13.687 0.4444444478
87635  -25.785  5.326  -14.260 0.2222222239
87647  -25.833  5.817  -14.880 0.2222222239
87636  -26.247  5.239  -14.641 0.2222222239
87648  -26.458  5.546  -15.191 0.2222222239
87649  -27.140  5.213  -15.532 0.2222222239
91262  -23.684  8.730  -16.458 0.1111111119
143704  -24.280  7.589  -16.431 0.1111111119
87674  -27.071  5.785  -16.870 0.1111111119
86682  -21.199  4.807  -12.026 0.4444444478
87603  -20.934  5.374  -11.857 0.4444444478
86675  -22.666  5.640  -11.788 0.4444444478
87605  -23.066  5.907  -11.733 0.4444444478
88551  -24.215  6.724  -12.022 0.4444444478
88558  -24.715  6.643  -12.688 0.4444444478
88568  -25.085  6.253  -13.519 0.4444444478
90340  -24.009  8.112  -11.837 0.3333333433
88577  -24.987  6.748  -14.148 0.3333333433
88588  -24.966  6.677  -15.179 0.1111111119
89464  -24.868  6.739  -15.824 0.1111111119
88590  -25.988  6.254  -15.532 0.1111111119
88602  -25.257  6.641  -16.032 0.1111111119
87615  -20.184  5.113  -11.991 0.2222222239
88549  -22.528  6.587  -11.521 0.3333333433
89438  -23.853  7.383  -11.743 0.3333333433
89442  -24.656  7.431  -12.845 0.4444444478
90350  -24.411  8.217  -12.443 0.2222222239
134335  -24.619  7.970  -13.231 0.2222222239
89454  -24.743  7.369  -14.691 0.2222222239
89463  -24.536  7.278  -15.749 0.1111111119
91229  -24.351  9.554  -13.437 0.1111111119
90361  -24.502  8.629  -13.309 0.1111111119
90370  -24.456  8.878  -14.323 0.1111111119
91241  -24.350  9.698  -14.517 0.1111111119
91251  -24.195  9.102  -15.415 0.1111111119
137918  -24.083  8.050  -16.013 0.1111111119
87604  -22.294  6.092  -11.614 0.3333333433
89436  -21.135  7.471  -11.296 0.3333333433
90339  -22.270  8.038  -11.351 0.3333333433
89437  -23.004  7.293  -11.443 0.3333333433
90349  -24.049  8.917  -12.017 0.2222222239
142185  -24.323  9.005  -12.623 0.2222222239
91220  -24.051  9.693  -12.461 0.1111111119
92091  -23.425  10.831  -15.936 0.1111111119
89433  -20.319  7.792  -10.635 0.1111111119
90338  -21.283  8.418  -11.115 0.2222222239
91210  -21.692  9.306  -11.076 0.2222222239
132870  -23.401  7.931  -11.539 0.3333333433
135273  -22.183  8.879  -11.330 0.3333333433
91211  -22.542  9.675  -11.423 0.2222222239
92056  -22.919  10.446  -11.671 0.1111111119
92836  -23.055  11.175  -12.019 0.1111111119
92063  -23.544  10.415  -12.272 0.1111111119
126107  -23.498  11.107  -12.796 0.1111111119
92070  -24.205  10.437  -14.069 0.1111111119
92077  -23.885  11.180  -14.548 0.1111111119
92078  -24.109  10.375  -15.169 0.1111111119
91261  -23.087  9.307  -16.995 0.1111111119
90393  -23.381  8.507  -17.371 0.1111111119
90328  -20.394  8.511  -9.905 0.1111111119
90323  -20.428  9.024  -9.016 0.1111111119
90329  -20.632  8.403  -10.575 0.1111111119
91190  -20.592  9.125  -9.743 0.1111111119
92047  -20.867  10.258  -10.068 0.1111111119
92054  -21.314  10.615  -10.510 0.1111111119
134875  -21.805  9.957  -10.950 0.2222222239
145598  -21.689  11.213  -10.829 0.1111111119
92055  -22.135  10.554  -11.132 0.1111111119
92834  -21.548  11.893  -10.992 0.1111111119
92843  -23.091  11.714  -12.497 0.1111111119
93605  -22.781  12.385  -12.765 0.1111111119
92849  -23.283  11.781  -13.280 0.1111111119
91186  -21.031  9.752  -8.367 0.1111111119
91180  -21.505  9.544  -7.917 0.1111111119
141945  -21.125  10.305  -8.593 0.1111111119
92036  -20.920  10.750  -9.348 0.1111111119
92812  -20.773  11.608  -9.843 0.1111111119
135091  -20.872  10.978  -10.100 0.1111111119
93600  -20.627  12.362  -10.554 0.1111111119
92031  -21.525  10.868  -8.470 0.1111111119
92032  -22.426  10.797  -7.966 0.1111111119
77004  -30.073  -5.806  -12.417 0.1111111119
130116  -29.807  -4.784  -13.733 0.1111111119
78011  -30.026  -4.422  -13.011 0.1111111119
140214  -30.260  -3.955  -12.466 0.1111111119
81044  -30.394  -1.595  -16.579 0.1111111119
81058  -30.320  -1.250  -17.055 0.1111111119
83838  -28.877  0.700  -17.125 0.1111111119
86696  -25.562  4.806  -13.750 0.4444444478
86709  -26.895  4.774  -14.840 0.2222222239
86721  -27.576  4.508  -15.678 0.1111111119
84796  -28.134  2.318  -15.956 0.1111111119
87616  -23.804  5.492  -12.171 0.4444444478
89474  -24.742  7.163  -16.433 0.1111111119
88612  -25.644  7.083  -16.943 0.1111111119
91191  -20.761  9.904  -9.247 0.1111111119
92824  -20.916  11.645  -10.372 0.1111111119
93604  -22.219  13.026  -12.101 0.1111111119
92808  -21.233  12.050  -9.320 0.1111111119
79027  -30.609  -3.994  -11.122 0.1111111119
137547  -30.465  -4.197  -11.772 0.1111111119
141207  -28.480  -1.169  -15.595 0.2222222239
85733  -21.333  3.524  -12.330 0.4444444478
86683  -22.256  4.594  -12.217 0.4444444478
88550  -23.469  6.658  -11.677 0.4444444478
129844  -24.845  6.894  -13.341 0.4444444478
89448  -24.735  7.418  -13.706 0.2222222239
91179  -20.769  9.346  -8.349 0.1111111119
91187  -21.781  10.104  -8.025 0.1111111119
132602  -21.207  11.408  -9.008 0.1111111119
77985  -30.539  -4.745  -11.279 0.1111111119
75980  -29.791  -6.352  -12.956 0.1111111119
77997  -30.311  -4.837  -12.189 0.1111111119
77975  -30.744  -4.547  -10.494 0.1111111119
80050  -30.369  -2.717  -11.504 0.1111111119
80074  -30.102  -2.578  -13.516 0.1111111119
81010  -30.140  -1.649  -12.738 0.1111111119
81021  -30.212  -1.575  -14.068 0.1111111119
135872  -30.459  -1.016  -16.935 0.1111111119
81028  -30.384  -1.430  -15.281 0.1111111119
82931  -30.193  -0.238  -17.111 0.1111111119
126883  -29.628  0.408  -17.210 0.1111111119
84802  -28.266  2.296  -17.229 0.1111111119
86692  -21.284  4.409  -12.009 0.4444444478
87675  -27.599  4.772  -17.508 0.1111111119
88547  -19.517  5.349  -11.865 0.2222222239
89435  -20.495  7.090  -11.265 0.2222222239
89484  -25.383  7.445  -17.817 0.1111111119
88539  -18.730  6.049  -10.751 0.1111111119
89434  -20.522  7.585  -11.008 0.2222222239
90407  -23.743  8.029  -17.685 0.1111111119
90406  -23.042  8.361  -18.337 0.1111111119
89429  -19.081  6.905  -10.139 0.1111111119
88523  -19.949  6.724  -8.766 0.1111111119
90320  -20.392  8.393  -8.095 0.1111111119
90316  -21.033  8.526  -7.833 0.1111111119
92116  -22.358  9.907  -17.555 0.1111111119
139551  -21.796  8.321  -7.758 0.1111111119
90309  -23.074  9.304  -7.024 0.1111111119
137203  -22.938  12.554  -13.707 0.1111111119
93616  -22.774  12.760  -15.634 0.1111111119
93628  -22.262  12.567  -16.505 0.1111111119
91174  -22.731  9.469  -7.313 0.1111111119
91182  -22.795  10.011  -7.442 0.1111111119
93576  -20.607  12.433  -9.960 0.1111111119
94343  -20.596  13.173  -10.679 0.1111111119
92809  -22.002  11.655  -8.504 0.1111111119
81057  -30.188  -1.671  -17.074 0.1111111119
78022  -29.641  -4.621  -14.645 0.1111111119
79056  -29.870  -3.922  -14.362 0.1111111119
143096  -30.141  -3.235  -12.697 0.1111111119
82015  -30.251  -0.903  -17.104 0.1111111119
84803  -28.634  1.417  -17.760 0.1111111119
88569  -25.377  6.069  -14.461 0.2222222239
88589  -25.325  6.431  -15.334 0.1111111119
87660  -26.750  5.803  -15.918 0.2222222239
87661  -27.462  5.113  -16.333 0.1111111119
90394  -23.910  8.051  -16.836 0.1111111119
91250  -23.596  9.758  -16.120 0.1111111119
89473  -24.300  7.650  -17.046 0.1111111119
129566  -24.788  7.430  -17.134 0.1111111119
88603  -26.268  6.472  -16.375 0.2222222239
89439  -24.372  7.426  -12.162 0.3333333433
122124  -22.011  7.199  -11.402 0.3333333433
126187  -24.597  8.081  -14.073 0.2222222239
90381  -24.505  8.137  -15.101 0.1111111119
88548  -21.469  6.762  -11.448 0.3333333433
132091  -23.249  8.775  -11.596 0.2222222239
92064  -24.013  10.437  -13.065 0.1111111119
137482  -23.713  11.229  -15.271 0.1111111119
92107  -22.850  10.349  -16.718 0.1111111119
92860  -23.110  11.792  -15.791 0.1111111119
89426  -19.391  6.881  -9.323 0.1111111119
89430  -19.745  7.624  -9.214 0.1111111119
91200  -21.002  9.140  -10.682 0.1111111119
91212  -23.470  9.647  -11.865 0.2222222239
132623  -22.387  11.244  -11.393 0.1111111119
92069  -23.777  11.141  -13.651 0.1111111119
92855  -23.450  11.945  -14.983 0.1111111119
124755  -23.419  11.870  -14.160 0.1111111119
91185  -20.622  9.402  -8.827 0.1111111119
140022  -20.035  7.977  -8.372 0.1111111119
136028  -20.800  9.656  -10.145 0.1111111119
128032  -21.280  9.794  -10.592 0.1111111119
92835  -22.507  12.058  -11.779 0.1111111119
93601  -21.343  12.658  -11.278 0.1111111119
91181  -22.200  9.615  -7.644 0.1111111119
133961  -20.584  12.246  -10.295 0.1111111119
130064  -30.371  -3.442  -11.842 0.1111111119
88613  -26.530  6.470  -17.349 0.1111111119
89485  -26.139  7.063  -17.820 0.1111111119
94344  -21.339  13.505  -11.562 0.1111111119
93573  -22.044  12.637  -9.071 0.1111111119
122596  -30.549  -3.317  -11.092 0.1111111119
90317  -22.295  9.369  -7.510 0.1111111119
82016  -30.321  -0.770  -17.101 0.1111111119
86735  -27.905  4.097  -16.881 0.1111111119
89483  -24.319  7.757  -17.897 0.1111111119
89432  -20.183  7.233  -11.014 0.1111111119
87591  -18.838  5.572  -10.340 0.1111111119
136419  -19.912  7.378  -8.535 0.1111111119
93606  -22.464  13.245  -13.203 0.1111111119
93609  -22.913  12.919  -14.713 0.1111111119
93591  -20.435  12.759  -10.263 0.1111111119
94336  -20.423  13.494  -10.091 0.1111111119
143423  -19.365  -24.294  -4.437 0.2222222239
71775  -16.691  -9.939  -8.915 0.2222222239
73904  -16.467  -8.529  -9.131 0.2222222239
69823  -16.824  -13.093  -8.019 0.3333333433
71762  -17.039  -10.869  -9.081 0.3333333433
72818  -17.126  -9.674  -9.699 0.4444444478
133135  -16.684  -9.242  -9.182 0.3333333433
126921  -20.911  2.938  -12.777 0.2222222239
86681  -20.812  4.451  -11.632 0.1111111119
87614  -19.587  4.922  -11.978 0.1111111119
136950  -20.597  5.060  -11.948 0.2222222239
83800  -16.693  2.348  -13.980 0.2222222239
137946  -16.243  1.321  -12.908 0.1111111119
70785  -16.765  -11.564  -8.494 0.2222222239
83799  -16.274  1.713  -12.942 0.1111111119
83801  -20.037  3.674  -12.184 0.1111111119
84760  -21.139  3.218  -12.151 0.1111111119
85703  -20.862  3.838  -11.453 0.1111111119
86674  -20.252  4.312  -10.858 0.1111111119
76985  -16.129  -5.255  -11.073 0.2222222239
76975  -16.208  -5.819  -10.537 0.1111111119
77970  -16.019  -4.955  -10.847 0.3333333433
85718  -21.095  4.016  -12.096 0.3333333433
71761  -16.531  -10.613  -8.398 0.2222222239
83783  -21.000  2.692  -12.691 0.1111111119
83802  -20.815  2.601  -12.755 0.1111111119
84740  -21.352  2.722  -12.115 0.1111111119
70824  -28.091  -11.982  -11.039 0.1111111119
57207  -18.761  -24.437  -4.071 0.1111111119
57225  -19.956  -24.534  -4.610 0.1111111119
56164  -20.240  -25.388  -4.383 0.1111111119
139183  -17.263  -23.886  -3.413 0.1111111119
58366  -17.662  -23.167  -3.865 0.1111111119
60563  -16.188  -21.026  -3.919 0.1111111119
68837  -16.198  -13.048  -5.509 0.1111111119
72806  -16.426  -9.142  -8.665 0.1111111119
140626  -15.559  -1.249  -11.767 0.2222222239
81952  -15.558  -0.794  -11.534 0.2222222239
73914  -16.671  -8.248  -9.875 0.1111111119
57191  -17.300  -24.787  -3.056 0.1111111119
57208  -19.444  -24.956  -4.228 0.1111111119
58350  -16.183  -23.374  -3.020 0.1111111119
58365  -16.958  -23.116  -3.514 0.1111111119
60551  -16.512  -21.795  -3.742 0.1111111119
61646  -15.540  -20.452  -3.613 0.1111111119
62757  -15.518  -19.797  -3.903 0.1111111119
62764  -15.937  -19.491  -4.515 0.1111111119
63870  -15.668  -18.648  -4.685 0.1111111119
133404  -16.370  -13.976  -6.643 0.1111111119
69806  -16.179  -12.155  -6.078 0.1111111119
70784  -16.417  -11.238  -8.022 0.1111111119
141258  -16.014  -8.942  -7.559 0.1111111119
80033  -15.564  -2.709  -11.584 0.2222222239
81936  -15.666  -0.003  -10.310 0.2222222239
82846  -15.671  0.807  -11.251 0.1111111119
56166  -21.901  -25.105  -4.087 0.1111111119
56147  -18.721  -25.243  -3.615 0.1111111119
82859  -15.702  0.608  -11.514 0.2222222239
83798  -16.058  1.204  -12.060 0.1111111119
69822  -16.525  -12.778  -7.563 0.1111111119
64928  -15.521  -17.005  -5.070 0.1111111119
58383  -18.356  -23.157  -4.315 0.1111111119
59426  -17.178  -22.519  -3.801 0.1111111119
58367  -18.162  -23.825  -3.968 0.1111111119
124974  -16.385  -9.804  -8.407 0.1111111119
68855  -16.434  -13.458  -6.998 0.1111111119
71749  -15.880  -10.097  -6.828 0.1111111119
57206  -18.020  -24.565  -3.577 0.1111111119
56146  -17.937  -25.200  -3.252 0.1111111119
80974  -15.828  -1.165  -10.638 0.1111111119
59424  -15.621  -21.975  -3.108 0.1111111119
60550  -15.568  -21.208  -3.359 0.1111111119
67893  -15.979  -14.120  -5.292 0.1111111119
68820  -16.326  -13.614  -4.905 0.1111111119
132197  -16.047  -11.569  -6.457 0.1111111119
82831  -15.823  1.185  -9.575 0.1111111119
84720  -15.743  2.607  -9.775 0.1111111119
122448  -17.571  3.356  -13.208 0.1111111119
79011  -15.753  -3.547  -11.325 0.1111111119
84758  -16.950  2.335  -12.134 0.1111111119
85717  -18.936  4.633  -12.390 0.1111111119
85732  -19.101  4.167  -14.483 0.1111111119
55082  -22.813  -25.926  -3.591 0.1111111119
56165  -21.111  -25.291  -4.359 0.1111111119
59425  -16.365  -22.588  -3.384 0.1111111119
61674  -18.547  -20.397  -5.658 0.3333333433
64942  -18.265  -17.633  -6.799 0.3333333433
65007  -22.019  -17.326  -10.247 0.4444444478
66031  -19.563  -16.415  -8.931 0.4444444478
67020  -24.513  -15.684  -10.461 0.2222222239
67039  -24.266  -14.886  -12.256 0.3333333433
67946  -19.289  -14.523  -10.017 0.7777777910
67974  -23.967  -14.436  -12.596 0.3333333433
68913  -21.150  -13.668  -11.891 0.8888888955
69873  -21.271  -12.639  -12.468 0.8888888955
72866  -19.305  -8.835  -13.286 1.0000000000
72883  -26.105  -9.270  -14.791 0.5555555820
73940  -18.240  -8.285  -12.634 0.8888888955
74973  -17.709  -7.543  -12.571 0.6666666865
75000  -28.118  -7.604  -14.708 0.4444444478
75008  -22.321  -6.701  -15.490 1.0000000000
75978  -18.615  -6.702  -13.681 0.8888888955
75986  -19.064  -6.027  -14.197 0.8888888955
76000  -26.337  -7.292  -15.458 0.7777777910
77033  -19.661  -4.495  -15.658 0.8888888955
77046  -23.091  -5.019  -15.801 0.8888888955
78032  -21.151  -4.265  -16.329 1.0000000000
79042  -16.543  -3.523  -13.426 0.6666666865
79054  -17.896  -3.223  -14.895 0.7777777910
79063  -19.215  -3.284  -17.081 0.8888888955
79070  -19.227  -3.057  -17.591 1.0000000000
80056  -15.779  -2.863  -12.416 0.4444444478
80084  -18.685  -2.858  -17.294 1.0000000000
80986  -15.522  -1.894  -11.643 0.2222222239
81049  -18.733  -0.706  -17.901 0.7777777910
81055  -24.004  -2.090  -16.226 0.7777777910
81064  -19.475  -0.595  -18.269 0.7777777910
81922  -15.876  0.000  -10.092 0.2222222239
82001  -21.802  -0.799  -15.681 0.6666666865
82012  -19.172  0.551  -18.279 0.7777777910
82927  -18.993  1.159  -18.161 0.6666666865
82932  -30.230  -0.198  -17.163 0.1111111119
83752  -15.647  1.986  -9.214 0.1111111119
83765  -15.611  2.070  -9.504 0.1111111119
83766  -15.717  2.458  -9.350 0.1111111119
83779  -15.800  1.144  -11.403 0.1111111119
83826  -24.822  1.884  -14.541 0.6666666865
83835  -19.049  1.607  -16.260 0.5555555820
84770  -17.463  3.102  -14.448 0.1111111119
84782  -18.343  3.755  -14.677 0.3333333433
84783  -18.572  3.510  -14.847 0.3333333433
85716  -18.248  4.287  -12.992 0.1111111119
85730  -17.965  4.058  -13.516 0.1111111119
85731  -18.618  4.746  -13.283 0.3333333433
88532  -18.922  6.356  -10.041 0.1111111119
121407  -17.076  2.597  -14.474 0.4444444478
127543  -17.815  -4.789  -14.387 0.7777777910
127650  -22.278  -16.895  -10.613 0.4444444478
129076  -25.952  -7.821  -15.591 0.7777777910
129886  -15.964  0.760  -9.653 0.1111111119
131314  -16.373  0.734  -9.840 0.1111111119
131657  -15.968  -4.332  -11.198 0.4444444478
131930  -29.509  -2.982  -16.947 0.5555555820
132033  -15.565  0.122  -11.354 0.2222222239
132703  -23.335  -3.827  -15.968 0.8888888955
132833  -18.340  -13.066  -9.763 0.8888888955
133858  -19.744  -1.657  -18.073 0.7777777910
134084  -24.674  -5.458  -16.112 0.8888888955
138553  -21.802  -4.904  -16.176 1.0000000000
139549  -16.445  -8.018  -9.397 0.1111111119
140705  -15.909  2.707  -9.752 0.1111111119
141866  -26.185  -7.586  -15.522 0.7777777910
143885  -20.942  -8.603  -14.223 1.0000000000
144255  -21.844  -22.955  -4.342 0.2222222239
