#!ascii label  , from subject sub-v1s5x0050745_ses-1 vox2ras=TkReg
1287
45195  -50.136  -18.432  63.703 0.0000000000
36405  -40.986  -28.678  73.607 0.0000000000
50953  -50.006  -12.236  49.555 0.0000000000
46168  -42.275  -17.974  53.466 0.0000000000
47052  -52.460  -17.412  54.845 0.0000000000
38135  -48.931  -25.648  68.987 0.0000000000
99956  -37.782  -25.224  61.045 0.0000000000
41055  -41.099  -23.478  57.414 0.0000000000
32129  -34.377  -34.249  71.650 0.0000000000
109065  -57.324  -8.511  56.028 0.0000000000
33975  -31.504  -31.333  60.560 0.0000000000
45255  -46.660  -18.385  58.525 0.0000000000
47064  -47.272  -16.613  54.582 0.0000000000
46124  -50.865  -17.159  59.945 0.0000000000
41871  -50.171  -22.084  66.183 0.0000000000
39055  -46.190  -25.511  62.701 0.0000000000
43536  -45.729  -20.954  60.843 0.0000000000
43565  -40.506  -20.018  55.484 0.0000000000
56231  -60.777  -6.994  50.193 0.0000000000
33860  -38.616  -32.395  72.326 0.0000000000
33083  -32.852  -33.144  66.018 0.0000000000
36477  -35.752  -28.793  68.253 0.0000000000
48935  -49.668  -14.753  52.198 0.0000000000
37271  -45.607  -27.775  71.471 0.0000000000
37345  -40.497  -27.300  67.810 0.0000000000
118220  -44.160  -26.749  65.412 0.0000000000
99894  -41.469  -26.881  58.717 0.0000000000
31225  -30.591  -34.807  73.064 0.0000000000
99795  -54.955  -12.383  58.190 0.0000000000
51791  -51.767  -10.955  54.869 0.0000000000
54420  -53.150  -7.750  54.946 0.0000000000
52708  -54.021  -10.791  51.736 0.0000000000
53596  -56.230  -10.117  49.427 0.0000000000
31287  -29.287  -34.213  67.182 0.0000000000
38226  -33.822  -26.981  61.915 0.0000000000
45218  -48.010  -18.924  61.058 0.0000000000
46122  -48.812  -17.601  59.302 0.0000000000
46101  -50.322  -17.906  61.631 0.0000000000
44370  -49.903  -20.001  65.083 0.0000000000
41890  -48.120  -21.867  63.847 0.0000000000
43524  -48.091  -20.069  62.817 0.0000000000
44420  -45.811  -19.585  59.582 0.0000000000
50991  -50.764  -12.826  46.826 0.0000000000
50971  -52.034  -12.306  48.343 0.0000000000
35543  -39.539  -30.928  73.395 0.0000000000
34692  -37.349  -31.593  70.255 0.0000000000
36457  -38.713  -28.691  70.997 0.0000000000
102032  -43.256  -17.340  50.838 0.0000000000
108050  -49.738  -17.108  54.663 0.0000000000
47088  -47.647  -17.204  52.402 0.0000000000
47089  -50.290  -17.410  52.427 0.0000000000
47998  -49.725  -16.781  51.340 0.0000000000
47968  -51.703  -16.677  53.724 0.0000000000
37311  -47.051  -27.169  69.836 0.0000000000
37329  -44.750  -27.224  68.533 0.0000000000
37367  -46.939  -27.281  66.686 0.0000000000
41039  -43.562  -24.258  59.600 0.0000000000
38263  -43.629  -26.640  60.468 0.0000000000
39121  -41.460  -25.801  57.278 0.0000000000
45281  -41.507  -18.702  54.448 0.0000000000
51774  -53.099  -11.368  56.741 0.0000000000
53573  -54.040  -9.727  53.921 0.0000000000
104168  -56.033  -9.880  53.427 0.0000000000
52724  -54.563  -10.986  50.607 0.0000000000
54429  -56.926  -9.053  52.039 0.0000000000
55331  -58.710  -8.872  48.085 0.0000000000
32115  -32.702  -34.576  72.286 0.0000000000
31261  -29.736  -34.436  69.990 0.0000000000
102146  -31.344  -33.760  69.594 0.0000000000
33105  -32.172  -32.249  63.742 0.0000000000
32249  -30.984  -33.330  63.986 0.0000000000
32306  -30.191  -33.416  60.054 0.0000000000
38196  -39.252  -26.594  64.767 0.0000000000
38175  -37.197  -26.892  64.893 0.0000000000
39049  -35.851  -25.805  61.802 0.0000000000
45268  -44.588  -18.110  56.456 0.0000000000
46165  -44.820  -17.341  54.378 0.0000000000
46151  -46.439  -17.399  56.727 0.0000000000
47020  -48.837  -16.606  57.290 0.0000000000
114194  -51.137  -16.651  57.514 0.0000000000
39934  -50.010  -24.252  67.096 0.0000000000
39027  -47.645  -26.382  65.337 0.0000000000
39975  -48.266  -24.226  64.940 0.0000000000
105472  -45.584  -23.197  61.575 0.0000000000
108270  -43.538  -22.345  59.495 0.0000000000
42713  -40.973  -21.565  57.171 0.0000000000
43546  -42.925  -20.534  58.281 0.0000000000
44428  -44.301  -19.077  57.816 0.0000000000
55305  -59.455  -7.727  52.567 0.0000000000
57072  -60.174  -5.223  51.901 0.0000000000
33027  -37.038  -33.756  71.021 0.0000000000
32187  -33.957  -33.702  68.268 0.0000000000
33062  -35.708  -33.220  68.765 0.0000000000
34717  -34.591  -30.791  67.185 0.0000000000
35601  -33.313  -29.375  64.570 0.0000000000
47094  -45.177  -17.125  51.979 0.0000000000
49982  -48.729  -14.023  49.930 0.0000000000
50927  -49.490  -12.829  51.258 0.0000000000
36428  -43.439  -28.193  72.878 0.0000000000
37286  -40.789  -27.922  70.237 0.0000000000
37306  -42.910  -27.708  69.753 0.0000000000
38150  -41.764  -26.837  66.761 0.0000000000
38233  -40.579  -26.286  63.056 0.0000000000
37404  -45.583  -27.469  63.921 0.0000000000
116241  -42.372  -26.554  62.063 0.0000000000
119368  -39.854  -25.467  60.036 0.0000000000
46070  -52.698  -16.882  64.415 0.0000000000
37222  -42.335  -27.073  75.216 0.0000000000
38103  -47.017  -25.722  73.208 0.0000000000
38954  -48.186  -25.016  71.375 0.0000000000
117423  -53.783  -17.066  62.610 0.0000000000
119668  -54.329  -17.143  60.146 0.0000000000
47023  -54.743  -17.131  57.827 0.0000000000
48880  -55.783  -14.099  58.778 0.0000000000
47946  -54.129  -16.604  55.931 0.0000000000
49946  -51.741  -13.914  55.423 0.0000000000
50904  -50.579  -12.515  54.154 0.0000000000
51823  -50.371  -11.694  51.711 0.0000000000
52679  -53.169  -9.591  54.708 0.0000000000
52691  -51.782  -10.641  52.911 0.0000000000
51839  -51.364  -11.454  50.450 0.0000000000
51861  -53.610  -11.936  49.796 0.0000000000
54450  -57.437  -8.191  50.095 0.0000000000
30384  -28.444  -35.136  70.951 0.0000000000
104715  -27.482  -35.117  65.131 0.0000000000
104523  -30.834  -33.556  66.344 0.0000000000
32246  -28.558  -33.975  63.589 0.0000000000
37322  -37.615  -27.723  68.321 0.0000000000
37358  -34.790  -27.913  65.588 0.0000000000
35616  -32.150  -29.029  61.635 0.0000000000
35652  -33.160  -29.188  58.153 0.0000000000
45205  -48.978  -18.831  62.465 0.0000000000
45206  -49.652  -18.275  61.952 0.0000000000
45207  -49.897  -18.352  62.799 0.0000000000
44386  -49.774  -19.404  64.501 0.0000000000
44385  -49.298  -19.924  64.327 0.0000000000
45194  -48.878  -19.292  63.163 0.0000000000
44412  -48.235  -19.224  61.895 0.0000000000
50952  -49.533  -12.775  48.954 0.0000000000
50984  -50.502  -12.569  47.631 0.0000000000
50985  -51.754  -12.565  47.566 0.0000000000
50970  -51.145  -12.277  48.191 0.0000000000
35530  -39.963  -30.263  74.096 0.0000000000
36441  -38.976  -29.576  71.797 0.0000000000
108841  -40.010  -28.856  72.265 0.0000000000
46183  -41.692  -17.677  51.490 0.0000000000
119930  -42.295  -17.594  51.898 0.0000000000
47050  -50.725  -17.411  54.648 0.0000000000
47066  -49.813  -17.423  53.849 0.0000000000
107006  -51.483  -17.486  53.839 0.0000000000
47090  -50.765  -17.170  52.767 0.0000000000
47068  -52.005  -17.358  54.090 0.0000000000
38134  -48.235  -26.215  69.328 0.0000000000
37352  -47.073  -27.189  68.240 0.0000000000
38141  -47.799  -26.835  68.240 0.0000000000
41048  -42.544  -23.781  58.636 0.0000000000
39108  -42.416  -25.820  58.291 0.0000000000
40055  -41.032  -24.456  57.112 0.0000000000
113765  -40.023  -25.604  55.811 0.0000000000
45290  -42.031  -18.305  54.040 0.0000000000
45288  -40.478  -18.734  53.250 0.0000000000
45296  -41.178  -18.190  52.743 0.0000000000
53558  -55.388  -9.265  54.652 0.0000000000
53559  -56.285  -9.469  54.436 0.0000000000
117187  -56.406  -9.592  52.425 0.0000000000
54421  -57.876  -9.245  53.568 0.0000000000
32116  -33.665  -34.518  72.112 0.0000000000
32146  -31.905  -33.880  70.528 0.0000000000
32147  -33.009  -33.930  70.664 0.0000000000
33947  -31.700  -31.787  62.261 0.0000000000
33120  -31.457  -32.472  62.314 0.0000000000
33136  -31.370  -32.202  61.071 0.0000000000
32328  -30.989  -33.536  58.523 0.0000000000
33186  -31.353  -32.694  58.452 0.0000000000
38231  -38.738  -26.297  63.160 0.0000000000
38229  -37.100  -26.140  62.794 0.0000000000
39061  -36.430  -25.474  61.256 0.0000000000
45262  -45.682  -18.289  57.590 0.0000000000
45269  -45.551  -17.803  56.748 0.0000000000
45263  -46.370  -18.115  57.865 0.0000000000
46123  -49.773  -17.350  59.609 0.0000000000
46132  -48.726  -17.278  58.554 0.0000000000
47009  -50.142  -16.624  58.060 0.0000000000
47021  -50.450  -16.543  57.050 0.0000000000
47010  -51.301  -16.719  58.399 0.0000000000
41861  -50.559  -22.925  67.080 0.0000000000
39955  -49.243  -24.300  66.068 0.0000000000
41870  -49.681  -22.775  65.893 0.0000000000
42674  -46.781  -21.312  62.080 0.0000000000
41901  -46.742  -22.870  62.702 0.0000000000
41923  -45.840  -22.333  61.595 0.0000000000
41930  -44.025  -22.814  60.009 0.0000000000
41935  -44.028  -21.995  59.845 0.0000000000
42705  -42.677  -21.274  58.476 0.0000000000
43542  -43.956  -20.727  59.215 0.0000000000
45243  -46.251  -18.906  59.028 0.0000000000
44424  -44.656  -19.442  58.514 0.0000000000
45253  -45.154  -18.841  58.057 0.0000000000
45260  -43.982  -18.700  57.053 0.0000000000
33028  -37.718  -33.389  71.157 0.0000000000
33047  -36.957  -33.877  70.168 0.0000000000
33886  -37.117  -33.436  69.998 0.0000000000
104720  -36.230  -30.052  69.258 0.0000000000
34708  -35.508  -30.868  68.404 0.0000000000
113001  -35.234  -29.962  68.045 0.0000000000
35585  -33.900  -30.130  66.015 0.0000000000
36486  -34.745  -28.903  66.882 0.0000000000
47062  -45.532  -17.005  54.111 0.0000000000
47075  -44.985  -17.128  52.775 0.0000000000
115457  -46.135  -16.786  53.797 0.0000000000
46178  -48.336  -17.470  51.741 0.0000000000
103733  -46.611  -17.488  50.517 0.0000000000
46198  -47.420  -17.546  50.116 0.0000000000
104401  -49.698  -15.745  51.673 0.0000000000
47997  -49.226  -15.692  50.830 0.0000000000
48943  -49.335  -14.629  51.478 0.0000000000
49983  -49.149  -13.407  50.574 0.0000000000
49967  -49.463  -13.936  51.999 0.0000000000
36429  -44.434  -28.076  72.330 0.0000000000
37288  -43.005  -28.052  70.938 0.0000000000
36459  -44.357  -27.918  70.822 0.0000000000
100679  -44.283  -26.808  66.907 0.0000000000
38152  -43.836  -26.887  67.503 0.0000000000
102905  -43.415  -26.637  65.684 0.0000000000
38180  -41.625  -26.533  65.256 0.0000000000
100643  -42.342  -26.497  64.638 0.0000000000
39034  -46.906  -26.341  64.036 0.0000000000
38202  -46.729  -27.053  64.432 0.0000000000
38239  -46.086  -26.524  62.930 0.0000000000
38262  -42.581  -26.920  59.513 0.0000000000
117234  -43.483  -26.770  60.871 0.0000000000
38261  -41.967  -26.955  59.499 0.0000000000
38260  -41.371  -26.353  60.737 0.0000000000
42724  -41.229  -20.764  56.910 0.0000000000
38953  -47.760  -25.611  71.947 0.0000000000
41834  -50.463  -22.394  69.059 0.0000000000
46094  -53.331  -17.143  63.055 0.0000000000
46991  -54.334  -16.942  60.648 0.0000000000
47001  -54.677  -16.877  59.752 0.0000000000
104075  -54.218  -17.137  59.102 0.0000000000
47002  -55.145  -16.288  59.058 0.0000000000
99609  -56.057  -12.737  59.193 0.0000000000
48896  -55.588  -14.920  57.475 0.0000000000
49939  -54.440  -14.420  56.923 0.0000000000
49947  -52.704  -14.637  55.750 0.0000000000
49938  -53.215  -13.880  56.507 0.0000000000
51782  -51.811  -11.572  55.522 0.0000000000
50895  -51.142  -12.044  54.911 0.0000000000
112995  -51.053  -11.628  54.310 0.0000000000
109350  -50.252  -12.341  53.370 0.0000000000
51801  -50.706  -11.695  53.645 0.0000000000
54419  -52.886  -7.971  54.844 0.0000000000
52693  -53.948  -10.326  52.812 0.0000000000
52692  -53.350  -10.055  53.407 0.0000000000
101439  -53.388  -10.532  52.359 0.0000000000
52706  -52.173  -10.892  51.489 0.0000000000
52722  -52.709  -11.194  50.911 0.0000000000
51860  -52.715  -11.765  49.709 0.0000000000
51841  -53.159  -11.515  50.322 0.0000000000
52734  -55.654  -10.824  49.600 0.0000000000
51862  -55.024  -11.497  49.854 0.0000000000
102691  -55.313  -11.926  49.640 0.0000000000
119171  -60.211  -7.123  51.469 0.0000000000
54441  -58.632  -7.890  51.870 0.0000000000
55323  -59.060  -7.414  50.101 0.0000000000
31273  -29.220  -34.479  68.838 0.0000000000
31272  -28.606  -34.859  69.182 0.0000000000
31286  -28.659  -34.559  67.513 0.0000000000
106504  -27.485  -35.239  66.540 0.0000000000
31292  -28.465  -34.505  66.102 0.0000000000
32198  -33.817  -33.443  67.580 0.0000000000
32196  -32.287  -33.489  67.048 0.0000000000
32205  -32.507  -33.362  66.364 0.0000000000
107620  -29.972  -33.434  63.941 0.0000000000
29566  -29.792  -35.849  60.090 0.0000000000
101242  -40.722  -27.701  69.469 0.0000000000
112234  -39.296  -27.818  69.621 0.0000000000
103285  -38.861  -27.495  68.054 0.0000000000
38191  -35.176  -26.839  63.746 0.0000000000
37377  -36.219  -27.183  65.345 0.0000000000
37403  -34.015  -27.378  63.371 0.0000000000
36520  -33.267  -28.449  63.614 0.0000000000
37409  -32.962  -27.898  62.029 0.0000000000
106832  -32.994  -30.842  57.303 0.0000000000
44422  -47.291  -18.774  59.813 0.0000000000
45256  -47.360  -18.114  58.696 0.0000000000
45246  -48.403  -18.116  59.841 0.0000000000
46113  -49.193  -17.832  60.153 0.0000000000
106931  -50.180  -17.539  60.459 0.0000000000
42650  -50.476  -21.331  66.206 0.0000000000
42648  -49.160  -21.757  65.009 0.0000000000
43490  -49.347  -20.799  64.793 0.0000000000
114113  -47.903  -20.706  63.029 0.0000000000
43537  -46.456  -20.743  61.383 0.0000000000
44415  -45.722  -20.227  60.257 0.0000000000
44410  -46.792  -19.986  61.091 0.0000000000
44417  -47.217  -19.262  60.522 0.0000000000
50986  -52.559  -12.730  47.829 0.0000000000
33861  -38.956  -32.241  72.337 0.0000000000
34693  -38.253  -32.314  71.136 0.0000000000
34687  -38.826  -32.001  71.823 0.0000000000
35556  -38.161  -30.562  71.160 0.0000000000
104875  -36.805  -29.094  69.597 0.0000000000
47065  -48.580  -16.774  54.452 0.0000000000
47077  -47.442  -16.887  53.216 0.0000000000
103867  -49.141  -17.292  53.427 0.0000000000
46179  -48.834  -17.520  52.155 0.0000000000
46180  -49.658  -17.473  51.927 0.0000000000
119326  -48.822  -16.913  50.156 0.0000000000
113798  -49.994  -17.245  51.784 0.0000000000
47977  -50.625  -16.379  52.699 0.0000000000
48926  -50.834  -15.725  53.338 0.0000000000
37291  -45.959  -27.628  70.709 0.0000000000
100019  -45.482  -27.560  69.994 0.0000000000
37309  -45.919  -27.412  69.208 0.0000000000
37350  -45.655  -27.172  67.528 0.0000000000
113660  -45.222  -27.104  65.666 0.0000000000
40013  -44.983  -24.866  61.142 0.0000000000
39065  -44.836  -26.061  61.254 0.0000000000
39096  -43.488  -25.852  59.521 0.0000000000
38288  -42.256  -26.740  58.516 0.0000000000
38287  -41.650  -26.875  58.201 0.0000000000
38296  -40.130  -26.948  56.810 0.0000000000
38309  -40.343  -26.780  56.597 0.0000000000
44444  -40.981  -19.307  55.001 0.0000000000
43570  -39.699  -19.472  53.728 0.0000000000
52626  -56.047  -9.338  58.980 0.0000000000
99538  -53.855  -11.875  57.467 0.0000000000
52625  -54.389  -10.409  57.685 0.0000000000
101494  -53.721  -9.802  56.750 0.0000000000
52654  -52.932  -9.858  55.165 0.0000000000
54406  -53.864  -7.606  55.752 0.0000000000
53556  -53.914  -8.009  55.804 0.0000000000
53541  -53.633  -8.002  56.136 0.0000000000
53574  -54.446  -10.072  53.306 0.0000000000
116662  -54.457  -10.472  52.324 0.0000000000
52709  -54.753  -10.550  51.535 0.0000000000
52710  -55.263  -10.201  51.537 0.0000000000
53586  -55.691  -9.720  50.895 0.0000000000
53597  -56.307  -9.205  50.167 0.0000000000
55343  -60.593  -7.320  48.590 0.0000000000
112487  -59.173  -7.862  48.809 0.0000000000
55354  -59.943  -7.826  48.074 0.0000000000
31240  -31.604  -34.605  72.469 0.0000000000
31252  -29.818  -34.610  71.351 0.0000000000
113872  -30.607  -34.356  71.200 0.0000000000
32144  -30.367  -34.128  69.824 0.0000000000
32184  -30.561  -33.715  68.121 0.0000000000
33928  -32.822  -32.191  64.941 0.0000000000
33093  -31.833  -33.153  64.503 0.0000000000
33104  -31.709  -32.844  63.648 0.0000000000
32288  -30.440  -33.150  61.580 0.0000000000
32305  -29.448  -33.908  60.413 0.0000000000
30476  -29.845  -35.186  59.563 0.0000000000
31372  -30.067  -34.465  59.301 0.0000000000
38161  -39.802  -26.840  66.103 0.0000000000
38160  -38.973  -26.939  66.047 0.0000000000
38194  -37.820  -26.688  64.521 0.0000000000
38192  -36.348  -26.636  63.842 0.0000000000
38227  -34.509  -26.524  62.093 0.0000000000
45283  -43.250  -17.991  54.674 0.0000000000
113701  -43.692  -17.514  53.365 0.0000000000
100307  -44.769  -17.521  55.092 0.0000000000
46159  -46.027  -17.217  55.971 0.0000000000
47030  -46.900  -16.860  56.121 0.0000000000
108296  -47.622  -17.648  58.227 0.0000000000
47019  -48.013  -16.841  57.080 0.0000000000
47031  -47.806  -16.614  56.255 0.0000000000
114344  -49.664  -16.483  56.654 0.0000000000
47033  -50.798  -16.954  56.008 0.0000000000
113657  -51.856  -17.188  56.380 0.0000000000
39891  -49.795  -24.752  68.264 0.0000000000
39018  -48.806  -26.024  66.840 0.0000000000
39932  -48.900  -25.366  66.308 0.0000000000
110657  -47.859  -25.338  64.952 0.0000000000
39994  -47.152  -24.435  63.673 0.0000000000
118837  -48.249  -22.956  64.468 0.0000000000
40986  -46.960  -23.656  63.197 0.0000000000
40007  -46.109  -24.621  62.400 0.0000000000
41030  -44.590  -24.107  60.665 0.0000000000
41934  -43.528  -23.348  59.577 0.0000000000
41941  -42.182  -22.748  58.387 0.0000000000
41947  -40.927  -22.524  57.355 0.0000000000
113438  -42.038  -21.730  58.128 0.0000000000
42715  -42.267  -20.822  57.907 0.0000000000
43550  -41.909  -20.430  57.263 0.0000000000
43547  -44.246  -20.048  58.916 0.0000000000
43552  -43.246  -19.970  58.102 0.0000000000
113895  -42.768  -19.493  57.105 0.0000000000
44440  -42.177  -19.068  55.885 0.0000000000
45273  -42.625  -18.459  55.138 0.0000000000
54423  -59.526  -8.328  54.498 0.0000000000
55290  -59.975  -6.997  53.664 0.0000000000
55307  -60.118  -6.801  52.691 0.0000000000
56225  -60.702  -6.261  50.896 0.0000000000
56232  -61.217  -6.600  49.773 0.0000000000
56242  -61.651  -6.143  48.608 0.0000000000
32130  -35.107  -34.102  71.204 0.0000000000
107339  -33.651  -33.881  69.962 0.0000000000
32168  -35.416  -34.024  69.548 0.0000000000
32188  -34.860  -33.746  68.755 0.0000000000
33074  -34.389  -33.107  67.567 0.0000000000
34701  -36.802  -32.055  69.629 0.0000000000
33897  -35.631  -32.126  68.477 0.0000000000
33919  -33.653  -32.094  66.165 0.0000000000
33929  -33.340  -31.668  65.496 0.0000000000
34739  -32.753  -30.803  64.219 0.0000000000
34747  -32.126  -30.209  62.709 0.0000000000
100619  -44.264  -17.319  53.050 0.0000000000
101044  -44.085  -17.268  50.898 0.0000000000
46177  -46.601  -17.138  52.145 0.0000000000
50000  -49.152  -13.192  49.660 0.0000000000
50936  -49.565  -12.613  50.324 0.0000000000
100116  -41.872  -28.332  72.856 0.0000000000
36443  -40.775  -28.361  72.012 0.0000000000
36426  -42.153  -28.168  71.924 0.0000000000
37305  -42.077  -27.731  69.754 0.0000000000
37326  -41.545  -27.512  69.002 0.0000000000
99875  -44.203  -27.436  69.218 0.0000000000
37347  -42.227  -27.211  68.155 0.0000000000
113924  -41.122  -27.064  67.197 0.0000000000
117192  -41.155  -26.624  65.775 0.0000000000
38215  -40.020  -26.413  63.813 0.0000000000
39053  -39.270  -26.052  62.476 0.0000000000
38167  -47.443  -27.065  66.338 0.0000000000
37380  -46.217  -27.488  65.097 0.0000000000
38200  -44.801  -27.220  64.102 0.0000000000
117450  -44.793  -26.980  62.045 0.0000000000
38236  -43.968  -26.984  62.346 0.0000000000
102037  -43.223  -26.658  63.066 0.0000000000
38234  -41.562  -26.377  62.501 0.0000000000
110041  -39.951  -25.829  61.663 0.0000000000
41956  -39.122  -22.059  55.629 0.0000000000
45177  -50.997  -18.401  65.234 0.0000000000
46068  -51.255  -17.848  64.039 0.0000000000
31227  -33.539  -35.233  74.063 0.0000000000
33016  -34.419  -33.465  72.528 0.0000000000
33867  -35.600  -32.815  71.523 0.0000000000
33868  -36.919  -32.969  71.467 0.0000000000
35529  -38.949  -30.415  74.461 0.0000000000
35516  -39.559  -30.133  74.566 0.0000000000
35518  -40.357  -29.297  74.715 0.0000000000
36390  -41.522  -28.201  74.499 0.0000000000
36391  -42.589  -28.088  74.328 0.0000000000
36409  -44.172  -28.027  73.184 0.0000000000
117181  -45.500  -27.353  72.794 0.0000000000
37243  -46.036  -26.666  73.150 0.0000000000
37255  -46.555  -26.884  72.234 0.0000000000
37273  -47.071  -26.970  71.520 0.0000000000
38116  -47.911  -25.897  71.015 0.0000000000
38982  -48.490  -25.653  69.775 0.0000000000
39877  -49.199  -24.147  69.278 0.0000000000
39892  -49.927  -24.126  68.672 0.0000000000
41844  -50.784  -22.703  68.391 0.0000000000
44372  -51.210  -18.965  65.990 0.0000000000
46081  -52.281  -17.422  63.565 0.0000000000
46102  -51.490  -17.603  61.804 0.0000000000
46115  -52.914  -17.335  61.071 0.0000000000
46976  -53.902  -16.984  62.361 0.0000000000
46980  -53.873  -17.214  61.521 0.0000000000
46999  -51.645  -16.956  59.382 0.0000000000
47011  -52.633  -16.980  58.728 0.0000000000
47022  -53.756  -17.375  56.870 0.0000000000
47036  -53.665  -17.397  55.978 0.0000000000
116697  -55.833  -16.171  57.784 0.0000000000
47934  -54.783  -16.638  56.579 0.0000000000
47053  -53.360  -17.225  55.475 0.0000000000
47957  -52.657  -16.967  54.599 0.0000000000
48919  -51.965  -16.020  54.309 0.0000000000
49962  -50.309  -14.375  53.517 0.0000000000
49937  -52.270  -13.301  56.057 0.0000000000
49945  -51.016  -13.230  54.930 0.0000000000
49961  -49.739  -13.812  52.769 0.0000000000
50911  -49.858  -12.700  52.772 0.0000000000
51811  -49.842  -12.341  51.957 0.0000000000
111875  -50.059  -12.031  50.346 0.0000000000
52666  -53.379  -8.895  54.945 0.0000000000
52665  -52.657  -10.099  54.576 0.0000000000
53572  -53.585  -8.929  54.988 0.0000000000
103530  -52.800  -10.005  53.785 0.0000000000
52678  -52.111  -10.402  53.850 0.0000000000
51813  -50.988  -11.152  52.311 0.0000000000
51824  -51.247  -11.220  51.340 0.0000000000
51858  -50.697  -11.779  49.962 0.0000000000
51859  -51.657  -11.701  49.612 0.0000000000
51869  -52.349  -12.049  49.058 0.0000000000
50973  -53.750  -12.764  48.901 0.0000000000
51842  -54.053  -11.597  50.258 0.0000000000
50955  -54.223  -12.423  49.546 0.0000000000
50023  -54.252  -13.385  48.773 0.0000000000
54431  -58.510  -8.468  52.840 0.0000000000
54449  -56.821  -8.725  50.892 0.0000000000
54457  -56.944  -8.791  49.664 0.0000000000
55322  -58.271  -7.963  49.349 0.0000000000
108468  -57.216  -9.725  48.802 0.0000000000
52735  -56.919  -11.042  48.599 0.0000000000
99949  -29.259  -34.729  70.593 0.0000000000
32165  -32.270  -33.584  68.884 0.0000000000
101579  -31.379  -33.522  67.656 0.0000000000
32203  -29.966  -33.826  66.806 0.0000000000
32229  -31.229  -33.394  64.891 0.0000000000
32212  -29.683  -33.763  65.395 0.0000000000
32211  -28.841  -34.155  65.326 0.0000000000
31318  -27.742  -34.717  64.388 0.0000000000
37285  -39.330  -28.123  70.512 0.0000000000
37283  -38.025  -28.138  69.774 0.0000000000
37301  -37.037  -28.064  68.853 0.0000000000
37361  -37.386  -27.331  66.553 0.0000000000
37341  -36.635  -27.668  67.194 0.0000000000
36494  -35.149  -28.239  66.741 0.0000000000
36501  -33.757  -28.859  65.085 0.0000000000
35612  -32.328  -29.317  62.493 0.0000000000
34766  -31.602  -30.245  60.349 0.0000000000
38259  -34.253  -26.376  60.152 0.0000000000
38258  -33.771  -26.837  60.437 0.0000000000
36546  -32.891  -28.022  59.578 0.0000000000
35635  -32.192  -29.225  59.055 0.0000000000
34784  -31.714  -30.070  59.442 0.0000000000
106933  -31.475  -31.879  58.750 0.0000000000
103451  -49.412  -18.800  63.194 0.0000000000
45184  -50.017  -18.873  64.306 0.0000000000
44395  -49.420  -19.177  63.839 0.0000000000
106358  -50.258  -12.366  48.558 0.0000000000
51867  -50.853  -11.972  49.104 0.0000000000
36404  -40.443  -29.316  73.646 0.0000000000
36424  -39.984  -29.701  73.203 0.0000000000
109802  -40.434  -28.936  72.800 0.0000000000
106786  -41.781  -17.806  52.294 0.0000000000
46174  -42.541  -17.667  52.640 0.0000000000
47051  -51.693  -17.551  54.299 0.0000000000
47067  -50.864  -17.617  53.848 0.0000000000
106330  -47.898  -26.682  68.930 0.0000000000
38142  -48.412  -26.343  68.519 0.0000000000
41047  -41.996  -23.671  58.214 0.0000000000
40056  -41.620  -24.320  57.721 0.0000000000
46173  -41.856  -17.951  52.964 0.0000000000
45303  -41.020  -17.971  51.901 0.0000000000
53544  -56.652  -8.968  55.283 0.0000000000
53560  -57.205  -9.531  54.247 0.0000000000
54410  -57.930  -9.236  54.699 0.0000000000
111243  -33.587  -34.248  71.362 0.0000000000
32148  -34.101  -34.171  70.818 0.0000000000
33961  -31.579  -31.511  61.501 0.0000000000
33151  -31.283  -32.255  60.211 0.0000000000
33170  -31.231  -32.381  59.337 0.0000000000
33993  -31.446  -31.617  59.621 0.0000000000
39052  -38.438  -25.958  62.427 0.0000000000
39051  -37.620  -25.866  62.295 0.0000000000
39062  -37.301  -25.510  61.543 0.0000000000
45254  -45.939  -18.626  58.304 0.0000000000
46133  -49.459  -17.098  58.762 0.0000000000
46998  -50.460  -16.958  59.028 0.0000000000
104504  -50.576  -22.368  66.780 0.0000000000
41860  -50.182  -22.892  66.487 0.0000000000
42693  -46.137  -21.534  61.537 0.0000000000
41924  -46.466  -22.161  62.145 0.0000000000
42698  -45.564  -21.742  61.126 0.0000000000
41931  -44.517  -22.190  60.341 0.0000000000
42697  -45.071  -21.537  60.562 0.0000000000
42703  -44.413  -21.271  59.879 0.0000000000
43539  -45.102  -20.733  60.160 0.0000000000
44425  -45.470  -19.197  58.776 0.0000000000
45261  -44.877  -18.463  57.293 0.0000000000
33869  -38.131  -32.961  71.731 0.0000000000
33037  -37.419  -33.617  70.682 0.0000000000
33029  -37.980  -33.187  71.263 0.0000000000
35569  -36.253  -29.163  69.054 0.0000000000
35560  -35.697  -29.766  68.596 0.0000000000
35579  -35.290  -29.234  67.879 0.0000000000
35578  -34.875  -29.693  67.432 0.0000000000
115150  -35.025  -29.029  67.432 0.0000000000
47063  -46.302  -16.767  54.487 0.0000000000
46199  -48.142  -17.447  50.276 0.0000000000
36446  -44.814  -27.965  71.487 0.0000000000
36445  -44.041  -28.065  71.473 0.0000000000
38166  -44.356  -26.792  66.008 0.0000000000
38181  -42.447  -26.565  65.469 0.0000000000
100691  -43.216  -26.601  64.829 0.0000000000
39041  -46.636  -25.767  63.437 0.0000000000
39054  -45.683  -26.151  62.287 0.0000000000
38274  -41.224  -26.474  59.792 0.0000000000
39106  -40.539  -26.501  58.451 0.0000000000
43557  -40.873  -20.376  56.236 0.0000000000
43564  -39.685  -20.427  55.103 0.0000000000
99169  -56.061  -11.708  59.264 0.0000000000
49928  -55.249  -13.635  57.881 0.0000000000
49927  -53.922  -13.119  57.265 0.0000000000
51802  -51.456  -10.967  54.070 0.0000000000
116674  -52.450  -7.890  54.022 0.0000000000
52707  -53.086  -10.850  51.611 0.0000000000
52723  -53.609  -11.187  50.910 0.0000000000
51863  -56.271  -11.455  49.189 0.0000000000
55324  -60.134  -7.174  50.751 0.0000000000
55312  -59.458  -7.392  51.411 0.0000000000
31238  -29.659  -34.779  72.257 0.0000000000
31282  -29.238  -34.308  68.014 0.0000000000
116112  -28.745  -34.443  66.799 0.0000000000
32206  -33.178  -33.367  66.838 0.0000000000
30468  -28.735  -35.351  60.785 0.0000000000
37325  -40.667  -27.491  68.659 0.0000000000
101520  -39.990  -27.490  68.418 0.0000000000
37344  -39.586  -27.349  67.722 0.0000000000
37411  -34.165  -26.988  62.725 0.0000000000
116307  -34.485  -27.237  63.823 0.0000000000
37410  -33.535  -27.518  62.612 0.0000000000
103445  -33.345  -27.431  61.769 0.0000000000
45233  -47.860  -18.605  60.221 0.0000000000
45234  -48.617  -18.361  60.641 0.0000000000
45220  -49.583  -18.063  61.050 0.0000000000
100312  -50.545  -17.687  61.147 0.0000000000
43476  -50.438  -20.576  65.829 0.0000000000
118014  -49.856  -20.671  65.315 0.0000000000
43505  -48.383  -20.305  63.377 0.0000000000
43523  -47.668  -20.407  62.512 0.0000000000
42675  -47.400  -21.057  62.585 0.0000000000
43522  -47.187  -20.417  61.912 0.0000000000
44403  -47.811  -19.851  62.226 0.0000000000
44411  -47.518  -19.602  61.462 0.0000000000
34681  -39.219  -31.816  72.849 0.0000000000
35551  -39.104  -31.803  72.281 0.0000000000
36440  -38.476  -29.549  71.268 0.0000000000
35562  -37.366  -29.551  70.257 0.0000000000
36456  -38.008  -28.901  70.512 0.0000000000
102312  -42.447  -17.459  50.289 0.0000000000
47079  -50.336  -17.589  53.154 0.0000000000
46170  -49.541  -17.546  52.607 0.0000000000
110898  -49.046  -17.497  51.596 0.0000000000
47978  -51.242  -16.938  53.177 0.0000000000
37292  -46.781  -27.325  70.716 0.0000000000
37310  -46.304  -27.414  69.932 0.0000000000
37351  -46.584  -27.265  67.504 0.0000000000
37331  -46.338  -27.299  68.402 0.0000000000
38153  -45.203  -27.018  66.580 0.0000000000
103544  -46.203  -27.285  66.624 0.0000000000
40024  -44.328  -24.956  60.425 0.0000000000
39083  -44.489  -25.712  60.741 0.0000000000
40023  -43.793  -25.008  59.844 0.0000000000
40048  -41.960  -25.454  57.848 0.0000000000
39107  -41.858  -26.482  57.880 0.0000000000
38298  -41.242  -26.781  57.511 0.0000000000
39120  -40.904  -26.526  56.869 0.0000000000
45272  -41.786  -18.910  55.187 0.0000000000
45280  -40.682  -19.013  54.149 0.0000000000
52641  -53.633  -8.221  56.971 0.0000000000
52640  -53.176  -9.732  56.023 0.0000000000
54408  -55.063  -7.702  56.729 0.0000000000
55270  -54.108  -7.610  55.949 0.0000000000
54407  -53.951  -7.795  56.147 0.0000000000
53542  -54.885  -8.595  56.058 0.0000000000
112769  -54.589  -9.074  54.975 0.0000000000
53575  -55.100  -9.897  53.671 0.0000000000
52694  -55.023  -10.328  52.400 0.0000000000
53587  -56.278  -9.321  51.496 0.0000000000
55332  -59.928  -7.676  48.537 0.0000000000
118043  -31.145  -34.380  71.710 0.0000000000
32128  -31.849  -34.368  71.788 0.0000000000
32145  -30.911  -34.073  70.482 0.0000000000
32164  -30.504  -33.902  68.996 0.0000000000
33094  -32.280  -32.601  64.353 0.0000000000
33135  -31.180  -32.677  61.627 0.0000000000
33119  -31.068  -32.976  62.320 0.0000000000
109901  -30.022  -33.349  60.794 0.0000000000
32318  -29.827  -33.958  59.715 0.0000000000
31381  -31.223  -34.154  58.124 0.0000000000
38178  -39.475  -26.699  65.455 0.0000000000
38177  -38.712  -26.762  65.305 0.0000000000
38195  -38.498  -26.630  64.578 0.0000000000
38212  -37.250  -26.410  63.492 0.0000000000
119853  -36.585  -26.347  63.177 0.0000000000
38211  -35.764  -26.440  63.117 0.0000000000
38228  -35.343  -26.209  62.354 0.0000000000
45275  -44.274  -17.872  55.606 0.0000000000
46164  -44.022  -17.701  54.700 0.0000000000
108207  -45.135  -17.566  55.822 0.0000000000
47046  -45.593  -17.147  55.032 0.0000000000
120575  -48.256  -17.938  59.338 0.0000000000
108295  -48.095  -17.723  58.784 0.0000000000
47008  -49.126  -16.827  58.008 0.0000000000
46143  -48.251  -17.185  57.935 0.0000000000
47032  -48.770  -16.456  56.399 0.0000000000
39912  -50.168  -24.263  67.839 0.0000000000
39911  -49.701  -24.995  67.467 0.0000000000
39933  -49.533  -24.779  66.715 0.0000000000
115210  -48.773  -24.006  65.462 0.0000000000
39954  -48.565  -24.845  65.586 0.0000000000
39042  -47.221  -25.375  64.084 0.0000000000
39974  -47.655  -24.389  64.322 0.0000000000
104084  -48.527  -22.361  64.551 0.0000000000
41880  -47.890  -22.731  63.978 0.0000000000
41900  -46.164  -22.998  62.112 0.0000000000
41888  -47.312  -22.815  63.312 0.0000000000
41008  -46.439  -23.753  62.580 0.0000000000
41007  -45.900  -23.862  62.017 0.0000000000
41027  -45.420  -24.036  61.543 0.0000000000
41026  -45.034  -23.628  61.098 0.0000000000
41933  -42.924  -22.840  59.004 0.0000000000
120054  -41.779  -22.344  58.044 0.0000000000
111708  -42.560  -22.042  58.623 0.0000000000
42706  -43.299  -20.982  58.848 0.0000000000
43544  -45.244  -20.157  59.739 0.0000000000
114075  -43.870  -19.694  58.281 0.0000000000
117076  -43.404  -19.415  57.554 0.0000000000
44433  -42.519  -19.268  56.536 0.0000000000
44434  -43.189  -18.969  56.772 0.0000000000
45267  -43.729  -18.405  56.211 0.0000000000
45274  -43.468  -18.174  55.382 0.0000000000
56185  -59.696  -5.966  53.314 0.0000000000
56202  -60.042  -6.168  52.676 0.0000000000
56218  -60.234  -6.389  52.020 0.0000000000
57090  -61.170  -5.663  50.093 0.0000000000
56233  -61.466  -6.254  49.314 0.0000000000
115589  -61.543  -5.572  49.198 0.0000000000
33026  -36.005  -33.945  70.977 0.0000000000
32149  -35.759  -34.161  70.438 0.0000000000
33046  -36.387  -33.653  69.610 0.0000000000
32189  -35.643  -33.757  69.198 0.0000000000
33061  -35.003  -33.453  68.410 0.0000000000
33877  -37.703  -33.018  70.531 0.0000000000
34718  -35.036  -30.522  67.790 0.0000000000
33909  -35.067  -31.489  67.841 0.0000000000
33908  -34.566  -32.050  67.308 0.0000000000
33920  -34.142  -31.547  66.656 0.0000000000
34725  -33.774  -31.107  66.048 0.0000000000
35592  -33.615  -29.685  65.318 0.0000000000
34733  -33.478  -30.656  65.414 0.0000000000
34740  -33.177  -30.249  64.742 0.0000000000
34743  -32.432  -30.627  63.522 0.0000000000
35600  -32.847  -29.921  64.052 0.0000000000
104447  -44.182  -17.461  53.834 0.0000000000
46175  -43.532  -17.432  52.583 0.0000000000
46176  -44.385  -17.232  52.229 0.0000000000
46185  -44.631  -17.217  51.382 0.0000000000
100508  -46.538  -16.884  53.052 0.0000000000
47100  -49.239  -16.831  50.655 0.0000000000
48008  -48.827  -16.184  50.119 0.0000000000
48951  -48.705  -15.064  50.075 0.0000000000
117841  -49.549  -12.681  49.640 0.0000000000
36407  -42.667  -28.230  73.302 0.0000000000
36427  -42.779  -28.207  72.435 0.0000000000
100322  -43.286  -27.885  70.349 0.0000000000
100794  -42.530  -27.912  70.396 0.0000000000
37327  -42.514  -27.481  69.065 0.0000000000
100164  -45.080  -27.429  69.273 0.0000000000
38151  -42.435  -26.888  67.206 0.0000000000
37348  -43.100  -26.992  67.760 0.0000000000
117873  -41.763  -27.062  67.451 0.0000000000
38149  -41.101  -26.801  66.421 0.0000000000
101046  -41.367  -26.461  64.385 0.0000000000
38197  -40.437  -26.481  64.442 0.0000000000
100465  -40.750  -26.401  63.836 0.0000000000
38232  -39.600  -26.310  63.173 0.0000000000
117232  -48.435  -26.141  66.306 0.0000000000
38168  -48.152  -26.639  66.692 0.0000000000
39017  -47.924  -26.604  65.989 0.0000000000
38201  -46.147  -27.454  64.051 0.0000000000
37394  -46.317  -27.439  64.624 0.0000000000
37393  -45.927  -27.559  64.497 0.0000000000
37392  -45.436  -27.395  64.482 0.0000000000
38264  -44.230  -26.425  60.863 0.0000000000
38247  -44.506  -26.694  61.531 0.0000000000
100531  -43.990  -26.780  61.160 0.0000000000
38245  -42.920  -26.786  61.204 0.0000000000
38246  -43.699  -26.837  61.552 0.0000000000
38235  -43.122  -26.714  62.162 0.0000000000
38217  -44.227  -26.992  63.294 0.0000000000
101402  -42.327  -26.518  62.846 0.0000000000
39081  -40.436  -25.845  60.582 0.0000000000
115611  -40.652  -25.996  61.272 0.0000000000
39080  -39.461  -25.436  60.833 0.0000000000
41953  -40.326  -22.089  56.792 0.0000000000
42722  -39.788  -21.614  56.124 0.0000000000
31226  -31.984  -34.991  73.568 0.0000000000
33859  -34.643  -32.307  72.026 0.0000000000
34669  -38.563  -31.058  73.663 0.0000000000
103740  -42.106  -27.674  75.052 0.0000000000
36375  -42.975  -27.641  75.046 0.0000000000
36410  -44.987  -27.798  73.039 0.0000000000
37242  -45.308  -27.016  73.548 0.0000000000
38102  -46.282  -25.611  73.670 0.0000000000
38108  -46.631  -26.276  72.917 0.0000000000
38109  -47.102  -26.158  72.319 0.0000000000
38966  -48.256  -25.314  70.455 0.0000000000
39866  -49.025  -23.983  70.131 0.0000000000
40918  -49.332  -23.533  69.343 0.0000000000
41835  -51.054  -21.929  68.495 0.0000000000
41845  -51.115  -22.267  68.003 0.0000000000
46069  -52.423  -17.271  64.338 0.0000000000
46080  -50.941  -17.918  63.186 0.0000000000
104589  -53.112  -17.345  62.377 0.0000000000
46114  -51.481  -17.381  60.898 0.0000000000
46103  -52.881  -17.390  61.653 0.0000000000
46981  -54.211  -16.926  61.572 0.0000000000
46990  -53.910  -17.211  60.825 0.0000000000
47000  -53.175  -17.124  59.803 0.0000000000
118544  -53.530  -17.150  58.002 0.0000000000
47037  -54.446  -17.173  56.661 0.0000000000
49912  -56.380  -12.649  59.961 0.0000000000
104424  -55.714  -14.905  58.604 0.0000000000
48897  -55.883  -15.222  57.968 0.0000000000
48905  -54.890  -15.740  56.618 0.0000000000
48906  -55.624  -15.984  57.247 0.0000000000
119027  -54.130  -17.177  55.999 0.0000000000
48912  -53.306  -16.279  55.340 0.0000000000
48911  -52.303  -15.389  55.000 0.0000000000
49956  -51.364  -14.501  54.717 0.0000000000
48918  -51.050  -15.098  54.026 0.0000000000
50889  -52.962  -12.613  56.667 0.0000000000
50888  -52.215  -12.089  56.131 0.0000000000
49955  -50.615  -13.772  54.212 0.0000000000
50912  -50.109  -13.204  53.520 0.0000000000
51812  -50.343  -11.816  52.733 0.0000000000
51837  -49.885  -12.158  51.086 0.0000000000
53555  -53.084  -8.065  55.012 0.0000000000
104607  -52.552  -10.533  52.475 0.0000000000
52677  -51.142  -11.108  53.240 0.0000000000
112120  -51.675  -10.812  52.051 0.0000000000
52721  -51.939  -11.180  50.854 0.0000000000
51838  -50.532  -11.685  50.810 0.0000000000
50954  -53.243  -12.259  49.257 0.0000000000
50972  -52.895  -12.490  48.591 0.0000000000
108778  -54.361  -11.978  49.826 0.0000000000
54432  -59.518  -8.183  53.556 0.0000000000
54422  -58.864  -8.928  54.080 0.0000000000
55311  -58.306  -7.741  50.754 0.0000000000
54440  -57.672  -8.375  51.643 0.0000000000
54465  -57.837  -9.892  48.085 0.0000000000
31280  -28.016  -35.096  68.673 0.0000000000
30406  -27.464  -35.309  67.285 0.0000000000
31303  -27.796  -34.923  65.981 0.0000000000
30420  -27.176  -35.433  65.844 0.0000000000
101001  -26.879  -35.674  65.032 0.0000000000
30432  -27.148  -35.372  64.206 0.0000000000
32167  -34.418  -33.914  69.201 0.0000000000
32166  -33.299  -33.711  69.053 0.0000000000
104122  -31.386  -33.509  66.901 0.0000000000
32185  -32.253  -33.529  67.994 0.0000000000
32195  -30.640  -33.636  67.254 0.0000000000
32227  -29.239  -33.733  64.396 0.0000000000
32228  -30.269  -33.496  64.695 0.0000000000
31319  -28.389  -34.235  64.456 0.0000000000
29567  -30.627  -35.844  59.484 0.0000000000
37267  -40.851  -28.112  71.047 0.0000000000
36442  -40.221  -28.335  71.502 0.0000000000
37266  -40.114  -28.084  70.770 0.0000000000
37323  -38.385  -27.658  68.558 0.0000000000
37303  -38.563  -27.823  69.313 0.0000000000
37302  -37.798  -27.904  69.106 0.0000000000
37379  -38.112  -27.013  65.911 0.0000000000
102791  -38.357  -27.253  66.829 0.0000000000
37378  -37.221  -27.107  65.687 0.0000000000
37376  -35.195  -27.460  65.188 0.0000000000
37360  -36.421  -27.455  66.320 0.0000000000
37359  -35.432  -27.740  66.073 0.0000000000
37340  -35.774  -27.894  66.969 0.0000000000
36493  -34.706  -28.332  66.155 0.0000000000
36502  -34.280  -28.360  65.430 0.0000000000
36523  -32.615  -28.558  62.271 0.0000000000
36519  -32.776  -28.827  63.085 0.0000000000
35611  -31.865  -29.859  61.893 0.0000000000
35615  -31.779  -29.575  60.985 0.0000000000
37431  -34.122  -27.106  59.234 0.0000000000
38271  -33.844  -26.926  59.795 0.0000000000
37439  -33.805  -27.746  58.928 0.0000000000
35653  -33.697  -29.536  57.943 0.0000000000
36547  -33.141  -28.163  58.980 0.0000000000
36556  -32.831  -28.796  58.592 0.0000000000
116472  -32.653  -28.523  59.127 0.0000000000
35651  -32.581  -29.567  58.243 0.0000000000
34020  -32.788  -31.585  57.226 0.0000000000
118791  -32.402  -30.254  57.965 0.0000000000
34816  -31.998  -30.729  58.173 0.0000000000
34005  -31.621  -30.936  58.889 0.0000000000
34019  -31.806  -31.540  58.035 0.0000000000
45219  -48.806  -18.603  61.515 0.0000000000
46092  -50.646  -17.944  62.322 0.0000000000
44394  -48.829  -19.795  63.661 0.0000000000
107327  -48.492  -19.768  63.129 0.0000000000
44404  -48.397  -19.504  62.619 0.0000000000
50969  -49.762  -12.777  47.934 0.0000000000
50992  -51.467  -12.863  46.809 0.0000000000
117874  -51.125  -12.572  47.371 0.0000000000
51868  -51.585  -12.021  48.861 0.0000000000
35542  -39.264  -30.865  72.465 0.0000000000
36423  -39.515  -29.709  72.461 0.0000000000
36458  -39.471  -28.639  71.505 0.0000000000
100964  -42.986  -17.440  51.802 0.0000000000
108873  -50.665  -17.426  52.939 0.0000000000
47080  -51.034  -17.423  53.379 0.0000000000
47081  -51.556  -17.303  53.642 0.0000000000
38133  -47.660  -26.706  69.637 0.0000000000
37332  -47.360  -27.021  68.989 0.0000000000
38154  -47.536  -27.049  67.293 0.0000000000
41038  -43.110  -24.013  59.155 0.0000000000
40040  -43.317  -25.036  59.280 0.0000000000
40049  -42.231  -24.634  58.250 0.0000000000
39130  -40.502  -25.883  56.295 0.0000000000
115047  -40.951  -25.497  56.765 0.0000000000
40060  -40.031  -24.636  56.108 0.0000000000
114064  -42.134  -18.473  54.602 0.0000000000
45289  -41.447  -18.380  53.586 0.0000000000
45295  -40.356  -18.513  52.337 0.0000000000
53543  -55.390  -8.556  55.967 0.0000000000
53576  -56.936  -9.578  53.234 0.0000000000
54430  -57.558  -8.929  52.628 0.0000000000
107975  -32.566  -34.203  71.409 0.0000000000
105056  -32.519  -33.701  69.797 0.0000000000
33937  -32.272  -31.566  63.542 0.0000000000
33936  -31.845  -32.176  63.040 0.0000000000
104451  -31.484  -32.189  61.748 0.0000000000
33150  -30.851  -32.868  60.722 0.0000000000
32319  -30.449  -33.628  59.246 0.0000000000
33169  -30.846  -32.907  59.763 0.0000000000
33185  -30.950  -33.017  59.028 0.0000000000
32329  -31.513  -33.392  57.905 0.0000000000
38214  -39.128  -26.480  63.954 0.0000000000
38213  -38.102  -26.489  63.847 0.0000000000
38230  -37.898  -26.223  63.020 0.0000000000
39050  -36.774  -25.801  62.079 0.0000000000
118921  -46.155  -17.836  57.276 0.0000000000
108018  -46.765  -17.608  57.410 0.0000000000
119816  -49.576  -16.544  57.441 0.0000000000
40937  -50.381  -23.576  67.395 0.0000000000
104233  -49.742  -24.089  66.590 0.0000000000
40945  -49.711  -23.506  66.253 0.0000000000
40955  -49.207  -23.414  65.647 0.0000000000
40954  -48.595  -23.288  64.965 0.0000000000
42663  -47.728  -21.466  63.222 0.0000000000
41889  -47.633  -22.172  63.430 0.0000000000
41902  -47.154  -21.983  62.783 0.0000000000
41922  -45.160  -22.516  60.991 0.0000000000
42701  -43.089  -21.782  59.005 0.0000000000
42702  -43.708  -21.479  59.396 0.0000000000
32150  -36.762  -33.960  70.484 0.0000000000
35561  -36.793  -30.065  69.843 0.0000000000
119804  -36.621  -30.846  69.612 0.0000000000
34726  -34.165  -30.651  66.516 0.0000000000
35586  -34.401  -29.831  66.675 0.0000000000
46169  -44.877  -17.200  53.571 0.0000000000
47076  -45.600  -16.973  53.314 0.0000000000
47087  -45.758  -17.040  52.529 0.0000000000
108364  -47.504  -17.400  51.583 0.0000000000
108203  -47.475  -17.506  50.789 0.0000000000
49973  -48.977  -14.330  50.720 0.0000000000
49974  -49.290  -13.655  51.366 0.0000000000
119185  -43.917  -28.165  72.622 0.0000000000
36444  -43.558  -28.155  72.098 0.0000000000
37270  -43.421  -28.106  71.380 0.0000000000
37289  -43.668  -28.004  70.872 0.0000000000
100852  -43.911  -27.842  70.375 0.0000000000
37349  -44.673  -26.995  67.645 0.0000000000
38165  -43.389  -26.741  66.779 0.0000000000
38164  -42.503  -26.674  66.328 0.0000000000
38163  -41.749  -26.642  66.004 0.0000000000
38216  -41.453  -26.402  63.418 0.0000000000
39035  -47.298  -26.292  64.632 0.0000000000
38203  -47.161  -26.899  65.016 0.0000000000
38220  -46.422  -26.867  63.670 0.0000000000
38219  -45.793  -27.261  63.362 0.0000000000
112491  -43.096  -26.920  60.245 0.0000000000
111588  -42.384  -26.786  60.385 0.0000000000
38244  -41.918  -26.481  61.496 0.0000000000
39094  -40.568  -26.082  59.490 0.0000000000
42723  -40.531  -21.156  56.526 0.0000000000
37223  -43.081  -26.765  75.045 0.0000000000
38940  -47.407  -25.317  73.021 0.0000000000
40910  -49.998  -22.809  69.734 0.0000000000
100394  -52.575  -16.390  64.404 0.0000000000
46082  -53.180  -17.003  63.693 0.0000000000
46965  -52.897  -16.712  63.724 0.0000000000
46971  -53.456  -16.934  63.017 0.0000000000
47012  -55.082  -16.925  58.875 0.0000000000
47013  -55.572  -16.646  58.219 0.0000000000
99170  -56.646  -11.623  60.043 0.0000000000
49929  -55.759  -13.907  58.554 0.0000000000
48904  -53.802  -15.324  56.113 0.0000000000
51773  -52.542  -10.921  56.128 0.0000000000
51840  -52.248  -11.431  50.295 0.0000000000
52725  -55.247  -10.384  50.536 0.0000000000
54466  -58.314  -9.480  48.031 0.0000000000
31251  -29.017  -34.906  71.581 0.0000000000
32163  -29.797  -34.268  69.307 0.0000000000
101765  -29.201  -34.632  69.662 0.0000000000
31281  -28.621  -34.690  68.344 0.0000000000
31285  -28.037  -34.950  67.816 0.0000000000
31291  -28.087  -34.827  66.878 0.0000000000
32186  -33.068  -33.639  68.277 0.0000000000
32197  -33.196  -33.557  67.613 0.0000000000
32204  -31.823  -33.466  66.300 0.0000000000
32266  -30.214  -33.273  62.472 0.0000000000
32248  -30.218  -33.337  63.279 0.0000000000
32247  -29.307  -33.560  63.290 0.0000000000
30460  -28.226  -35.535  61.478 0.0000000000
29558  -28.655  -35.995  61.106 0.0000000000
29559  -29.164  -35.930  60.648 0.0000000000
28596  -29.794  -36.494  60.662 0.0000000000
100132  -40.041  -27.868  69.945 0.0000000000
37304  -39.984  -27.660  69.144 0.0000000000
37324  -39.233  -27.607  68.699 0.0000000000
37343  -38.262  -27.499  67.782 0.0000000000
37391  -36.561  -26.867  64.562 0.0000000000
37390  -35.686  -27.019  64.542 0.0000000000
108128  -34.809  -27.310  64.430 0.0000000000
37389  -34.096  -27.698  64.138 0.0000000000
37388  -33.659  -28.165  64.062 0.0000000000
37402  -33.588  -27.879  63.462 0.0000000000
36524  -33.092  -28.160  62.867 0.0000000000
36526  -32.564  -28.320  61.375 0.0000000000
34022  -34.272  -31.045  57.650 0.0000000000
35669  -32.938  -30.065  57.648 0.0000000000
45244  -47.001  -18.612  59.193 0.0000000000
45245  -47.750  -18.283  59.407 0.0000000000
104046  -49.589  -22.109  65.571 0.0000000000
42649  -49.846  -21.333  65.553 0.0000000000
42657  -48.668  -21.387  64.325 0.0000000000
43489  -48.765  -20.520  64.040 0.0000000000
42664  -48.262  -21.049  63.633 0.0000000000
43540  -46.212  -20.330  60.776 0.0000000000
44416  -46.388  -19.746  60.334 0.0000000000
44421  -46.664  -19.151  59.737 0.0000000000
33870  -38.544  -32.586  71.837 0.0000000000
117067  -37.564  -30.794  70.570 0.0000000000
35550  -38.824  -30.727  71.817 0.0000000000
36468  -36.700  -28.591  69.141 0.0000000000
106202  -46.897  -16.687  53.854 0.0000000000
107538  -47.921  -16.788  53.763 0.0000000000
47078  -48.406  -17.231  52.930 0.0000000000
46188  -48.484  -17.461  51.044 0.0000000000
47099  -48.829  -17.235  50.511 0.0000000000
47095  -49.374  -17.276  51.271 0.0000000000
47987  -50.333  -16.831  52.030 0.0000000000
105100  -50.060  -15.735  52.274 0.0000000000
48925  -50.113  -15.064  52.845 0.0000000000
37290  -45.133  -27.795  70.744 0.0000000000
37330  -45.585  -27.282  68.438 0.0000000000
103934  -46.673  -27.269  69.102 0.0000000000
118551  -45.167  -27.140  68.041 0.0000000000
112323  -45.797  -25.322  62.193 0.0000000000
39066  -45.383  -25.655  61.714 0.0000000000
39082  -43.932  -26.007  60.161 0.0000000000
39095  -42.970  -26.142  58.900 0.0000000000
38277  -43.194  -26.619  59.632 0.0000000000
38276  -42.618  -26.837  59.027 0.0000000000
38286  -41.096  -26.940  57.783 0.0000000000
38285  -40.377  -26.792  57.504 0.0000000000
38297  -40.686  -26.864  57.132 0.0000000000
38318  -39.366  -26.843  55.670 0.0000000000
43566  -41.389  -19.608  55.865 0.0000000000
43571  -40.115  -19.715  54.669 0.0000000000
45287  -39.663  -19.103  52.764 0.0000000000
113322  -56.407  -10.470  59.764 0.0000000000
99171  -55.157  -11.095  58.566 0.0000000000
52642  -55.687  -8.119  57.724 0.0000000000
112296  -52.378  -10.676  55.526 0.0000000000
53557  -54.278  -9.201  54.778 0.0000000000
108479  -55.742  -9.926  52.203 0.0000000000
55333  -60.494  -7.291  49.237 0.0000000000
102451  -59.880  -7.370  49.602 0.0000000000
55342  -59.305  -8.368  48.026 0.0000000000
31239  -30.512  -34.547  71.993 0.0000000000
31262  -30.092  -34.391  70.568 0.0000000000
32127  -31.447  -34.173  71.177 0.0000000000
32183  -29.846  -34.088  68.499 0.0000000000
32194  -29.892  -33.937  67.658 0.0000000000
33090  -33.120  -32.573  65.682 0.0000000000
33089  -32.442  -32.949  65.191 0.0000000000
33103  -31.019  -33.144  63.097 0.0000000000
103332  -31.423  -32.735  62.901 0.0000000000
109440  -29.784  -33.376  61.929 0.0000000000
31371  -29.505  -34.571  59.900 0.0000000000
31380  -30.646  -34.299  58.690 0.0000000000
30485  -31.049  -34.838  58.409 0.0000000000
37363  -40.293  -27.022  66.842 0.0000000000
37362  -39.321  -27.108  66.806 0.0000000000
38176  -37.941  -26.830  65.135 0.0000000000
38193  -37.247  -26.654  64.194 0.0000000000
38210  -34.876  -26.623  62.917 0.0000000000
45282  -42.688  -18.062  54.177 0.0000000000
101383  -43.037  -17.693  53.376 0.0000000000
46163  -43.473  -17.715  54.013 0.0000000000
47047  -46.577  -16.790  55.303 0.0000000000
46131  -47.024  -17.868  58.068 0.0000000000
46142  -47.469  -17.377  57.600 0.0000000000
46152  -47.218  -17.108  56.868 0.0000000000
47048  -47.580  -16.567  55.398 0.0000000000
47049  -48.692  -16.549  55.468 0.0000000000
106009  -49.889  -16.779  55.584 0.0000000000
102946  -51.117  -17.394  55.079 0.0000000000
47034  -52.038  -17.623  55.159 0.0000000000
38997  -49.409  -25.379  68.211 0.0000000000
38143  -48.948  -25.964  68.141 0.0000000000
39010  -49.159  -25.742  67.479 0.0000000000
39019  -49.282  -25.427  66.919 0.0000000000
39028  -48.263  -25.828  65.741 0.0000000000
119119  -46.897  -25.044  63.583 0.0000000000
41869  -49.114  -22.606  65.275 0.0000000000
40969  -48.010  -23.503  64.417 0.0000000000
40968  -47.501  -23.566  63.805 0.0000000000
39993  -46.622  -24.664  63.090 0.0000000000
40006  -45.609  -24.718  61.834 0.0000000000
41029  -44.049  -23.943  60.107 0.0000000000
106309  -44.548  -23.182  60.557 0.0000000000
41948  -41.546  -22.987  57.868 0.0000000000
41063  -40.471  -23.313  56.900 0.0000000000
111320  -41.448  -22.011  57.705 0.0000000000
42714  -41.621  -21.178  57.527 0.0000000000
43558  -41.579  -20.082  56.623 0.0000000000
43543  -44.637  -20.440  59.528 0.0000000000
115506  -43.575  -20.312  58.614 0.0000000000
44419  -44.983  -19.791  59.196 0.0000000000
43551  -42.645  -20.046  57.616 0.0000000000
43559  -42.206  -19.807  56.944 0.0000000000
113712  -41.956  -19.568  56.395 0.0000000000
45266  -42.923  -18.690  56.013 0.0000000000
54411  -58.735  -8.776  55.087 0.0000000000
54412  -59.116  -8.142  55.323 0.0000000000
103159  -59.859  -7.718  53.954 0.0000000000
55306  -59.910  -7.463  53.111 0.0000000000
103336  -60.119  -7.139  52.118 0.0000000000
55313  -60.469  -6.923  51.395 0.0000000000
57081  -60.520  -4.848  51.151 0.0000000000
55334  -61.020  -7.035  49.346 0.0000000000
112129  -61.261  -6.827  48.820 0.0000000000
56250  -61.330  -6.557  47.946 0.0000000000
114928  -34.908  -34.224  70.871 0.0000000000
111898  -34.771  -34.147  70.145 0.0000000000
32169  -36.320  -34.027  69.895 0.0000000000
32199  -34.392  -33.522  68.138 0.0000000000
33073  -33.788  -33.172  67.023 0.0000000000
33885  -36.323  -32.769  69.187 0.0000000000
103162  -36.067  -31.697  68.928 0.0000000000
33896  -35.088  -32.665  67.997 0.0000000000
33085  -34.029  -32.572  66.805 0.0000000000
33084  -33.450  -32.900  66.405 0.0000000000
33932  -32.565  -31.730  64.209 0.0000000000
33933  -33.036  -31.220  64.834 0.0000000000
33948  -32.028  -31.210  62.866 0.0000000000
34746  -31.776  -30.836  62.100 0.0000000000
39078  -37.065  -25.115  60.733 0.0000000000
46184  -43.812  -17.296  51.626 0.0000000000
118827  -45.891  -17.156  51.839 0.0000000000
46187  -46.569  -17.339  51.351 0.0000000000
46186  -45.613  -17.268  51.101 0.0000000000
119639  -49.098  -13.239  48.998 0.0000000000
36425  -41.000  -28.589  72.859 0.0000000000
115182  -41.493  -28.287  72.197 0.0000000000
37268  -41.545  -28.136  71.438 0.0000000000
37269  -42.862  -28.141  71.628 0.0000000000
99944  -42.286  -28.064  71.121 0.0000000000
37287  -41.632  -27.955  70.524 0.0000000000
102520  -41.348  -27.772  69.794 0.0000000000
37308  -44.548  -27.669  70.040 0.0000000000
37307  -43.700  -27.678  69.817 0.0000000000
100211  -43.354  -27.453  69.140 0.0000000000
37328  -43.832  -27.144  68.352 0.0000000000
118498  -42.994  -27.260  68.515 0.0000000000
37346  -41.302  -27.288  68.041 0.0000000000
118007  -40.129  -26.647  65.550 0.0000000000
103616  -39.976  -26.565  64.971 0.0000000000
38179  -40.758  -26.560  65.204 0.0000000000
114131  -39.754  -26.501  64.388 0.0000000000
39063  -38.112  -25.563  61.686 0.0000000000
38155  -48.465  -26.444  67.570 0.0000000000
38184  -47.277  -27.018  65.611 0.0000000000
37366  -46.692  -27.331  65.857 0.0000000000
37365  -45.906  -27.359  65.767 0.0000000000
38182  -44.840  -27.034  65.067 0.0000000000
38248  -45.113  -26.603  61.833 0.0000000000
38238  -45.324  -27.021  62.563 0.0000000000
38237  -44.684  -27.119  62.513 0.0000000000
105763  -44.314  -26.924  61.853 0.0000000000
38218  -45.119  -27.379  63.227 0.0000000000
38199  -43.935  -26.778  64.210 0.0000000000
38198  -43.219  -26.598  63.976 0.0000000000
100464  -42.307  -26.476  63.745 0.0000000000
38243  -40.863  -26.159  61.936 0.0000000000
113972  -40.026  -26.124  62.506 0.0000000000
39064  -38.966  -25.636  61.701 0.0000000000
39079  -38.544  -25.229  60.923 0.0000000000
45185  -50.639  -18.380  64.520 0.0000000000
45186  -51.518  -17.811  64.833 0.0000000000
46053  -52.275  -17.262  65.080 0.0000000000
46054  -52.491  -16.979  65.193 0.0000000000
104841  -32.760  -34.884  73.043 0.0000000000
31241  -33.691  -34.840  73.046 0.0000000000
31242  -34.150  -34.504  72.737 0.0000000000
32117  -34.523  -34.148  72.101 0.0000000000
105611  -35.012  -33.650  71.602 0.0000000000
116207  -37.888  -32.287  72.420 0.0000000000
111203  -38.168  -31.763  73.003 0.0000000000
34680  -38.964  -32.048  73.008 0.0000000000
34670  -39.208  -31.353  73.580 0.0000000000
103541  -39.489  -30.844  74.035 0.0000000000
35531  -40.342  -29.482  74.263 0.0000000000
35519  -40.880  -28.721  74.272 0.0000000000
36406  -41.756  -28.357  73.751 0.0000000000
36408  -43.431  -28.072  73.665 0.0000000000
37231  -43.408  -27.690  74.295 0.0000000000
36430  -45.230  -27.808  72.207 0.0000000000
37254  -45.936  -27.403  72.234 0.0000000000
37272  -46.325  -27.388  71.447 0.0000000000
38124  -47.457  -26.740  70.635 0.0000000000
38115  -47.422  -26.279  71.428 0.0000000000
38125  -48.042  -26.146  70.172 0.0000000000
39865  -48.570  -24.482  70.756 0.0000000000
38967  -48.914  -24.920  69.796 0.0000000000
110589  -49.476  -24.907  68.894 0.0000000000
40919  -50.194  -23.172  68.894 0.0000000000
40928  -50.376  -23.453  68.148 0.0000000000
40929  -50.772  -22.860  67.733 0.0000000000
41853  -51.015  -22.143  67.404 0.0000000000
42627  -51.409  -21.563  67.887 0.0000000000
42635  -51.441  -21.215  67.423 0.0000000000
42642  -50.830  -21.695  66.788 0.0000000000
43462  -51.097  -20.889  66.679 0.0000000000
105964  -50.617  -19.725  65.668 0.0000000000
44371  -50.390  -19.089  65.045 0.0000000000
46093  -51.928  -17.562  62.721 0.0000000000
46104  -53.945  -17.132  62.094 0.0000000000
46989  -52.214  -17.166  60.317 0.0000000000
104074  -52.412  -17.018  57.458 0.0000000000
118709  -53.044  -17.499  56.268 0.0000000000
47035  -52.894  -17.509  55.549 0.0000000000
47912  -55.450  -15.242  58.940 0.0000000000
47924  -55.842  -15.883  58.362 0.0000000000
47935  -55.350  -16.705  57.340 0.0000000000
119025  -52.248  -16.986  54.097 0.0000000000
50896  -51.589  -12.701  55.537 0.0000000000
50921  -49.543  -13.141  52.054 0.0000000000
50987  -53.392  -13.052  48.216 0.0000000000
54458  -57.964  -9.161  48.486 0.0000000000
30405  -26.823  -35.729  66.629 0.0000000000
102928  -31.343  -33.599  68.556 0.0000000000
32215  -32.213  -33.325  65.745 0.0000000000
32214  -31.475  -33.444  65.625 0.0000000000
32213  -30.592  -33.547  65.503 0.0000000000
104548  -30.048  -33.733  66.072 0.0000000000
32202  -29.274  -34.101  66.257 0.0000000000
31304  -28.103  -34.586  65.250 0.0000000000
31331  -27.575  -34.828  63.529 0.0000000000
30469  -29.275  -35.255  60.201 0.0000000000
37284  -38.623  -28.115  70.141 0.0000000000
36469  -37.324  -28.528  69.641 0.0000000000
36478  -36.381  -28.370  68.529 0.0000000000
106339  -38.874  -27.340  67.443 0.0000000000
37342  -37.509  -27.539  67.451 0.0000000000
37321  -36.811  -27.837  68.058 0.0000000000
36488  -36.034  -28.106  67.785 0.0000000000
36487  -35.356  -28.554  67.441 0.0000000000
35593  -34.159  -29.112  65.971 0.0000000000
36510  -33.478  -28.668  64.325 0.0000000000
35607  -33.012  -29.103  63.841 0.0000000000
35606  -32.558  -29.626  63.299 0.0000000000
34755  -31.633  -30.530  61.245 0.0000000000
39060  -35.548  -25.584  60.917 0.0000000000
39059  -34.786  -25.893  60.555 0.0000000000
38242  -34.959  -26.001  61.483 0.0000000000
38241  -34.163  -26.476  61.099 0.0000000000
37414  -33.519  -27.110  61.093 0.0000000000
37430  -33.493  -27.553  59.427 0.0000000000
37424  -33.266  -27.431  60.230 0.0000000000
37413  -33.001  -27.680  61.135 0.0000000000
36535  -32.661  -28.107  60.435 0.0000000000
35636  -32.336  -28.615  59.785 0.0000000000
35622  -32.150  -28.783  60.697 0.0000000000
34801  -32.017  -30.097  58.596 0.0000000000
35621  -31.844  -29.349  60.036 0.0000000000
119556  -31.543  -30.834  59.786 0.0000000000
32336  -32.153  -33.316  57.423 0.0000000000
33088  -31.912  -33.313  65.148 0.0000000000
34700  -36.104  -30.819  69.088 0.0000000000
34817  -32.456  -30.948  57.616 0.0000000000
34818  -33.603  -30.477  57.517 0.0000000000
36511  -33.921  -28.232  64.695 0.0000000000
37364  -45.656  -27.401  65.045 0.0000000000
37375  -34.488  -27.812  64.937 0.0000000000
38162  -40.550  -26.722  65.982 0.0000000000
38183  -46.725  -27.293  65.095 0.0000000000
38275  -42.119  -27.057  58.849 0.0000000000
40039  -42.795  -24.900  58.738 0.0000000000
40946  -50.153  -23.565  66.796 0.0000000000
105473  -44.066  -26.766  64.880 0.0000000000
106725  -32.507  -31.185  63.881 0.0000000000
107727  -36.261  -26.102  62.581 0.0000000000
113652  -46.062  -27.260  67.952 0.0000000000
118010  -34.508  -27.000  63.334 0.0000000000
119677  -60.276  -6.912  52.015 0.0000000000
119716  -32.249  -31.796  57.527 0.0000000000
