#!ascii label  , from subject sub-v1s5x0050745_ses-1 vox2ras=TkReg
1001
43417  14.390  -24.801  71.058 0.0000000000
100462  25.054  -25.477  78.336 0.0000000000
55938  35.167  -10.928  55.290 0.0000000000
49541  24.635  -19.166  62.828 0.0000000000
119992  27.306  -21.822  70.978 0.0000000000
63123  46.663  -4.109  47.243 0.0000000000
53268  36.209  -14.349  58.830 0.0000000000
51485  30.779  -16.402  57.215 0.0000000000
38667  13.684  -30.983  70.804 0.0000000000
101506  20.549  -23.957  74.758 0.0000000000
43414  22.101  -25.556  71.464 0.0000000000
44357  16.390  -24.574  67.599 0.0000000000
112927  40.884  -8.418  51.422 0.0000000000
47530  19.422  -20.791  77.872 0.0000000000
44238  15.166  -24.044  76.745 0.0000000000
58594  40.286  -8.026  55.521 0.0000000000
37816  13.342  -31.548  74.459 0.0000000000
34327  11.210  -35.674  75.778 0.0000000000
52341  30.065  -15.876  62.517 0.0000000000
48576  25.799  -19.821  67.069 0.0000000000
44367  26.351  -24.286  66.037 0.0000000000
43452  24.638  -25.693  68.620 0.0000000000
53250  36.003  -15.150  60.637 0.0000000000
52399  33.221  -15.566  58.040 0.0000000000
52377  33.179  -15.931  59.774 0.0000000000
55008  39.179  -13.257  60.382 0.0000000000
40583  14.558  -28.628  68.796 0.0000000000
37867  14.051  -31.058  69.218 0.0000000000
40559  14.273  -28.875  70.373 0.0000000000
45057  17.384  -23.120  73.137 0.0000000000
45080  18.311  -24.024  71.134 0.0000000000
44321  15.402  -24.582  69.332 0.0000000000
41626  15.118  -27.893  66.962 0.0000000000
56822  34.864  -10.266  52.987 0.0000000000
106893  37.935  -10.673  57.336 0.0000000000
57700  37.481  -9.199  55.564 0.0000000000
58616  37.606  -8.858  53.538 0.0000000000
109730  16.223  -25.448  78.527 0.0000000000
40508  14.319  -28.706  74.824 0.0000000000
40487  15.082  -28.678  77.083 0.0000000000
36114  12.862  -33.259  79.081 0.0000000000
36123  12.698  -33.425  77.158 0.0000000000
34307  11.534  -35.519  77.587 0.0000000000
32616  10.100  -37.752  78.581 0.0000000000
32602  10.493  -37.276  80.277 0.0000000000
49455  27.512  -18.720  69.415 0.0000000000
115507  26.517  -20.737  68.968 0.0000000000
115289  26.570  -22.663  66.646 0.0000000000
45124  26.613  -23.530  67.794 0.0000000000
43456  20.711  -24.808  68.581 0.0000000000
42535  23.463  -25.793  69.946 0.0000000000
43489  21.637  -24.858  66.523 0.0000000000
43512  22.575  -25.264  65.262 0.0000000000
50493  27.334  -17.282  62.250 0.0000000000
50511  27.122  -17.104  59.963 0.0000000000
49571  25.058  -18.566  59.828 0.0000000000
63139  49.465  -4.392  44.884 0.0000000000
105212  46.579  -4.877  45.299 0.0000000000
114334  35.640  -12.601  56.968 0.0000000000
53295  33.195  -14.362  56.750 0.0000000000
55899  38.987  -12.119  58.815 0.0000000000
43351  23.086  -25.330  76.998 0.0000000000
42482  23.951  -25.724  74.759 0.0000000000
43394  20.910  -25.125  72.924 0.0000000000
112417  19.542  -24.621  69.910 0.0000000000
44375  17.658  -24.458  66.449 0.0000000000
58611  43.710  -8.040  53.328 0.0000000000
59592  43.214  -7.256  51.019 0.0000000000
61384  43.543  -5.440  49.065 0.0000000000
108849  43.312  -5.420  46.745 0.0000000000
45877  16.546  -22.636  74.495 0.0000000000
44272  14.177  -24.462  74.173 0.0000000000
109727  17.429  -21.361  77.464 0.0000000000
45835  19.894  -22.272  75.907 0.0000000000
58614  40.457  -8.456  53.329 0.0000000000
40533  13.979  -28.701  72.744 0.0000000000
38642  13.590  -30.898  72.698 0.0000000000
117380  12.411  -33.791  73.345 0.0000000000
36965  13.503  -31.981  76.955 0.0000000000
36134  12.355  -33.776  74.728 0.0000000000
31782  10.306  -38.798  84.010 0.0000000000
52339  32.526  -15.083  62.204 0.0000000000
50462  27.532  -17.550  64.666 0.0000000000
50425  27.816  -17.704  67.333 0.0000000000
48600  25.223  -19.546  65.356 0.0000000000
102467  25.693  -21.458  65.274 0.0000000000
45157  26.453  -23.508  64.394 0.0000000000
43557  25.509  -25.197  62.994 0.0000000000
110528  24.968  -25.716  73.271 0.0000000000
43411  25.832  -25.371  71.557 0.0000000000
45104  26.768  -24.052  69.805 0.0000000000
43486  25.278  -25.286  67.118 0.0000000000
109475  24.292  -25.429  64.219 0.0000000000
52381  29.676  -15.926  59.632 0.0000000000
51488  28.053  -16.743  57.146 0.0000000000
53239  35.693  -15.044  61.355 0.0000000000
52366  34.569  -15.579  60.477 0.0000000000
52355  34.648  -15.413  61.091 0.0000000000
54115  37.100  -14.485  61.417 0.0000000000
41578  14.477  -27.219  69.638 0.0000000000
40569  14.421  -28.748  69.554 0.0000000000
42514  14.123  -26.459  70.933 0.0000000000
45071  16.107  -23.383  72.350 0.0000000000
45082  16.374  -23.550  71.478 0.0000000000
44322  14.893  -24.783  69.924 0.0000000000
42549  14.665  -26.670  68.929 0.0000000000
56808  34.668  -10.765  54.344 0.0000000000
56800  36.565  -10.424  56.100 0.0000000000
57694  37.790  -9.523  56.342 0.0000000000
56804  35.898  -10.289  55.344 0.0000000000
57707  35.676  -9.716  54.113 0.0000000000
35150  11.854  -34.599  79.813 0.0000000000
35165  11.922  -34.833  78.022 0.0000000000
34297  11.472  -35.507  78.430 0.0000000000
33466  10.766  -36.637  77.790 0.0000000000
33444  10.600  -36.906  79.408 0.0000000000
32609  10.125  -38.020  79.258 0.0000000000
47623  27.172  -20.476  70.320 0.0000000000
46723  26.890  -21.285  69.996 0.0000000000
45942  26.635  -22.266  68.698 0.0000000000
45114  26.776  -22.774  69.273 0.0000000000
100861  25.963  -24.992  77.359 0.0000000000
104264  19.338  -24.347  66.466 0.0000000000
44352  20.771  -24.551  66.733 0.0000000000
44391  20.422  -24.442  65.256 0.0000000000
44390  21.272  -24.587  65.158 0.0000000000
50485  25.654  -17.918  62.209 0.0000000000
50495  25.694  -17.865  61.181 0.0000000000
62223  46.264  -4.224  48.709 0.0000000000
63113  47.657  -3.746  48.445 0.0000000000
63128  48.313  -3.886  46.941 0.0000000000
62235  48.122  -4.221  46.250 0.0000000000
62236  46.343  -4.379  46.225 0.0000000000
54156  35.611  -13.265  57.477 0.0000000000
54164  34.234  -13.239  56.550 0.0000000000
53283  35.247  -13.971  57.876 0.0000000000
100687  32.072  -16.126  57.785 0.0000000000
104052  32.149  -15.641  56.963 0.0000000000
51496  31.010  -16.432  56.472 0.0000000000
54137  37.732  -13.882  59.528 0.0000000000
54145  37.469  -13.404  58.717 0.0000000000
55037  37.210  -12.255  57.645 0.0000000000
37862  13.785  -31.147  70.061 0.0000000000
37003  13.274  -32.383  70.822 0.0000000000
44250  21.744  -24.836  75.658 0.0000000000
43374  22.159  -25.354  75.233 0.0000000000
44261  20.948  -24.644  74.384 0.0000000000
44319  17.206  -23.971  69.826 0.0000000000
44303  18.783  -24.294  70.550 0.0000000000
102343  18.174  -24.308  68.933 0.0000000000
44355  18.186  -24.315  67.239 0.0000000000
44376  16.825  -24.627  66.627 0.0000000000
43515  16.181  -25.617  65.864 0.0000000000
45980  25.673  -22.395  63.302 0.0000000000
58628  42.181  -8.219  51.789 0.0000000000
59583  43.891  -7.786  52.373 0.0000000000
59589  42.094  -8.006  51.132 0.0000000000
60537  41.814  -7.152  48.862 0.0000000000
60539  42.247  -6.428  48.266 0.0000000000
61388  43.277  -5.255  48.139 0.0000000000
46633  18.924  -21.287  76.633 0.0000000000
46651  16.686  -22.056  75.903 0.0000000000
112606  18.273  -21.058  77.314 0.0000000000
46632  19.900  -21.767  76.575 0.0000000000
101400  18.859  -22.138  75.111 0.0000000000
58604  41.826  -8.125  54.091 0.0000000000
111107  40.274  -8.328  54.113 0.0000000000
57723  38.132  -9.144  51.957 0.0000000000
44262  14.367  -24.506  74.985 0.0000000000
118519  13.730  -25.903  73.473 0.0000000000
42484  14.254  -26.902  74.603 0.0000000000
38617  14.049  -29.931  75.013 0.0000000000
104429  13.826  -29.996  73.986 0.0000000000
37829  13.406  -31.387  73.619 0.0000000000
36993  13.026  -32.451  72.711 0.0000000000
36988  12.865  -32.689  73.595 0.0000000000
112631  13.651  -31.827  77.717 0.0000000000
107433  11.955  -34.757  76.352 0.0000000000
36128  12.563  -33.473  76.174 0.0000000000
35180  11.759  -34.968  75.556 0.0000000000
35189  11.764  -34.824  74.529 0.0000000000
51419  28.738  -17.210  64.569 0.0000000000
49479  26.705  -18.827  68.186 0.0000000000
50415  27.932  -17.839  68.168 0.0000000000
49496  26.582  -18.555  67.423 0.0000000000
49505  26.553  -18.229  66.579 0.0000000000
48589  25.538  -19.470  66.224 0.0000000000
114903  25.129  -20.508  64.937 0.0000000000
46757  25.588  -20.882  65.797 0.0000000000
100699  26.640  -23.439  66.398 0.0000000000
45967  26.533  -22.788  65.824 0.0000000000
44406  26.478  -24.055  64.685 0.0000000000
109390  25.894  -24.792  63.738 0.0000000000
44407  25.989  -24.695  64.540 0.0000000000
42492  23.126  -25.706  73.597 0.0000000000
42490  24.330  -25.708  74.344 0.0000000000
42512  23.740  -25.659  72.168 0.0000000000
108471  24.035  -25.853  69.224 0.0000000000
42521  24.558  -25.639  71.019 0.0000000000
43439  24.797  -25.647  69.489 0.0000000000
105283  26.327  -24.917  70.977 0.0000000000
43451  25.347  -25.361  68.949 0.0000000000
44332  25.906  -24.863  68.543 0.0000000000
43468  24.521  -25.718  67.744 0.0000000000
107362  22.706  -25.412  63.844 0.0000000000
43533  23.298  -25.471  64.613 0.0000000000
52340  30.819  -15.484  62.398 0.0000000000
108992  30.872  -15.631  60.965 0.0000000000
52360  30.022  -15.824  61.041 0.0000000000
110379  26.731  -17.438  58.098 0.0000000000
113124  27.285  -16.971  58.247 0.0000000000
114881  49.571  -3.950  44.390 0.0000000000
53257  36.423  -14.676  59.566 0.0000000000
53270  34.674  -15.117  58.687 0.0000000000
52376  34.251  -15.616  59.297 0.0000000000
52388  33.381  -15.883  58.940 0.0000000000
52390  31.927  -16.122  58.533 0.0000000000
54113  39.394  -13.511  62.101 0.0000000000
54129  37.904  -14.177  60.383 0.0000000000
39572  14.455  -29.325  69.012 0.0000000000
39559  14.260  -29.502  69.825 0.0000000000
39550  14.062  -29.579  70.658 0.0000000000
45891  19.363  -23.329  73.915 0.0000000000
44271  19.690  -24.047  73.195 0.0000000000
101086  18.043  -23.656  71.935 0.0000000000
45092  16.705  -23.742  70.618 0.0000000000
44339  15.738  -24.673  68.371 0.0000000000
43472  15.442  -25.683  67.302 0.0000000000
42566  15.085  -26.409  67.671 0.0000000000
41609  14.858  -27.883  67.755 0.0000000000
58637  39.438  -9.112  50.224 0.0000000000
47519  19.176  -20.499  78.526 0.0000000000
57692  39.116  -9.005  57.216 0.0000000000
58590  39.392  -8.498  56.636 0.0000000000
105609  39.523  -8.313  55.750 0.0000000000
101304  38.730  -8.572  54.213 0.0000000000
58608  37.076  -8.997  54.114 0.0000000000
57710  36.179  -9.342  53.635 0.0000000000
43362  15.166  -25.032  76.983 0.0000000000
42475  14.626  -26.972  75.554 0.0000000000
42467  15.016  -27.030  76.494 0.0000000000
110358  15.004  -28.245  76.689 0.0000000000
38603  13.908  -30.588  75.717 0.0000000000
36957  13.227  -32.562  77.660 0.0000000000
36117  12.817  -33.361  78.123 0.0000000000
35172  11.948  -34.860  77.148 0.0000000000
33475  11.086  -36.029  76.522 0.0000000000
32633  10.625  -36.610  76.873 0.0000000000
48541  27.130  -19.624  69.758 0.0000000000
47636  26.371  -20.482  68.421 0.0000000000
47660  25.977  -20.755  67.121 0.0000000000
101584  26.515  -22.002  67.864 0.0000000000
45960  26.686  -23.123  67.157 0.0000000000
113255  26.569  -24.012  66.747 0.0000000000
43442  20.811  -24.977  69.555 0.0000000000
42523  22.898  -25.705  70.819 0.0000000000
104809  21.537  -25.182  68.943 0.0000000000
43454  22.296  -25.449  68.467 0.0000000000
119950  22.978  -25.703  67.265 0.0000000000
43487  23.393  -25.703  66.582 0.0000000000
119743  22.129  -25.071  66.269 0.0000000000
44389  21.557  -24.857  64.522 0.0000000000
51443  28.697  -16.690  62.350 0.0000000000
51452  28.626  -16.503  61.462 0.0000000000
50503  27.305  -17.169  61.398 0.0000000000
50512  26.331  -17.541  59.643 0.0000000000
118662  49.621  -4.351  45.774 0.0000000000
62240  48.400  -4.537  45.573 0.0000000000
55929  35.511  -11.456  56.113 0.0000000000
55069  34.059  -12.173  55.316 0.0000000000
55054  34.476  -12.485  56.118 0.0000000000
53285  33.629  -14.794  57.580 0.0000000000
53296  32.464  -14.764  56.410 0.0000000000
55880  40.343  -12.107  60.533 0.0000000000
108363  40.356  -11.301  59.949 0.0000000000
56780  40.251  -10.615  59.468 0.0000000000
55917  38.195  -11.205  57.805 0.0000000000
55919  36.691  -11.739  57.067 0.0000000000
43349  24.054  -25.601  77.479 0.0000000000
43359  24.152  -25.685  76.646 0.0000000000
105995  23.484  -25.663  75.804 0.0000000000
43392  22.236  -25.605  73.647 0.0000000000
43415  21.583  -25.494  72.003 0.0000000000
44289  19.730  -24.594  71.747 0.0000000000
111072  19.867  -24.811  71.036 0.0000000000
43426  20.492  -25.103  70.943 0.0000000000
44317  19.824  -24.653  69.210 0.0000000000
44354  19.038  -24.347  67.132 0.0000000000
44393  18.778  -24.499  65.419 0.0000000000
119029  45.194  -6.288  51.522 0.0000000000
59598  42.053  -7.321  49.819 0.0000000000
60531  43.497  -6.469  50.425 0.0000000000
61378  44.625  -5.429  50.217 0.0000000000
61382  45.107  -4.839  49.732 0.0000000000
62225  44.598  -4.577  47.966 0.0000000000
62230  45.184  -4.427  47.320 0.0000000000
62237  45.227  -4.527  46.347 0.0000000000
45072  15.335  -23.612  72.658 0.0000000000
44281  14.130  -24.581  72.423 0.0000000000
45048  15.164  -23.404  74.374 0.0000000000
45860  15.629  -22.822  75.778 0.0000000000
45837  15.687  -22.834  76.666 0.0000000000
47521  17.729  -20.998  78.702 0.0000000000
118601  16.032  -22.938  78.163 0.0000000000
45006  16.371  -24.043  78.977 0.0000000000
44207  24.656  -25.418  78.809 0.0000000000
44223  23.732  -25.363  77.994 0.0000000000
44225  22.761  -24.926  77.318 0.0000000000
45024  21.550  -24.069  76.230 0.0000000000
45818  21.536  -22.957  77.422 0.0000000000
45036  20.549  -23.479  75.329 0.0000000000
45874  19.306  -22.814  74.483 0.0000000000
111295  17.187  -22.767  73.870 0.0000000000
58602  43.371  -8.006  53.880 0.0000000000
58613  41.977  -8.295  53.324 0.0000000000
58630  40.506  -8.536  52.007 0.0000000000
101627  39.475  -8.539  53.410 0.0000000000
58623  39.524  -8.666  52.458 0.0000000000
58638  39.271  -9.030  51.145 0.0000000000
42504  13.899  -26.425  71.818 0.0000000000
106239  14.059  -28.072  72.049 0.0000000000
39538  13.926  -29.534  71.489 0.0000000000
40520  14.131  -28.557  73.879 0.0000000000
39528  13.869  -29.437  72.401 0.0000000000
38654  13.634  -30.891  71.699 0.0000000000
36999  13.126  -32.466  71.758 0.0000000000
36150  12.481  -33.839  71.817 0.0000000000
38588  14.228  -30.460  76.907 0.0000000000
37803  13.488  -31.391  75.302 0.0000000000
36974  12.807  -32.779  75.581 0.0000000000
36981  12.732  -32.903  74.573 0.0000000000
35197  12.173  -34.212  74.021 0.0000000000
117531  10.382  -38.219  82.529 0.0000000000
115160  34.156  -14.927  62.202 0.0000000000
52325  29.975  -16.074  63.307 0.0000000000
115445  28.465  -17.192  63.722 0.0000000000
50475  27.454  -17.497  63.852 0.0000000000
50464  25.832  -17.986  63.910 0.0000000000
50436  27.549  -17.678  66.441 0.0000000000
49523  25.869  -18.224  64.882 0.0000000000
49524  25.198  -18.658  64.254 0.0000000000
47695  24.635  -20.086  63.984 0.0000000000
46773  25.300  -21.670  63.680 0.0000000000
45975  25.859  -22.251  64.224 0.0000000000
45968  26.179  -22.142  65.505 0.0000000000
45974  26.349  -22.763  64.881 0.0000000000
45165  26.322  -23.602  63.479 0.0000000000
44423  26.115  -24.617  63.205 0.0000000000
43582  25.782  -25.525  62.302 0.0000000000
45912  27.383  -22.903  71.499 0.0000000000
43358  24.632  -25.636  76.271 0.0000000000
43369  25.456  -25.328  74.815 0.0000000000
113171  25.636  -25.387  73.878 0.0000000000
113279  24.198  -25.668  71.632 0.0000000000
43412  25.317  -25.595  72.152 0.0000000000
44278  26.442  -25.025  72.631 0.0000000000
44277  27.029  -24.265  72.215 0.0000000000
110811  27.050  -23.914  70.630 0.0000000000
45090  26.978  -23.497  70.131 0.0000000000
101807  26.619  -23.810  68.913 0.0000000000
44350  26.478  -24.111  67.383 0.0000000000
44368  25.575  -24.976  66.259 0.0000000000
43510  24.197  -25.634  66.056 0.0000000000
44388  24.973  -25.356  65.693 0.0000000000
44408  25.110  -25.251  64.836 0.0000000000
43558  24.444  -25.538  63.234 0.0000000000
118189  32.461  -15.589  61.044 0.0000000000
111015  31.306  -15.750  60.185 0.0000000000
52391  31.012  -16.044  58.710 0.0000000000
51467  28.356  -16.421  59.797 0.0000000000
102291  29.251  -16.200  58.082 0.0000000000
51486  29.847  -16.424  57.252 0.0000000000
99758  45.589  -4.851  45.568 0.0000000000
53220  35.464  -14.629  62.261 0.0000000000
120645  35.127  -15.275  61.219 0.0000000000
53240  34.828  -15.060  61.765 0.0000000000
53219  36.420  -14.507  61.926 0.0000000000
43427  14.423  -25.509  70.345 0.0000000000
42524  14.361  -26.567  70.200 0.0000000000
105652  14.033  -25.575  71.325 0.0000000000
45083  15.382  -23.760  71.706 0.0000000000
44291  14.999  -24.202  70.945 0.0000000000
44306  14.764  -24.652  70.467 0.0000000000
42537  14.548  -26.194  69.570 0.0000000000
55948  34.092  -11.358  53.979 0.0000000000
55939  34.379  -11.464  54.850 0.0000000000
56801  35.852  -10.834  55.877 0.0000000000
56807  35.365  -10.249  54.617 0.0000000000
34284  11.416  -35.420  79.289 0.0000000000
33443  10.970  -36.160  78.863 0.0000000000
33434  10.959  -36.080  79.700 0.0000000000
46709  27.248  -21.234  70.712 0.0000000000
114346  27.054  -21.952  70.386 0.0000000000
45931  26.791  -22.096  69.618 0.0000000000
44220  25.716  -25.151  78.161 0.0000000000
44221  25.169  -25.447  77.660 0.0000000000
44392  19.567  -24.430  65.311 0.0000000000
44372  20.020  -24.344  66.073 0.0000000000
117959  25.385  -18.161  62.777 0.0000000000
49540  25.029  -18.452  61.587 0.0000000000
63114  46.858  -3.975  48.166 0.0000000000
63122  47.541  -3.852  47.570 0.0000000000
113982  47.382  -4.113  46.677 0.0000000000
54147  35.890  -13.843  58.179 0.0000000000
52402  31.339  -16.270  57.898 0.0000000000
52401  31.502  -16.196  57.144 0.0000000000
54138  36.972  -14.127  59.147 0.0000000000
54146  36.631  -13.670  58.447 0.0000000000
54155  36.292  -13.281  57.877 0.0000000000
106743  13.706  -31.759  69.683 0.0000000000
109597  13.555  -31.687  70.480 0.0000000000
117000  21.167  -24.525  75.014 0.0000000000
45046  20.267  -24.193  73.861 0.0000000000
44337  16.920  -24.304  68.242 0.0000000000
100039  17.428  -24.229  68.966 0.0000000000
44356  17.264  -24.377  67.342 0.0000000000
43490  16.582  -25.020  66.055 0.0000000000
43491  16.074  -25.105  66.739 0.0000000000
45987  26.036  -23.106  62.748 0.0000000000
100139  41.431  -8.406  51.977 0.0000000000
58629  41.521  -8.252  51.256 0.0000000000
60542  42.354  -6.394  47.506 0.0000000000
46634  17.858  -21.432  76.628 0.0000000000
46622  18.991  -20.905  77.352 0.0000000000
46621  19.584  -21.183  77.261 0.0000000000
59562  40.876  -7.689  56.027 0.0000000000
59571  40.989  -7.832  55.240 0.0000000000
58605  41.070  -8.102  54.455 0.0000000000
106404  40.477  -8.114  54.832 0.0000000000
44252  14.571  -24.607  75.653 0.0000000000
104851  13.900  -26.016  74.209 0.0000000000
107855  14.261  -26.109  75.071 0.0000000000
38618  13.646  -30.768  74.499 0.0000000000
112613  13.159  -32.069  73.351 0.0000000000
36987  13.103  -32.116  74.070 0.0000000000
37774  13.887  -31.333  78.108 0.0000000000
34340  11.304  -35.373  74.899 0.0000000000
105419  26.204  -19.309  67.659 0.0000000000
48588  25.941  -18.962  66.935 0.0000000000
47661  25.638  -20.380  66.428 0.0000000000
45149  26.584  -23.587  65.344 0.0000000000
44386  26.338  -24.287  65.200 0.0000000000
43402  22.253  -25.587  72.273 0.0000000000
42503  23.064  -25.612  72.651 0.0000000000
42513  22.929  -25.613  71.776 0.0000000000
43453  23.864  -25.904  68.329 0.0000000000
43438  25.486  -25.311  69.784 0.0000000000
43467  25.296  -25.353  68.093 0.0000000000
52359  30.380  -15.695  61.739 0.0000000000
51451  29.449  -16.114  61.847 0.0000000000
53249  36.530  -14.841  60.308 0.0000000000
53259  35.134  -15.236  59.301 0.0000000000
53258  35.764  -15.217  59.934 0.0000000000
103711  34.034  -15.831  60.024 0.0000000000
118237  33.701  -15.831  59.521 0.0000000000
52378  32.544  -16.032  59.141 0.0000000000
111103  39.929  -13.337  62.441 0.0000000000
53238  36.534  -14.838  61.066 0.0000000000
117596  37.906  -14.213  61.331 0.0000000000
53237  37.218  -14.536  60.736 0.0000000000
53248  37.168  -14.437  59.943 0.0000000000
106194  14.373  -28.095  70.069 0.0000000000
38666  13.976  -30.356  70.119 0.0000000000
45056  18.380  -23.356  73.081 0.0000000000
45069  18.464  -23.669  72.444 0.0000000000
107564  17.869  -23.432  72.568 0.0000000000
45093  15.754  -23.848  70.750 0.0000000000
45105  16.082  -24.012  69.784 0.0000000000
44320  15.996  -24.329  68.988 0.0000000000
105383  15.328  -25.342  68.014 0.0000000000
43457  15.108  -25.221  68.724 0.0000000000
41592  14.617  -27.420  68.902 0.0000000000
100655  14.817  -27.105  68.215 0.0000000000
40598  14.699  -28.576  68.064 0.0000000000
56795  38.493  -10.494  57.661 0.0000000000
57690  38.789  -9.710  57.443 0.0000000000
57693  38.556  -9.128  56.658 0.0000000000
57699  38.113  -8.978  55.990 0.0000000000
58591  38.734  -8.629  55.936 0.0000000000
58596  38.174  -8.778  55.376 0.0000000000
115567  38.261  -8.660  54.756 0.0000000000
57705  37.021  -9.140  54.907 0.0000000000
57711  35.448  -9.768  53.310 0.0000000000
109273  15.690  -25.226  77.859 0.0000000000
106451  15.078  -26.129  76.779 0.0000000000
43352  15.543  -26.085  77.573 0.0000000000
39493  14.691  -28.905  76.404 0.0000000000
38602  14.319  -29.730  76.155 0.0000000000
36950  13.214  -32.572  78.651 0.0000000000
34316  11.549  -35.434  76.621 0.0000000000
33465  11.166  -36.097  77.266 0.0000000000
32615  10.424  -37.174  78.244 0.0000000000
32624  10.414  -37.003  77.559 0.0000000000
31807  10.284  -37.682  79.687 0.0000000000
119794  10.073  -38.181  79.866 0.0000000000
31797  10.225  -38.037  80.577 0.0000000000
47631  26.769  -20.566  69.573 0.0000000000
48542  26.597  -19.992  69.041 0.0000000000
46743  26.285  -21.101  67.799 0.0000000000
46734  26.474  -21.337  68.499 0.0000000000
45953  26.639  -22.814  67.878 0.0000000000
43441  21.657  -25.351  69.782 0.0000000000
43471  21.447  -24.880  67.246 0.0000000000
43455  21.491  -25.008  68.059 0.0000000000
43470  22.235  -25.334  67.546 0.0000000000
100360  23.071  -25.770  68.013 0.0000000000
120214  21.910  -25.110  67.018 0.0000000000
43488  22.411  -25.337  66.752 0.0000000000
51444  28.060  -17.125  62.721 0.0000000000
51453  28.009  -16.948  61.892 0.0000000000
49549  25.070  -18.444  60.686 0.0000000000
50505  25.675  -17.930  60.213 0.0000000000
50513  25.618  -18.114  59.320 0.0000000000
99770  47.395  -4.454  45.812 0.0000000000
62241  47.686  -5.042  44.980 0.0000000000
62248  46.863  -5.466  44.658 0.0000000000
55053  35.222  -12.187  56.424 0.0000000000
54165  33.469  -13.597  56.253 0.0000000000
54166  32.747  -13.995  55.885 0.0000000000
53271  33.962  -15.292  58.405 0.0000000000
52414  31.462  -15.945  56.325 0.0000000000
52413  31.778  -15.206  55.929 0.0000000000
55007  39.835  -12.922  60.907 0.0000000000
55006  40.480  -12.670  61.460 0.0000000000
55016  38.965  -12.811  59.401 0.0000000000
119099  39.953  -11.860  59.796 0.0000000000
55898  39.470  -12.015  59.299 0.0000000000
55897  39.829  -11.284  59.337 0.0000000000
55907  39.232  -11.320  58.686 0.0000000000
55908  38.594  -11.705  58.335 0.0000000000
55038  36.341  -12.599  57.394 0.0000000000
55052  35.942  -11.974  56.749 0.0000000000
43350  23.642  -25.476  77.311 0.0000000000
43360  23.897  -25.637  76.875 0.0000000000
43361  23.552  -25.577  76.599 0.0000000000
43393  21.500  -25.332  73.606 0.0000000000
43384  22.045  -25.488  74.427 0.0000000000
43403  21.659  -25.482  72.802 0.0000000000
43416  20.963  -25.303  72.154 0.0000000000
44290  18.936  -24.074  71.944 0.0000000000
44280  19.676  -24.333  72.482 0.0000000000
102234  18.839  -24.386  69.650 0.0000000000
44302  19.391  -24.560  70.444 0.0000000000
44301  20.124  -24.861  70.249 0.0000000000
44374  18.588  -24.368  66.280 0.0000000000
101703  17.973  -24.595  65.616 0.0000000000
105756  15.305  -26.509  66.940 0.0000000000
119462  15.506  -26.643  66.270 0.0000000000
41625  15.298  -27.216  66.580 0.0000000000
119660  44.659  -7.782  53.514 0.0000000000
111691  43.349  -7.730  51.750 0.0000000000
59586  44.449  -7.359  52.064 0.0000000000
59587  43.876  -7.310  51.626 0.0000000000
60521  45.177  -6.978  52.155 0.0000000000
60526  44.516  -6.686  51.448 0.0000000000
59595  40.871  -8.253  49.870 0.0000000000
59594  41.605  -7.953  50.432 0.0000000000
60536  42.422  -6.591  49.229 0.0000000000
60535  43.117  -6.117  49.606 0.0000000000
60530  44.200  -6.127  50.692 0.0000000000
61379  43.853  -5.714  49.943 0.0000000000
61383  44.341  -5.115  49.412 0.0000000000
61392  43.218  -5.279  47.323 0.0000000000
61387  44.052  -4.902  48.523 0.0000000000
62226  43.812  -4.824  47.618 0.0000000000
62231  44.357  -4.610  47.098 0.0000000000
45895  15.836  -23.082  74.029 0.0000000000
45059  15.239  -23.502  73.514 0.0000000000
46635  16.834  -21.781  76.738 0.0000000000
45836  16.155  -22.326  76.287 0.0000000000
45820  16.198  -22.314  77.201 0.0000000000
47520  18.347  -20.653  78.653 0.0000000000
46603  17.352  -21.429  79.156 0.0000000000
45808  16.330  -22.490  78.165 0.0000000000
45796  16.654  -22.664  79.172 0.0000000000
103852  16.293  -23.144  78.720 0.0000000000
44208  23.927  -25.248  78.844 0.0000000000
45014  22.097  -24.087  77.153 0.0000000000
45819  20.735  -22.321  76.993 0.0000000000
45834  20.477  -22.602  76.252 0.0000000000
45833  21.223  -23.218  76.634 0.0000000000
45855  20.247  -22.854  75.585 0.0000000000
45856  19.615  -22.472  75.294 0.0000000000
45857  17.940  -22.048  75.103 0.0000000000
45876  17.498  -22.448  74.446 0.0000000000
45894  16.588  -22.995  73.608 0.0000000000
55070  33.460  -12.690  54.930 0.0000000000
103128  41.134  -8.334  53.669 0.0000000000
58603  42.584  -8.114  53.820 0.0000000000
58622  41.140  -8.440  52.788 0.0000000000
100671  40.198  -8.548  52.713 0.0000000000
58615  38.371  -8.686  53.479 0.0000000000
101772  38.989  -8.936  51.882 0.0000000000
57722  38.499  -9.300  51.205 0.0000000000
111356  14.082  -24.510  73.336 0.0000000000
43404  13.816  -25.497  72.155 0.0000000000
43395  13.725  -25.288  72.970 0.0000000000
100879  13.962  -27.247  73.172 0.0000000000
41540  13.974  -27.269  72.365 0.0000000000
40546  14.035  -28.840  71.777 0.0000000000
41521  14.500  -27.655  75.133 0.0000000000
114069  14.367  -28.204  74.705 0.0000000000
38629  13.761  -30.076  73.015 0.0000000000
38641  13.748  -30.168  72.052 0.0000000000
106431  13.462  -31.418  72.162 0.0000000000
101765  13.286  -31.941  72.179 0.0000000000
112392  12.661  -33.197  73.064 0.0000000000
36994  12.767  -33.144  72.201 0.0000000000
36145  12.463  -33.757  72.657 0.0000000000
100506  12.202  -34.276  72.343 0.0000000000
109483  13.927  -31.294  77.343 0.0000000000
37792  13.741  -31.297  76.383 0.0000000000
35179  12.222  -34.181  75.680 0.0000000000
110596  12.505  -33.434  75.339 0.0000000000
32592  10.584  -37.517  82.105 0.0000000000
111444  10.609  -37.512  83.034 0.0000000000
118176  10.443  -38.189  83.457 0.0000000000
116757  31.242  -15.257  63.159 0.0000000000
51431  29.356  -16.620  63.676 0.0000000000
51432  28.699  -16.955  63.255 0.0000000000
100817  28.815  -17.068  63.987 0.0000000000
50461  28.277  -17.413  64.972 0.0000000000
50474  28.227  -17.357  64.169 0.0000000000
50476  26.613  -17.635  63.475 0.0000000000
50463  26.675  -17.719  64.334 0.0000000000
49495  27.240  -18.176  67.839 0.0000000000
49515  25.529  -18.810  65.615 0.0000000000
49514  26.215  -18.215  65.750 0.0000000000
103533  25.241  -18.898  64.971 0.0000000000
48608  24.905  -19.479  64.574 0.0000000000
46763  25.466  -21.496  64.522 0.0000000000
46750  26.354  -21.795  67.050 0.0000000000
46751  25.965  -21.266  66.427 0.0000000000
46756  26.317  -22.067  66.216 0.0000000000
45979  26.207  -22.945  63.876 0.0000000000
110165  26.338  -24.136  63.181 0.0000000000
44422  26.346  -24.208  63.920 0.0000000000
43583  24.723  -25.871  62.426 0.0000000000
43372  23.942  -25.709  76.121 0.0000000000
43371  24.284  -25.694  75.763 0.0000000000
42501  24.534  -25.709  73.406 0.0000000000
43391  24.752  -25.728  73.896 0.0000000000
43380  24.987  -25.708  74.303 0.0000000000
43390  25.203  -25.668  73.486 0.0000000000
42536  22.541  -25.646  69.883 0.0000000000
117049  23.543  -25.672  71.411 0.0000000000
42522  23.853  -25.732  70.796 0.0000000000
109281  25.198  -25.552  71.298 0.0000000000
43399  25.884  -25.437  72.354 0.0000000000
44287  26.455  -24.970  71.829 0.0000000000
43437  26.193  -24.771  70.012 0.0000000000
44300  26.699  -24.395  70.525 0.0000000000
110857  27.183  -23.230  70.763 0.0000000000
45103  26.801  -23.370  69.452 0.0000000000
44351  25.964  -24.751  67.695 0.0000000000
108712  26.108  -24.583  66.872 0.0000000000
43511  23.406  -25.574  65.635 0.0000000000
116818  24.220  -25.510  65.187 0.0000000000
53222  33.424  -14.980  62.186 0.0000000000
52357  33.103  -15.455  61.282 0.0000000000
101281  32.136  -15.399  61.542 0.0000000000
118887  30.530  -15.737  60.424 0.0000000000
52380  30.584  -15.831  59.642 0.0000000000
52379  31.643  -15.937  59.348 0.0000000000
51476  29.971  -15.993  58.869 0.0000000000
51459  27.819  -16.745  60.284 0.0000000000
51458  28.494  -16.429  60.622 0.0000000000
113040  27.668  -16.727  59.468 0.0000000000
51478  27.818  -16.656  57.942 0.0000000000
51477  28.362  -16.378  58.446 0.0000000000
112557  28.452  -16.447  57.754 0.0000000000
51487  28.921  -16.488  57.221 0.0000000000
63138  50.055  -3.296  44.143 0.0000000000
107204  49.447  -2.810  43.279 0.0000000000
63999  49.812  -2.105  42.956 0.0000000000
61400  45.055  -5.484  45.307 0.0000000000
52365  35.268  -15.377  60.642 0.0000000000
52367  33.428  -15.757  60.457 0.0000000000
106193  14.528  -28.026  69.243 0.0000000000
102263  14.289  -27.345  70.552 0.0000000000
45903  16.638  -23.224  72.917 0.0000000000
45070  17.110  -23.393  72.242 0.0000000000
44305  15.311  -24.296  70.183 0.0000000000
100073  14.762  -25.875  68.981 0.0000000000
43443  14.804  -25.302  69.453 0.0000000000
56814  35.019  -10.193  53.804 0.0000000000
56799  37.410  -10.378  56.726 0.0000000000
56798  38.143  -9.961  57.049 0.0000000000
57695  37.147  -9.783  56.041 0.0000000000
57701  36.622  -9.675  55.344 0.0000000000
57702  35.954  -9.814  54.791 0.0000000000
43340  16.073  -26.138  78.289 0.0000000000
120351  15.907  -26.771  78.031 0.0000000000
42452  16.324  -26.788  78.566 0.0000000000
33453  11.116  -36.171  78.068 0.0000000000
33454  10.675  -36.766  78.542 0.0000000000
32608  10.380  -37.425  78.951 0.0000000000
46724  26.629  -21.385  69.238 0.0000000000
45115  26.685  -23.192  68.601 0.0000000000
44353  19.875  -24.427  67.082 0.0000000000
44333  20.697  -24.663  67.617 0.0000000000
44371  20.995  -24.530  65.907 0.0000000000
44409  20.778  -24.672  64.570 0.0000000000
50484  26.555  -17.564  62.632 0.0000000000
50494  26.518  -17.507  61.727 0.0000000000
62218  47.148  -4.070  49.828 0.0000000000
63107  47.013  -3.998  49.014 0.0000000000
62234  49.122  -4.245  46.202 0.0000000000
55039  35.014  -12.915  56.795 0.0000000000
54157  34.768  -13.634  57.289 0.0000000000
54158  33.964  -13.998  57.066 0.0000000000
120671  32.613  -15.733  57.710 0.0000000000
54136  38.476  -13.598  59.922 0.0000000000
54144  38.204  -13.248  59.116 0.0000000000
55023  38.364  -12.524  58.638 0.0000000000
55909  37.947  -11.978  57.981 0.0000000000
55024  37.660  -12.700  58.271 0.0000000000
55025  36.960  -13.016  58.005 0.0000000000
115621  12.838  -33.232  71.123 0.0000000000
44237  22.320  -24.839  76.602 0.0000000000
44249  22.732  -25.416  76.043 0.0000000000
44260  21.545  -25.050  74.819 0.0000000000
44269  21.366  -25.123  74.183 0.0000000000
44270  20.862  -24.869  73.667 0.0000000000
44304  18.131  -24.098  70.241 0.0000000000
44318  17.961  -24.184  69.530 0.0000000000
44335  18.884  -24.398  68.275 0.0000000000
44336  17.781  -24.291  68.165 0.0000000000
44394  17.186  -24.769  65.829 0.0000000000
105684  25.098  -21.776  62.809 0.0000000000
58619  43.584  -8.081  52.857 0.0000000000
58620  43.000  -8.134  52.283 0.0000000000
59588  42.719  -7.866  51.452 0.0000000000
59599  41.399  -7.782  49.454 0.0000000000
61385  42.789  -5.844  48.649 0.0000000000
61389  42.678  -5.746  47.752 0.0000000000
61393  42.802  -5.782  47.047 0.0000000000
45858  17.023  -22.184  75.195 0.0000000000
46650  17.431  -21.804  75.883 0.0000000000
46648  19.283  -21.852  75.860 0.0000000000
46649  18.408  -21.691  75.837 0.0000000000
59570  41.729  -7.810  54.886 0.0000000000
58625  37.806  -8.944  52.786 0.0000000000
107880  13.804  -25.178  73.771 0.0000000000
110261  14.021  -25.211  74.609 0.0000000000
42493  13.926  -26.726  73.706 0.0000000000
107063  14.055  -27.943  73.024 0.0000000000
104884  14.110  -29.283  74.421 0.0000000000
38630  13.631  -30.619  73.557 0.0000000000
37842  13.332  -31.695  72.793 0.0000000000
37773  14.245  -30.727  77.807 0.0000000000
35171  12.281  -34.184  76.695 0.0000000000
35188  12.045  -34.407  74.912 0.0000000000
51418  29.338  -16.835  64.549 0.0000000000
51407  29.506  -16.874  65.316 0.0000000000
51408  28.948  -17.207  65.194 0.0000000000
48557  26.906  -19.171  68.927 0.0000000000
49478  27.371  -18.443  68.615 0.0000000000
49504  27.123  -17.982  67.150 0.0000000000
49506  25.850  -18.712  66.260 0.0000000000
47678  25.357  -20.135  65.763 0.0000000000
43532  25.233  -25.191  63.903 0.0000000000
42483  23.524  -25.746  74.376 0.0000000000
42491  23.962  -25.758  73.949 0.0000000000
42502  23.884  -25.725  73.061 0.0000000000
42511  24.420  -25.677  72.507 0.0000000000
43440  23.102  -25.763  68.995 0.0000000000
42534  24.290  -25.737  70.115 0.0000000000
43424  25.009  -25.587  70.380 0.0000000000
43423  25.683  -25.297  70.667 0.0000000000
44316  25.870  -24.964  69.269 0.0000000000
44315  26.325  -24.426  69.117 0.0000000000
43534  22.324  -25.170  64.517 0.0000000000
43559  23.506  -25.574  63.614 0.0000000000
117518  31.642  -15.239  62.304 0.0000000000
52358  31.253  -15.471  61.635 0.0000000000
52370  29.840  -15.857  60.310 0.0000000000
50521  26.951  -17.106  58.968 0.0000000000
51468  27.684  -16.680  58.686 0.0000000000
53269  35.371  -14.592  58.569 0.0000000000
102170  35.787  -14.846  59.247 0.0000000000
52375  34.856  -15.544  59.936 0.0000000000
52389  32.627  -15.957  58.392 0.0000000000
54991  39.943  -13.269  61.793 0.0000000000
54127  39.297  -13.484  61.306 0.0000000000
54114  38.715  -13.775  61.688 0.0000000000
54128  38.612  -13.826  60.845 0.0000000000
38677  14.306  -30.116  69.153 0.0000000000
45047  19.869  -23.536  74.272 0.0000000000
109575  19.678  -23.727  73.711 0.0000000000
45068  19.076  -23.810  72.718 0.0000000000
45081  17.376  -23.667  71.334 0.0000000000
45091  17.576  -23.867  70.642 0.0000000000
99796  16.624  -24.219  69.046 0.0000000000
44338  16.301  -24.402  68.445 0.0000000000
44358  15.765  -24.962  67.585 0.0000000000
119564  15.158  -25.857  67.827 0.0000000000
41608  15.068  -27.185  67.377 0.0000000000
43458  14.912  -26.051  68.320 0.0000000000
100686  40.102  -8.659  51.066 0.0000000000
58635  40.857  -8.360  50.702 0.0000000000
58636  40.191  -8.623  50.090 0.0000000000
47506  19.648  -20.330  79.078 0.0000000000
58580  39.919  -8.994  58.220 0.0000000000
58587  39.676  -8.648  57.466 0.0000000000
101143  39.810  -8.281  54.926 0.0000000000
58595  38.932  -8.507  55.059 0.0000000000
58607  37.929  -8.717  54.181 0.0000000000
57706  36.415  -9.404  54.501 0.0000000000
58617  36.865  -9.160  53.020 0.0000000000
106467  35.904  -9.503  52.761 0.0000000000
101967  14.647  -26.146  75.927 0.0000000000
41514  14.838  -27.698  76.158 0.0000000000
42466  15.509  -27.056  77.399 0.0000000000
40495  14.601  -28.356  75.688 0.0000000000
39505  14.357  -29.145  75.440 0.0000000000
35164  12.351  -34.162  77.615 0.0000000000
48558  26.441  -19.623  68.362 0.0000000000
47645  26.112  -20.176  67.775 0.0000000000
119201  26.577  -22.532  67.307 0.0000000000
43425  21.885  -25.486  70.627 0.0000000000
120805  22.239  -25.492  69.207 0.0000000000
43469  23.712  -25.862  67.472 0.0000000000
101728  22.645  -25.352  66.046 0.0000000000
44370  21.876  -24.862  65.737 0.0000000000
115569  21.918  -24.863  65.034 0.0000000000
43535  21.926  -25.185  63.899 0.0000000000
106263  27.935  -16.793  61.073 0.0000000000
118485  27.362  -17.053  60.693 0.0000000000
50504  26.568  -17.430  60.688 0.0000000000
50522  26.170  -17.742  58.736 0.0000000000
63133  49.910  -4.277  45.434 0.0000000000
62245  49.243  -4.473  45.428 0.0000000000
62246  48.632  -4.777  44.810 0.0000000000
62247  47.516  -5.484  44.299 0.0000000000
55930  34.776  -11.749  55.706 0.0000000000
55055  33.750  -12.876  55.774 0.0000000000
53284  34.528  -14.496  57.915 0.0000000000
52400  32.882  -15.132  57.266 0.0000000000
53307  32.199  -14.523  55.442 0.0000000000
55015  39.655  -12.529  60.019 0.0000000000
56781  39.719  -10.588  58.873 0.0000000000
56791  38.721  -11.008  58.144 0.0000000000
55918  37.470  -11.331  57.344 0.0000000000
55927  36.885  -11.024  56.751 0.0000000000
44222  24.548  -25.548  77.970 0.0000000000
43348  24.554  -25.618  77.155 0.0000000000
115068  23.877  -25.711  75.448 0.0000000000
43373  22.826  -25.639  75.176 0.0000000000
43382  23.483  -25.730  75.032 0.0000000000
116408  22.437  -25.610  73.010 0.0000000000
102724  20.296  -24.559  73.058 0.0000000000
44279  20.330  -24.834  72.306 0.0000000000
101419  19.178  -24.393  71.157 0.0000000000
44288  20.411  -25.037  71.581 0.0000000000
105973  21.170  -25.366  71.324 0.0000000000
102514  21.007  -25.206  70.437 0.0000000000
44334  19.896  -24.562  68.075 0.0000000000
118565  19.417  -24.444  67.619 0.0000000000
44373  19.243  -24.347  65.885 0.0000000000
42584  15.661  -25.949  66.430 0.0000000000
42601  15.847  -26.416  65.697 0.0000000000
61372  45.582  -5.618  51.213 0.0000000000
59593  42.415  -7.572  50.677 0.0000000000
60532  42.784  -6.899  50.151 0.0000000000
60527  43.841  -6.758  51.062 0.0000000000
61373  44.901  -5.856  50.944 0.0000000000
61377  45.353  -5.175  50.496 0.0000000000
62215  45.862  -4.638  50.041 0.0000000000
62220  45.670  -4.485  49.227 0.0000000000
62221  44.854  -4.652  48.878 0.0000000000
62224  45.445  -4.410  48.334 0.0000000000
62229  46.051  -4.217  47.807 0.0000000000
99780  45.877  -4.281  46.971 0.0000000000
44292  14.573  -24.325  71.670 0.0000000000
114759  14.073  -24.909  71.709 0.0000000000
45073  14.645  -23.955  72.988 0.0000000000
45060  14.592  -23.896  73.834 0.0000000000
45859  16.231  -22.431  75.429 0.0000000000
45878  15.693  -22.879  74.899 0.0000000000
45049  14.649  -23.880  74.668 0.0000000000
45039  14.751  -23.961  75.472 0.0000000000
45026  15.213  -23.467  76.136 0.0000000000
45015  15.470  -23.469  77.012 0.0000000000
47531  18.675  -20.742  77.930 0.0000000000
47532  17.893  -20.940  78.036 0.0000000000
46612  17.297  -21.395  78.300 0.0000000000
47508  17.953  -20.795  79.484 0.0000000000
46623  16.743  -21.821  77.767 0.0000000000
45821  15.823  -22.947  77.584 0.0000000000
44226  15.466  -24.282  77.428 0.0000000000
44211  15.958  -24.453  78.290 0.0000000000
44999  16.664  -23.584  79.579 0.0000000000
44210  16.689  -25.195  79.203 0.0000000000
44206  25.463  -25.247  78.829 0.0000000000
115909  24.140  -25.481  78.234 0.0000000000
44224  23.263  -25.196  77.681 0.0000000000
44251  21.079  -24.034  75.471 0.0000000000
45025  20.854  -23.371  75.905 0.0000000000
45037  20.041  -23.169  74.936 0.0000000000
45892  18.779  -23.021  73.788 0.0000000000
45875  18.406  -22.489  74.401 0.0000000000
55949  33.798  -12.032  54.462 0.0000000000
58601  44.287  -7.883  53.790 0.0000000000
113543  42.880  -7.955  54.179 0.0000000000
58612  42.950  -8.246  53.127 0.0000000000
58621  42.147  -8.337  52.539 0.0000000000
58606  39.449  -8.433  54.333 0.0000000000
58624  38.719  -8.773  52.670 0.0000000000
115279  39.996  -8.604  52.251 0.0000000000
58631  39.733  -8.718  51.810 0.0000000000
41552  14.104  -27.330  71.447 0.0000000000
111449  13.762  -26.355  72.793 0.0000000000
106458  14.212  -28.244  71.040 0.0000000000
111546  14.138  -29.022  71.059 0.0000000000
38653  13.798  -30.233  71.116 0.0000000000
41530  14.165  -27.649  74.033 0.0000000000
39515  13.917  -29.340  73.409 0.0000000000
37854  13.436  -31.673  71.416 0.0000000000
39480  14.731  -29.428  77.111 0.0000000000
36966  12.990  -32.714  76.585 0.0000000000
36973  13.254  -32.048  75.944 0.0000000000
36980  13.058  -32.102  74.963 0.0000000000
36140  12.549  -33.439  73.878 0.0000000000
35207  12.155  -34.290  73.103 0.0000000000
32596  10.538  -37.456  81.172 0.0000000000
31789  10.294  -38.159  81.609 0.0000000000
31785  10.117  -38.804  82.119 0.0000000000
53221  34.651  -14.659  62.616 0.0000000000
120797  30.525  -15.641  63.013 0.0000000000
103021  29.363  -16.409  62.827 0.0000000000
51433  28.080  -17.292  63.462 0.0000000000
50483  27.384  -17.404  63.064 0.0000000000
50477  25.816  -17.866  63.068 0.0000000000
117200  25.152  -18.470  63.312 0.0000000000
50448  28.396  -17.418  65.797 0.0000000000
50449  27.597  -17.588  65.496 0.0000000000
50437  26.909  -17.809  65.910 0.0000000000
50450  26.778  -17.777  65.187 0.0000000000
49532  24.716  -19.270  63.702 0.0000000000
47714  24.613  -20.495  63.407 0.0000000000
47713  24.899  -20.902  63.967 0.0000000000
115357  25.972  -21.579  65.854 0.0000000000
117845  25.932  -22.044  64.905 0.0000000000
45175  26.344  -23.808  62.567 0.0000000000
44432  26.329  -24.476  62.559 0.0000000000
44433  26.096  -24.994  62.672 0.0000000000
45921  27.234  -22.465  70.869 0.0000000000
44236  25.301  -25.392  76.800 0.0000000000
43357  25.371  -25.350  75.830 0.0000000000
43381  24.492  -25.695  74.791 0.0000000000
43370  24.769  -25.654  75.291 0.0000000000
44268  26.313  -24.950  73.450 0.0000000000
43413  24.789  -25.648  71.916 0.0000000000
43401  24.928  -25.692  72.723 0.0000000000
43389  25.806  -25.491  73.068 0.0000000000
44267  26.781  -24.262  73.832 0.0000000000
105131  26.786  -24.434  73.043 0.0000000000
44286  26.875  -24.374  71.256 0.0000000000
45079  27.245  -23.717  71.417 0.0000000000
45930  26.967  -22.782  70.070 0.0000000000
120018  26.592  -23.664  68.366 0.0000000000
44331  26.423  -24.175  68.237 0.0000000000
44387  25.752  -24.840  65.431 0.0000000000
103278  24.331  -25.712  66.868 0.0000000000
44369  24.874  -25.447  66.386 0.0000000000
52356  34.035  -15.283  61.565 0.0000000000
52368  32.726  -15.747  60.540 0.0000000000
52369  31.865  -15.633  60.820 0.0000000000
106113  32.245  -15.883  59.948 0.0000000000
51475  30.405  -16.234  57.994 0.0000000000
51457  29.221  -16.089  60.919 0.0000000000
51466  29.066  -16.078  60.094 0.0000000000
117450  28.179  -16.432  59.104 0.0000000000
100525  28.943  -16.098  59.145 0.0000000000
61399  45.981  -5.426  44.948 0.0000000000
41509  15.286  -27.726  77.020 0.0000000000
42474  24.141  -25.699  75.237 0.0000000000
43363  14.714  -25.238  76.187 0.0000000000
43375  14.365  -25.277  75.419 0.0000000000
43383  22.852  -25.710  74.381 0.0000000000
43400  25.339  -25.645  72.855 0.0000000000
44239  14.863  -24.324  76.204 0.0000000000
44410  19.934  -24.649  64.635 0.0000000000
45038  15.157  -23.359  75.222 0.0000000000
45055  19.183  -23.526  73.368 0.0000000000
45058  15.943  -23.272  73.188 0.0000000000
45084  14.762  -23.969  72.265 0.0000000000
45136  26.637  -23.631  67.078 0.0000000000
45809  15.959  -23.481  78.240 0.0000000000
45893  17.939  -22.813  73.742 0.0000000000
55928  36.240  -11.225  56.463 0.0000000000
58597  37.638  -8.857  54.839 0.0000000000
63127  50.047  -4.262  46.083 0.0000000000
100087  33.993  -15.625  60.812 0.0000000000
106794  14.664  -27.949  68.501 0.0000000000
115080  24.992  -18.526  62.456 0.0000000000
117328  37.946  -12.985  58.677 0.0000000000
119238  48.047  -5.154  44.419 0.0000000000
120656  15.675  -23.673  77.697 0.0000000000
120747  44.757  -4.562  46.737 0.0000000000
