#!ascii label  , from subject sub-v1s5x0050735_ses-1 vox2ras=TkReg
1437
66323  -36.600  0.919  46.296 0.0000000000
69319  -50.094  5.561  38.052 0.0000000000
71298  -39.248  7.430  52.473 0.0000000000
64099  -45.938  -1.028  42.398 0.0000000000
62484  -44.749  -2.861  47.893 0.0000000000
69257  -42.007  5.719  42.308 0.0000000000
73855  -39.278  12.436  38.334 0.0000000000
75093  -42.000  14.623  42.629 0.0000000000
59926  -39.570  -6.514  52.535 0.0000000000
64828  -40.221  -0.353  42.276 0.0000000000
67818  -44.231  3.903  41.770 0.0000000000
101030  -43.669  3.655  47.150 0.0000000000
73148  -44.939  10.661  52.695 0.0000000000
72593  -39.146  10.739  45.266 0.0000000000
94934  -43.830  12.171  45.384 0.0000000000
74439  -44.879  14.680  37.922 0.0000000000
75046  -48.568  13.612  44.700 0.0000000000
70079  -47.055  7.581  34.418 0.0000000000
66304  -33.755  1.659  50.013 0.0000000000
67755  -39.355  2.703  51.639 0.0000000000
58417  -45.459  -8.436  41.153 0.0000000000
61701  -44.322  -3.939  44.672 0.0000000000
61697  -39.946  -4.399  44.440 0.0000000000
59980  -40.452  -6.797  48.247 0.0000000000
70694  -47.569  7.529  40.596 0.0000000000
70750  -43.754  7.508  36.042 0.0000000000
69227  -36.605  5.800  45.646 0.0000000000
70718  -37.898  8.161  38.369 0.0000000000
71429  -39.933  9.006  32.845 0.0000000000
74486  -41.515  14.147  32.050 0.0000000000
109807  -38.859  15.330  37.152 0.0000000000
65556  -38.155  0.760  43.984 0.0000000000
67051  -40.478  2.586  44.072 0.0000000000
67041  -39.582  2.456  46.178 0.0000000000
103761  -44.887  13.694  51.040 0.0000000000
73772  -44.276  11.920  48.357 0.0000000000
73774  -45.796  12.573  48.016 0.0000000000
97905  -47.701  13.031  43.366 0.0000000000
70056  -48.856  7.051  37.119 0.0000000000
69212  -32.301  4.939  48.512 0.0000000000
108694  -34.815  5.055  50.151 0.0000000000
60856  -44.506  -4.961  46.374 0.0000000000
62516  -42.475  -3.339  44.434 0.0000000000
61672  -42.379  -3.927  46.481 0.0000000000
59109  -39.922  -7.017  50.988 0.0000000000
60833  -33.392  -5.586  47.195 0.0000000000
63284  -31.228  -2.523  48.796 0.0000000000
61645  -30.275  -4.717  48.399 0.0000000000
103716  -47.059  1.033  41.546 0.0000000000
69250  -46.786  6.807  44.912 0.0000000000
69279  -47.144  7.100  43.782 0.0000000000
70010  -44.286  6.505  41.258 0.0000000000
99760  -45.637  7.889  37.324 0.0000000000
70024  -42.985  6.320  39.076 0.0000000000
69192  -39.017  4.476  52.646 0.0000000000
68489  -38.164  4.621  48.633 0.0000000000
70649  -37.004  7.690  48.533 0.0000000000
95944  -38.976  11.539  42.131 0.0000000000
72599  -37.040  10.051  42.581 0.0000000000
72631  -37.230  10.821  39.038 0.0000000000
96399  -38.880  8.754  35.742 0.0000000000
72650  -37.922  10.807  35.286 0.0000000000
72667  -39.754  11.749  31.246 0.0000000000
99642  -40.056  12.914  34.848 0.0000000000
101441  -45.143  15.048  39.607 0.0000000000
75752  -43.272  15.499  37.162 0.0000000000
75142  -40.840  15.417  39.510 0.0000000000
75151  -37.526  15.424  38.685 0.0000000000
75112  -39.428  14.558  41.871 0.0000000000
64840  -42.424  -0.500  41.204 0.0000000000
66367  -44.504  1.637  40.628 0.0000000000
67067  -41.784  2.204  41.801 0.0000000000
113332  -44.968  4.541  44.823 0.0000000000
69238  -43.584  6.163  45.667 0.0000000000
72534  -41.673  9.145  52.653 0.0000000000
72571  -39.472  10.022  48.877 0.0000000000
73189  -41.308  11.022  48.580 0.0000000000
94850  -41.353  11.629  45.351 0.0000000000
73813  -41.237  12.215  42.040 0.0000000000
74436  -42.128  13.205  38.431 0.0000000000
94796  -45.285  12.934  41.084 0.0000000000
74412  -47.290  14.008  41.103 0.0000000000
75071  -44.892  14.583  43.055 0.0000000000
70097  -45.237  7.122  31.541 0.0000000000
65536  -36.039  -0.452  49.621 0.0000000000
65539  -38.714  0.407  49.741 0.0000000000
66276  -37.105  1.313  51.811 0.0000000000
68457  -37.765  4.223  53.254 0.0000000000
71278  -39.336  6.558  54.700 0.0000000000
72531  -37.861  9.744  52.714 0.0000000000
72521  -40.197  8.956  54.977 0.0000000000
112665  -45.606  -4.826  40.681 0.0000000000
100164  -44.371  -7.202  42.444 0.0000000000
98557  -45.069  -2.968  43.480 0.0000000000
63328  -42.527  -2.195  42.327 0.0000000000
63325  -40.135  -2.115  42.604 0.0000000000
62446  -45.581  -2.519  49.760 0.0000000000
60771  -42.816  -5.141  52.989 0.0000000000
114564  -43.620  -5.403  51.089 0.0000000000
60822  -43.176  -4.477  48.498 0.0000000000
60854  -40.452  -5.742  46.311 0.0000000000
64813  -34.805  -0.821  46.036 0.0000000000
103961  -51.122  5.181  40.672 0.0000000000
67833  -45.859  3.673  41.029 0.0000000000
69282  -48.575  6.844  42.764 0.0000000000
71374  -51.297  8.794  39.173 0.0000000000
70737  -49.560  10.211  36.352 0.0000000000
71412  -47.466  9.919  33.716 0.0000000000
70788  -45.426  8.615  31.350 0.0000000000
67021  -42.202  2.829  49.656 0.0000000000
68506  -41.611  4.949  47.232 0.0000000000
69246  -39.572  5.328  43.466 0.0000000000
71974  -36.726  9.134  45.245 0.0000000000
70668  -36.159  7.346  42.402 0.0000000000
70008  -39.308  6.256  39.662 0.0000000000
70732  -40.649  7.034  37.077 0.0000000000
70774  -41.942  7.600  33.833 0.0000000000
71450  -41.634  8.201  29.499 0.0000000000
74465  -43.197  14.829  34.680 0.0000000000
75176  -39.468  14.673  34.522 0.0000000000
74476  -36.265  13.494  34.172 0.0000000000
75165  -35.860  14.457  36.870 0.0000000000
75149  -35.053  14.902  38.199 0.0000000000
66332  -37.669  1.163  44.740 0.0000000000
97443  -38.250  1.788  44.946 0.0000000000
66329  -37.929  1.719  45.765 0.0000000000
74367  -45.043  13.388  49.869 0.0000000000
74379  -47.987  13.134  47.882 0.0000000000
99831  -49.993  6.749  37.751 0.0000000000
61662  -44.885  -3.757  47.406 0.0000000000
112123  -43.873  -2.992  46.449 0.0000000000
101621  -43.946  -2.912  47.370 0.0000000000
59976  -33.372  -6.888  48.196 0.0000000000
61657  -31.565  -4.709  47.607 0.0000000000
64100  -46.512  -1.353  42.079 0.0000000000
104302  -46.124  -0.214  41.890 0.0000000000
69258  -43.522  6.350  43.150 0.0000000000
69993  -45.439  6.990  43.398 0.0000000000
69295  -43.305  6.194  41.219 0.0000000000
109753  -43.769  6.445  39.484 0.0000000000
69294  -42.269  5.819  40.621 0.0000000000
70626  -39.055  5.923  53.105 0.0000000000
69941  -37.326  6.473  49.679 0.0000000000
110817  -37.918  8.022  49.934 0.0000000000
73238  -39.108  11.964  40.704 0.0000000000
73236  -37.650  11.179  40.623 0.0000000000
73252  -37.888  11.596  38.663 0.0000000000
72637  -37.416  10.465  37.299 0.0000000000
73261  -37.838  11.563  36.959 0.0000000000
73867  -38.722  12.273  36.055 0.0000000000
95928  -39.433  12.562  37.517 0.0000000000
94946  -43.083  14.794  41.650 0.0000000000
75129  -42.865  15.295  39.748 0.0000000000
75113  -41.709  14.938  40.897 0.0000000000
75127  -40.032  15.040  40.388 0.0000000000
112349  -41.007  14.696  41.779 0.0000000000
64839  -41.570  -0.406  41.432 0.0000000000
65575  -41.947  0.442  41.158 0.0000000000
66353  -40.821  0.958  41.979 0.0000000000
67792  -41.359  3.149  45.769 0.0000000000
104082  -42.149  3.357  44.182 0.0000000000
67794  -44.439  4.141  46.463 0.0000000000
68521  -46.106  5.597  46.660 0.0000000000
68516  -45.787  5.375  47.235 0.0000000000
114074  -43.245  9.598  53.009 0.0000000000
72547  -41.647  10.144  51.060 0.0000000000
73160  -43.031  10.837  50.823 0.0000000000
73790  -43.958  12.035  46.315 0.0000000000
73204  -42.355  11.671  46.446 0.0000000000
73798  -42.935  12.109  45.024 0.0000000000
73216  -41.231  11.992  43.441 0.0000000000
94751  -43.241  12.328  43.290 0.0000000000
107029  -43.184  12.560  41.211 0.0000000000
73810  -44.065  12.428  43.395 0.0000000000
74399  -48.442  13.233  44.543 0.0000000000
73811  -47.650  13.379  42.540 0.0000000000
75074  -48.043  13.856  42.546 0.0000000000
75072  -46.432  14.459  42.372 0.0000000000
103719  -46.170  14.458  44.269 0.0000000000
98506  -46.387  7.342  33.502 0.0000000000
65508  -34.863  -0.168  51.021 0.0000000000
65510  -36.745  -0.155  51.185 0.0000000000
102119  -35.517  1.571  51.026 0.0000000000
69932  -35.520  6.349  51.122 0.0000000000
68456  -36.486  4.601  51.976 0.0000000000
69925  -36.633  6.032  52.359 0.0000000000
69926  -37.720  5.906  53.490 0.0000000000
71287  -37.177  7.729  52.917 0.0000000000
73155  -37.575  11.166  50.542 0.0000000000
72532  -38.652  9.833  53.271 0.0000000000
73133  -40.150  10.056  54.061 0.0000000000
73134  -41.205  10.026  54.681 0.0000000000
73146  -41.735  11.508  52.894 0.0000000000
61743  -45.914  -4.926  40.251 0.0000000000
60068  -45.463  -6.483  40.535 0.0000000000
59179  -44.595  -7.582  44.294 0.0000000000
60035  -44.123  -6.410  43.636 0.0000000000
60895  -44.457  -5.156  42.944 0.0000000000
61710  -44.612  -3.897  43.797 0.0000000000
63329  -44.211  -2.234  43.142 0.0000000000
62529  -43.976  -2.903  44.358 0.0000000000
61699  -41.513  -3.884  44.418 0.0000000000
62526  -40.756  -3.433  43.350 0.0000000000
62525  -39.886  -3.355  43.455 0.0000000000
60778  -40.762  -5.904  52.821 0.0000000000
59941  -42.169  -6.194  50.730 0.0000000000
59963  -42.003  -6.308  49.882 0.0000000000
60810  -43.545  -5.010  49.651 0.0000000000
60820  -41.911  -5.806  48.234 0.0000000000
60838  -41.940  -5.191  47.373 0.0000000000
59996  -40.653  -6.417  47.541 0.0000000000
64810  -34.276  -0.966  46.669 0.0000000000
63292  -33.135  -1.724  47.320 0.0000000000
67086  -50.912  3.021  39.913 0.0000000000
67069  -43.471  3.026  41.197 0.0000000000
67082  -45.398  2.773  40.768 0.0000000000
67819  -45.232  4.433  41.757 0.0000000000
69996  -47.200  7.145  43.107 0.0000000000
69280  -47.370  7.030  43.340 0.0000000000
70680  -48.693  7.294  42.612 0.0000000000
70682  -50.216  7.506  41.889 0.0000000000
70712  -49.274  7.982  40.496 0.0000000000
71382  -50.188  9.839  37.778 0.0000000000
71371  -48.972  9.126  38.434 0.0000000000
70751  -44.791  7.972  36.114 0.0000000000
70752  -46.110  8.688  36.176 0.0000000000
70764  -45.933  9.104  34.969 0.0000000000
71421  -46.365  9.272  31.977 0.0000000000
98358  -44.516  8.453  33.991 0.0000000000
99310  -39.569  1.175  51.033 0.0000000000
66316  -40.443  1.286  49.844 0.0000000000
67019  -41.093  2.190  50.346 0.0000000000
69222  -37.114  5.227  46.971 0.0000000000
96154  -39.692  4.613  47.280 0.0000000000
98244  -39.239  4.714  46.368 0.0000000000
68520  -40.272  5.196  45.046 0.0000000000
69234  -37.414  5.481  44.404 0.0000000000
72580  -39.529  10.434  47.506 0.0000000000
71972  -38.140  9.759  46.959 0.0000000000
72588  -37.924  10.109  45.210 0.0000000000
104207  -36.493  8.911  40.244 0.0000000000
71343  -36.242  8.786  42.222 0.0000000000
70692  -36.544  7.905  40.675 0.0000000000
69992  -38.008  6.132  41.092 0.0000000000
70019  -38.734  6.739  39.298 0.0000000000
70036  -39.767  6.691  38.492 0.0000000000
70730  -39.075  7.700  37.381 0.0000000000
72034  -39.077  9.317  34.326 0.0000000000
110581  -39.869  8.330  34.932 0.0000000000
71430  -40.439  8.417  33.354 0.0000000000
70785  -41.926  7.729  32.667 0.0000000000
99841  -40.520  8.732  32.208 0.0000000000
71449  -40.860  8.909  29.041 0.0000000000
71442  -40.284  9.458  31.220 0.0000000000
73887  -40.950  13.779  31.219 0.0000000000
72674  -40.009  12.210  29.508 0.0000000000
73850  -44.074  13.685  38.472 0.0000000000
74446  -42.738  13.670  37.233 0.0000000000
74447  -44.094  14.667  36.289 0.0000000000
75755  -40.183  15.483  36.823 0.0000000000
75763  -41.677  15.394  35.379 0.0000000000
75168  -38.739  14.720  35.478 0.0000000000
74470  -37.791  14.238  34.285 0.0000000000
75167  -37.758  14.677  36.290 0.0000000000
107943  -35.759  14.159  36.034 0.0000000000
75158  -36.906  14.840  37.213 0.0000000000
75124  -36.806  15.074  40.137 0.0000000000
94790  -35.883  15.217  38.682 0.0000000000
94791  -35.928  15.243  39.621 0.0000000000
75137  -34.440  15.167  39.422 0.0000000000
65560  -39.369  0.403  43.078 0.0000000000
107541  -40.296  1.570  42.900 0.0000000000
66334  -39.046  1.698  43.945 0.0000000000
67046  -39.559  2.477  45.243 0.0000000000
67786  -41.505  3.023  46.771 0.0000000000
73174  -44.622  11.646  50.606 0.0000000000
73760  -44.744  12.115  49.644 0.0000000000
73773  -44.980  12.343  48.504 0.0000000000
73791  -45.169  12.258  46.554 0.0000000000
94800  -45.038  12.375  44.673 0.0000000000
73792  -46.778  12.473  46.042 0.0000000000
74396  -49.368  12.829  45.991 0.0000000000
70069  -48.939  8.068  36.258 0.0000000000
67761  -32.930  2.979  49.135 0.0000000000
106652  -34.294  2.963  49.841 0.0000000000
69197  -33.624  5.033  49.157 0.0000000000
61689  -44.300  -4.377  45.822 0.0000000000
62518  -43.939  -3.301  45.042 0.0000000000
62507  -43.981  -3.269  45.863 0.0000000000
62505  -42.909  -3.115  45.499 0.0000000000
61687  -41.380  -4.374  45.172 0.0000000000
59938  -39.740  -6.743  51.797 0.0000000000
96881  -38.723  -7.524  49.876 0.0000000000
60847  -33.903  -4.969  46.682 0.0000000000
114216  -32.826  -3.036  46.792 0.0000000000
61658  -32.287  -4.260  47.191 0.0000000000
62468  -30.944  -3.262  48.293 0.0000000000
68526  -46.578  5.813  44.509 0.0000000000
68528  -46.850  6.177  43.416 0.0000000000
69260  -47.100  7.009  44.806 0.0000000000
69995  -46.457  7.174  42.944 0.0000000000
70011  -46.156  7.117  41.417 0.0000000000
70709  -46.219  7.458  39.060 0.0000000000
70041  -45.350  6.965  39.090 0.0000000000
70720  -44.807  7.086  38.168 0.0000000000
70053  -43.347  6.781  37.421 0.0000000000
68476  -38.991  4.040  51.492 0.0000000000
68477  -39.479  3.325  51.119 0.0000000000
69200  -38.003  5.080  50.432 0.0000000000
69214  -36.857  5.811  48.271 0.0000000000
69963  -36.303  6.421  46.831 0.0000000000
73211  -39.256  10.983  44.424 0.0000000000
72596  -37.933  10.418  43.932 0.0000000000
73219  -38.142  11.084  42.171 0.0000000000
72614  -37.062  10.578  40.909 0.0000000000
111157  -37.149  9.538  38.340 0.0000000000
71403  -38.786  8.202  36.857 0.0000000000
72017  -37.474  9.432  37.608 0.0000000000
72028  -37.903  10.001  35.694 0.0000000000
101893  -38.717  10.006  33.905 0.0000000000
72041  -39.371  10.519  32.346 0.0000000000
72659  -38.426  11.145  34.238 0.0000000000
73276  -39.035  12.071  33.750 0.0000000000
73876  -41.826  13.895  33.474 0.0000000000
75131  -45.802  14.634  39.109 0.0000000000
75153  -44.363  15.071  36.821 0.0000000000
96621  -43.907  15.359  38.580 0.0000000000
75745  -41.944  15.598  38.437 0.0000000000
75749  -39.275  15.520  37.832 0.0000000000
75152  -38.394  15.448  38.264 0.0000000000
75141  -39.612  15.317  39.646 0.0000000000
75126  -38.890  14.919  40.526 0.0000000000
75110  -38.010  14.675  41.172 0.0000000000
64842  -44.361  -0.532  41.525 0.0000000000
65578  -44.673  0.182  41.158 0.0000000000
65577  -43.781  0.089  40.921 0.0000000000
66365  -42.846  1.557  40.795 0.0000000000
67817  -43.300  3.406  41.850 0.0000000000
67054  -41.224  2.563  43.019 0.0000000000
67806  -42.773  3.447  43.001 0.0000000000
67807  -44.533  4.411  43.754 0.0000000000
107106  -46.113  5.617  45.454 0.0000000000
96007  -45.987  6.052  45.641 0.0000000000
69248  -42.722  6.067  43.664 0.0000000000
71941  -40.115  8.616  52.040 0.0000000000
71950  -38.752  8.997  49.838 0.0000000000
72545  -40.286  9.553  50.775 0.0000000000
72572  -40.593  10.666  48.726 0.0000000000
72585  -40.161  10.726  47.313 0.0000000000
97896  -43.063  11.451  49.215 0.0000000000
73203  -41.661  11.421  46.836 0.0000000000
73207  -40.483  11.217  45.644 0.0000000000
97437  -40.740  11.705  43.978 0.0000000000
73221  -40.402  11.951  42.441 0.0000000000
73825  -40.629  12.334  40.671 0.0000000000
73848  -41.017  12.655  39.477 0.0000000000
94668  -41.846  12.585  40.326 0.0000000000
73840  -43.347  13.127  39.540 0.0000000000
73841  -45.496  13.730  39.391 0.0000000000
108774  -46.885  13.083  42.183 0.0000000000
73816  -46.664  13.402  41.180 0.0000000000
74431  -46.228  14.233  39.590 0.0000000000
75115  -45.895  14.698  39.895 0.0000000000
75094  -44.535  14.795  41.496 0.0000000000
75070  -42.947  14.655  42.735 0.0000000000
65543  -36.190  0.583  47.139 0.0000000000
66319  -37.713  1.105  47.762 0.0000000000
65537  -36.995  -0.119  49.408 0.0000000000
65511  -38.057  0.313  51.220 0.0000000000
66277  -38.175  1.662  52.004 0.0000000000
112684  -35.568  2.463  50.947 0.0000000000
67747  -37.431  3.047  52.494 0.0000000000
68459  -38.666  3.720  53.153 0.0000000000
69185  -38.957  4.468  53.860 0.0000000000
70620  -39.347  5.669  54.385 0.0000000000
71289  -39.987  6.485  54.683 0.0000000000
71928  -37.060  8.725  52.524 0.0000000000
71929  -37.904  8.814  53.416 0.0000000000
71918  -39.882  7.419  55.080 0.0000000000
71280  -40.213  6.912  54.988 0.0000000000
71920  -41.578  7.816  55.195 0.0000000000
72522  -43.420  8.805  55.226 0.0000000000
72515  -45.038  9.966  55.159 0.0000000000
62561  -46.406  -3.526  40.388 0.0000000000
63340  -46.008  -2.625  42.299 0.0000000000
58373  -45.231  -8.438  43.446 0.0000000000
59215  -44.983  -7.889  41.427 0.0000000000
60909  -44.944  -5.870  41.278 0.0000000000
61734  -45.360  -4.047  41.838 0.0000000000
64087  -45.437  -1.748  42.734 0.0000000000
64086  -44.591  -1.703  42.704 0.0000000000
64084  -42.456  -1.663  41.825 0.0000000000
64095  -41.204  -1.086  41.698 0.0000000000
62528  -43.204  -2.916  44.033 0.0000000000
63326  -41.000  -2.532  42.449 0.0000000000
64081  -39.938  -1.161  42.460 0.0000000000
64824  -39.194  -0.997  42.972 0.0000000000
61604  -44.634  -4.337  53.015 0.0000000000
60791  -41.871  -6.047  51.684 0.0000000000
60793  -43.179  -5.539  51.630 0.0000000000
61617  -44.605  -4.667  51.518 0.0000000000
61627  -44.693  -4.273  50.644 0.0000000000
61637  -44.402  -3.174  48.872 0.0000000000
61648  -43.723  -3.322  48.091 0.0000000000
61660  -42.586  -4.142  47.253 0.0000000000
113427  -41.968  -4.677  46.753 0.0000000000
60865  -40.015  -5.358  45.589 0.0000000000
65549  -35.747  0.020  45.765 0.0000000000
64805  -34.889  -0.261  47.805 0.0000000000
64798  -34.544  -0.697  48.748 0.0000000000
106859  -34.172  -0.698  50.709 0.0000000000
66303  -33.088  1.215  49.952 0.0000000000
67090  -51.301  2.808  39.056 0.0000000000
68556  -51.375  4.247  39.209 0.0000000000
69310  -51.434  5.897  39.374 0.0000000000
66368  -45.371  1.271  40.889 0.0000000000
67083  -46.213  2.653  41.018 0.0000000000
68539  -47.100  6.243  43.025 0.0000000000
104130  -47.404  4.743  41.612 0.0000000000
68542  -48.777  4.408  41.621 0.0000000000
104884  -49.934  5.916  41.974 0.0000000000
102310  -51.317  6.787  40.643 0.0000000000
70043  -51.537  6.999  38.882 0.0000000000
70739  -51.014  9.249  37.635 0.0000000000
71406  -50.002  10.145  35.958 0.0000000000
70766  -49.267  10.098  34.590 0.0000000000
70736  -48.136  9.443  36.989 0.0000000000
71404  -49.218  10.335  34.965 0.0000000000
70779  -48.028  9.626  33.066 0.0000000000
70778  -47.441  9.096  32.359 0.0000000000
70107  -46.091  8.447  31.287 0.0000000000
70105  -44.186  7.429  30.560 0.0000000000
67036  -39.215  1.916  47.466 0.0000000000
100959  -41.492  2.322  48.660 0.0000000000
67784  -43.029  3.434  48.564 0.0000000000
67779  -41.172  3.537  49.668 0.0000000000
68492  -41.930  4.025  49.165 0.0000000000
68501  -44.255  4.751  48.231 0.0000000000
69230  -42.910  5.792  46.297 0.0000000000
69229  -41.724  5.564  45.231 0.0000000000
69256  -41.135  5.553  42.688 0.0000000000
71962  -37.936  9.038  48.413 0.0000000000
71326  -36.948  8.654  47.162 0.0000000000
70656  -35.911  7.468  45.790 0.0000000000
71980  -36.611  9.321  43.840 0.0000000000
71338  -35.859  8.139  43.615 0.0000000000
69974  -35.899  6.922  43.863 0.0000000000
69253  -37.667  5.830  42.566 0.0000000000
94803  -39.125  5.559  41.689 0.0000000000
69292  -40.637  5.589  40.744 0.0000000000
70022  -41.236  6.070  39.167 0.0000000000
70749  -42.824  7.184  36.045 0.0000000000
70746  -39.878  7.798  36.139 0.0000000000
70760  -41.420  7.368  35.587 0.0000000000
95706  -42.877  7.603  34.537 0.0000000000
70786  -42.831  7.808  32.770 0.0000000000
70798  -43.602  7.739  30.487 0.0000000000
72675  -40.133  11.005  29.061 0.0000000000
74445  -41.865  13.437  36.958 0.0000000000
74464  -42.414  14.199  34.365 0.0000000000
74471  -42.097  14.477  33.831 0.0000000000
75161  -43.849  15.139  35.441 0.0000000000
75177  -41.928  14.688  33.807 0.0000000000
75188  -40.868  14.461  32.511 0.0000000000
74478  -39.097  14.385  33.148 0.0000000000
74477  -37.020  13.496  33.124 0.0000000000
73281  -35.756  11.939  34.227 0.0000000000
75150  -36.746  15.236  38.246 0.0000000000
75157  -35.002  14.485  37.338 0.0000000000
75053  -42.681  14.618  44.025 0.0000000000
75069  -41.284  14.596  43.509 0.0000000000
75067  -39.532  14.661  43.527 0.0000000000
75090  -38.300  14.546  42.832 0.0000000000
75089  -37.503  14.602  42.714 0.0000000000
66328  -37.081  1.109  45.551 0.0000000000
66324  -37.339  1.330  46.545 0.0000000000
60823  -45.541  -3.495  48.092 0.0000000000
62483  -44.275  -2.946  47.470 0.0000000000
59975  -32.496  -6.714  48.277 0.0000000000
64844  -46.554  -0.599  41.908 0.0000000000
69278  -43.970  6.480  42.559 0.0000000000
69277  -42.697  5.948  41.788 0.0000000000
69276  -41.610  5.628  41.241 0.0000000000
71297  -38.396  7.158  51.452 0.0000000000
71308  -38.553  8.250  50.576 0.0000000000
73838  -38.956  12.117  39.886 0.0000000000
108160  -38.392  11.800  39.755 0.0000000000
73245  -38.599  12.056  39.106 0.0000000000
104502  -38.056  11.775  37.810 0.0000000000
73253  -38.609  12.140  38.134 0.0000000000
73861  -38.841  12.378  37.009 0.0000000000
94793  -41.951  14.754  41.693 0.0000000000
64838  -40.844  -0.366  41.777 0.0000000000
65574  -41.150  0.357  41.625 0.0000000000
65564  -40.538  0.316  42.091 0.0000000000
114534  -42.295  3.278  46.538 0.0000000000
67793  -42.685  3.442  45.900 0.0000000000
67795  -44.952  4.647  47.601 0.0000000000
72536  -44.898  9.983  53.894 0.0000000000
73147  -43.781  10.245  52.377 0.0000000000
73161  -44.195  11.036  51.299 0.0000000000
73789  -43.042  11.940  45.958 0.0000000000
73803  -42.894  12.230  44.129 0.0000000000
107670  -43.412  12.334  43.813 0.0000000000
73804  -43.763  12.313  44.341 0.0000000000
75057  -48.179  13.728  43.464 0.0000000000
75056  -47.587  14.200  43.305 0.0000000000
75045  -47.553  14.216  44.388 0.0000000000
70068  -47.603  7.649  35.265 0.0000000000
99682  -35.612  0.429  51.236 0.0000000000
66288  -34.689  1.180  50.622 0.0000000000
70625  -35.800  7.120  51.506 0.0000000000
70618  -36.707  6.719  52.540 0.0000000000
71286  -36.420  7.542  52.163 0.0000000000
73145  -40.611  11.234  52.570 0.0000000000
59224  -45.518  -7.634  40.633 0.0000000000
60881  -44.199  -5.224  43.971 0.0000000000
62530  -44.360  -3.201  44.190 0.0000000000
61698  -40.742  -4.281  44.436 0.0000000000
61709  -40.964  -3.897  43.909 0.0000000000
61708  -40.291  -3.920  43.906 0.0000000000
62524  -39.103  -3.181  43.682 0.0000000000
62515  -39.514  -3.838  44.015 0.0000000000
59918  -40.046  -6.187  52.866 0.0000000000
59961  -40.794  -6.918  49.729 0.0000000000
97810  -40.932  -6.783  48.900 0.0000000000
59982  -42.075  -6.103  49.161 0.0000000000
59981  -41.502  -6.382  48.782 0.0000000000
59997  -41.145  -6.418  48.173 0.0000000000
107980  -40.093  -6.714  47.644 0.0000000000
63298  -33.941  -2.541  46.123 0.0000000000
112272  -34.103  -1.973  46.033 0.0000000000
63297  -33.227  -2.433  46.695 0.0000000000
67824  -49.242  3.451  41.468 0.0000000000
67831  -44.275  3.389  41.100 0.0000000000
70012  -46.993  7.309  41.720 0.0000000000
70679  -47.772  7.254  42.583 0.0000000000
70695  -48.463  7.569  41.455 0.0000000000
70711  -48.547  8.078  39.804 0.0000000000
102188  -48.019  8.251  39.130 0.0000000000
95097  -44.629  8.321  35.055 0.0000000000
66292  -40.014  1.948  51.011 0.0000000000
66306  -40.461  1.520  50.494 0.0000000000
69228  -37.087  5.279  46.132 0.0000000000
68503  -37.728  4.886  46.582 0.0000000000
68511  -37.807  4.960  45.801 0.0000000000
68518  -38.014  5.081  45.011 0.0000000000
98373  -37.205  5.375  45.283 0.0000000000
72584  -39.485  10.569  46.705 0.0000000000
72583  -38.652  10.248  46.440 0.0000000000
72589  -38.502  10.352  45.600 0.0000000000
71369  -36.673  9.053  39.560 0.0000000000
114549  -36.541  8.431  40.402 0.0000000000
70707  -37.513  7.796  39.292 0.0000000000
70018  -37.924  7.023  39.681 0.0000000000
70708  -38.323  7.387  38.855 0.0000000000
70035  -39.040  6.995  38.567 0.0000000000
111592  -38.695  7.608  38.085 0.0000000000
71419  -39.703  8.750  34.070 0.0000000000
111936  -39.791  9.500  32.286 0.0000000000
73888  -41.498  14.130  31.895 0.0000000000
73894  -40.177  13.410  30.447 0.0000000000
73895  -41.091  13.876  31.394 0.0000000000
74485  -40.279  14.347  31.916 0.0000000000
74438  -44.803  14.402  37.826 0.0000000000
74448  -44.569  14.863  37.128 0.0000000000
75160  -40.293  15.300  35.717 0.0000000000
108035  -38.885  15.006  36.142 0.0000000000
75166  -36.708  14.381  36.165 0.0000000000
75159  -37.951  15.006  37.000 0.0000000000
66337  -39.231  1.099  43.432 0.0000000000
66336  -38.683  1.125  43.791 0.0000000000
67045  -38.778  2.184  45.504 0.0000000000
67042  -40.433  2.789  45.984 0.0000000000
67038  -40.654  2.571  47.157 0.0000000000
73749  -45.257  11.912  51.396 0.0000000000
95433  -45.047  12.648  50.378 0.0000000000
74377  -45.163  12.719  49.043 0.0000000000
73784  -45.088  12.246  47.653 0.0000000000
73785  -46.215  12.441  47.121 0.0000000000
74389  -48.786  12.684  47.033 0.0000000000
74397  -49.698  12.991  45.859 0.0000000000
70055  -47.874  6.382  37.024 0.0000000000
67777  -32.945  3.784  48.897 0.0000000000
68474  -33.608  4.217  49.213 0.0000000000
68488  -32.980  4.560  48.812 0.0000000000
61673  -44.280  -3.543  46.456 0.0000000000
62482  -43.549  -3.003  46.747 0.0000000000
62494  -43.484  -3.029  46.116 0.0000000000
62493  -42.916  -3.180  46.266 0.0000000000
61688  -42.222  -3.783  45.739 0.0000000000
59991  -35.559  -6.671  47.535 0.0000000000
60834  -34.275  -5.796  47.083 0.0000000000
60848  -34.769  -5.220  46.580 0.0000000000
61659  -33.060  -4.686  46.870 0.0000000000
61646  -30.876  -4.196  48.009 0.0000000000
62467  -30.265  -3.704  48.552 0.0000000000
68524  -47.135  6.810  44.833 0.0000000000
68527  -47.061  6.560  44.607 0.0000000000
69251  -46.858  7.142  44.494 0.0000000000
108660  -44.389  6.583  42.160 0.0000000000
69994  -45.611  7.044  42.742 0.0000000000
97398  -45.251  6.786  41.405 0.0000000000
70026  -45.823  6.994  39.958 0.0000000000
95925  -45.162  6.741  40.187 0.0000000000
94931  -43.826  6.615  38.633 0.0000000000
70054  -43.956  6.871  37.720 0.0000000000
70040  -43.171  6.564  38.123 0.0000000000
70635  -36.930  7.031  48.869 0.0000000000
69199  -37.285  5.819  49.366 0.0000000000
69956  -36.830  6.460  48.594 0.0000000000
69960  -36.520  6.453  47.693 0.0000000000
70648  -36.602  7.113  48.074 0.0000000000
73215  -39.439  11.291  43.572 0.0000000000
94445  -38.757  11.186  42.916 0.0000000000
72626  -37.169  10.756  40.071 0.0000000000
72625  -36.799  10.200  39.660 0.0000000000
72011  -36.872  9.984  38.879 0.0000000000
101321  -37.169  10.222  38.178 0.0000000000
72643  -37.632  10.624  36.289 0.0000000000
96112  -38.571  9.510  35.115 0.0000000000
72651  -38.319  10.343  34.710 0.0000000000
72660  -38.779  10.789  33.363 0.0000000000
73868  -39.786  12.787  35.808 0.0000000000
73874  -38.833  12.304  35.199 0.0000000000
73875  -40.034  12.933  33.858 0.0000000000
73869  -41.588  13.634  34.442 0.0000000000
75130  -44.980  15.117  38.796 0.0000000000
75128  -41.262  15.187  40.216 0.0000000000
75143  -42.324  15.471  39.144 0.0000000000
75744  -40.486  15.588  38.725 0.0000000000
75743  -39.193  15.514  38.776 0.0000000000
108812  -39.489  14.745  41.079 0.0000000000
75125  -37.845  14.983  40.318 0.0000000000
75111  -38.767  14.605  41.466 0.0000000000
64841  -43.388  -0.587  41.252 0.0000000000
65576  -42.867  0.143  40.884 0.0000000000
66355  -42.125  1.469  41.196 0.0000000000
67068  -42.649  2.467  41.339 0.0000000000
67058  -42.484  3.019  42.124 0.0000000000
67053  -40.600  2.225  43.218 0.0000000000
67804  -43.480  3.787  44.171 0.0000000000
67803  -41.970  3.152  43.420 0.0000000000
108079  -43.372  3.638  42.558 0.0000000000
69240  -45.973  5.814  46.763 0.0000000000
69239  -45.330  6.271  46.182 0.0000000000
97766  -44.413  6.435  45.163 0.0000000000
71942  -40.817  8.825  52.451 0.0000000000
73159  -42.069  10.677  50.371 0.0000000000
72558  -41.295  10.510  50.025 0.0000000000
72573  -41.070  10.721  49.213 0.0000000000
73188  -40.739  10.925  47.935 0.0000000000
73759  -43.991  11.697  49.342 0.0000000000
73191  -43.234  11.593  48.515 0.0000000000
94851  -42.428  11.548  47.256 0.0000000000
97438  -41.707  11.575  46.120 0.0000000000
95249  -41.052  11.312  46.273 0.0000000000
73212  -40.635  11.493  44.758 0.0000000000
73809  -41.759  12.218  42.729 0.0000000000
73808  -40.987  12.059  42.799 0.0000000000
73228  -40.352  12.119  41.590 0.0000000000
73826  -41.174  12.308  41.229 0.0000000000
73827  -41.997  12.402  41.278 0.0000000000
112146  -44.026  12.630  41.531 0.0000000000
73828  -44.945  13.122  40.418 0.0000000000
95120  -44.142  13.112  39.933 0.0000000000
73806  -46.818  12.628  44.285 0.0000000000
73805  -46.302  12.672  43.345 0.0000000000
74413  -47.800  14.067  41.893 0.0000000000
73817  -47.615  13.705  41.777 0.0000000000
74423  -46.748  14.041  40.134 0.0000000000
75116  -46.672  14.142  40.193 0.0000000000
95231  -45.483  14.623  41.889 0.0000000000
98430  -43.953  14.636  42.937 0.0000000000
70087  -45.833  7.208  32.414 0.0000000000
99533  -36.148  0.090  48.352 0.0000000000
65544  -36.922  0.576  48.080 0.0000000000
66289  -36.461  0.311  51.404 0.0000000000
65528  -37.576  -0.166  50.797 0.0000000000
66290  -37.290  0.298  51.407 0.0000000000
66291  -38.632  0.991  51.418 0.0000000000
112068  -37.853  0.879  51.631 0.0000000000
67763  -34.310  3.810  49.705 0.0000000000
67754  -35.133  3.281  50.484 0.0000000000
68465  -34.947  4.286  50.270 0.0000000000
67746  -36.967  3.747  52.380 0.0000000000
67748  -38.297  3.149  52.862 0.0000000000
99961  -38.091  3.676  53.248 0.0000000000
68458  -38.658  4.183  53.607 0.0000000000
69184  -38.589  4.580  53.758 0.0000000000
69920  -38.621  5.875  54.237 0.0000000000
69927  -38.866  5.227  54.180 0.0000000000
69921  -39.338  5.915  54.516 0.0000000000
70612  -39.505  6.160  54.494 0.0000000000
72543  -37.253  10.365  51.331 0.0000000000
71938  -36.257  9.345  51.292 0.0000000000
71939  -37.086  9.579  52.015 0.0000000000
72520  -39.561  8.700  54.663 0.0000000000
71930  -38.806  8.725  54.175 0.0000000000
71919  -40.614  7.886  54.878 0.0000000000
71911  -41.169  8.429  55.431 0.0000000000
73135  -42.643  10.421  54.731 0.0000000000
72513  -42.228  9.030  55.577 0.0000000000
73129  -43.816  9.898  55.430 0.0000000000
72514  -44.342  9.559  55.196 0.0000000000
62569  -46.795  -4.036  39.523 0.0000000000
103534  -46.249  -4.312  40.095 0.0000000000
61742  -45.786  -4.092  40.877 0.0000000000
62552  -46.207  -3.069  41.351 0.0000000000
62551  -45.799  -3.382  41.802 0.0000000000
59188  -44.298  -7.274  43.647 0.0000000000
58366  -44.985  -8.102  44.070 0.0000000000
59205  -44.442  -7.659  42.961 0.0000000000
58389  -44.860  -8.327  42.795 0.0000000000
58405  -44.655  -7.934  42.208 0.0000000000
102405  -44.633  -7.370  41.785 0.0000000000
60058  -44.527  -6.613  41.888 0.0000000000
61722  -45.045  -3.895  42.899 0.0000000000
62541  -45.556  -3.128  42.656 0.0000000000
63331  -45.528  -2.398  42.840 0.0000000000
63330  -45.017  -2.326  43.188 0.0000000000
111014  -43.305  -2.327  42.841 0.0000000000
64085  -43.402  -1.799  42.273 0.0000000000
64083  -41.648  -1.874  41.934 0.0000000000
62517  -43.443  -3.068  44.901 0.0000000000
100074  -42.283  -3.183  43.570 0.0000000000
63317  -40.336  -2.893  42.916 0.0000000000
62539  -41.541  -3.077  42.981 0.0000000000
64082  -40.721  -1.646  42.110 0.0000000000
110914  -39.499  -1.717  42.865 0.0000000000
62445  -45.005  -2.711  49.294 0.0000000000
96069  -42.914  -4.616  53.579 0.0000000000
101422  -43.670  -4.630  53.193 0.0000000000
62420  -44.197  -3.984  53.778 0.0000000000
59939  -40.500  -6.612  51.482 0.0000000000
59928  -41.071  -6.232  51.996 0.0000000000
60800  -42.999  -5.723  50.855 0.0000000000
60792  -42.532  -5.836  51.437 0.0000000000
60794  -43.962  -5.199  51.665 0.0000000000
60802  -44.186  -4.994  50.878 0.0000000000
109021  -43.230  -5.019  49.145 0.0000000000
61636  -43.693  -4.232  49.049 0.0000000000
61647  -43.068  -3.945  47.850 0.0000000000
60836  -40.774  -6.047  46.933 0.0000000000
60855  -41.285  -5.390  46.639 0.0000000000
60866  -40.882  -5.107  45.763 0.0000000000
63304  -35.596  -2.052  45.129 0.0000000000
63305  -36.341  -2.426  44.807 0.0000000000
64070  -35.593  -1.368  45.181 0.0000000000
64818  -35.883  -0.959  45.024 0.0000000000
64814  -35.451  -0.726  45.504 0.0000000000
65546  -35.567  0.176  46.562 0.0000000000
64811  -34.895  -0.287  46.852 0.0000000000
104155  -33.924  -0.903  48.177 0.0000000000
64804  -34.348  -0.624  47.560 0.0000000000
97783  -31.925  -2.874  47.667 0.0000000000
63291  -32.528  -2.446  47.399 0.0000000000
63285  -31.948  -2.310  48.356 0.0000000000
65524  -32.496  -0.176  50.454 0.0000000000
109033  -32.316  0.942  49.887 0.0000000000
111331  -32.523  1.722  49.556 0.0000000000
66377  -51.493  2.359  38.325 0.0000000000
66376  -51.024  1.871  38.904 0.0000000000
67835  -50.774  3.574  40.430 0.0000000000
67842  -51.238  3.574  39.558 0.0000000000
68551  -51.221  4.293  40.114 0.0000000000
104880  -51.416  5.049  39.722 0.0000000000
65590  -44.852  0.832  40.852 0.0000000000
104681  -45.583  0.404  41.386 0.0000000000
69281  -47.855  6.951  43.145 0.0000000000
68540  -47.409  5.919  42.497 0.0000000000
68541  -48.078  5.558  41.989 0.0000000000
105308  -47.930  4.284  41.553 0.0000000000
105806  -49.155  5.717  42.052 0.0000000000
69283  -49.557  6.798  42.521 0.0000000000
70697  -50.665  7.691  40.903 0.0000000000
70683  -50.784  7.261  41.395 0.0000000000
70698  -51.114  7.725  40.416 0.0000000000
70029  -51.682  7.764  39.292 0.0000000000
70044  -51.637  8.203  38.652 0.0000000000
70058  -51.179  7.926  38.033 0.0000000000
70059  -51.392  8.929  38.151 0.0000000000
71381  -49.610  9.962  37.292 0.0000000000
71394  -50.293  10.105  36.836 0.0000000000
70754  -49.862  9.912  35.279 0.0000000000
71405  -49.577  10.197  35.322 0.0000000000
70721  -45.901  7.716  38.110 0.0000000000
70722  -47.025  8.313  38.017 0.0000000000
70735  -47.005  8.884  36.888 0.0000000000
103973  -47.296  9.766  34.857 0.0000000000
71392  -48.058  10.066  35.384 0.0000000000
71413  -48.690  10.224  34.146 0.0000000000
70780  -48.561  10.042  33.750 0.0000000000
71423  -48.134  9.936  33.211 0.0000000000
71433  -47.414  9.442  32.526 0.0000000000
71431  -46.363  8.807  31.502 0.0000000000
70800  -45.719  8.338  31.138 0.0000000000
70106  -45.328  7.913  30.832 0.0000000000
70799  -44.744  8.048  30.676 0.0000000000
66314  -38.463  0.830  48.740 0.0000000000
66320  -38.756  1.373  48.111 0.0000000000
66307  -41.279  1.852  50.101 0.0000000000
67032  -41.028  1.775  49.315 0.0000000000
67783  -42.059  2.838  48.023 0.0000000000
67034  -42.359  2.844  49.154 0.0000000000
96496  -38.986  4.076  49.962 0.0000000000
67778  -39.977  3.469  50.058 0.0000000000
68491  -39.916  4.068  49.132 0.0000000000
109521  -40.786  4.684  47.548 0.0000000000
68498  -40.612  4.365  48.537 0.0000000000
68499  -42.056  4.546  48.349 0.0000000000
67781  -43.650  4.230  48.529 0.0000000000
95674  -42.851  4.962  47.884 0.0000000000
68507  -44.079  5.205  47.933 0.0000000000
68515  -42.682  5.390  47.097 0.0000000000
69236  -39.388  5.206  44.200 0.0000000000
69237  -40.638  5.399  44.127 0.0000000000
69247  -41.316  5.581  43.535 0.0000000000
95471  -40.257  5.409  43.065 0.0000000000
71951  -39.267  9.452  49.732 0.0000000000
71963  -38.729  9.475  48.828 0.0000000000
71971  -37.373  9.300  46.646 0.0000000000
71967  -37.643  9.204  47.520 0.0000000000
71970  -36.679  8.762  46.218 0.0000000000
96946  -36.375  8.041  46.800 0.0000000000
96140  -36.328  8.540  45.552 0.0000000000
72595  -37.231  9.935  43.649 0.0000000000
70677  -36.140  8.123  41.895 0.0000000000
71339  -36.232  8.888  43.151 0.0000000000
70665  -35.883  7.479  43.267 0.0000000000
106686  -35.770  7.567  43.926 0.0000000000
69977  -36.108  6.918  43.117 0.0000000000
69243  -36.989  6.039  42.997 0.0000000000
69979  -37.095  6.253  42.195 0.0000000000
70007  -38.498  6.323  40.242 0.0000000000
69273  -38.393  5.801  41.557 0.0000000000
111269  -39.382  5.625  41.029 0.0000000000
69274  -39.958  5.512  41.331 0.0000000000
105901  -39.845  5.633  40.701 0.0000000000
69301  -40.920  5.777  39.897 0.0000000000
70021  -40.554  6.062  39.338 0.0000000000
70049  -40.223  6.838  37.844 0.0000000000
70050  -41.048  6.610  37.803 0.0000000000
112372  -41.412  6.771  37.193 0.0000000000
70748  -41.370  7.055  36.515 0.0000000000
113641  -38.635  8.636  36.381 0.0000000000
70745  -39.202  8.225  36.241 0.0000000000
94919  -41.197  7.636  34.641 0.0000000000
70759  -40.411  7.815  35.377 0.0000000000
94802  -42.079  7.477  34.723 0.0000000000
70775  -42.667  7.663  33.933 0.0000000000
105978  -41.971  7.853  31.467 0.0000000000
100209  -42.910  7.818  31.278 0.0000000000
99446  -42.470  7.807  30.138 0.0000000000
70811  -42.734  7.461  30.040 0.0000000000
70810  -42.027  7.788  29.495 0.0000000000
72047  -39.981  11.321  30.152 0.0000000000
100507  -39.795  12.401  29.529 0.0000000000
105608  -39.843  11.364  29.146 0.0000000000
73857  -41.169  13.011  38.214 0.0000000000
73856  -40.464  12.915  37.507 0.0000000000
74456  -43.327  14.332  35.717 0.0000000000
74455  -42.191  13.732  35.624 0.0000000000
75178  -42.436  14.707  34.273 0.0000000000
75758  -43.984  15.192  36.195 0.0000000000
75757  -42.993  15.452  36.329 0.0000000000
100634  -40.387  15.040  34.707 0.0000000000
75169  -41.925  15.145  34.322 0.0000000000
105653  -41.165  14.781  33.691 0.0000000000
75183  -40.317  14.615  33.458 0.0000000000
73879  -36.135  12.826  33.729 0.0000000000
97499  -35.425  13.438  34.950 0.0000000000
74462  -35.194  13.790  35.639 0.0000000000
74454  -34.962  14.122  36.452 0.0000000000
94662  -37.679  15.264  37.807 0.0000000000
94789  -35.883  14.868  37.783 0.0000000000
75156  -34.186  14.487  37.716 0.0000000000
75051  -40.750  14.836  44.312 0.0000000000
75068  -40.423  14.617  43.509 0.0000000000
75050  -39.912  14.971  44.265 0.0000000000
75066  -38.657  14.750  43.545 0.0000000000
66333  -38.410  1.447  44.315 0.0000000000
67040  -38.827  2.142  46.437 0.0000000000
74368  -45.554  13.515  49.083 0.0000000000
74388  -47.095  12.716  47.531 0.0000000000
75021  -46.674  13.592  48.515 0.0000000000
75022  -47.856  13.946  48.508 0.0000000000
75023  -49.432  13.442  48.001 0.0000000000
96390  -49.816  7.756  37.251 0.0000000000
104142  -31.974  5.620  48.330 0.0000000000
69955  -32.725  5.977  48.650 0.0000000000
60839  -44.614  -4.225  46.856 0.0000000000
61661  -44.370  -3.322  47.024 0.0000000000
94534  -44.020  -2.905  46.912 0.0000000000
62481  -42.923  -3.339  46.834 0.0000000000
59988  -32.919  -6.237  47.697 0.0000000000
60832  -32.412  -5.353  47.415 0.0000000000
59987  -32.175  -6.125  47.866 0.0000000000
64106  -46.933  -1.721  41.304 0.0000000000
65579  -46.715  0.217  41.669 0.0000000000
69259  -45.310  6.869  44.012 0.0000000000
95070  -44.335  6.510  40.262 0.0000000000
70009  -43.394  6.255  40.185 0.0000000000
113697  -42.828  6.035  40.409 0.0000000000
70023  -42.525  6.023  39.819 0.0000000000
69942  -38.030  5.658  51.053 0.0000000000
100194  -38.077  6.299  51.278 0.0000000000
70636  -37.477  7.322  49.724 0.0000000000
73227  -39.412  11.864  41.475 0.0000000000
111080  -38.403  11.492  41.282 0.0000000000
73237  -38.343  11.666  40.326 0.0000000000
73244  -37.818  11.458  39.672 0.0000000000
101100  -37.466  11.146  38.018 0.0000000000
73268  -38.045  11.554  35.829 0.0000000000
75114  -43.383  15.084  40.457 0.0000000000
111941  -40.398  14.774  41.241 0.0000000000
75091  -40.126  14.550  42.491 0.0000000000
66354  -41.405  1.225  41.645 0.0000000000
67797  -41.522  3.218  44.787 0.0000000000
67802  -41.250  2.855  43.767 0.0000000000
67798  -43.232  3.636  45.128 0.0000000000
67799  -45.200  4.611  45.766 0.0000000000
67800  -45.864  5.102  46.961 0.0000000000
111352  -46.090  5.556  46.989 0.0000000000
69231  -44.917  6.049  46.750 0.0000000000
72535  -42.815  8.788  54.006 0.0000000000
72548  -42.531  10.014  51.905 0.0000000000
73172  -42.545  11.170  49.685 0.0000000000
73783  -44.159  11.957  47.257 0.0000000000
73199  -43.301  11.681  47.692 0.0000000000
73782  -43.184  11.774  46.828 0.0000000000
73208  -42.226  11.837  45.614 0.0000000000
73213  -41.372  11.868  44.283 0.0000000000
73797  -42.131  12.035  44.665 0.0000000000
73802  -42.186  12.189  43.574 0.0000000000
73814  -42.160  12.336  41.983 0.0000000000
73815  -42.915  12.361  42.411 0.0000000000
94798  -44.426  12.567  42.253 0.0000000000
73807  -48.168  12.994  44.030 0.0000000000
74403  -48.066  13.606  43.091 0.0000000000
74406  -47.978  13.904  42.250 0.0000000000
75096  -47.695  14.132  41.669 0.0000000000
75095  -46.954  14.226  41.034 0.0000000000
75073  -47.624  14.168  42.396 0.0000000000
110185  -46.603  14.420  43.242 0.0000000000
75055  -45.332  14.528  43.740 0.0000000000
65526  -35.691  -0.528  50.550 0.0000000000
65527  -36.626  -0.387  50.559 0.0000000000
65509  -35.815  -0.262  51.110 0.0000000000
110978  -36.207  1.029  51.447 0.0000000000
69190  -35.145  5.681  50.548 0.0000000000
104108  -35.486  4.869  50.890 0.0000000000
69191  -36.005  5.491  51.583 0.0000000000
69183  -37.199  5.056  52.818 0.0000000000
105133  -37.928  5.200  53.594 0.0000000000
70619  -37.421  6.740  53.283 0.0000000000
71277  -38.339  6.675  54.114 0.0000000000
72544  -38.052  10.597  51.718 0.0000000000
72533  -39.384  9.928  53.724 0.0000000000
102844  -40.681  9.139  55.159 0.0000000000
61749  -46.464  -4.994  39.619 0.0000000000
60916  -46.056  -5.907  39.892 0.0000000000
60915  -45.520  -5.472  40.592 0.0000000000
98590  -44.181  -7.038  43.077 0.0000000000
60048  -44.260  -6.334  42.752 0.0000000000
113060  -44.196  -5.839  43.295 0.0000000000
63319  -44.499  -2.754  43.700 0.0000000000
63318  -43.760  -2.593  43.613 0.0000000000
62527  -41.582  -3.538  43.717 0.0000000000
63316  -39.484  -2.523  43.168 0.0000000000
59123  -40.074  -7.190  50.096 0.0000000000
59950  -40.672  -6.820  50.621 0.0000000000
102286  -41.410  -6.588  50.255 0.0000000000
60809  -42.818  -5.685  49.813 0.0000000000
60801  -43.583  -5.283  50.384 0.0000000000
60821  -42.667  -5.373  48.798 0.0000000000
105236  -42.581  -4.853  48.001 0.0000000000
60837  -41.297  -5.954  47.451 0.0000000000
62502  -35.657  -3.055  45.314 0.0000000000
110921  -35.078  -2.338  45.454 0.0000000000
64067  -34.383  -1.518  46.043 0.0000000000
64062  -33.768  -1.724  46.523 0.0000000000
99580  -33.337  -1.313  48.236 0.0000000000
67089  -50.640  2.369  39.788 0.0000000000
68550  -50.619  4.393  40.979 0.0000000000
67080  -43.885  2.434  40.711 0.0000000000
111081  -45.131  2.046  40.676 0.0000000000
67081  -44.647  2.667  40.703 0.0000000000
67832  -45.070  3.653  41.011 0.0000000000
103712  -47.700  7.035  43.202 0.0000000000
69997  -48.115  7.073  42.955 0.0000000000
69998  -49.032  7.227  42.729 0.0000000000
70681  -49.560  7.419  42.357 0.0000000000
70696  -50.020  7.860  41.185 0.0000000000
71360  -50.074  8.642  39.686 0.0000000000
71383  -50.812  9.665  38.024 0.0000000000
71372  -49.497  8.929  39.082 0.0000000000
71422  -47.245  9.607  32.665 0.0000000000
70763  -45.909  9.297  33.515 0.0000000000
70777  -45.237  8.801  32.689 0.0000000000
66305  -39.662  0.826  50.307 0.0000000000
66315  -39.382  0.936  49.301 0.0000000000
67020  -41.775  2.362  50.007 0.0000000000
68496  -37.875  4.769  47.445 0.0000000000
68497  -38.996  4.468  48.092 0.0000000000
68504  -38.602  4.649  46.941 0.0000000000
68505  -40.356  4.823  46.643 0.0000000000
68514  -41.261  5.223  46.115 0.0000000000
68513  -39.796  4.942  45.758 0.0000000000
68519  -39.054  5.035  44.960 0.0000000000
69235  -38.307  5.224  44.205 0.0000000000
72570  -39.152  10.098  48.070 0.0000000000
71968  -38.423  9.649  47.829 0.0000000000
72579  -38.887  10.177  47.264 0.0000000000
100512  -37.860  9.847  46.012 0.0000000000
71975  -37.363  9.683  45.222 0.0000000000
72603  -36.677  9.977  41.224 0.0000000000
71986  -36.486  9.363  41.676 0.0000000000
114462  -36.321  8.186  41.239 0.0000000000
70678  -36.396  7.566  41.487 0.0000000000
69991  -37.271  6.479  41.411 0.0000000000
70006  -37.541  6.707  40.575 0.0000000000
70020  -39.941  6.293  39.158 0.0000000000
70719  -39.441  7.195  37.924 0.0000000000
70731  -39.817  7.331  37.270 0.0000000000
71410  -39.273  8.797  35.009 0.0000000000
71411  -39.582  8.261  35.586 0.0000000000
71420  -40.427  8.114  34.399 0.0000000000
70773  -41.138  7.865  33.627 0.0000000000
70784  -41.194  8.200  32.242 0.0000000000
70797  -41.677  8.216  30.728 0.0000000000
71443  -40.990  8.798  30.541 0.0000000000
72049  -40.399  9.683  29.159 0.0000000000
105619  -40.266  12.780  31.500 0.0000000000
73288  -40.238  13.084  30.288 0.0000000000
73294  -39.973  12.966  29.631 0.0000000000
73849  -42.599  13.152  39.076 0.0000000000
74437  -43.943  13.908  37.602 0.0000000000
74457  -43.707  15.098  35.399 0.0000000000
75756  -41.543  15.555  36.575 0.0000000000
75182  -38.806  14.461  34.216 0.0000000000
75175  -37.845  14.424  35.224 0.0000000000
74463  -36.444  14.003  35.016 0.0000000000
75140  -37.593  15.315  39.506 0.0000000000
75139  -36.732  15.363  39.155 0.0000000000
75138  -35.119  15.204  39.078 0.0000000000
75148  -34.330  14.905  38.598 0.0000000000
94792  -35.146  15.215  39.954 0.0000000000
65563  -39.954  0.344  42.586 0.0000000000
66342  -40.370  1.003  42.469 0.0000000000
66341  -39.807  1.041  42.960 0.0000000000
66338  -39.821  1.818  43.495 0.0000000000
67049  -38.880  2.067  44.676 0.0000000000
67050  -39.627  2.293  44.338 0.0000000000
67047  -40.424  2.795  44.997 0.0000000000
73162  -45.264  11.318  52.151 0.0000000000
107494  -44.678  12.252  45.725 0.0000000000
96456  -45.895  12.409  45.429 0.0000000000
73799  -47.555  12.669  44.950 0.0000000000
73786  -47.786  12.564  46.559 0.0000000000
73793  -48.484  12.755  45.471 0.0000000000
73800  -48.617  12.955  44.827 0.0000000000
74400  -49.344  13.121  45.467 0.0000000000
67018  -33.628  2.599  49.597 0.0000000000
107725  -34.228  2.203  50.048 0.0000000000
67762  -33.601  3.415  49.357 0.0000000000
68475  -34.270  4.668  49.622 0.0000000000
69213  -33.033  5.266  48.799 0.0000000000
102177  -33.537  5.868  49.113 0.0000000000
69198  -34.337  5.622  49.694 0.0000000000
60017  -44.129  -6.028  44.964 0.0000000000
60874  -44.145  -5.073  45.000 0.0000000000
100917  -44.212  -3.853  45.349 0.0000000000
62506  -43.569  -3.077  45.548 0.0000000000
61700  -42.108  -3.711  45.023 0.0000000000
59088  -39.029  -6.889  52.103 0.0000000000
59108  -39.162  -7.169  51.329 0.0000000000
59122  -39.316  -7.346  50.470 0.0000000000
94948  -37.913  -7.600  50.146 0.0000000000
100882  -39.470  -7.384  49.681 0.0000000000
99115  -33.640  -4.094  46.478 0.0000000000
62491  -33.433  -3.226  46.444 0.0000000000
61667  -32.900  -3.778  46.750 0.0000000000
62480  -32.310  -3.326  47.184 0.0000000000
63290  -31.477  -2.879  48.078 0.0000000000
62479  -31.587  -3.622  47.657 0.0000000000
68538  -45.831  5.165  42.859 0.0000000000
69261  -47.180  7.057  44.355 0.0000000000
69980  -46.750  7.184  44.112 0.0000000000
69981  -46.824  7.198  43.766 0.0000000000
70027  -46.579  7.281  40.268 0.0000000000
70710  -47.189  7.864  39.133 0.0000000000
70025  -44.493  6.653  39.294 0.0000000000
70734  -44.800  7.554  37.106 0.0000000000
70733  -43.918  7.235  36.897 0.0000000000
68468  -38.992  3.434  52.372 0.0000000000
107578  -38.202  4.617  49.768 0.0000000000
69215  -37.452  5.186  48.960 0.0000000000
69219  -37.235  5.187  47.890 0.0000000000
69218  -36.658  5.797  47.361 0.0000000000
69967  -36.190  6.354  46.006 0.0000000000
72592  -38.419  10.516  44.675 0.0000000000
73210  -38.605  10.850  43.766 0.0000000000
72601  -37.855  10.621  43.032 0.0000000000
72600  -37.508  10.598  42.173 0.0000000000
73226  -37.583  10.898  41.466 0.0000000000
72604  -37.047  10.335  41.692 0.0000000000
72613  -36.708  10.128  40.451 0.0000000000
72010  -36.712  9.662  39.420 0.0000000000
71380  -37.377  8.913  38.281 0.0000000000
71391  -38.399  8.206  37.554 0.0000000000
96497  -37.817  8.693  37.729 0.0000000000
71390  -38.113  8.852  36.970 0.0000000000
71402  -38.267  9.256  36.110 0.0000000000
72023  -37.682  9.725  36.636 0.0000000000
72035  -39.418  9.598  33.150 0.0000000000
73283  -39.264  11.783  32.825 0.0000000000
73275  -38.503  11.742  34.795 0.0000000000
73881  -40.597  13.230  32.380 0.0000000000
73882  -41.662  14.031  32.450 0.0000000000
97344  -45.281  14.615  38.666 0.0000000000
75144  -44.870  14.964  37.759 0.0000000000
75746  -43.662  15.435  37.894 0.0000000000
75751  -41.666  15.638  37.603 0.0000000000
75750  -40.264  15.626  37.806 0.0000000000
109290  -38.203  15.486  39.009 0.0000000000
95266  -38.541  15.276  39.654 0.0000000000
95279  -37.153  14.750  40.950 0.0000000000
64829  -45.032  -1.083  42.357 0.0000000000
64843  -45.334  -0.404  41.827 0.0000000000
65589  -44.108  0.815  40.692 0.0000000000
105008  -42.572  0.863  40.854 0.0000000000
65588  -43.274  0.808  40.686 0.0000000000
66366  -43.613  1.552  40.632 0.0000000000
67079  -43.219  2.219  40.832 0.0000000000
66343  -40.962  1.834  42.397 0.0000000000
67057  -41.786  2.707  42.599 0.0000000000
97464  -44.454  4.324  42.660 0.0000000000
68523  -46.923  6.521  45.042 0.0000000000
69249  -45.030  6.667  44.610 0.0000000000
71940  -39.322  8.594  51.115 0.0000000000
101190  -39.710  9.315  50.550 0.0000000000
72556  -39.841  9.916  49.701 0.0000000000
72557  -40.545  10.306  49.702 0.0000000000
104835  -40.041  10.359  49.002 0.0000000000
72581  -39.941  10.499  48.186 0.0000000000
73202  -40.309  10.931  46.490 0.0000000000
73173  -43.534  11.357  50.072 0.0000000000
73190  -42.252  11.325  48.694 0.0000000000
98098  -42.546  11.492  47.971 0.0000000000
73198  -41.657  11.301  47.764 0.0000000000
94447  -40.910  11.112  47.107 0.0000000000
73201  -39.735  10.846  45.862 0.0000000000
94446  -39.876  11.117  45.037 0.0000000000
95248  -40.047  11.383  44.188 0.0000000000
73220  -39.641  11.593  42.748 0.0000000000
94849  -40.370  11.712  43.303 0.0000000000
108327  -39.771  11.828  42.090 0.0000000000
113936  -39.853  12.133  40.953 0.0000000000
73839  -39.821  12.319  40.165 0.0000000000
73847  -39.786  12.509  39.021 0.0000000000
109993  -42.798  12.664  40.528 0.0000000000
74429  -45.226  14.046  38.554 0.0000000000
94799  -44.792  12.439  43.733 0.0000000000
94797  -45.430  12.641  42.681 0.0000000000
73830  -46.177  13.543  40.357 0.0000000000
73829  -46.303  13.959  39.612 0.0000000000
74430  -45.914  14.371  39.139 0.0000000000
98461  -46.125  14.562  40.695 0.0000000000
96459  -44.418  15.000  40.622 0.0000000000
66318  -36.915  0.962  47.130 0.0000000000
65538  -37.783  0.440  48.944 0.0000000000
112309  -37.333  -0.289  50.239 0.0000000000
111489  -37.935  -0.126  50.026 0.0000000000
101267  -38.655  0.357  50.686 0.0000000000
67007  -39.049  2.019  51.762 0.0000000000
67005  -34.873  2.317  50.434 0.0000000000
66275  -36.222  1.973  51.485 0.0000000000
68466  -35.827  3.989  51.204 0.0000000000
67006  -36.269  3.004  51.535 0.0000000000
66997  -36.942  2.346  51.970 0.0000000000
66998  -37.762  2.342  52.368 0.0000000000
66999  -38.450  2.544  52.377 0.0000000000
67749  -38.806  3.049  52.486 0.0000000000
68467  -38.831  4.114  53.227 0.0000000000
69933  -39.123  5.069  53.435 0.0000000000
70627  -39.578  6.098  53.965 0.0000000000
71288  -38.098  7.740  53.836 0.0000000000
71917  -39.165  7.543  54.676 0.0000000000
71279  -39.947  6.642  54.878 0.0000000000
71290  -40.071  7.404  53.640 0.0000000000
71931  -40.767  7.567  54.380 0.0000000000
71932  -41.409  7.995  54.191 0.0000000000
71933  -41.948  8.023  54.713 0.0000000000
71912  -41.739  8.266  55.436 0.0000000000
71913  -42.285  8.402  55.353 0.0000000000
106177  -43.922  9.341  54.144 0.0000000000
72523  -44.602  9.580  55.016 0.0000000000
72524  -45.244  10.107  54.794 0.0000000000
73137  -44.917  10.862  55.166 0.0000000000
63349  -46.662  -2.616  40.824 0.0000000000
63341  -46.464  -2.182  41.882 0.0000000000
63332  -46.047  -1.849  42.543 0.0000000000
97883  -45.298  -4.860  41.146 0.0000000000
60908  -44.539  -5.801  42.119 0.0000000000
61733  -44.866  -4.934  41.962 0.0000000000
64098  -43.927  -1.186  41.871 0.0000000000
64097  -42.909  -1.207  41.539 0.0000000000
64096  -41.998  -1.163  41.487 0.0000000000
110974  -40.562  -0.930  42.012 0.0000000000
62540  -42.635  -2.751  43.034 0.0000000000
63327  -41.847  -2.529  42.474 0.0000000000
64827  -39.565  -0.323  42.740 0.0000000000
111776  -38.940  -0.217  43.239 0.0000000000
65558  -38.237  -0.056  43.655 0.0000000000
65555  -37.472  0.154  44.250 0.0000000000
65550  -36.419  0.435  45.453 0.0000000000
62471  -45.053  -2.589  48.386 0.0000000000
62413  -44.636  -3.317  54.214 0.0000000000
96773  -45.042  -3.766  53.518 0.0000000000
61605  -45.274  -4.032  52.812 0.0000000000
59927  -40.289  -6.376  52.264 0.0000000000
60779  -41.618  -5.762  52.484 0.0000000000
60780  -42.504  -5.588  52.229 0.0000000000
59940  -41.302  -6.470  51.137 0.0000000000
60781  -43.425  -5.222  52.374 0.0000000000
61611  -44.259  -4.796  52.376 0.0000000000
61612  -45.021  -4.372  52.203 0.0000000000
61618  -45.202  -4.064  51.295 0.0000000000
61628  -45.138  -3.409  50.300 0.0000000000
61626  -44.152  -4.460  49.918 0.0000000000
106517  -44.670  -3.588  49.817 0.0000000000
62455  -44.944  -2.573  48.582 0.0000000000
62470  -44.468  -2.778  48.025 0.0000000000
62469  -43.318  -3.312  47.341 0.0000000000
61671  -41.670  -4.559  46.078 0.0000000000
61686  -40.417  -4.779  45.038 0.0000000000
59995  -39.489  -6.783  47.425 0.0000000000
60008  -39.232  -6.434  46.741 0.0000000000
60853  -39.607  -5.927  46.165 0.0000000000
60852  -38.734  -5.996  46.185 0.0000000000
103642  -39.002  -5.363  45.505 0.0000000000
61685  -39.569  -4.857  44.989 0.0000000000
61696  -39.165  -4.313  44.522 0.0000000000
64815  -36.062  -0.336  45.150 0.0000000000
65547  -36.054  0.502  46.199 0.0000000000
65542  -35.475  0.090  47.509 0.0000000000
64799  -35.367  -0.307  48.595 0.0000000000
64789  -35.179  -0.718  49.855 0.0000000000
66287  -33.876  0.340  50.567 0.0000000000
64057  -32.647  -1.764  48.232 0.0000000000
64774  -33.604  -1.020  50.645 0.0000000000
65525  -33.027  0.314  50.371 0.0000000000
100563  -33.023  2.140  49.521 0.0000000000
67776  -32.123  3.382  48.738 0.0000000000
67031  -31.579  2.784  48.807 0.0000000000
67775  -31.179  3.335  48.548 0.0000000000
104594  -31.556  4.144  48.396 0.0000000000
67096  -51.506  2.829  38.162 0.0000000000
67847  -51.365  3.491  38.705 0.0000000000
103496  -51.160  4.085  38.475 0.0000000000
104064  -51.206  5.022  38.801 0.0000000000
69309  -51.094  5.950  38.678 0.0000000000
112743  -46.199  0.320  41.615 0.0000000000
66356  -46.230  0.968  41.347 0.0000000000
66369  -45.836  1.895  40.942 0.0000000000
66357  -46.644  1.781  41.307 0.0000000000
67820  -45.954  4.746  41.788 0.0000000000
67821  -46.679  4.625  41.553 0.0000000000
67822  -47.366  3.586  41.373 0.0000000000
68543  -49.782  4.633  41.529 0.0000000000
68544  -50.496  5.492  41.469 0.0000000000
69999  -49.934  7.295  42.369 0.0000000000
69296  -51.014  6.241  41.217 0.0000000000
70028  -51.568  6.832  39.784 0.0000000000
70042  -50.744  6.782  38.209 0.0000000000
70057  -50.634  8.121  37.609 0.0000000000
71395  -50.691  9.811  37.443 0.0000000000
70738  -50.559  9.687  36.931 0.0000000000
70070  -49.987  9.145  36.341 0.0000000000
70753  -49.108  9.135  34.998 0.0000000000
70765  -48.528  9.294  33.899 0.0000000000
70723  -48.316  9.110  37.884 0.0000000000
71393  -48.918  10.262  35.836 0.0000000000
70089  -47.586  8.616  33.059 0.0000000000
70088  -46.773  8.246  32.235 0.0000000000
71432  -46.942  9.294  31.932 0.0000000000
70789  -46.797  8.917  31.683 0.0000000000
70098  -46.115  8.054  31.357 0.0000000000
66325  -38.223  1.672  46.988 0.0000000000
66321  -39.873  1.505  48.662 0.0000000000
67037  -40.318  2.053  47.983 0.0000000000
104607  -39.642  2.309  46.984 0.0000000000
67787  -42.788  3.271  47.555 0.0000000000
67764  -40.202  2.637  50.825 0.0000000000
102210  -41.005  2.816  50.324 0.0000000000
67765  -41.800  2.748  50.013 0.0000000000
99754  -42.258  3.395  49.461 0.0000000000
67780  -42.872  3.554  49.022 0.0000000000
67785  -43.631  3.930  48.570 0.0000000000
67788  -43.899  3.871  48.148 0.0000000000
68508  -45.112  5.172  47.788 0.0000000000
69224  -45.026  5.568  47.449 0.0000000000
96626  -42.279  5.843  44.494 0.0000000000
71949  -38.221  8.725  49.349 0.0000000000
71307  -37.568  8.279  48.970 0.0000000000
71321  -37.261  8.498  48.038 0.0000000000
71325  -36.664  7.878  47.638 0.0000000000
70654  -36.265  7.189  47.125 0.0000000000
69962  -35.999  6.949  46.294 0.0000000000
69966  -35.904  6.876  45.526 0.0000000000
72591  -37.616  10.043  44.532 0.0000000000
71978  -36.987  9.560  44.496 0.0000000000
103771  -36.699  9.533  43.135 0.0000000000
71332  -36.227  8.614  44.857 0.0000000000
71334  -35.787  8.000  44.481 0.0000000000
69970  -35.886  6.838  44.719 0.0000000000
105150  -36.724  5.852  44.770 0.0000000000
69233  -36.886  5.927  43.871 0.0000000000
69244  -37.695  5.595  43.444 0.0000000000
96590  -38.273  5.554  42.835 0.0000000000
69272  -37.777  5.994  41.828 0.0000000000
69254  -38.371  5.658  42.177 0.0000000000
95000  -39.143  5.421  42.658 0.0000000000
69255  -40.043  5.437  42.162 0.0000000000
69275  -40.861  5.517  41.721 0.0000000000
69293  -41.410  5.679  40.443 0.0000000000
69302  -41.731  5.845  39.795 0.0000000000
94485  -42.056  6.144  39.083 0.0000000000
70037  -40.614  6.399  38.592 0.0000000000
70066  -43.108  6.924  36.785 0.0000000000
100731  -39.460  7.777  36.750 0.0000000000
96872  -40.076  7.459  36.689 0.0000000000
70747  -40.622  7.412  36.238 0.0000000000
94405  -42.026  7.103  36.082 0.0000000000
70761  -42.445  7.362  35.376 0.0000000000
70762  -43.496  7.750  34.996 0.0000000000
70776  -43.797  8.200  33.221 0.0000000000
70787  -44.112  8.228  31.104 0.0000000000
72048  -39.858  10.179  31.211 0.0000000000
99375  -40.235  10.292  29.388 0.0000000000
73862  -40.602  13.096  36.084 0.0000000000
74479  -41.680  14.202  33.035 0.0000000000
75162  -44.097  15.033  36.100 0.0000000000
114161  -43.483  15.018  34.981 0.0000000000
75171  -42.984  15.298  35.289 0.0000000000
75170  -42.916  14.998  34.579 0.0000000000
74484  -38.496  14.019  32.107 0.0000000000
96817  -37.426  13.944  33.626 0.0000000000
73872  -34.859  12.727  35.074 0.0000000000
75037  -49.118  13.694  45.645 0.0000000000
75044  -44.685  14.592  44.924 0.0000000000
75054  -43.898  14.602  44.191 0.0000000000
102317  -42.048  14.588  43.467 0.0000000000
75041  -41.995  14.963  45.058 0.0000000000
75052  -41.598  14.707  44.297 0.0000000000
75092  -41.093  14.594  42.618 0.0000000000
102316  -39.117  14.502  42.777 0.0000000000
108137  -38.730  14.499  42.204 0.0000000000
96721  -38.088  14.511  42.041 0.0000000000
59962  -41.451  -6.557  49.453 0.0000000000
60009  -40.079  -6.368  46.916 0.0000000000
64068  -35.020  -1.549  45.529 0.0000000000
64775  -34.183  -0.986  50.623 0.0000000000
64803  -33.749  -1.134  47.361 0.0000000000
65507  -33.357  -0.586  50.669 0.0000000000
67017  -32.232  2.435  49.148 0.0000000000
67033  -41.797  2.306  49.701 0.0000000000
67789  -44.268  4.524  48.174 0.0000000000
68487  -32.379  4.159  48.637 0.0000000000
68490  -39.121  4.206  49.150 0.0000000000
68493  -42.841  4.097  48.986 0.0000000000
68500  -43.433  4.598  48.363 0.0000000000
68512  -38.706  4.847  45.657 0.0000000000
69221  -36.580  5.780  46.494 0.0000000000
69223  -43.887  5.706  47.142 0.0000000000
69232  -45.812  5.595  47.173 0.0000000000
69245  -38.677  5.352  43.436 0.0000000000
69284  -50.370  6.611  42.041 0.0000000000
69290  -38.760  5.807  40.996 0.0000000000
69291  -39.298  5.864  40.438 0.0000000000
69300  -40.054  5.833  39.973 0.0000000000
69303  -51.393  5.964  40.251 0.0000000000
69971  -36.322  6.373  44.300 0.0000000000
69975  -36.441  6.449  43.452 0.0000000000
69978  -36.527  6.594  42.643 0.0000000000
69990  -36.623  6.832  41.817 0.0000000000
70005  -36.828  7.113  40.996 0.0000000000
70013  -51.388  7.460  40.187 0.0000000000
70657  -36.102  7.533  46.420 0.0000000000
70660  -35.791  7.426  45.054 0.0000000000
70663  -35.761  7.335  44.412 0.0000000000
70693  -37.111  7.442  40.165 0.0000000000
70699  -51.498  8.200  39.480 0.0000000000
70706  -36.773  8.281  39.883 0.0000000000
70713  -51.663  8.415  38.917 0.0000000000
70724  -51.485  8.725  38.532 0.0000000000
71328  -36.143  8.085  46.047 0.0000000000
71331  -35.909  8.044  45.321 0.0000000000
71335  -36.174  8.707  44.075 0.0000000000
71342  -35.957  8.143  42.747 0.0000000000
71349  -36.335  8.740  41.428 0.0000000000
71359  -36.425  8.604  40.796 0.0000000000
71361  -50.721  8.349  39.944 0.0000000000
71362  -51.129  8.129  39.968 0.0000000000
71370  -37.190  8.570  39.015 0.0000000000
71373  -50.867  9.253  38.897 0.0000000000
71379  -36.941  9.265  38.872 0.0000000000
71384  -51.189  9.270  38.422 0.0000000000
71385  -51.433  8.910  38.864 0.0000000000
71396  -51.096  9.484  37.942 0.0000000000
71397  -51.350  9.118  38.309 0.0000000000
71921  -41.917  7.984  55.319 0.0000000000
71922  -42.375  8.248  55.147 0.0000000000
71977  -36.535  9.102  44.499 0.0000000000
71983  -36.543  9.415  42.450 0.0000000000
71995  -36.487  9.374  40.829 0.0000000000
72003  -36.571  9.608  40.039 0.0000000000
72512  -41.320  8.807  55.470 0.0000000000
72546  -40.998  9.827  50.968 0.0000000000
72590  -39.081  10.580  45.984 0.0000000000
73130  -44.977  10.295  55.209 0.0000000000
73171  -41.714  10.956  49.364 0.0000000000
73794  -49.274  13.001  45.380 0.0000000000
75097  -47.911  14.005  42.100 0.0000000000
96279  -35.256  -0.277  46.102 0.0000000000
100544  -36.728  9.828  41.922 0.0000000000
104247  -44.668  -7.934  43.537 0.0000000000
104568  -50.369  9.447  38.567 0.0000000000
104632  -36.224  6.332  45.167 0.0000000000
106085  -39.357  6.589  39.011 0.0000000000
109079  -49.232  7.639  41.883 0.0000000000
110892  -38.397  4.753  46.243 0.0000000000
111457  -43.130  8.988  55.477 0.0000000000
112836  -37.171  9.367  45.886 0.0000000000
113369  -40.896  -3.051  42.856 0.0000000000
113659  -39.287  5.692  54.411 0.0000000000
