#!ascii label  , from subject sub-v1s5x0050735_ses-1 vox2ras=TkReg
571
47445  20.896  -23.893  8.434 0.1428571492
47446  19.886  -24.019  8.072 0.1428571492
48278  20.731  -22.717  7.297 0.1428571492
47444  21.786  -23.523  8.545 0.1428571492
47459  20.346  -23.365  7.712 0.1428571492
48261  22.048  -22.875  8.155 0.1428571492
49092  21.581  -21.620  6.340 0.5714285970
49080  22.024  -21.933  7.079 0.1428571492
49961  24.113  -20.889  7.253 0.2857142985
49078  23.668  -21.548  7.554 0.2857142985
49969  24.683  -20.117  6.990 0.1428571492
51833  25.226  -18.202  5.640 0.2857142985
50919  24.511  -18.890  5.810 0.2857142985
53764  26.377  -16.151  4.483 0.2857142985
52833  26.435  -17.251  5.587 0.2857142985
54573  26.317  -15.207  3.200 0.2857142985
54571  26.011  -15.866  3.670 0.2857142985
55417  26.620  -14.219  2.101 0.2857142985
58046  26.323  -11.428  1.845 0.8571428657
57173  26.852  -13.483  1.866 0.4285714328
55412  27.214  -14.452  3.144 0.2857142985
111658  26.636  -9.280  1.730 0.7142857313
112932  27.008  -10.409  1.688 0.7142857313
111610  27.278  -11.572  1.638 0.7142857313
107961  25.762  -12.270  1.944 0.7142857313
60418  27.240  -8.268  1.673 0.8571428657
59650  27.690  -9.213  1.572 0.5714285970
108169  26.021  -8.579  1.739 0.8571428657
115100  26.234  -9.928  1.784 0.7142857313
99946  25.832  -10.465  1.808 0.7142857313
61205  28.656  -6.798  1.390 0.4285714328
105882  27.179  -7.580  1.681 0.7142857313
62808  28.676  -5.403  1.051 0.2857142985
62824  28.071  -4.861  0.791 0.5714285970
61206  27.560  -6.918  1.611 0.8571428657
61997  28.304  -6.114  1.345 0.7142857313
61207  26.254  -7.415  1.646 0.8571428657
63682  28.317  -4.172  0.452 0.1428571492
62823  28.801  -4.806  0.750 0.1428571492
62809  27.846  -5.414  1.148 0.5714285970
61998  27.218  -6.148  1.516 0.8571428657
65284  28.373  -2.840  0.151 0.1428571492
105300  28.818  -3.813  0.453 0.1428571492
64500  28.371  -3.673  0.342 0.1428571492
62010  26.603  -5.324  1.297 0.8571428657
66911  28.265  -1.471  -0.044 0.1428571492
66066  28.552  -2.205  0.186 0.1428571492
66073  28.020  -2.264  -0.189 0.1428571492
64510  28.206  -3.185  0.173 0.1428571492
64511  27.662  -3.108  -0.004 0.4285714328
63683  27.391  -3.943  0.375 0.5714285970
115306  26.793  -4.100  0.558 0.7142857313
106924  25.290  -5.484  0.841 0.8571428657
66912  27.598  -1.638  -0.348 0.1428571492
66913  27.124  -0.883  -0.443 0.1428571492
66074  27.249  -2.326  -0.344 0.1428571492
65292  26.982  -2.694  -0.281 0.5714285970
63684  26.293  -3.626  0.295 0.8571428657
62826  26.015  -4.406  0.803 0.8571428657
67732  27.981  0.199  0.219 0.1428571492
67741  27.435  0.132  -0.277 0.2857142985
105272  26.703  -1.799  -0.461 0.1428571492
64512  26.799  -2.918  -0.223 0.8571428657
64502  26.621  -3.203  -0.083 0.7142857313
64513  25.705  -2.720  -0.372 0.8571428657
109168  26.488  1.871  -0.687 0.1428571492
69261  27.158  2.137  -0.158 0.1428571492
67742  26.689  -0.045  -0.658 0.4285714328
66923  25.396  -1.207  -0.753 0.8571428657
66914  25.805  -1.847  -0.503 0.8571428657
65293  26.059  -2.521  -0.359 0.8571428657
65295  24.924  -2.501  -0.569 0.8571428657
68512  26.293  0.880  -0.966 0.4285714328
108407  25.059  -1.810  -0.665 0.8571428657
66076  25.606  -2.095  -0.509 0.8571428657
66086  24.882  -1.922  -0.721 0.8571428657
69262  26.528  2.748  -0.429 0.1428571492
70043  26.119  3.555  -0.636 0.2857142985
108862  25.734  1.740  -1.105 0.8571428657
67748  25.879  -0.182  -0.962 0.8571428657
67749  25.060  -0.304  -1.147 0.8571428657
70792  25.922  4.491  -0.769 0.2857142985
109136  25.570  3.185  -1.197 0.7142857313
69279  25.925  2.627  -0.864 0.5714285970
69280  25.290  2.543  -1.450 0.8571428657
103117  24.607  0.662  -1.419 0.8571428657
104739  24.683  -1.224  -1.013 0.8571428657
107073  25.130  3.289  -1.849 0.8571428657
68519  24.926  1.683  -1.480 0.8571428657
69294  24.144  1.550  -1.910 0.7142857313
70052  25.091  3.936  -1.883 0.8571428657
70062  24.522  3.650  -2.438 0.8571428657
69295  23.774  2.365  -2.527 0.7142857313
108177  24.841  6.031  -1.806 0.7142857313
71493  24.442  5.236  -2.270 0.8571428657
71494  23.674  5.230  -2.918 0.8571428657
72228  23.406  5.929  -3.310 0.7142857313
69281  24.557  2.607  -2.182 0.8571428657
70801  24.108  4.489  -2.686 0.8571428657
73576  25.353  8.459  -3.353 0.1428571492
106888  24.144  6.017  -2.530 0.8571428657
106222  23.929  6.871  -2.919 0.7142857313
115232  23.211  6.580  -3.662 0.7142857313
74293  25.136  9.113  -4.923 0.1428571492
72233  23.503  7.442  -3.708 0.5714285970
73578  23.625  8.102  -4.218 0.5714285970
73588  22.462  7.990  -5.254 0.5714285970
73586  24.204  8.628  -4.642 0.1428571492
74309  25.668  10.076  -7.411 0.1428571492
73596  22.108  8.294  -5.972 0.5714285970
74988  23.835  10.209  -7.963 0.1428571492
74997  24.239  10.645  -9.151 0.1428571492
74300  23.527  9.211  -6.141 0.1428571492
75011  24.166  11.189  -9.595 0.1428571492
73595  22.932  8.592  -5.661 0.5714285970
75006  23.690  11.185  -9.447 0.1428571492
74999  22.708  10.994  -8.990 0.1428571492
75842  24.341  11.428  -9.373 0.1428571492
75008  22.560  11.207  -8.735 0.1428571492
108730  21.037  -24.581  8.907 0.1428571492
46605  20.312  -24.595  8.598 0.1428571492
48277  21.615  -22.516  7.517 0.2857142985
48276  22.452  -22.333  7.707 0.1428571492
49061  24.063  -22.015  8.126 0.2857142985
49079  22.857  -21.723  7.319 0.2857142985
115534  25.663  -18.333  6.091 0.2857142985
50918  25.354  -18.719  6.256 0.2857142985
50903  24.960  -19.349  6.551 0.1428571492
55413  26.737  -14.626  2.743 0.2857142985
55414  26.047  -14.878  2.416 0.2857142985
58041  26.933  -12.509  1.764 0.4285714328
105541  28.033  -7.533  1.519 0.2857142985
58047  25.078  -11.234  1.738 0.7142857313
62825  27.224  -4.630  0.840 0.7142857313
67740  27.890  -0.701  -0.158 0.1428571492
66075  26.337  -2.307  -0.392 0.8571428657
63691  25.554  -3.167  -0.208 0.8571428657
65294  25.246  -2.333  -0.535 0.8571428657
70051  25.510  3.836  -1.285 0.8571428657
70800  24.777  4.495  -2.070 0.8571428657
72882  24.234  7.651  -3.093 0.7142857313
73577  24.354  8.196  -3.662 0.2857142985
73594  23.676  8.773  -5.351 0.1428571492
74310  24.433  9.855  -6.841 0.1428571492
112075  25.662  11.258  -9.413 0.1428571492
45678  19.867  -25.243  8.775 0.1428571492
49970  23.720  -20.387  6.592 0.2857142985
49091  22.457  -21.362  6.632 0.4285714328
50904  24.139  -19.645  6.255 0.1428571492
52819  26.699  -17.787  6.225 0.2857142985
53754  26.094  -16.800  4.943 0.2857142985
104847  25.496  -17.130  4.629 0.2857142985
52835  24.923  -17.698  4.736 0.2857142985
53765  25.715  -16.532  4.189 0.2857142985
57174  26.235  -13.102  1.969 0.7142857313
106851  28.380  -0.564  0.311 0.1428571492
68504  27.558  1.079  0.034 0.1428571492
68511  27.013  1.036  -0.521 0.2857142985
66922  26.232  -1.075  -0.595 0.8571428657
63685  25.212  -3.815  0.160 1.0000000000
70042  26.890  3.446  0.076 0.1428571492
70785  26.560  4.427  -0.183 0.1428571492
68520  23.847  0.512  -1.641 0.8571428657
70793  25.358  4.539  -1.431 0.5714285970
72227  24.674  6.800  -2.134 0.5714285970
73568  25.328  8.092  -2.506 0.2857142985
73569  24.768  8.060  -2.956 0.2857142985
114252  24.971  8.638  -4.143 0.1428571492
107665  24.390  9.242  -5.606 0.1428571492
101307  22.497  9.712  -7.442 0.2857142985
74311  22.952  10.096  -7.914 0.1428571492
74321  22.246  10.391  -8.196 0.1428571492
75000  21.869  10.940  -8.410 0.1428571492
74987  24.949  10.338  -8.265 0.1428571492
75837  23.593  11.724  -8.616 0.1428571492
75838  22.606  11.524  -8.428 0.1428571492
75825  24.500  11.849  -7.844 0.1428571492
71487  25.729  5.278  -0.939 0.4285714328
108056  25.522  6.041  -1.165 0.4285714328
72222  25.346  6.791  -1.481 0.4285714328
72876  25.290  7.513  -1.927 0.4285714328
72877  24.683  7.526  -2.526 0.5714285970
47458  21.240  -23.131  7.966 0.1428571492
46606  19.418  -24.710  8.284 0.1428571492
48289  21.160  -22.191  6.786 0.4285714328
48279  19.818  -22.924  7.021 0.2857142985
48275  23.256  -22.161  7.919 0.1428571492
49090  23.286  -21.104  6.929 0.1428571492
52834  25.661  -17.484  5.282 0.2857142985
60419  26.454  -7.923  1.706 0.8571428657
65291  27.775  -2.770  -0.111 0.2857142985
64501  27.604  -3.452  0.134 0.1428571492
68518  25.454  0.760  -1.217 0.8571428657
67750  24.302  -0.354  -1.335 0.8571428657
73587  23.279  8.325  -4.881 0.5714285970
72889  22.902  7.675  -4.533 0.5714285970
74301  22.525  9.071  -6.585 0.4285714328
97186  23.268  9.689  -7.099 0.1428571492
75004  25.358  11.014  -9.753 0.1428571492
74996  25.266  10.753  -9.459 0.1428571492
75012  23.740  11.206  -9.437 0.1428571492
51820  26.124  -18.490  6.429 0.1428571492
71488  25.113  5.261  -1.604 0.5714285970
49971  22.015  -21.064  5.878 0.4285714328
52843  25.050  -17.046  3.872 0.5714285970
74312  21.772  9.484  -7.277 0.1428571492
99297  24.490  -17.268  3.314 0.5714285970
51854  23.103  -18.280  2.854 0.5714285970
51855  22.222  -18.580  2.535 0.2857142985
53773  24.397  -16.370  2.303 0.5714285970
53774  23.040  -17.186  1.875 0.5714285970
51850  21.732  -19.231  2.914 0.4285714328
52851  24.175  -17.093  2.595 0.5714285970
97530  20.946  -18.238  2.330 0.2857142985
113634  22.366  -17.464  1.948 0.4285714328
54578  25.304  -15.266  2.283 0.4285714328
54584  24.211  -15.384  1.891 0.5714285970
53778  23.167  -16.342  1.690 0.5714285970
97998  22.329  -16.137  1.610 0.4285714328
55423  25.286  -14.492  2.124 0.5714285970
55424  24.408  -14.515  1.918 0.5714285970
54585  23.561  -15.676  1.720 0.4285714328
56299  24.949  -13.785  2.088 0.7142857313
56300  24.070  -13.570  1.771 0.4285714328
113221  24.547  -13.065  1.860 0.4285714328
53779  22.416  -16.835  1.738 0.4285714328
52857  21.705  -17.203  1.892 0.2857142985
52858  20.972  -17.547  2.132 0.2857142985
54586  22.702  -15.433  1.575 0.4285714328
101559  24.580  -12.219  1.721 0.7142857313
58050  22.855  -11.611  0.715 0.4285714328
58049  23.401  -10.985  0.889 0.7142857313
58055  22.802  -10.924  0.510 0.5714285970
58874  23.068  -10.329  0.481 0.7142857313
58875  22.473  -10.443  0.264 0.2857142985
58048  24.099  -11.369  1.411 0.7142857313
97602  24.265  -9.704  1.129 0.7142857313
102671  23.184  -9.022  0.140 0.7142857313
60425  23.576  -8.248  0.255 0.7142857313
60426  22.932  -8.475  -0.166 0.7142857313
59658  22.611  -9.089  -0.142 0.4285714328
60430  22.751  -8.017  -0.341 0.4285714328
59651  25.511  -9.543  1.633 0.5714285970
58867  24.938  -10.306  1.550 0.5714285970
59652  24.895  -8.810  1.300 0.5714285970
60424  24.489  -8.233  0.908 0.5714285970
61215  23.623  -7.450  0.089 0.7142857313
62012  23.608  -6.657  -0.171 0.7142857313
61218  23.092  -7.421  -0.350 0.7142857313
61219  22.591  -7.433  -0.554 0.5714285970
62836  23.142  -5.810  -0.755 0.5714285970
61999  26.494  -6.786  1.611 0.7142857313
61213  25.416  -7.067  1.306 0.5714285970
61214  24.389  -7.588  0.683 0.5714285970
103692  24.532  -6.634  0.591 0.7142857313
62827  24.263  -5.639  0.139 0.8571428657
62834  24.263  -4.484  -0.241 0.7142857313
62835  23.598  -4.732  -0.626 0.7142857313
62022  22.530  -5.721  -1.121 0.5714285970
62840  23.051  -4.906  -1.033 0.7142857313
110714  24.920  -4.709  0.384 0.8571428657
63693  24.003  -3.663  -0.587 0.7142857313
63697  23.488  -3.867  -0.903 0.5714285970
105536  22.806  -2.644  -1.463 0.2857142985
63692  24.658  -3.424  -0.380 0.7142857313
103283  23.769  -2.071  -1.196 0.7142857313
64515  24.229  -3.186  -0.630 0.8571428657
64523  23.873  -3.034  -0.838 0.8571428657
66924  24.442  -1.777  -0.940 0.8571428657
64522  24.351  -2.563  -0.748 0.8571428657
65306  23.703  -2.512  -1.106 0.5714285970
103778  23.830  -1.707  -1.232 0.8571428657
105565  22.952  -1.540  -1.556 0.7142857313
66087  24.312  -2.056  -0.944 0.8571428657
66925  23.936  -1.119  -1.275 0.8571428657
102098  23.349  -0.582  -1.567 0.7142857313
111211  24.050  3.081  -2.810 0.7142857313
70063  23.167  3.187  -2.756 0.7142857313
102933  23.715  3.844  -2.862 0.5714285970
70802  23.278  4.653  -3.077 0.8571428657
70813  22.938  5.288  -3.597 0.7142857313
70803  22.851  4.100  -3.030 0.7142857313
71500  22.187  5.452  -4.083 0.7142857313
71501  21.321  5.688  -4.411 0.7142857313
70815  21.557  5.086  -3.854 0.5714285970
72234  22.674  5.934  -3.988 0.7142857313
72235  22.055  6.012  -4.611 0.7142857313
72240  21.470  6.391  -4.862 0.5714285970
72241  20.762  6.301  -4.503 0.5714285970
70816  20.830  5.278  -3.922 0.5714285970
107269  20.156  5.959  -3.768 0.4285714328
72229  19.507  5.991  -2.845 0.5714285970
109629  20.218  5.224  -3.167 0.4285714328
72884  19.988  6.967  -3.809 0.5714285970
72891  21.514  7.155  -5.330 0.5714285970
72230  18.904  6.345  -2.071 0.4285714328
70806  20.076  4.881  -2.199 0.4285714328
72236  19.038  6.844  -2.826 0.5714285970
108196  18.620  8.019  -1.597 0.4285714328
61208  25.148  -7.681  1.244 0.5714285970
72878  18.519  7.778  -2.194 0.2857142985
72873  18.652  7.513  -1.386 0.4285714328
51849  23.436  -18.532  3.854 0.5714285970
51842  22.595  -18.934  3.368 0.5714285970
54575  25.019  -15.966  2.536 0.2857142985
53770  24.746  -16.654  2.943 0.4285714328
54574  25.665  -15.551  2.840 0.2857142985
51856  21.355  -18.749  2.456 0.2857142985
98479  23.430  -14.855  1.678 0.4285714328
103784  23.566  -14.054  1.682 0.5714285970
53775  20.958  -16.730  1.883 0.2857142985
54587  21.642  -15.548  1.538 0.2857142985
57178  23.793  -12.729  1.522 0.5714285970
58045  27.884  -11.127  1.529 0.2857142985
58056  22.288  -11.250  0.429 0.2857142985
99990  22.807  -9.709  0.179 0.7142857313
64514  24.753  -3.156  -0.436 0.8571428657
68531  23.300  1.316  -2.142 0.7142857313
70814  22.401  4.781  -3.494 0.7142857313
70805  20.937  4.800  -3.577 0.5714285970
71495  19.492  5.583  -2.218 0.2857142985
72883  22.559  6.756  -4.357 0.5714285970
72890  22.141  7.205  -5.104 0.5714285970
72893  19.763  7.772  -4.141 0.2857142985
103063  22.745  -14.032  1.443 0.4285714328
53769  25.373  -16.263  3.313 0.2857142985
60420  25.501  -8.075  1.463 0.7142857313
62011  25.888  -6.227  1.419 0.7142857313
65305  24.634  -2.254  -0.728 0.7142857313
57177  25.354  -13.073  2.042 0.5714285970
67766  23.231  0.210  -1.794 0.7142857313
52856  23.484  -17.525  2.371 0.5714285970
52852  23.951  -17.840  3.263 0.4285714328
105459  22.695  -17.890  2.199 0.5714285970
98604  21.771  -18.020  2.136 0.4285714328
52855  23.792  -16.695  2.014 0.5714285970
54580  23.965  -16.037  1.852 0.5714285970
50930  22.017  -19.641  3.878 0.5714285970
55419  24.974  -15.077  2.065 0.5714285970
56301  23.232  -13.297  1.435 0.4285714328
98171  23.561  -11.871  1.228 0.7142857313
57180  22.178  -12.217  0.685 0.4285714328
57179  22.977  -12.440  1.084 0.4285714328
58868  24.150  -10.614  1.291 0.7142857313
58869  23.608  -10.249  0.831 0.7142857313
59653  23.430  -9.653  0.519 0.7142857313
59657  23.899  -8.945  0.665 0.7142857313
60429  23.117  -7.944  -0.187 0.7142857313
62016  23.124  -6.691  -0.523 0.7142857313
62015  23.622  -5.723  -0.401 0.7142857313
62023  21.777  -6.232  -1.146 0.2857142985
64524  23.282  -3.215  -1.209 0.5714285970
108144  22.342  -3.459  -1.518 0.2857142985
116111  24.199  -2.268  -0.928 0.8571428657
72892  20.723  7.056  -4.905 0.7142857313
72885  18.892  7.743  -3.221 0.5714285970
106715  18.628  7.077  -1.900 0.4285714328
55426  21.192  -14.790  1.423 0.1428571492
56302  22.010  -13.708  1.168 0.4285714328
48290  20.241  -22.418  6.490 0.4285714328
54548  27.440  -15.802  5.088 0.1428571492
54570  26.601  -15.509  4.041 0.1428571492
56294  27.407  -13.644  1.971 0.1428571492
57172  27.523  -13.057  1.771 0.1428571492
55404  26.914  -14.906  3.603 0.1428571492
54569  27.202  -15.255  4.424 0.1428571492
56293  27.972  -13.164  1.812 0.1428571492
56291  27.296  -14.143  2.462 0.1428571492
55403  27.511  -14.462  3.990 0.1428571492
58866  28.186  -10.173  1.482 0.2857142985
60417  28.270  -8.244  1.470 0.1428571492
74981  23.185  11.072  -5.523 0.1428571492
67752  22.732  -0.283  -1.826 0.4285714328
74975  22.477  10.916  -4.773 0.1428571492
75839  21.681  11.233  -8.078 0.1428571492
68532  22.525  1.544  -2.315 0.4285714328
69296  22.921  2.241  -2.540 0.5714285970
109561  22.403  2.820  -2.639 0.4285714328
74983  19.654  10.873  -5.467 0.2857142985
73599  19.868  8.864  -5.179 0.2857142985
72898  20.967  7.697  -5.657 0.2857142985
73606  20.778  9.004  -6.501 0.2857142985
68533  20.581  1.429  -1.826 0.1428571492
70064  22.142  3.596  -2.926 0.5714285970
74294  19.380  9.377  -4.303 0.2857142985
69298  20.765  2.509  -2.105 0.4285714328
70804  21.573  4.364  -3.309 0.5714285970
73590  19.629  8.465  -4.460 0.2857142985
70066  20.663  3.484  -2.227 0.4285714328
73570  18.726  8.510  -2.795 0.1428571492
73579  19.091  8.546  -3.616 0.1428571492
70067  20.178  3.589  -1.588 0.1428571492
73563  18.766  8.413  -2.147 0.1428571492
74286  19.044  9.396  -2.766 0.1428571492
102123  19.135  10.172  -3.251 0.1428571492
105885  20.370  4.246  -2.082 0.2857142985
73562  19.035  8.418  -1.682 0.2857142985
72855  20.436  7.078  -0.121 0.1428571492
74284  19.156  9.013  -2.273 0.1428571492
73561  19.940  9.126  -1.913 0.1428571492
73553  20.937  9.167  -1.409 0.1428571492
49093  20.662  -21.868  6.010 0.4285714328
49117  19.871  -21.078  4.471 0.2857142985
53753  26.877  -16.443  5.218 0.1428571492
56277  28.089  -13.798  3.606 0.1428571492
58040  28.139  -12.194  1.611 0.1428571492
67767  22.558  0.697  -2.058 0.2857142985
73597  21.464  8.069  -5.921 0.2857142985
104090  19.245  10.246  -3.882 0.2857142985
74302  20.126  9.394  -5.964 0.2857142985
74961  19.204  10.709  -3.075 0.2857142985
49110  19.435  -21.599  5.153 0.2857142985
49968  25.399  -19.699  7.004 0.1428571492
52832  27.218  -17.077  5.911 0.1428571492
104434  19.700  2.806  -1.246 0.1428571492
69282  19.804  1.647  -1.460 0.2857142985
72897  21.860  7.643  -5.590 0.4285714328
74977  19.425  11.057  -4.439 0.2857142985
74315  19.870  10.285  -6.029 0.2857142985
73605  21.310  8.829  -6.615 0.2857142985
74313  21.054  9.583  -7.238 0.2857142985
74990  20.125  10.826  -6.400 0.2857142985
75829  20.467  11.140  -6.734 0.1428571492
75805  20.622  11.374  -5.394 0.1428571492
75827  22.007  11.549  -7.712 0.1428571492
74283  19.486  10.112  -2.489 0.2857142985
99377  19.276  11.067  -3.601 0.2857142985
75828  21.148  11.332  -7.289 0.1428571492
75816  21.701  11.426  -6.655 0.1428571492
74322  21.462  10.367  -7.781 0.1428571492
75840  20.963  11.094  -7.494 0.1428571492
103062  29.000  -8.152  1.351 0.2857142985
73604  21.776  8.719  -6.501 0.4285714328
75807  19.720  11.330  -4.730 0.2857142985
74323  20.885  10.406  -7.469 0.1428571492
49108  21.111  -21.355  5.542 0.4285714328
69297  22.072  2.132  -2.438 0.4285714328
72872  18.976  7.859  -1.118 0.2857142985
103898  20.690  4.335  -2.917 0.5714285970
73589  20.267  7.963  -5.085 0.2857142985
56290  27.970  -13.587  2.492 0.1428571492
54568  27.930  -15.107  5.001 0.1428571492
57171  28.560  -12.899  2.093 0.1428571492
67768  21.654  1.211  -2.110 0.2857142985
113595  19.428  10.352  -4.677 0.2857142985
74303  19.628  9.898  -5.290 0.2857142985
73598  20.529  8.441  -5.817 0.2857142985
109239  21.033  8.299  -6.163 0.2857142985
107731  21.617  2.800  -2.565 0.4285714328
74288  19.016  9.354  -3.323 0.1428571492
70065  21.192  3.533  -2.793 0.4285714328
69299  20.083  2.591  -1.624 0.2857142985
57170  28.999  -12.176  1.806 0.1428571492
67753  21.840  0.158  -1.993 0.2857142985
74314  20.416  10.052  -6.768 0.2857142985
74989  20.627  10.843  -7.211 0.2857142985
75817  20.844  11.356  -6.327 0.1428571492
62017  22.599  -6.576  -0.799 0.4285714328
63698  22.777  -4.142  -1.323 0.2857142985
75779  19.499  12.191  -2.781 0.1428571492
75797  19.537  11.752  -3.827 0.1428571492
76517  19.702  13.130  -2.761 0.1428571492
74280  21.368  10.199  -1.079 0.1428571492
76516  20.530  13.077  -1.635 0.1428571492
75787  19.355  11.918  -3.249 0.1428571492
74951  20.838  11.174  -1.424 0.1428571492
74940  21.652  11.278  -0.700 0.1428571492
74952  19.941  11.206  -2.238 0.1428571492
75763  21.123  12.169  -1.078 0.1428571492
98440  20.366  13.776  -2.293 0.1428571492
74960  19.385  11.286  -2.848 0.1428571492
75778  20.181  12.219  -1.955 0.1428571492
76506  21.917  13.058  -0.320 0.1428571492
76507  21.335  12.861  -0.794 0.1428571492
99364  22.403  -4.957  -1.334 0.2857142985
76524  19.967  13.599  -2.987 0.1428571492
56295  25.961  -13.925  2.053 0.2857142985
75796  19.740  11.948  -3.895 0.1428571492
75780  19.481  12.723  -3.114 0.1428571492
76528  19.546  12.598  -3.247 0.1428571492
75762  21.850  12.261  -0.429 0.1428571492
75747  22.416  12.401  0.040 0.1428571492
55418  25.714  -14.641  2.216 0.4285714328
50929  22.972  -19.182  4.357 0.4285714328
50920  23.291  -19.390  5.144 0.2857142985
106335  23.799  -19.330  5.606 0.1428571492
51841  23.798  -18.808  4.930 0.1428571492
51840  24.199  -18.159  4.316 0.2857142985
49986  22.366  -20.410  5.445 0.2857142985
50921  22.609  -19.761  4.917 0.4285714328
51834  24.514  -18.348  5.122 0.1428571492
49985  23.272  -19.950  5.753 0.1428571492
52844  24.515  -17.609  3.927 0.2857142985
49987  21.527  -20.802  5.133 0.2857142985
49988  20.681  -21.082  4.750 0.2857142985
50922  21.808  -20.243  4.643 0.2857142985
101092  21.124  -20.648  4.472 0.2857142985
49995  21.174  -20.228  3.909 0.2857142985
102018  22.436  -13.086  1.108 0.2857142985
103657  22.183  -9.814  -0.058 0.1428571492
59664  21.968  -9.050  -0.358 0.1428571492
59663  22.540  -8.556  -0.305 0.2857142985
100364  22.088  -7.042  -0.825 0.1428571492
63699  21.761  -4.466  -1.487 0.1428571492
65307  23.022  -2.081  -1.454 0.1428571492
64525  21.750  -2.743  -1.670 0.1428571492
105476  21.293  -1.403  -1.715 0.1428571492
68521  20.732  0.565  -1.723 0.1428571492
114425  19.085  5.957  -1.494 0.1428571492
70794  20.009  4.569  -1.388 0.1428571492
71483  19.408  5.881  -0.819 0.1428571492
72223  18.851  6.716  -1.195 0.1428571492
49094  19.754  -22.104  5.685 0.2857142985
66926  23.206  -1.087  -1.532 0.2857142985
105397  21.763  -1.079  -1.831 0.1428571492
111457  21.295  2.024  -2.288 0.1428571492
48291  19.318  -22.589  6.229 0.2857142985
115193  22.711  -14.736  1.529 0.2857142985
57181  21.678  -13.068  0.915 0.2857142985
60432  21.387  -8.430  -0.498 0.1428571492
62018  21.213  -6.952  -0.846 0.1428571492
111709  20.951  -6.166  -1.103 0.1428571492
62841  21.881  -5.379  -1.364 0.1428571492
63700  20.721  -4.320  -1.373 0.1428571492
64526  21.292  -3.573  -1.561 0.1428571492
108121  20.857  -2.876  -1.591 0.1428571492
108897  22.287  -0.745  -1.849 0.1428571492
105803  19.737  5.135  -0.897 0.1428571492
71489  19.551  5.309  -1.433 0.1428571492
60431  22.265  -8.213  -0.463 0.1428571492
55425  22.016  -14.594  1.390 0.1428571492
49996  20.477  -20.645  4.086 0.2857142985
57185  21.264  -12.411  0.722 0.1428571492
65308  22.045  -2.076  -1.744 0.1428571492
64527  20.377  -3.476  -1.360 0.1428571492
48306  18.916  -22.148  5.616 0.1428571492
49095  18.122  -21.964  5.859 0.1428571492
50004  20.451  -20.092  3.489 0.1428571492
105542  28.695  -7.541  1.390 0.1428571492
61204  29.085  -7.180  1.325 0.1428571492
72221  26.027  6.809  -0.883 0.1428571492
47472  18.887  -23.146  6.678 0.1428571492
49989  19.206  -21.090  4.741 0.1428571492
50940  21.116  -19.741  3.178 0.1428571492
50005  19.914  -20.457  3.843 0.1428571492
51857  20.459  -18.754  2.639 0.1428571492
113300  26.219  6.054  -0.564 0.1428571492
72871  25.952  7.509  -1.374 0.1428571492
71482  26.395  5.257  -0.370 0.1428571492
50947  21.006  -19.269  2.710 0.1428571492
53780  21.669  -16.429  1.690 0.1428571492
49109  20.195  -21.571  5.190 0.1428571492
50941  20.414  -19.472  3.006 0.1428571492
48260  22.838  -22.742  8.327 0.1428571492
53781  21.005  -16.040  1.670 0.1428571492
54549  26.904  -15.823  4.678 0.1428571492
54579  24.566  -15.739  2.121 0.5714285970
56278  27.610  -14.090  3.103 0.1428571492
67751  23.717  -0.297  -1.505 0.7142857313
72239  21.908  6.562  -4.968 0.5714285970
74998  23.181  10.591  -8.773 0.1428571492
75001  21.188  10.912  -7.817 0.1428571492
75005  24.654  11.178  -9.722 0.1428571492
75007  23.269  11.224  -9.215 0.1428571492
75009  25.383  11.069  -9.723 0.1428571492
75010  24.854  11.130  -9.869 0.1428571492
75843  23.660  11.374  -9.301 0.1428571492
75844  23.089  11.456  -8.952 0.1428571492
103134  22.269  -1.639  -1.736 0.1428571492
115162  24.155  -16.173  2.032 0.5714285970
117075  22.256  4.234  -3.225 0.5714285970
