#!ascii label  , from subject sub-v1s5x0050726_ses-1 vox2ras=TkReg
1102
52466  -8.430  -30.578  72.546 0.0000000000
122941  -36.331  -28.717  62.171 0.0000000000
58701  -30.645  -24.660  59.830 0.0000000000
53658  -27.196  -29.728  64.107 0.0000000000
67702  -36.509  -14.937  47.895 0.0000000000
62655  -33.503  -20.578  51.304 0.0000000000
54662  -35.080  -27.908  66.898 0.0000000000
121371  -31.211  -30.076  63.021 0.0000000000
69514  -43.769  -14.126  50.238 0.0000000000
72199  -44.812  -10.080  48.157 0.0000000000
76041  -46.343  -6.360  45.271 0.0000000000
120178  -33.818  -20.736  60.293 0.0000000000
61671  -30.990  -22.297  55.844 0.0000000000
64533  -35.364  -18.359  56.276 0.0000000000
140015  -39.847  -18.744  53.261 0.0000000000
53668  -20.837  -29.270  63.950 0.0000000000
49374  -5.770  -33.430  74.304 0.0000000000
57686  -35.031  -25.066  61.148 0.0000000000
61566  -31.897  -21.913  64.966 0.0000000000
54727  -23.569  -28.329  60.495 0.0000000000
53729  -27.730  -29.625  58.922 0.0000000000
73246  -42.210  -9.332  39.197 0.0000000000
76084  -48.176  -5.899  39.896 0.0000000000
63662  -36.559  -20.568  49.535 0.0000000000
132674  -40.059  -13.415  52.789 0.0000000000
53598  -11.566  -29.281  68.492 0.0000000000
46396  -3.260  -36.929  69.904 0.0000000000
131070  -45.996  -13.781  48.688 0.0000000000
63568  -34.663  -19.619  58.143 0.0000000000
52627  -19.036  -30.506  62.510 0.0000000000
50345  -6.934  -32.353  73.574 0.0000000000
56707  -36.915  -26.823  59.501 0.0000000000
56664  -36.459  -26.409  62.134 0.0000000000
54703  -25.480  -28.638  62.514 0.0000000000
54742  -25.728  -28.660  59.468 0.0000000000
53703  -27.495  -30.015  61.371 0.0000000000
53692  -34.377  -29.173  62.088 0.0000000000
53720  -31.823  -29.530  60.146 0.0000000000
53735  -34.011  -29.227  59.659 0.0000000000
53634  -26.528  -29.209  66.362 0.0000000000
54679  -24.475  -28.755  64.495 0.0000000000
68692  -41.836  -14.164  44.899 0.0000000000
141501  -40.434  -9.814  41.418 0.0000000000
127671  -47.235  -6.441  43.078 0.0000000000
62629  -31.773  -21.112  53.602 0.0000000000
62673  -36.259  -21.158  50.666 0.0000000000
66631  -40.156  -17.178  52.923 0.0000000000
120187  -16.330  -30.688  65.874 0.0000000000
52548  -14.659  -30.178  67.554 0.0000000000
53574  -13.478  -29.675  70.207 0.0000000000
52566  -12.569  -29.956  66.471 0.0000000000
46398  -5.734  -36.741  69.627 0.0000000000
54693  -35.363  -28.609  63.475 0.0000000000
56654  -35.790  -26.624  63.664 0.0000000000
137950  -35.321  -26.347  66.235 0.0000000000
51499  -29.649  -30.090  65.605 0.0000000000
52616  -29.763  -30.193  63.389 0.0000000000
131703  -31.706  -30.521  65.374 0.0000000000
52606  -33.451  -29.726  64.477 0.0000000000
138845  -39.358  -13.660  49.081 0.0000000000
67704  -42.401  -16.314  48.200 0.0000000000
69550  -42.951  -13.811  46.363 0.0000000000
72217  -41.738  -10.383  46.301 0.0000000000
74129  -42.526  -8.179  44.325 0.0000000000
75057  -44.963  -7.536  47.683 0.0000000000
61634  -31.775  -22.068  60.080 0.0000000000
60647  -30.686  -23.097  58.048 0.0000000000
61667  -32.236  -21.386  57.644 0.0000000000
63575  -33.043  -20.120  55.797 0.0000000000
138143  -34.565  -18.815  54.244 0.0000000000
63613  -36.607  -19.737  52.429 0.0000000000
64550  -37.766  -18.202  55.209 0.0000000000
52584  -19.802  -30.011  65.958 0.0000000000
51513  -17.942  -30.820  64.661 0.0000000000
78952  -45.649  -3.464  36.012 0.0000000000
49371  -3.640  -33.876  74.860 0.0000000000
56705  -35.323  -25.970  58.918 0.0000000000
122366  -32.309  -25.359  60.858 0.0000000000
120458  -34.557  -24.973  63.969 0.0000000000
57633  -32.101  -24.660  63.988 0.0000000000
59630  -30.943  -23.361  62.602 0.0000000000
61607  -33.003  -21.223  62.723 0.0000000000
138086  -29.715  -30.310  60.787 0.0000000000
53643  -22.806  -28.861  66.011 0.0000000000
54688  -22.181  -28.692  62.980 0.0000000000
75088  -43.426  -7.661  42.243 0.0000000000
76080  -44.766  -7.156  39.935 0.0000000000
77015  -45.185  -5.145  37.826 0.0000000000
124866  -49.097  -3.892  38.619 0.0000000000
50419  -8.578  -32.409  68.742 0.0000000000
50394  -7.740  -32.911  70.767 0.0000000000
65664  -35.836  -17.673  49.099 0.0000000000
63626  -38.487  -19.454  51.564 0.0000000000
66663  -37.945  -17.220  51.100 0.0000000000
68630  -37.422  -14.156  50.485 0.0000000000
123644  -41.834  -12.104  51.549 0.0000000000
123531  -9.529  -29.868  70.327 0.0000000000
48395  -6.134  -34.268  71.365 0.0000000000
48394  -5.111  -34.534  72.156 0.0000000000
48392  -3.396  -34.483  71.815 0.0000000000
51353  -7.891  -31.340  73.062 0.0000000000
54733  -35.959  -29.032  60.771 0.0000000000
55708  -36.993  -27.522  60.947 0.0000000000
125324  -36.827  -27.865  61.915 0.0000000000
53671  -26.604  -29.400  63.557 0.0000000000
53686  -26.700  -29.510  61.822 0.0000000000
53687  -27.372  -30.036  62.410 0.0000000000
53693  -35.528  -29.138  62.378 0.0000000000
53707  -34.124  -29.147  61.136 0.0000000000
54732  -34.966  -29.190  61.066 0.0000000000
53736  -35.058  -29.197  59.689 0.0000000000
52586  -27.918  -29.864  65.575 0.0000000000
52572  -27.852  -29.844  66.482 0.0000000000
53646  -27.269  -29.601  65.033 0.0000000000
54681  -26.003  -28.976  63.890 0.0000000000
72254  -40.001  -10.491  42.430 0.0000000000
57728  -31.539  -25.407  59.120 0.0000000000
57743  -30.952  -25.150  58.298 0.0000000000
62640  -32.456  -20.540  52.574 0.0000000000
61703  -32.301  -21.778  51.585 0.0000000000
62656  -34.628  -20.480  51.258 0.0000000000
121290  -15.123  -30.925  64.917 0.0000000000
52569  -15.383  -30.554  66.024 0.0000000000
52583  -14.326  -30.556  65.499 0.0000000000
123781  -14.055  -29.946  67.039 0.0000000000
52582  -13.357  -30.633  65.070 0.0000000000
53648  -35.045  -27.959  64.636 0.0000000000
55678  -35.679  -26.915  65.140 0.0000000000
55668  -35.576  -26.778  66.875 0.0000000000
51482  -30.449  -30.342  66.515 0.0000000000
51500  -30.418  -30.270  65.728 0.0000000000
121529  -31.629  -30.475  66.124 0.0000000000
135938  -34.177  -28.770  67.035 0.0000000000
52575  -33.257  -29.521  65.773 0.0000000000
53647  -34.404  -28.484  65.343 0.0000000000
53660  -34.679  -28.882  63.753 0.0000000000
69524  -41.301  -13.667  49.704 0.0000000000
135053  -40.957  -14.916  48.346 0.0000000000
68643  -43.142  -15.249  49.441 0.0000000000
71284  -45.325  -12.083  48.154 0.0000000000
133749  -44.464  -13.535  47.377 0.0000000000
70369  -43.988  -12.363  47.447 0.0000000000
70379  -42.445  -12.668  46.664 0.0000000000
72209  -43.405  -10.298  47.324 0.0000000000
127513  -43.123  -8.884  46.616 0.0000000000
73170  -44.670  -9.169  48.064 0.0000000000
61635  -32.350  -21.645  60.524 0.0000000000
61645  -31.856  -21.840  59.133 0.0000000000
62596  -33.410  -20.806  59.496 0.0000000000
63573  -35.084  -19.097  57.663 0.0000000000
63571  -33.751  -19.905  56.995 0.0000000000
63577  -34.169  -19.356  56.542 0.0000000000
63581  -33.605  -19.333  55.089 0.0000000000
64548  -35.254  -18.488  55.414 0.0000000000
64563  -35.969  -18.419  54.863 0.0000000000
64534  -36.939  -17.907  55.885 0.0000000000
53641  -21.407  -29.240  65.608 0.0000000000
52570  -20.414  -29.844  66.617 0.0000000000
122577  -19.932  -29.841  65.056 0.0000000000
121849  -18.070  -31.011  63.653 0.0000000000
79894  -47.633  -2.217  36.626 0.0000000000
79897  -47.455  -2.048  35.713 0.0000000000
48384  -4.716  -34.190  74.228 0.0000000000
56671  -36.298  -25.749  60.780 0.0000000000
56687  -36.450  -26.112  59.995 0.0000000000
57710  -35.485  -25.363  60.546 0.0000000000
57709  -34.450  -25.236  60.559 0.0000000000
57685  -34.144  -25.119  61.376 0.0000000000
57626  -35.069  -25.564  64.732 0.0000000000
57637  -35.341  -25.652  63.997 0.0000000000
136780  -35.032  -25.331  64.834 0.0000000000
59571  -31.831  -22.841  66.050 0.0000000000
138513  -32.137  -24.455  64.655 0.0000000000
59607  -31.446  -23.548  64.548 0.0000000000
58661  -31.491  -24.428  63.524 0.0000000000
60568  -31.381  -22.591  63.654 0.0000000000
61605  -31.727  -22.049  62.541 0.0000000000
61579  -32.306  -21.585  64.240 0.0000000000
54755  -26.911  -29.217  58.709 0.0000000000
52617  -30.643  -30.316  63.659 0.0000000000
52629  -29.486  -30.218  62.447 0.0000000000
52646  -30.929  -29.909  61.976 0.0000000000
53733  -31.660  -29.465  59.093 0.0000000000
120076  -23.802  -28.958  66.968 0.0000000000
120607  -23.978  -28.436  62.957 0.0000000000
54689  -23.067  -28.589  63.199 0.0000000000
54714  -22.676  -28.425  61.670 0.0000000000
54725  -21.902  -28.635  61.149 0.0000000000
75072  -44.278  -7.341  44.806 0.0000000000
75080  -43.134  -7.820  43.631 0.0000000000
76057  -44.970  -7.073  44.320 0.0000000000
123984  -47.850  -6.256  41.023 0.0000000000
121353  -46.148  -6.872  41.193 0.0000000000
76076  -46.443  -6.609  40.289 0.0000000000
76088  -45.483  -6.291  38.997 0.0000000000
77003  -46.919  -5.854  39.325 0.0000000000
77924  -46.994  -4.697  38.388 0.0000000000
77013  -48.457  -4.994  38.996 0.0000000000
60667  -31.041  -22.330  56.726 0.0000000000
59674  -30.385  -23.622  56.560 0.0000000000
63676  -35.461  -19.404  48.293 0.0000000000
64643  -36.413  -18.152  49.505 0.0000000000
138245  -38.202  -19.515  52.905 0.0000000000
127395  -37.579  -19.812  52.262 0.0000000000
63615  -38.857  -19.352  52.369 0.0000000000
67674  -40.018  -15.889  53.073 0.0000000000
65637  -39.053  -17.244  51.982 0.0000000000
67683  -38.811  -15.385  52.140 0.0000000000
67681  -37.479  -15.018  51.027 0.0000000000
131291  -39.067  -13.443  51.818 0.0000000000
69506  -39.275  -12.973  51.320 0.0000000000
69503  -40.365  -12.791  52.445 0.0000000000
131361  -12.241  -29.152  69.162 0.0000000000
53586  -11.862  -28.950  69.933 0.0000000000
53560  -10.614  -28.981  71.441 0.0000000000
52501  -10.118  -29.676  69.209 0.0000000000
52522  -9.579  -30.362  68.882 0.0000000000
52544  -10.375  -30.264  67.550 0.0000000000
48408  -7.334  -34.596  69.220 0.0000000000
49396  -6.821  -33.819  71.033 0.0000000000
138969  -6.732  -35.585  69.398 0.0000000000
46397  -4.577  -37.002  69.889 0.0000000000
47407  -5.342  -35.675  70.644 0.0000000000
47406  -4.193  -35.986  70.843 0.0000000000
48393  -4.223  -34.761  71.924 0.0000000000
46376  -3.076  -36.289  70.442 0.0000000000
123752  -32.594  -30.149  67.189 0.0000000000
70344  -46.015  -13.688  50.382 0.0000000000
68645  -44.796  -15.262  49.443 0.0000000000
70352  -46.963  -13.429  49.966 0.0000000000
62597  -34.040  -20.424  59.523 0.0000000000
53684  -20.659  -29.267  62.395 0.0000000000
52599  -20.088  -29.691  64.130 0.0000000000
51320  -7.086  -31.910  75.004 0.0000000000
50326  -6.371  -32.878  73.885 0.0000000000
55714  -37.062  -27.578  59.902 0.0000000000
56688  -36.891  -26.650  60.354 0.0000000000
56663  -36.171  -25.733  61.728 0.0000000000
138805  -32.477  -21.502  64.951 0.0000000000
54716  -24.990  -28.393  61.834 0.0000000000
54728  -24.534  -28.315  60.179 0.0000000000
54717  -25.629  -28.642  61.358 0.0000000000
54719  -26.678  -29.361  60.912 0.0000000000
53716  -27.754  -29.915  59.824 0.0000000000
53690  -32.510  -29.452  62.258 0.0000000000
53689  -31.837  -29.548  61.624 0.0000000000
53705  -32.728  -29.236  61.339 0.0000000000
53722  -33.477  -29.168  60.593 0.0000000000
119947  -34.576  -29.221  58.777 0.0000000000
53633  -25.645  -29.044  66.737 0.0000000000
54661  -24.957  -28.883  66.070 0.0000000000
54671  -25.143  -28.831  65.123 0.0000000000
54691  -25.393  -28.702  63.329 0.0000000000
67752  -42.600  -15.675  44.642 0.0000000000
73240  -41.342  -9.547  40.344 0.0000000000
76978  -47.803  -5.871  45.194 0.0000000000
128018  -47.134  -6.322  44.002 0.0000000000
136316  -31.566  -21.346  54.341 0.0000000000
61722  -35.190  -22.062  49.631 0.0000000000
62674  -36.891  -20.984  50.604 0.0000000000
64580  -40.720  -17.991  53.842 0.0000000000
64579  -40.279  -18.276  53.288 0.0000000000
66614  -40.986  -17.323  53.967 0.0000000000
51478  -17.677  -30.684  66.472 0.0000000000
51457  -16.789  -30.758  67.510 0.0000000000
52504  -15.099  -30.442  69.084 0.0000000000
52524  -13.903  -29.834  68.809 0.0000000000
53600  -13.255  -29.618  68.158 0.0000000000
53629  -11.791  -29.868  66.787 0.0000000000
52565  -11.264  -30.389  66.347 0.0000000000
52580  -11.561  -30.772  65.663 0.0000000000
54705  -35.876  -28.797  63.022 0.0000000000
55692  -36.153  -27.286  63.159 0.0000000000
55685  -35.727  -27.343  63.804 0.0000000000
137391  -35.397  -26.370  65.276 0.0000000000
52587  -28.577  -30.051  65.198 0.0000000000
53673  -28.432  -30.247  63.506 0.0000000000
143168  -29.659  -30.105  64.572 0.0000000000
52602  -30.150  -30.248  64.304 0.0000000000
52604  -31.721  -30.579  64.422 0.0000000000
51485  -32.701  -29.977  66.168 0.0000000000
52605  -32.789  -30.148  64.691 0.0000000000
136697  -33.214  -29.965  64.240 0.0000000000
52621  -33.853  -29.613  64.043 0.0000000000
53675  -35.014  -29.145  63.044 0.0000000000
51480  -28.970  -30.128  66.811 0.0000000000
68654  -37.586  -14.097  48.489 0.0000000000
121405  -38.008  -15.039  46.631 0.0000000000
68671  -39.334  -14.656  47.593 0.0000000000
67718  -41.102  -16.175  47.407 0.0000000000
66703  -42.804  -17.049  46.535 0.0000000000
67706  -44.172  -16.257  48.314 0.0000000000
68683  -43.921  -15.581  46.661 0.0000000000
68682  -43.240  -15.064  45.939 0.0000000000
69557  -42.251  -14.071  45.615 0.0000000000
126501  -40.958  -12.618  45.569 0.0000000000
71299  -40.320  -11.181  45.245 0.0000000000
73201  -40.654  -9.371  44.579 0.0000000000
73196  -42.037  -8.970  45.588 0.0000000000
75062  -43.787  -7.708  46.028 0.0000000000
76036  -45.452  -6.625  46.619 0.0000000000
129942  -46.049  -7.199  48.653 0.0000000000
76966  -47.492  -5.541  46.559 0.0000000000
60614  -30.846  -23.214  59.927 0.0000000000
59647  -30.504  -23.877  59.412 0.0000000000
60629  -30.817  -23.177  58.992 0.0000000000
60648  -31.109  -22.428  57.636 0.0000000000
61673  -32.122  -21.373  56.946 0.0000000000
62605  -33.530  -20.461  58.282 0.0000000000
123759  -32.701  -20.946  57.161 0.0000000000
62614  -32.053  -21.041  55.659 0.0000000000
136314  -32.694  -20.066  54.605 0.0000000000
63598  -33.397  -19.432  53.635 0.0000000000
63610  -33.683  -19.519  52.744 0.0000000000
62643  -35.087  -19.923  51.834 0.0000000000
126152  -35.107  -19.085  53.087 0.0000000000
138362  -36.646  -18.976  53.671 0.0000000000
64565  -38.559  -18.604  54.501 0.0000000000
64551  -38.774  -18.184  55.266 0.0000000000
64567  -40.226  -18.386  54.475 0.0000000000
51479  -19.109  -30.411  66.129 0.0000000000
52598  -19.364  -30.144  64.292 0.0000000000
51497  -18.496  -30.548  65.394 0.0000000000
121888  -18.383  -30.612  66.290 0.0000000000
139542  -17.319  -30.939  64.770 0.0000000000
57708  -32.696  -25.429  60.197 0.0000000000
137873  -31.523  -25.249  60.826 0.0000000000
56658  -36.149  -26.527  62.907 0.0000000000
57664  -35.959  -25.854  62.625 0.0000000000
121513  -35.016  -25.062  62.720 0.0000000000
57635  -33.653  -24.892  64.184 0.0000000000
57661  -33.989  -25.036  62.279 0.0000000000
120197  -31.955  -25.103  62.344 0.0000000000
57684  -31.217  -24.868  61.978 0.0000000000
59636  -30.628  -23.804  61.276 0.0000000000
140954  -31.251  -22.706  61.200 0.0000000000
135945  -31.884  -21.965  61.820 0.0000000000
61622  -33.064  -21.244  61.781 0.0000000000
61592  -32.999  -21.233  63.673 0.0000000000
136207  -33.973  -20.863  63.159 0.0000000000
52628  -28.799  -30.373  62.147 0.0000000000
120010  -28.997  -30.503  60.696 0.0000000000
53717  -28.732  -30.312  59.961 0.0000000000
124185  -31.186  -29.743  60.883 0.0000000000
53732  -30.277  -30.015  59.640 0.0000000000
53630  -22.467  -29.081  66.716 0.0000000000
124200  -21.981  -28.952  65.165 0.0000000000
54678  -23.642  -28.785  64.788 0.0000000000
120190  -22.984  -28.782  64.189 0.0000000000
53669  -21.624  -28.931  63.656 0.0000000000
53702  -21.203  -28.945  61.714 0.0000000000
74139  -41.387  -8.430  43.198 0.0000000000
74153  -41.794  -8.300  41.922 0.0000000000
75096  -42.817  -8.000  40.939 0.0000000000
75090  -45.142  -7.200  42.367 0.0000000000
75098  -44.392  -7.385  40.962 0.0000000000
75102  -43.516  -7.847  39.457 0.0000000000
134584  -43.513  -7.551  38.048 0.0000000000
76092  -43.689  -6.800  36.858 0.0000000000
76093  -43.950  -6.160  36.257 0.0000000000
77930  -45.506  -4.356  37.410 0.0000000000
78944  -46.842  -3.344  37.408 0.0000000000
51407  -8.611  -31.406  70.077 0.0000000000
51367  -8.129  -31.789  71.607 0.0000000000
50407  -8.213  -32.651  69.479 0.0000000000
58714  -30.506  -24.505  57.874 0.0000000000
66679  -35.762  -16.120  48.516 0.0000000000
62644  -36.181  -20.208  51.831 0.0000000000
62659  -37.554  -20.585  50.999 0.0000000000
63645  -37.863  -20.049  50.618 0.0000000000
64608  -39.476  -18.622  52.261 0.0000000000
65653  -38.368  -18.187  51.154 0.0000000000
64626  -37.289  -18.721  49.987 0.0000000000
121537  -37.306  -17.147  50.522 0.0000000000
67689  -36.539  -15.680  50.037 0.0000000000
68639  -37.110  -14.176  49.553 0.0000000000
69522  -38.376  -13.469  49.855 0.0000000000
69511  -40.801  -12.916  50.439 0.0000000000
70342  -42.500  -12.435  51.108 0.0000000000
53543  -9.022  -29.597  73.534 0.0000000000
53552  -10.354  -29.007  72.336 0.0000000000
52473  -8.899  -30.193  71.717 0.0000000000
51408  -9.085  -30.801  69.428 0.0000000000
50420  -9.092  -31.737  68.188 0.0000000000
51352  -7.678  -32.292  72.095 0.0000000000
49388  -6.775  -33.215  72.325 0.0000000000
49387  -6.100  -33.625  72.721 0.0000000000
47421  -5.728  -36.013  70.027 0.0000000000
143650  -5.525  -34.589  71.600 0.0000000000
48386  -5.055  -34.227  73.568 0.0000000000
48385  -4.506  -34.352  73.757 0.0000000000
135477  -3.574  -34.005  73.031 0.0000000000
45305  -2.848  -37.482  69.434 0.0000000000
47420  -2.215  -35.901  69.975 0.0000000000
52459  -8.302  -30.498  73.582 0.0000000000
121480  -8.021  -31.559  72.291 0.0000000000
54721  -36.568  -28.575  61.274 0.0000000000
53672  -27.156  -29.904  63.278 0.0000000000
54720  -35.666  -29.091  61.599 0.0000000000
53657  -26.621  -29.284  64.447 0.0000000000
72241  -39.887  -10.311  43.358 0.0000000000
123912  -31.047  -25.204  59.740 0.0000000000
57727  -30.873  -25.044  59.177 0.0000000000
62641  -33.114  -20.033  52.119 0.0000000000
62654  -32.623  -20.830  51.781 0.0000000000
61704  -32.873  -21.226  51.153 0.0000000000
62671  -34.238  -20.944  50.760 0.0000000000
53637  -35.002  -27.937  65.745 0.0000000000
54673  -35.430  -27.374  65.414 0.0000000000
54663  -35.427  -27.381  66.500 0.0000000000
51463  -30.827  -30.572  67.328 0.0000000000
51483  -31.011  -30.493  66.406 0.0000000000
51464  -31.558  -30.558  67.207 0.0000000000
53636  -34.611  -28.331  66.459 0.0000000000
140359  -34.119  -28.712  66.150 0.0000000000
143850  -34.737  -28.200  64.972 0.0000000000
69525  -42.393  -14.119  49.795 0.0000000000
68642  -42.050  -14.719  49.213 0.0000000000
69526  -43.476  -14.671  49.905 0.0000000000
72211  -45.038  -11.073  48.192 0.0000000000
71283  -44.520  -11.678  47.812 0.0000000000
72210  -44.259  -10.683  47.795 0.0000000000
71282  -43.681  -11.343  47.469 0.0000000000
73178  -44.128  -9.732  47.719 0.0000000000
61636  -33.108  -21.219  60.852 0.0000000000
61647  -32.986  -21.198  60.036 0.0000000000
64520  -35.505  -18.457  57.158 0.0000000000
64519  -34.851  -18.919  56.829 0.0000000000
64532  -34.638  -18.826  55.993 0.0000000000
64549  -36.043  -18.112  55.675 0.0000000000
120110  -36.208  -17.961  56.630 0.0000000000
52585  -20.556  -29.628  65.778 0.0000000000
53654  -20.692  -29.435  64.867 0.0000000000
79890  -48.415  -2.094  37.115 0.0000000000
79895  -48.138  -1.733  36.209 0.0000000000
50308  -6.203  -32.865  74.719 0.0000000000
49370  -5.593  -33.436  75.154 0.0000000000
49369  -4.791  -33.830  75.549 0.0000000000
49373  -5.102  -33.919  74.705 0.0000000000
57687  -35.661  -25.272  61.396 0.0000000000
140246  -36.038  -25.660  60.268 0.0000000000
144292  -35.024  -25.493  65.216 0.0000000000
57618  -35.000  -25.467  65.788 0.0000000000
142799  -31.687  -22.492  65.364 0.0000000000
59589  -31.640  -23.278  65.320 0.0000000000
60543  -31.479  -22.652  64.571 0.0000000000
122231  -31.238  -23.132  64.003 0.0000000000
61578  -31.710  -22.006  64.003 0.0000000000
54739  -22.811  -28.623  59.924 0.0000000000
52630  -30.300  -30.148  62.752 0.0000000000
120781  -24.143  -28.314  62.062 0.0000000000
54701  -23.340  -28.393  62.280 0.0000000000
54715  -23.449  -28.300  61.397 0.0000000000
54726  -22.704  -28.436  60.781 0.0000000000
74180  -42.714  -8.879  38.680 0.0000000000
76046  -44.969  -6.974  45.212 0.0000000000
76047  -45.675  -6.709  44.789 0.0000000000
132887  -48.032  -6.078  40.328 0.0000000000
76077  -47.354  -6.325  40.357 0.0000000000
144562  -47.672  -6.127  39.978 0.0000000000
76082  -46.307  -6.281  39.569 0.0000000000
77004  -47.633  -5.860  39.596 0.0000000000
77012  -47.590  -5.364  38.960 0.0000000000
77005  -48.297  -5.540  39.455 0.0000000000
60666  -30.583  -22.910  56.253 0.0000000000
60686  -30.597  -22.914  55.492 0.0000000000
126620  -36.147  -21.396  49.471 0.0000000000
63661  -35.966  -19.666  48.940 0.0000000000
129991  -36.713  -19.430  49.519 0.0000000000
63602  -39.133  -19.210  53.069 0.0000000000
68628  -39.943  -14.537  53.077 0.0000000000
124547  -39.319  -15.021  52.575 0.0000000000
68632  -38.675  -14.272  51.916 0.0000000000
68627  -39.398  -13.850  52.408 0.0000000000
69502  -39.692  -12.955  52.054 0.0000000000
140443  -11.462  -29.085  69.188 0.0000000000
53585  -10.844  -29.136  69.605 0.0000000000
53597  -10.797  -29.397  68.778 0.0000000000
52523  -10.181  -29.952  68.369 0.0000000000
53614  -10.888  -29.631  67.941 0.0000000000
48407  -6.878  -34.944  69.755 0.0000000000
45306  -4.038  -37.713  69.578 0.0000000000
46377  -4.027  -36.544  70.312 0.0000000000
63552  -35.064  -20.025  60.207 0.0000000000
131780  -19.820  -29.896  62.207 0.0000000000
51333  -7.226  -31.855  74.167 0.0000000000
51334  -7.589  -31.363  74.821 0.0000000000
50327  -6.739  -32.343  74.382 0.0000000000
54746  -36.662  -28.324  59.222 0.0000000000
56672  -36.708  -26.449  61.255 0.0000000000
136544  -25.014  -28.338  60.968 0.0000000000
142220  -25.561  -28.631  61.954 0.0000000000
54731  -26.919  -29.380  60.075 0.0000000000
127916  -27.365  -29.818  60.572 0.0000000000
53691  -33.300  -29.431  62.815 0.0000000000
129260  -33.276  -29.223  62.009 0.0000000000
53734  -33.088  -29.257  59.610 0.0000000000
54756  -35.756  -29.026  58.810 0.0000000000
53635  -27.263  -29.570  65.950 0.0000000000
53622  -27.140  -29.556  66.883 0.0000000000
53621  -26.301  -29.365  67.290 0.0000000000
53644  -25.851  -28.920  65.780 0.0000000000
54702  -24.781  -28.453  62.726 0.0000000000
61681  -31.403  -21.748  53.737 0.0000000000
62672  -35.227  -21.091  50.705 0.0000000000
61713  -35.740  -21.564  50.191 0.0000000000
61714  -36.359  -21.388  50.206 0.0000000000
65586  -41.135  -17.572  54.486 0.0000000000
68625  -41.160  -14.529  54.050 0.0000000000
120760  -17.119  -30.690  65.954 0.0000000000
51477  -16.947  -30.670  66.664 0.0000000000
52549  -15.357  -30.451  67.156 0.0000000000
51456  -16.004  -30.698  67.794 0.0000000000
52526  -15.269  -30.440  68.148 0.0000000000
52503  -14.425  -30.115  69.371 0.0000000000
52525  -14.575  -30.132  68.502 0.0000000000
52567  -13.527  -30.145  66.134 0.0000000000
52546  -13.332  -29.799  67.172 0.0000000000
53616  -12.513  -29.624  67.405 0.0000000000
134394  -11.877  -30.221  66.067 0.0000000000
52581  -12.474  -30.457  65.518 0.0000000000
54694  -35.819  -28.057  63.292 0.0000000000
54682  -35.360  -27.988  63.865 0.0000000000
55673  -35.622  -26.829  65.906 0.0000000000
56644  -35.205  -26.155  65.872 0.0000000000
52574  -29.129  -30.063  65.621 0.0000000000
52588  -29.247  -30.117  64.904 0.0000000000
51501  -31.144  -30.481  65.561 0.0000000000
51515  -30.698  -30.375  64.960 0.0000000000
51516  -31.390  -30.574  64.916 0.0000000000
52603  -31.005  -30.525  64.399 0.0000000000
51445  -33.092  -29.884  67.783 0.0000000000
52590  -33.567  -29.397  64.821 0.0000000000
52589  -33.007  -29.849  65.167 0.0000000000
52620  -33.240  -29.802  63.724 0.0000000000
53661  -34.976  -28.458  63.843 0.0000000000
53676  -35.204  -28.961  63.458 0.0000000000
121447  -30.059  -30.364  66.897 0.0000000000
51481  -29.396  -30.116  66.332 0.0000000000
52573  -28.624  -30.008  66.132 0.0000000000
68655  -38.638  -14.055  48.338 0.0000000000
135282  -39.596  -14.314  48.248 0.0000000000
67703  -41.457  -15.839  48.032 0.0000000000
67719  -42.038  -16.663  47.573 0.0000000000
66702  -41.884  -16.936  46.758 0.0000000000
66690  -42.491  -17.045  47.088 0.0000000000
68661  -45.160  -15.426  48.927 0.0000000000
68660  -44.498  -15.856  49.001 0.0000000000
68675  -45.233  -15.083  48.334 0.0000000000
69551  -44.037  -14.453  46.893 0.0000000000
68673  -44.451  -15.757  47.446 0.0000000000
67732  -43.468  -16.464  46.376 0.0000000000
125289  -42.144  -10.959  46.708 0.0000000000
70378  -41.527  -12.221  46.281 0.0000000000
71289  -41.497  -11.292  46.351 0.0000000000
71300  -40.805  -11.712  45.791 0.0000000000
72226  -40.900  -10.775  45.855 0.0000000000
130656  -41.175  -10.041  45.783 0.0000000000
73185  -41.802  -9.615  45.970 0.0000000000
74106  -43.855  -8.460  47.105 0.0000000000
74115  -43.439  -8.244  46.343 0.0000000000
75056  -44.380  -7.758  47.162 0.0000000000
75063  -44.335  -7.417  46.460 0.0000000000
76029  -44.832  -7.118  46.982 0.0000000000
135475  -47.116  -5.543  47.258 0.0000000000
60603  -31.286  -22.637  60.435 0.0000000000
60615  -31.286  -22.552  59.524 0.0000000000
61659  -32.406  -21.349  58.478 0.0000000000
61658  -31.706  -21.875  58.118 0.0000000000
61666  -31.613  -21.829  57.228 0.0000000000
62606  -34.210  -20.099  58.724 0.0000000000
62609  -33.334  -20.444  57.456 0.0000000000
62612  -33.070  -20.407  56.575 0.0000000000
62611  -32.383  -21.013  56.419 0.0000000000
128384  -32.601  -20.597  55.938 0.0000000000
62615  -32.466  -20.427  55.196 0.0000000000
63589  -33.861  -19.052  54.315 0.0000000000
63588  -33.178  -19.583  54.467 0.0000000000
63599  -34.297  -19.039  53.462 0.0000000000
64576  -35.159  -18.826  53.780 0.0000000000
129303  -36.821  -18.264  55.059 0.0000000000
135905  -36.740  -18.657  54.302 0.0000000000
64564  -37.630  -18.638  54.418 0.0000000000
64536  -39.130  -17.836  56.045 0.0000000000
64537  -40.121  -17.900  55.961 0.0000000000
64552  -39.747  -18.200  55.226 0.0000000000
64568  -40.822  -18.043  54.530 0.0000000000
52550  -19.747  -30.255  66.814 0.0000000000
52613  -19.544  -30.031  63.324 0.0000000000
52612  -18.826  -30.514  63.501 0.0000000000
134886  -18.647  -30.535  64.466 0.0000000000
51496  -17.700  -30.710  65.544 0.0000000000
56706  -36.295  -26.342  59.185 0.0000000000
120712  -33.349  -25.288  60.745 0.0000000000
57730  -33.628  -25.502  59.797 0.0000000000
57707  -31.743  -25.387  60.099 0.0000000000
55697  -36.585  -27.170  62.464 0.0000000000
57636  -35.256  -25.321  64.194 0.0000000000
57647  -35.478  -25.487  63.270 0.0000000000
57663  -35.628  -25.345  62.230 0.0000000000
57646  -35.058  -25.082  63.498 0.0000000000
57634  -32.733  -24.735  64.487 0.0000000000
57644  -32.840  -24.876  63.660 0.0000000000
57645  -33.982  -24.974  63.295 0.0000000000
57660  -32.899  -25.037  62.757 0.0000000000
57659  -32.043  -24.902  63.198 0.0000000000
58660  -30.944  -24.001  62.961 0.0000000000
58678  -31.362  -24.659  62.736 0.0000000000
143170  -30.894  -24.404  62.314 0.0000000000
58689  -30.749  -24.441  61.640 0.0000000000
58677  -30.712  -23.848  62.128 0.0000000000
60590  -30.961  -23.138  61.818 0.0000000000
61606  -32.317  -21.624  62.254 0.0000000000
61621  -32.375  -21.639  61.373 0.0000000000
62550  -33.761  -20.844  64.978 0.0000000000
61580  -33.037  -21.229  64.547 0.0000000000
62556  -33.829  -20.924  64.109 0.0000000000
62564  -34.519  -20.649  62.594 0.0000000000
54729  -25.473  -28.521  60.356 0.0000000000
128405  -25.071  -28.443  59.563 0.0000000000
54753  -25.142  -28.705  58.829 0.0000000000
125014  -29.249  -30.158  64.019 0.0000000000
53688  -28.248  -30.306  62.692 0.0000000000
52615  -29.000  -30.275  63.040 0.0000000000
52644  -29.390  -30.355  61.475 0.0000000000
53718  -29.602  -30.312  60.145 0.0000000000
120211  -32.023  -29.461  60.881 0.0000000000
53642  -22.174  -28.953  65.868 0.0000000000
54670  -24.306  -28.810  65.393 0.0000000000
53670  -22.410  -28.783  63.703 0.0000000000
53656  -22.194  -28.883  64.437 0.0000000000
53685  -21.405  -28.885  62.668 0.0000000000
54713  -21.987  -28.611  62.083 0.0000000000
73202  -41.597  -8.741  44.705 0.0000000000
74138  -40.931  -8.764  43.876 0.0000000000
126843  -41.707  -8.435  43.900 0.0000000000
131634  -42.825  -7.871  42.787 0.0000000000
75087  -41.999  -8.188  42.592 0.0000000000
75092  -42.594  -7.972  41.876 0.0000000000
74161  -42.035  -8.342  41.222 0.0000000000
75093  -43.437  -7.694  41.426 0.0000000000
76059  -46.465  -6.630  43.510 0.0000000000
76064  -45.791  -6.956  42.970 0.0000000000
76065  -46.527  -6.731  42.630 0.0000000000
75099  -45.469  -7.005  40.583 0.0000000000
75095  -45.309  -7.143  41.489 0.0000000000
122753  -43.927  -7.561  40.059 0.0000000000
75103  -44.123  -7.341  39.303 0.0000000000
75105  -43.565  -7.699  38.742 0.0000000000
77010  -44.872  -5.856  38.260 0.0000000000
123906  -44.070  -6.343  37.793 0.0000000000
138384  -43.927  -5.975  36.995 0.0000000000
77014  -44.435  -5.549  37.428 0.0000000000
77018  -44.265  -5.428  36.604 0.0000000000
77925  -47.906  -4.511  38.539 0.0000000000
77932  -47.381  -3.878  38.041 0.0000000000
78937  -48.320  -3.670  38.233 0.0000000000
78945  -47.704  -3.164  37.639 0.0000000000
78938  -49.024  -3.175  38.233 0.0000000000
126215  -8.455  -32.075  69.522 0.0000000000
50395  -8.145  -32.362  70.304 0.0000000000
59653  -30.456  -23.826  58.453 0.0000000000
59662  -30.396  -23.738  57.489 0.0000000000
64642  -35.756  -18.601  48.849 0.0000000000
65672  -35.461  -17.694  48.486 0.0000000000
66688  -35.447  -16.879  48.120 0.0000000000
66672  -35.711  -16.915  48.915 0.0000000000
63612  -35.587  -19.537  52.484 0.0000000000
63614  -37.878  -20.014  51.576 0.0000000000
62645  -37.161  -20.302  51.701 0.0000000000
63625  -38.052  -20.050  51.111 0.0000000000
64591  -40.219  -17.989  52.887 0.0000000000
120649  -39.903  -18.483  52.764 0.0000000000
65617  -39.746  -17.810  52.420 0.0000000000
128364  -38.454  -16.919  51.591 0.0000000000
65636  -38.700  -17.751  51.545 0.0000000000
65652  -37.777  -18.169  50.575 0.0000000000
65651  -36.927  -17.642  50.074 0.0000000000
68631  -37.932  -14.152  51.214 0.0000000000
67690  -36.870  -14.926  50.282 0.0000000000
67696  -36.421  -15.056  49.520 0.0000000000
69508  -37.726  -13.707  49.954 0.0000000000
69509  -38.057  -13.604  50.588 0.0000000000
70332  -40.560  -12.550  51.225 0.0000000000
70331  -39.894  -12.818  50.773 0.0000000000
70341  -41.542  -12.539  50.912 0.0000000000
53570  -9.984  -29.369  70.804 0.0000000000
53559  -9.686  -29.429  71.616 0.0000000000
52485  -9.230  -29.958  70.935 0.0000000000
52499  -9.063  -30.490  70.233 0.0000000000
51454  -9.661  -30.786  68.024 0.0000000000
51432  -9.189  -31.026  68.701 0.0000000000
51473  -9.634  -31.564  67.430 0.0000000000
49392  -6.491  -33.674  71.862 0.0000000000
47422  -6.335  -36.105  69.478 0.0000000000
47400  -4.887  -35.169  71.373 0.0000000000
48389  -5.402  -34.146  72.832 0.0000000000
48388  -4.615  -34.435  72.934 0.0000000000
47398  -3.460  -35.028  71.458 0.0000000000
121034  -3.819  -34.352  72.593 0.0000000000
49391  -3.368  -33.948  72.288 0.0000000000
46395  -2.259  -36.672  69.347 0.0000000000
141850  -2.543  -36.442  70.002 0.0000000000
51340  -7.422  -31.869  73.366 0.0000000000
54734  -36.671  -28.400  60.374 0.0000000000
55702  -36.816  -27.059  61.726 0.0000000000
54692  -26.047  -29.008  63.016 0.0000000000
54704  -26.049  -28.966  62.117 0.0000000000
125417  -26.630  -29.485  62.700 0.0000000000
53723  -34.452  -29.204  60.441 0.0000000000
132006  -35.308  -29.191  60.393 0.0000000000
54745  -36.033  -28.960  59.920 0.0000000000
52556  -28.391  -30.049  67.041 0.0000000000
53645  -26.631  -29.197  65.406 0.0000000000
69563  -40.729  -12.841  44.741 0.0000000000
73231  -40.078  -9.897  41.956 0.0000000000
57745  -32.353  -25.674  58.795 0.0000000000
62630  -32.273  -20.477  53.387 0.0000000000
62639  -31.979  -21.002  52.961 0.0000000000
61693  -32.076  -21.304  52.336 0.0000000000
61712  -34.559  -21.609  50.230 0.0000000000
143429  -15.732  -30.761  65.445 0.0000000000
52568  -14.571  -30.270  66.546 0.0000000000
52597  -12.689  -30.936  64.812 0.0000000000
140023  -13.238  -31.232  64.441 0.0000000000
123589  -35.515  -27.381  64.546 0.0000000000
134881  -29.942  -30.184  66.209 0.0000000000
135027  -33.641  -29.140  66.456 0.0000000000
52576  -33.764  -28.987  65.447 0.0000000000
52591  -34.075  -28.902  64.445 0.0000000000
52607  -34.032  -29.293  64.115 0.0000000000
128856  -34.583  -28.493  64.360 0.0000000000
68641  -40.844  -14.221  48.984 0.0000000000
68657  -41.777  -15.338  48.601 0.0000000000
68658  -42.770  -15.795  48.855 0.0000000000
70371  -45.572  -13.043  48.184 0.0000000000
69542  -45.357  -14.011  48.017 0.0000000000
70370  -44.879  -12.735  47.787 0.0000000000
70380  -43.447  -13.095  47.008 0.0000000000
71291  -43.069  -12.040  47.147 0.0000000000
71281  -42.832  -11.115  47.102 0.0000000000
72208  -42.538  -10.347  46.787 0.0000000000
73187  -42.865  -9.621  46.798 0.0000000000
73177  -43.557  -9.309  47.255 0.0000000000
131544  -44.135  -8.979  47.624 0.0000000000
74101  -44.606  -8.325  47.775 0.0000000000
134892  -32.321  -21.607  59.814 0.0000000000
61646  -32.704  -21.247  59.299 0.0000000000
62604  -33.116  -20.870  58.770 0.0000000000
63572  -34.406  -19.473  57.339 0.0000000000
63576  -33.551  -19.777  56.234 0.0000000000
133840  -33.420  -19.663  55.630 0.0000000000
63582  -33.940  -19.276  55.780 0.0000000000
64547  -34.426  -18.854  55.066 0.0000000000
64562  -35.202  -18.639  54.587 0.0000000000
122988  -20.973  -29.712  67.118 0.0000000000
52571  -21.152  -29.500  66.466 0.0000000000
134757  -17.382  -31.251  64.048 0.0000000000
135166  -46.236  -3.034  36.304 0.0000000000
78961  -45.751  -3.619  35.066 0.0000000000
78953  -46.266  -2.974  35.553 0.0000000000
79906  -46.873  -2.515  35.236 0.0000000000
79907  -47.449  -2.216  34.718 0.0000000000
49372  -4.249  -34.105  75.002 0.0000000000
56686  -35.799  -25.757  59.794 0.0000000000
57731  -34.850  -25.535  59.765 0.0000000000
57638  -35.394  -26.061  64.357 0.0000000000
57648  -35.676  -25.979  63.451 0.0000000000
120045  -34.616  -24.981  64.653 0.0000000000
58636  -32.571  -24.524  65.356 0.0000000000
58635  -31.830  -24.050  65.084 0.0000000000
59620  -31.228  -23.783  63.807 0.0000000000
59631  -31.106  -23.237  63.311 0.0000000000
60577  -31.278  -22.676  62.732 0.0000000000
61590  -31.616  -22.162  63.252 0.0000000000
61591  -32.149  -21.656  63.253 0.0000000000
62551  -34.582  -20.568  64.581 0.0000000000
54743  -26.480  -29.030  59.430 0.0000000000
52645  -30.042  -30.137  61.952 0.0000000000
53704  -30.274  -30.088  61.225 0.0000000000
121001  -32.351  -29.372  59.594 0.0000000000
53631  -23.285  -28.891  66.508 0.0000000000
54690  -24.638  -28.607  63.596 0.0000000000
120811  -23.812  -28.652  63.858 0.0000000000
54700  -22.665  -28.518  62.436 0.0000000000
53715  -22.000  -28.860  60.242 0.0000000000
75065  -43.091  -8.007  44.991 0.0000000000
75071  -43.482  -7.734  44.482 0.0000000000
75081  -44.105  -7.415  43.846 0.0000000000
139708  -44.232  -7.404  43.197 0.0000000000
76071  -46.677  -6.728  41.816 0.0000000000
120569  -46.981  -6.555  41.025 0.0000000000
76081  -45.577  -6.709  39.750 0.0000000000
123813  -44.785  -6.822  39.200 0.0000000000
144777  -46.214  -5.907  39.056 0.0000000000
76089  -45.727  -5.589  38.529 0.0000000000
77016  -46.042  -4.851  38.164 0.0000000000
77011  -46.605  -5.433  38.727 0.0000000000
136174  -48.596  -4.355  38.670 0.0000000000
139158  -8.921  -32.553  68.023 0.0000000000
50432  -8.625  -33.166  68.184 0.0000000000
135030  -30.613  -22.994  57.119 0.0000000000
135964  -30.429  -23.449  55.851 0.0000000000
63601  -37.089  -19.425  53.041 0.0000000000
138201  -38.247  -19.692  52.122 0.0000000000
66630  -39.400  -16.399  52.446 0.0000000000
66646  -38.623  -16.199  51.899 0.0000000000
66645  -37.950  -16.096  51.368 0.0000000000
67682  -38.205  -15.148  51.630 0.0000000000
69505  -38.542  -13.493  51.285 0.0000000000
70329  -40.406  -12.556  51.919 0.0000000000
70333  -41.154  -12.261  51.712 0.0000000000
53588  -13.172  -29.521  69.181 0.0000000000
53587  -12.732  -29.274  69.813 0.0000000000
53572  -11.965  -28.941  70.717 0.0000000000
53571  -10.956  -28.935  70.535 0.0000000000
53584  -10.105  -29.438  70.018 0.0000000000
52500  -9.529  -30.086  69.673 0.0000000000
51455  -10.036  -30.892  67.251 0.0000000000
48399  -7.198  -34.083  70.053 0.0000000000
49397  -7.382  -33.406  70.685 0.0000000000
48398  -6.504  -34.588  70.578 0.0000000000
45307  -5.285  -37.530  69.526 0.0000000000
46378  -4.998  -36.346  70.244 0.0000000000
47399  -3.941  -35.386  71.349 0.0000000000
47405  -2.995  -35.554  70.899 0.0000000000
144645  -32.115  -30.438  67.513 0.0000000000
69515  -44.590  -14.076  50.316 0.0000000000
69527  -44.358  -14.884  49.917 0.0000000000
68634  -45.156  -14.668  49.832 0.0000000000
142040  -45.970  -14.246  49.578 0.0000000000
69535  -46.058  -14.255  49.323 0.0000000000
71273  -45.875  -11.552  48.504 0.0000000000
72200  -45.592  -10.481  48.515 0.0000000000
73171  -45.365  -9.487  48.482 0.0000000000
62586  -34.642  -20.390  60.907 0.0000000000
133488  -34.443  -20.330  60.086 0.0000000000
63561  -34.681  -20.033  59.482 0.0000000000
144824  -34.893  -19.733  58.840 0.0000000000
63569  -35.370  -19.292  58.483 0.0000000000
64508  -35.789  -18.698  57.982 0.0000000000
52614  -20.297  -29.537  63.210 0.0000000000
122846  -24.285  -28.258  61.158 0.0000000000
54718  -26.209  -29.045  61.421 0.0000000000
125273  -26.037  -28.859  60.855 0.0000000000
54730  -26.210  -28.927  60.192 0.0000000000
54744  -27.144  -29.394  59.415 0.0000000000
52632  -32.276  -29.869  63.224 0.0000000000
52631  -31.744  -29.740  62.420 0.0000000000
53706  -33.564  -29.131  61.450 0.0000000000
53721  -32.572  -29.305  60.379 0.0000000000
53632  -24.625  -29.023  67.085 0.0000000000
54672  -25.945  -28.945  64.817 0.0000000000
54680  -25.285  -28.791  64.194 0.0000000000
67742  -42.544  -16.485  44.857 0.0000000000
74173  -41.919  -9.070  39.931 0.0000000000
76969  -47.081  -5.970  45.795 0.0000000000
76048  -46.404  -6.498  44.391 0.0000000000
76042  -47.093  -6.175  44.847 0.0000000000
76049  -47.786  -6.063  44.439 0.0000000000
77000  -49.149  -5.747  40.379 0.0000000000
141312  -31.388  -21.649  55.220 0.0000000000
60687  -30.921  -22.395  55.131 0.0000000000
60701  -31.097  -22.192  54.381 0.0000000000
62691  -36.767  -21.135  50.143 0.0000000000
124736  -40.384  -18.409  53.822 0.0000000000
65601  -40.534  -17.687  53.354 0.0000000000
128163  -40.648  -16.697  53.515 0.0000000000
124517  -40.670  -15.323  53.687 0.0000000000
68624  -40.569  -13.969  53.473 0.0000000000
69497  -40.719  -12.950  53.089 0.0000000000
51476  -16.144  -30.639  66.854 0.0000000000
136140  -13.864  -29.846  69.576 0.0000000000
52547  -13.995  -29.868  67.898 0.0000000000
53599  -12.430  -29.379  68.343 0.0000000000
53615  -11.680  -29.536  67.641 0.0000000000
52545  -11.043  -29.939  67.104 0.0000000000
54706  -36.412  -28.009  62.734 0.0000000000
134209  -35.653  -26.741  64.467 0.0000000000
57627  -35.081  -25.893  65.111 0.0000000000
52600  -27.874  -29.940  64.665 0.0000000000
53659  -27.798  -30.090  63.827 0.0000000000
52601  -28.536  -30.137  64.337 0.0000000000
51514  -29.964  -30.202  65.000 0.0000000000
52618  -31.553  -30.404  63.856 0.0000000000
51484  -32.143  -30.353  66.642 0.0000000000
51502  -32.304  -30.291  65.543 0.0000000000
51517  -32.094  -30.506  64.801 0.0000000000
52619  -32.452  -30.288  64.170 0.0000000000
53674  -34.113  -29.359  63.350 0.0000000000
137342  -34.571  -29.202  63.727 0.0000000000
68669  -37.161  -14.472  47.909 0.0000000000
67715  -37.198  -14.839  47.178 0.0000000000
68670  -38.120  -14.459  47.492 0.0000000000
67716  -39.003  -15.034  46.823 0.0000000000
68672  -40.415  -15.078  47.852 0.0000000000
67717  -40.061  -15.528  47.114 0.0000000000
68644  -44.046  -15.473  49.525 0.0000000000
68659  -43.694  -15.984  49.004 0.0000000000
67705  -43.323  -16.457  48.293 0.0000000000
125536  -44.864  -14.875  47.615 0.0000000000
67733  -43.854  -16.494  47.411 0.0000000000
67720  -42.966  -16.925  47.423 0.0000000000
66715  -42.924  -16.650  45.813 0.0000000000
67743  -43.079  -16.016  45.393 0.0000000000
68693  -42.563  -15.021  45.115 0.0000000000
69549  -41.783  -13.162  46.044 0.0000000000
69556  -41.323  -13.449  45.233 0.0000000000
70385  -40.366  -12.087  45.052 0.0000000000
143588  -40.066  -10.792  44.671 0.0000000000
72232  -40.048  -10.138  44.296 0.0000000000
72225  -40.485  -10.188  45.206 0.0000000000
73195  -41.227  -9.432  45.353 0.0000000000
74121  -42.531  -8.427  45.203 0.0000000000
73186  -42.464  -9.226  46.235 0.0000000000
74114  -42.780  -8.616  45.942 0.0000000000
74122  -43.213  -8.098  45.629 0.0000000000
75067  -44.327  -7.293  45.653 0.0000000000
76039  -44.876  -6.928  46.113 0.0000000000
76040  -45.583  -6.604  45.681 0.0000000000
74102  -45.236  -8.589  48.352 0.0000000000
142810  -45.207  -7.923  48.174 0.0000000000
75053  -45.533  -7.315  48.203 0.0000000000
76031  -45.995  -6.280  47.177 0.0000000000
76037  -46.184  -6.245  46.193 0.0000000000
76970  -47.858  -5.629  45.882 0.0000000000
59642  -30.541  -23.861  60.357 0.0000000000
60630  -31.228  -22.490  58.577 0.0000000000
61672  -31.613  -21.615  56.289 0.0000000000
129275  -33.659  -20.518  58.993 0.0000000000
62608  -32.928  -20.963  57.947 0.0000000000
63567  -33.994  -19.999  57.811 0.0000000000
62621  -31.894  -20.984  54.929 0.0000000000
62622  -32.128  -20.570  54.274 0.0000000000
63580  -33.062  -19.860  55.147 0.0000000000
63587  -32.706  -19.953  53.891 0.0000000000
63597  -32.879  -19.893  53.019 0.0000000000
62642  -34.033  -19.819  51.865 0.0000000000
63611  -34.611  -19.414  52.559 0.0000000000
63600  -36.006  -19.130  53.223 0.0000000000
139776  -35.936  -18.715  54.074 0.0000000000
64577  -37.493  -19.080  53.677 0.0000000000
63590  -38.448  -19.048  53.705 0.0000000000
64578  -39.313  -18.878  53.781 0.0000000000
141203  -37.090  -17.816  56.643 0.0000000000
64566  -39.459  -18.535  54.523 0.0000000000
142325  -39.943  -18.676  53.910 0.0000000000
51498  -19.217  -30.258  65.221 0.0000000000
51495  -16.883  -30.849  65.240 0.0000000000
51512  -16.621  -31.295  64.365 0.0000000000
121503  -16.069  -30.954  64.993 0.0000000000
80902  -48.777  -1.450  35.782 0.0000000000
79898  -48.115  -1.705  35.268 0.0000000000
57746  -33.182  -25.788  58.904 0.0000000000
57729  -32.512  -25.571  59.488 0.0000000000
57706  -31.005  -25.097  60.429 0.0000000000
57662  -35.030  -25.019  61.838 0.0000000000
140567  -32.885  -25.219  61.708 0.0000000000
128748  -31.761  -25.212  61.504 0.0000000000
57683  -31.075  -24.976  61.211 0.0000000000
58696  -30.672  -24.518  60.799 0.0000000000
60602  -30.897  -23.223  60.837 0.0000000000
60591  -31.447  -22.435  61.866 0.0000000000
61620  -31.741  -22.154  61.043 0.0000000000
62585  -33.876  -20.827  61.296 0.0000000000
62571  -33.854  -20.882  62.223 0.0000000000
140830  -27.765  -30.203  63.141 0.0000000000
122163  -28.075  -30.276  61.970 0.0000000000
52643  -28.488  -30.377  61.363 0.0000000000
121905  -28.117  -30.258  60.625 0.0000000000
53730  -28.566  -30.036  59.143 0.0000000000
53719  -30.369  -30.077  60.429 0.0000000000
121514  -31.037  -29.748  59.914 0.0000000000
53731  -29.469  -30.137  59.367 0.0000000000
53617  -21.698  -29.453  67.180 0.0000000000
121373  -21.778  -29.212  66.387 0.0000000000
53655  -21.452  -29.092  64.623 0.0000000000
54660  -24.091  -28.844  66.281 0.0000000000
54669  -23.479  -28.813  65.689 0.0000000000
54668  -22.742  -28.843  65.173 0.0000000000
128790  -20.947  -29.131  63.178 0.0000000000
73210  -40.252  -9.429  43.683 0.0000000000
73221  -40.066  -9.640  42.722 0.0000000000
74159  -40.514  -9.192  41.976 0.0000000000
74140  -42.253  -8.146  43.399 0.0000000000
74152  -41.183  -8.521  42.374 0.0000000000
74160  -41.276  -8.698  41.536 0.0000000000
74167  -41.589  -8.885  40.710 0.0000000000
74168  -42.327  -8.476  40.367 0.0000000000
74174  -42.625  -8.604  39.507 0.0000000000
76058  -45.711  -6.838  43.895 0.0000000000
75082  -44.904  -7.193  43.321 0.0000000000
75089  -44.256  -7.424  42.539 0.0000000000
76070  -45.938  -6.957  42.073 0.0000000000
75094  -44.628  -7.352  41.826 0.0000000000
145164  -43.997  -7.509  41.805 0.0000000000
75097  -43.557  -7.712  40.673 0.0000000000
75101  -43.145  -8.063  40.055 0.0000000000
74175  -43.125  -8.252  39.011 0.0000000000
74181  -43.217  -8.299  38.100 0.0000000000
75106  -44.013  -7.016  38.507 0.0000000000
75110  -43.673  -7.078  37.681 0.0000000000
75109  -43.465  -7.722  37.220 0.0000000000
77939  -44.628  -4.782  36.107 0.0000000000
77936  -45.160  -4.097  36.538 0.0000000000
77931  -46.427  -4.076  37.768 0.0000000000
78943  -45.945  -3.498  36.958 0.0000000000
78950  -47.208  -2.698  37.063 0.0000000000
141250  -47.882  -2.574  37.271 0.0000000000
78947  -49.079  -2.445  37.770 0.0000000000
52472  -8.390  -31.080  71.734 0.0000000000
51384  -8.307  -31.724  70.944 0.0000000000
49404  -7.767  -33.211  69.901 0.0000000000
49405  -8.164  -33.191  68.912 0.0000000000
49413  -7.682  -33.925  69.097 0.0000000000
135485  -30.572  -24.552  58.843 0.0000000000
60700  -30.737  -22.928  54.792 0.0000000000
124039  -36.034  -15.553  47.972 0.0000000000
62657  -35.749  -20.688  51.260 0.0000000000
62658  -36.735  -20.788  51.171 0.0000000000
63644  -37.308  -20.531  50.223 0.0000000000
63603  -39.488  -18.972  52.589 0.0000000000
64590  -39.100  -19.033  52.107 0.0000000000
136700  -39.244  -18.104  51.966 0.0000000000
130783  -38.878  -18.650  51.661 0.0000000000
64628  -38.347  -18.957  51.008 0.0000000000
64627  -37.937  -19.258  50.475 0.0000000000
142357  -37.557  -19.670  50.094 0.0000000000
65665  -36.215  -17.147  49.557 0.0000000000
66662  -37.166  -16.083  50.714 0.0000000000
66661  -36.641  -16.597  50.091 0.0000000000
66673  -36.076  -16.068  49.404 0.0000000000
67701  -36.093  -15.305  48.710 0.0000000000
68653  -36.689  -14.570  48.694 0.0000000000
68640  -38.068  -13.725  49.201 0.0000000000
69510  -39.006  -13.160  50.386 0.0000000000
69523  -40.177  -13.286  49.824 0.0000000000
69512  -41.708  -13.274  50.243 0.0000000000
131576  -43.500  -13.166  50.715 0.0000000000
70324  -41.101  -12.390  52.460 0.0000000000
53542  -8.658  -30.017  73.037 0.0000000000
53551  -9.238  -29.572  72.555 0.0000000000
52484  -8.673  -30.885  70.992 0.0000000000
51431  -8.789  -31.556  69.085 0.0000000000
52564  -10.593  -30.622  66.755 0.0000000000
51474  -10.202  -31.460  66.660 0.0000000000
141712  -7.635  -31.909  72.722 0.0000000000
128167  -7.252  -32.345  72.841 0.0000000000
49393  -7.314  -33.078  71.577 0.0000000000
50362  -7.173  -32.755  72.385 0.0000000000
50344  -6.674  -32.946  73.031 0.0000000000
49380  -5.964  -33.452  73.532 0.0000000000
47408  -6.205  -35.411  70.169 0.0000000000
48397  -5.765  -34.960  70.977 0.0000000000
48390  -5.792  -34.109  72.100 0.0000000000
49386  -5.550  -33.870  73.338 0.0000000000
49379  -5.348  -33.890  73.949 0.0000000000
48383  -4.090  -34.229  74.249 0.0000000000
48387  -3.998  -34.308  73.463 0.0000000000
49378  -3.516  -33.780  73.839 0.0000000000
44232  -3.202  -38.186  69.582 0.0000000000
48396  -2.947  -34.577  70.998 0.0000000000
50378  -7.925  -32.400  71.238 0.0000000000
53573  -12.700  -29.269  70.517 0.0000000000
58648  -31.645  -24.221  64.303 0.0000000000
63646  -38.207  -19.652  50.934 0.0000000000
68646  -45.522  -14.724  49.411 0.0000000000
68656  -40.242  -14.390  48.469 0.0000000000
68674  -44.848  -15.770  48.285 0.0000000000
69513  -42.684  -13.428  50.401 0.0000000000
69516  -45.907  -14.234  49.844 0.0000000000
69528  -46.354  -13.879  49.803 0.0000000000
70328  -39.920  -12.726  51.471 0.0000000000
71290  -42.227  -11.719  46.780 0.0000000000
71319  -40.027  -11.155  43.058 0.0000000000
74103  -45.924  -8.895  48.827 0.0000000000
74151  -40.606  -8.866  42.997 0.0000000000
75066  -43.712  -7.669  45.273 0.0000000000
76023  -46.491  -6.710  48.925 0.0000000000
76083  -47.086  -6.234  39.838 0.0000000000
76087  -44.632  -6.460  38.609 0.0000000000
76965  -46.710  -5.871  46.754 0.0000000000
76999  -48.811  -5.666  39.869 0.0000000000
77919  -49.025  -5.222  39.453 0.0000000000
77926  -49.155  -4.605  39.022 0.0000000000
77935  -44.724  -4.793  37.021 0.0000000000
78946  -48.420  -2.846  37.739 0.0000000000
78949  -46.579  -2.947  36.815 0.0000000000
79893  -46.847  -2.535  36.205 0.0000000000
80898  -48.770  -1.605  36.572 0.0000000000
123374  -43.642  -7.586  43.032 0.0000000000
123974  -45.441  -14.197  50.130 0.0000000000
126004  -42.279  -9.820  46.425 0.0000000000
126297  -8.387  -31.401  71.321 0.0000000000
135034  -45.660  -14.724  48.805 0.0000000000
139184  -43.940  -7.891  46.657 0.0000000000
140138  -47.095  -6.584  42.323 0.0000000000
140231  -48.555  -5.881  40.216 0.0000000000
142070  -46.938  -2.614  34.648 0.0000000000
142560  -46.671  -13.659  49.943 0.0000000000
143835  -43.118  -8.191  39.505 0.0000000000
144624  -43.596  -14.674  46.419 0.0000000000
