#!ascii label  , from subject sub-v1s5x0050726_ses-1 vox2ras=TkReg
1504
56808  -41.331  -26.449  51.726 0.0000000000
71314  -51.298  -10.633  44.704 0.0000000000
134891  -46.213  -19.399  47.345 0.0000000000
46370  -13.509  -35.915  71.641 0.0000000000
60670  -36.589  -22.546  57.332 0.0000000000
42097  -29.844  -40.043  67.940 0.0000000000
49436  -37.121  -33.750  67.072 0.0000000000
54708  -41.131  -27.755  62.963 0.0000000000
59638  -40.455  -23.435  61.709 0.0000000000
47504  -21.539  -35.467  65.288 0.0000000000
46389  -27.633  -36.003  70.601 0.0000000000
140985  -26.052  -34.471  64.524 0.0000000000
138329  -33.849  -33.667  62.995 0.0000000000
51529  -38.757  -31.569  63.568 0.0000000000
60676  -44.702  -22.799  56.568 0.0000000000
58785  -46.625  -24.379  54.156 0.0000000000
67734  -49.558  -15.771  46.132 0.0000000000
60744  -41.691  -21.673  49.949 0.0000000000
70489  -48.123  -12.470  38.572 0.0000000000
45259  -9.253  -37.421  72.756 0.0000000000
143264  -41.894  -22.491  59.266 0.0000000000
134195  -39.848  -23.975  54.198 0.0000000000
46510  -29.811  -36.014  62.886 0.0000000000
46450  -32.663  -36.697  67.145 0.0000000000
63604  -46.578  -19.501  53.400 0.0000000000
74206  -55.376  -7.858  35.834 0.0000000000
138157  -40.101  -28.641  60.464 0.0000000000
56689  -40.695  -26.407  60.400 0.0000000000
48473  -23.842  -34.035  64.673 0.0000000000
51546  -36.721  -31.917  61.010 0.0000000000
52658  -39.104  -30.179  60.658 0.0000000000
52635  -39.943  -29.740  62.701 0.0000000000
57789  -43.225  -25.907  54.010 0.0000000000
58744  -45.973  -24.673  55.390 0.0000000000
57823  -44.096  -25.546  53.094 0.0000000000
140584  -50.115  -13.003  45.459 0.0000000000
66682  -53.738  -16.095  48.506 0.0000000000
120108  -53.806  -9.896  44.051 0.0000000000
47443  -11.673  -35.078  68.645 0.0000000000
47401  -11.015  -35.558  71.652 0.0000000000
60616  -38.259  -22.934  59.756 0.0000000000
60606  -40.567  -22.712  60.863 0.0000000000
121505  -39.760  -22.353  57.633 0.0000000000
60692  -40.456  -22.948  56.133 0.0000000000
59698  -37.945  -22.568  55.668 0.0000000000
44238  -29.268  -37.724  69.625 0.0000000000
44209  -29.977  -38.712  72.569 0.0000000000
42065  -30.731  -40.839  70.160 0.0000000000
41066  -31.678  -41.566  68.856 0.0000000000
48544  -27.702  -34.132  60.633 0.0000000000
48547  -30.204  -34.227  60.473 0.0000000000
48479  -35.174  -34.018  64.908 0.0000000000
47532  -33.229  -34.975  64.857 0.0000000000
47489  -34.428  -35.056  66.848 0.0000000000
46413  -33.850  -36.822  69.832 0.0000000000
46427  -17.308  -36.628  68.256 0.0000000000
44216  -20.557  -38.284  71.643 0.0000000000
44168  -20.823  -38.880  74.783 0.0000000000
62711  -43.634  -19.747  48.709 0.0000000000
62660  -43.670  -20.611  51.417 0.0000000000
120874  -46.040  -18.957  49.986 0.0000000000
76110  -57.167  -6.228  34.906 0.0000000000
46348  -13.247  -36.274  75.726 0.0000000000
56649  -42.136  -25.979  65.378 0.0000000000
58649  -41.357  -23.981  64.593 0.0000000000
57665  -41.032  -25.120  62.522 0.0000000000
58703  -39.804  -24.615  59.980 0.0000000000
46430  -22.237  -36.636  68.287 0.0000000000
45297  -24.849  -36.775  71.258 0.0000000000
47466  -24.739  -35.283  67.533 0.0000000000
47486  -26.389  -35.316  66.952 0.0000000000
45347  -27.607  -36.508  66.064 0.0000000000
49524  -32.432  -33.277  60.675 0.0000000000
50518  -34.457  -32.509  60.505 0.0000000000
50474  -36.590  -32.616  63.082 0.0000000000
50451  -38.054  -32.769  65.120 0.0000000000
51504  -40.058  -31.023  65.408 0.0000000000
54674  -41.652  -28.774  65.558 0.0000000000
47502  -19.647  -35.895  65.201 0.0000000000
61661  -46.953  -21.215  58.424 0.0000000000
62601  -52.075  -20.867  60.379 0.0000000000
60638  -48.846  -21.668  58.142 0.0000000000
59686  -49.589  -23.785  56.504 0.0000000000
65682  -48.904  -17.822  47.060 0.0000000000
64632  -49.124  -18.353  49.741 0.0000000000
65667  -52.029  -17.698  49.185 0.0000000000
43021  -2.021  -39.319  76.090 0.0000000000
129868  -41.834  -24.059  50.609 0.0000000000
62721  -40.862  -20.511  47.151 0.0000000000
64702  -45.521  -18.368  44.531 0.0000000000
138134  -46.866  -16.515  44.181 0.0000000000
68709  -47.167  -13.985  43.785 0.0000000000
71329  -47.907  -10.997  42.692 0.0000000000
127863  -49.786  -10.836  41.632 0.0000000000
137243  -46.457  -12.228  40.057 0.0000000000
46346  -10.596  -35.979  75.699 0.0000000000
120854  -8.370  -37.254  76.721 0.0000000000
44121  -4.479  -37.917  76.735 0.0000000000
61595  -47.354  -21.234  63.706 0.0000000000
139594  -41.936  -22.702  63.660 0.0000000000
136988  -43.704  -22.447  61.893 0.0000000000
60609  -45.184  -21.935  60.735 0.0000000000
60655  -43.867  -22.429  57.769 0.0000000000
58741  -42.052  -24.328  55.291 0.0000000000
56779  -40.495  -26.326  52.866 0.0000000000
45269  -27.779  -37.365  73.005 0.0000000000
46507  -27.553  -35.854  63.101 0.0000000000
45359  -29.245  -37.622  65.168 0.0000000000
47562  -31.695  -34.909  62.924 0.0000000000
46476  -31.503  -36.588  65.207 0.0000000000
43173  -31.349  -39.034  66.985 0.0000000000
44250  -33.229  -38.861  68.809 0.0000000000
121639  -13.036  -35.319  68.324 0.0000000000
46441  -15.264  -35.983  67.758 0.0000000000
45287  -15.688  -36.871  70.991 0.0000000000
59746  -43.934  -22.995  51.875 0.0000000000
60714  -46.651  -22.573  53.306 0.0000000000
62624  -49.321  -20.440  55.166 0.0000000000
138138  -48.055  -17.431  52.603 0.0000000000
71360  -52.465  -11.732  40.753 0.0000000000
71363  -55.229  -11.765  40.687 0.0000000000
71373  -57.312  -11.040  39.765 0.0000000000
72315  -54.646  -9.637  36.956 0.0000000000
74182  -58.268  -8.012  38.276 0.0000000000
54735  -39.981  -28.668  59.669 0.0000000000
54747  -40.165  -27.961  59.018 0.0000000000
54759  -39.801  -28.401  58.299 0.0000000000
142781  -38.669  -30.425  59.965 0.0000000000
52668  -39.152  -29.902  59.652 0.0000000000
122457  -39.546  -29.674  61.135 0.0000000000
56781  -41.975  -26.388  52.697 0.0000000000
57790  -44.183  -25.688  53.888 0.0000000000
57821  -42.778  -25.842  52.088 0.0000000000
70386  -50.489  -12.167  45.416 0.0000000000
69543  -52.396  -13.094  47.091 0.0000000000
71292  -52.343  -11.348  46.385 0.0000000000
71302  -52.695  -10.648  46.164 0.0000000000
72234  -52.154  -10.304  44.470 0.0000000000
47426  -12.306  -35.401  69.649 0.0000000000
47410  -11.137  -35.546  70.166 0.0000000000
46369  -12.633  -35.584  71.841 0.0000000000
120602  -37.759  -22.510  58.513 0.0000000000
144358  -38.743  -22.576  59.623 0.0000000000
142593  -37.983  -22.225  57.981 0.0000000000
60672  -39.163  -22.360  57.018 0.0000000000
127267  -37.575  -22.190  56.834 0.0000000000
44205  -23.284  -38.341  73.122 0.0000000000
44248  -29.283  -38.673  69.018 0.0000000000
130705  -29.591  -38.550  69.851 0.0000000000
42078  -29.910  -40.076  68.818 0.0000000000
41047  -31.092  -41.396  69.412 0.0000000000
42098  -30.415  -40.561  68.310 0.0000000000
48461  -36.220  -34.018  65.983 0.0000000000
48442  -34.929  -34.606  66.246 0.0000000000
48429  -35.829  -34.356  67.791 0.0000000000
140526  -35.203  -34.723  67.961 0.0000000000
45315  -21.389  -37.566  69.484 0.0000000000
121747  -22.003  -38.356  71.889 0.0000000000
120755  -21.777  -38.556  72.794 0.0000000000
61598  -50.934  -21.469  63.033 0.0000000000
63689  -44.632  -19.732  47.837 0.0000000000
63663  -44.524  -19.457  49.591 0.0000000000
122472  -46.207  -19.361  48.976 0.0000000000
55693  -41.632  -27.179  63.611 0.0000000000
126067  -41.728  -25.586  64.043 0.0000000000
133972  -41.407  -26.781  62.845 0.0000000000
57733  -40.177  -25.451  59.488 0.0000000000
57732  -39.652  -24.917  59.144 0.0000000000
58709  -38.657  -24.192  58.802 0.0000000000
46460  -21.759  -36.006  66.696 0.0000000000
122722  -22.875  -36.130  67.932 0.0000000000
47483  -22.671  -35.499  66.466 0.0000000000
48474  -24.769  -34.002  64.778 0.0000000000
48456  -25.045  -34.475  65.512 0.0000000000
48441  -26.124  -35.076  66.070 0.0000000000
47487  -27.132  -35.769  66.750 0.0000000000
47507  -26.432  -35.189  65.498 0.0000000000
50529  -34.206  -32.325  59.697 0.0000000000
51537  -37.639  -31.682  61.975 0.0000000000
50501  -36.917  -32.077  61.757 0.0000000000
50487  -37.162  -32.207  62.555 0.0000000000
50461  -36.866  -32.811  63.797 0.0000000000
50476  -38.221  -32.113  63.866 0.0000000000
50464  -39.182  -31.859  65.050 0.0000000000
142352  -39.136  -31.435  63.933 0.0000000000
54695  -40.919  -28.615  63.446 0.0000000000
53678  -40.719  -29.400  63.989 0.0000000000
129703  -41.432  -28.053  63.889 0.0000000000
144263  -42.127  -27.322  65.266 0.0000000000
47503  -20.572  -35.775  65.257 0.0000000000
60656  -45.218  -22.083  57.149 0.0000000000
61662  -47.909  -21.085  58.494 0.0000000000
60658  -46.823  -21.987  57.251 0.0000000000
58745  -46.757  -24.597  55.205 0.0000000000
58729  -47.405  -24.352  55.779 0.0000000000
58746  -47.681  -24.331  55.285 0.0000000000
58748  -49.324  -23.822  55.750 0.0000000000
58767  -48.264  -24.017  54.940 0.0000000000
65694  -49.402  -17.152  46.859 0.0000000000
64673  -50.210  -18.085  47.879 0.0000000000
66692  -51.504  -17.117  47.813 0.0000000000
67697  -55.160  -15.788  49.351 0.0000000000
65716  -46.519  -17.350  44.558 0.0000000000
66737  -45.633  -16.667  43.190 0.0000000000
138029  -45.666  -13.283  43.336 0.0000000000
69595  -45.823  -12.408  43.317 0.0000000000
70412  -47.303  -12.162  43.881 0.0000000000
121666  -46.102  -11.616  42.210 0.0000000000
71340  -47.305  -11.225  41.553 0.0000000000
46379  -9.649  -37.003  70.374 0.0000000000
44195  -8.653  -38.067  73.080 0.0000000000
46336  -13.380  -36.199  77.313 0.0000000000
46342  -11.991  -35.752  76.375 0.0000000000
120747  -12.111  -35.770  77.443 0.0000000000
46326  -8.376  -36.537  78.666 0.0000000000
122355  -6.728  -37.039  78.407 0.0000000000
45233  -6.082  -37.691  76.983 0.0000000000
45221  -4.614  -37.360  78.340 0.0000000000
45220  -3.894  -37.671  78.365 0.0000000000
58662  -40.928  -23.543  63.023 0.0000000000
60556  -41.371  -23.084  63.994 0.0000000000
59621  -40.997  -23.264  62.990 0.0000000000
120604  -41.391  -22.534  60.273 0.0000000000
121512  -42.979  -22.536  61.371 0.0000000000
60607  -43.435  -22.451  60.342 0.0000000000
60596  -44.505  -22.252  61.278 0.0000000000
60621  -44.230  -22.219  59.613 0.0000000000
60637  -44.835  -21.846  58.926 0.0000000000
138100  -43.460  -22.423  58.571 0.0000000000
59700  -39.986  -23.253  55.448 0.0000000000
59701  -40.853  -23.543  55.559 0.0000000000
59719  -40.412  -23.862  54.744 0.0000000000
57787  -41.145  -25.327  54.082 0.0000000000
58783  -40.370  -25.223  53.762 0.0000000000
46388  -26.717  -35.934  70.761 0.0000000000
135391  -26.122  -36.984  72.351 0.0000000000
126563  -28.108  -36.838  72.056 0.0000000000
47571  -28.362  -35.324  61.659 0.0000000000
139598  -27.791  -35.047  61.741 0.0000000000
46508  -28.350  -36.199  63.020 0.0000000000
45368  -28.720  -37.163  64.558 0.0000000000
46488  -29.702  -36.704  63.921 0.0000000000
49505  -33.438  -33.310  61.619 0.0000000000
48530  -32.146  -34.028  61.916 0.0000000000
48515  -33.201  -33.971  62.915 0.0000000000
46463  -33.024  -35.994  66.548 0.0000000000
47509  -32.667  -35.596  65.195 0.0000000000
46462  -32.383  -36.502  66.308 0.0000000000
45350  -31.252  -37.623  66.102 0.0000000000
45340  -32.424  -37.569  67.587 0.0000000000
135174  -32.623  -39.294  68.021 0.0000000000
142564  -32.904  -37.483  68.447 0.0000000000
52558  -39.750  -30.819  67.826 0.0000000000
46426  -16.418  -36.511  68.509 0.0000000000
46405  -16.435  -36.789  69.477 0.0000000000
46404  -15.537  -36.494  69.457 0.0000000000
44132  -21.072  -39.464  76.826 0.0000000000
60736  -41.500  -22.579  50.082 0.0000000000
59745  -43.302  -23.476  51.499 0.0000000000
60737  -42.673  -21.772  51.030 0.0000000000
62646  -45.198  -20.340  52.474 0.0000000000
61694  -44.789  -21.273  52.353 0.0000000000
61696  -45.887  -20.665  52.996 0.0000000000
61688  -47.319  -21.083  53.809 0.0000000000
62632  -47.263  -20.015  53.970 0.0000000000
65641  -50.367  -17.188  51.184 0.0000000000
65639  -48.568  -17.783  51.167 0.0000000000
66647  -49.827  -16.662  52.637 0.0000000000
70452  -49.707  -11.786  40.389 0.0000000000
127534  -51.031  -11.342  40.908 0.0000000000
70473  -50.158  -12.548  39.644 0.0000000000
70476  -53.513  -12.507  39.561 0.0000000000
70495  -54.760  -12.253  39.017 0.0000000000
71365  -56.995  -11.322  40.269 0.0000000000
141480  -55.653  -11.661  38.640 0.0000000000
74219  -53.296  -8.469  34.620 0.0000000000
74204  -52.725  -8.694  34.946 0.0000000000
74194  -54.905  -8.455  36.206 0.0000000000
73261  -56.448  -9.148  37.821 0.0000000000
136566  -56.850  -7.969  37.527 0.0000000000
74196  -57.342  -7.241  37.056 0.0000000000
75125  -58.305  -6.772  35.536 0.0000000000
54722  -40.449  -28.385  61.806 0.0000000000
55703  -40.709  -27.599  61.539 0.0000000000
55709  -40.646  -27.336  60.666 0.0000000000
55725  -40.274  -26.920  58.630 0.0000000000
48454  -23.194  -34.602  65.197 0.0000000000
51575  -37.171  -31.333  59.556 0.0000000000
51563  -37.881  -31.226  60.681 0.0000000000
52633  -38.985  -30.703  62.202 0.0000000000
131675  -39.246  -30.702  62.838 0.0000000000
52634  -39.471  -30.219  62.394 0.0000000000
53708  -40.206  -29.094  62.217 0.0000000000
136124  -43.981  -24.177  55.778 0.0000000000
59681  -45.301  -23.441  56.242 0.0000000000
141374  -44.292  -25.071  55.210 0.0000000000
57791  -44.865  -25.368  54.267 0.0000000000
58784  -45.766  -24.708  53.810 0.0000000000
68695  -50.401  -14.393  46.127 0.0000000000
67735  -51.459  -15.421  47.177 0.0000000000
68677  -52.558  -14.094  47.391 0.0000000000
68662  -53.993  -14.359  48.320 0.0000000000
72246  -54.552  -9.791  43.469 0.0000000000
47409  -10.655  -35.849  70.838 0.0000000000
139781  -10.217  -36.224  72.513 0.0000000000
59643  -39.407  -23.166  60.662 0.0000000000
60592  -40.380  -23.010  61.441 0.0000000000
120021  -39.570  -22.850  60.529 0.0000000000
60633  -40.277  -22.330  59.280 0.0000000000
60634  -41.258  -22.455  58.730 0.0000000000
60652  -41.527  -22.616  57.757 0.0000000000
126481  -39.989  -22.632  56.748 0.0000000000
60691  -39.581  -22.729  56.134 0.0000000000
59717  -38.597  -23.265  54.808 0.0000000000
46390  -28.393  -36.332  70.307 0.0000000000
45283  -29.031  -37.152  71.876 0.0000000000
44225  -29.674  -38.026  70.554 0.0000000000
132361  -30.371  -39.366  71.924 0.0000000000
40086  -32.438  -42.637  69.634 0.0000000000
48546  -29.217  -34.547  60.394 0.0000000000
47573  -30.009  -35.203  61.780 0.0000000000
49460  -34.868  -33.788  64.134 0.0000000000
48494  -33.640  -34.115  63.638 0.0000000000
48478  -34.426  -34.259  64.713 0.0000000000
47511  -34.159  -34.956  66.029 0.0000000000
46451  -33.346  -36.079  67.487 0.0000000000
126627  -33.415  -36.399  68.442 0.0000000000
47450  -34.297  -35.509  68.715 0.0000000000
46457  -18.759  -36.340  66.523 0.0000000000
45327  -18.644  -37.026  68.533 0.0000000000
45276  -18.948  -37.925  71.300 0.0000000000
44185  -19.537  -38.617  73.624 0.0000000000
120799  -20.947  -38.648  73.089 0.0000000000
62692  -42.403  -20.248  49.150 0.0000000000
61715  -42.957  -20.754  50.830 0.0000000000
62675  -43.200  -20.017  50.212 0.0000000000
63627  -44.693  -19.273  51.197 0.0000000000
63629  -45.775  -18.703  51.876 0.0000000000
71389  -47.218  -11.915  37.284 0.0000000000
138088  -49.768  -12.647  38.366 0.0000000000
71403  -48.558  -11.283  36.777 0.0000000000
75136  -54.757  -7.872  34.625 0.0000000000
75115  -56.205  -7.080  35.837 0.0000000000
75148  -54.748  -7.693  33.680 0.0000000000
76123  -56.775  -6.377  33.923 0.0000000000
45252  -14.771  -36.894  73.514 0.0000000000
46360  -13.275  -36.076  73.454 0.0000000000
144204  -41.613  -23.698  65.892 0.0000000000
57639  -41.751  -25.037  64.875 0.0000000000
58663  -41.006  -24.276  63.180 0.0000000000
57688  -40.670  -24.848  61.747 0.0000000000
124194  -40.748  -25.660  61.085 0.0000000000
58697  -40.395  -24.849  61.091 0.0000000000
138749  -39.901  -24.272  60.785 0.0000000000
127686  -39.336  -23.650  60.469 0.0000000000
59648  -38.156  -23.224  59.555 0.0000000000
45317  -22.824  -37.313  69.940 0.0000000000
45296  -23.971  -37.120  70.943 0.0000000000
143507  -23.421  -36.686  69.416 0.0000000000
46408  -25.130  -35.875  69.720 0.0000000000
47429  -25.876  -35.443  69.200 0.0000000000
48438  -24.450  -34.720  66.125 0.0000000000
48427  -25.345  -35.112  67.073 0.0000000000
47431  -27.195  -35.550  69.200 0.0000000000
141153  -27.889  -35.987  68.214 0.0000000000
45331  -28.527  -37.316  68.075 0.0000000000
44254  -28.772  -38.398  67.505 0.0000000000
50517  -33.683  -32.674  60.323 0.0000000000
49506  -34.203  -33.109  61.840 0.0000000000
50520  -35.990  -32.148  60.838 0.0000000000
50499  -35.483  -32.484  61.438 0.0000000000
49490  -34.981  -33.208  62.876 0.0000000000
49476  -36.148  -33.100  63.642 0.0000000000
49461  -36.673  -33.284  64.537 0.0000000000
49437  -37.587  -33.463  66.483 0.0000000000
49427  -38.100  -32.940  67.587 0.0000000000
50443  -38.651  -32.665  66.264 0.0000000000
51486  -39.614  -31.651  66.420 0.0000000000
52577  -40.538  -30.495  66.420 0.0000000000
52608  -39.861  -30.583  63.920 0.0000000000
53649  -41.134  -29.625  65.492 0.0000000000
53639  -41.360  -29.343  66.248 0.0000000000
55674  -41.937  -27.663  66.734 0.0000000000
46458  -19.440  -36.355  66.462 0.0000000000
61640  -48.433  -20.689  60.620 0.0000000000
124941  -49.400  -20.786  59.360 0.0000000000
61663  -49.535  -21.243  58.764 0.0000000000
60639  -50.753  -22.470  58.431 0.0000000000
60679  -47.318  -22.974  56.844 0.0000000000
59665  -49.150  -23.576  57.020 0.0000000000
64670  -47.792  -18.782  47.375 0.0000000000
144666  -47.735  -19.137  48.359 0.0000000000
120189  -49.047  -18.613  47.939 0.0000000000
65666  -50.665  -17.917  49.645 0.0000000000
66650  -52.428  -16.401  51.395 0.0000000000
66681  -53.411  -16.799  48.753 0.0000000000
66667  -53.659  -16.832  50.286 0.0000000000
57840  -40.579  -26.048  50.501 0.0000000000
57841  -41.397  -25.689  50.858 0.0000000000
58824  -40.613  -24.481  49.827 0.0000000000
59760  -40.581  -23.492  49.491 0.0000000000
60743  -41.142  -22.072  49.518 0.0000000000
61738  -41.187  -20.847  48.640 0.0000000000
62709  -42.393  -20.227  48.250 0.0000000000
62724  -43.194  -20.158  47.517 0.0000000000
63702  -44.768  -19.774  46.906 0.0000000000
63717  -46.069  -18.885  45.964 0.0000000000
64693  -47.063  -18.050  45.880 0.0000000000
66716  -47.781  -16.845  45.372 0.0000000000
67744  -48.586  -15.996  45.411 0.0000000000
67775  -45.409  -15.051  42.799 0.0000000000
67761  -46.897  -14.879  43.529 0.0000000000
67763  -48.402  -14.724  44.631 0.0000000000
69565  -48.379  -13.094  44.438 0.0000000000
124047  -48.795  -12.281  44.550 0.0000000000
71321  -49.412  -10.864  43.566 0.0000000000
72242  -50.451  -10.602  43.555 0.0000000000
71342  -48.766  -10.820  41.904 0.0000000000
71356  -47.928  -11.236  40.823 0.0000000000
126919  -47.636  -12.285  39.252 0.0000000000
70502  -46.795  -12.329  37.873 0.0000000000
46358  -11.917  -35.554  73.807 0.0000000000
121797  -11.029  -35.624  74.100 0.0000000000
46356  -9.839  -36.624  73.999 0.0000000000
46328  -10.166  -35.987  78.208 0.0000000000
46339  -9.657  -36.510  76.610 0.0000000000
45242  -8.509  -37.706  74.955 0.0000000000
44140  -7.864  -38.124  74.987 0.0000000000
44138  -6.207  -38.328  75.589 0.0000000000
44157  -4.497  -38.493  75.120 0.0000000000
44119  -3.004  -38.277  76.979 0.0000000000
137436  -48.872  -20.861  63.060 0.0000000000
133291  -44.252  -22.192  64.213 0.0000000000
60594  -41.828  -22.617  61.925 0.0000000000
60581  -43.176  -22.528  62.781 0.0000000000
60583  -45.016  -22.089  62.510 0.0000000000
61624  -46.838  -21.413  61.822 0.0000000000
61625  -47.716  -20.982  61.437 0.0000000000
61638  -46.687  -21.232  60.150 0.0000000000
129838  -44.807  -21.922  57.892 0.0000000000
128911  -43.920  -22.696  56.813 0.0000000000
60673  -41.837  -22.903  56.844 0.0000000000
59679  -42.991  -23.368  56.235 0.0000000000
59704  -43.198  -23.853  55.896 0.0000000000
58763  -42.737  -25.225  54.871 0.0000000000
57805  -41.692  -26.156  53.446 0.0000000000
56793  -40.627  -26.596  52.225 0.0000000000
60688  -36.257  -22.424  55.829 0.0000000000
59697  -36.610  -22.837  54.912 0.0000000000
58758  -37.170  -23.585  54.169 0.0000000000
58780  -37.763  -24.342  53.524 0.0000000000
57801  -38.321  -25.195  52.938 0.0000000000
57820  -39.108  -25.969  52.793 0.0000000000
123249  -39.906  -26.734  51.682 0.0000000000
56819  -39.977  -26.621  50.824 0.0000000000
44208  -29.295  -37.969  72.880 0.0000000000
49473  -26.215  -33.800  63.386 0.0000000000
48491  -26.754  -34.258  62.958 0.0000000000
47528  -26.498  -34.851  64.180 0.0000000000
46486  -27.455  -36.343  64.683 0.0000000000
45358  -28.604  -37.489  65.293 0.0000000000
44262  -29.349  -38.545  66.324 0.0000000000
49523  -31.679  -33.478  60.471 0.0000000000
48529  -31.384  -34.285  61.616 0.0000000000
47561  -31.080  -35.196  62.679 0.0000000000
48493  -32.832  -34.526  63.542 0.0000000000
47530  -31.697  -35.653  64.028 0.0000000000
46489  -30.396  -36.617  64.180 0.0000000000
45370  -30.686  -36.970  64.971 0.0000000000
45349  -30.417  -38.032  65.862 0.0000000000
43153  -30.111  -39.753  67.224 0.0000000000
42116  -31.269  -40.382  67.657 0.0000000000
128761  -32.463  -40.191  68.096 0.0000000000
47444  -12.335  -35.254  68.939 0.0000000000
47427  -13.265  -35.616  69.333 0.0000000000
47479  -15.329  -35.621  66.300 0.0000000000
120617  -14.031  -35.396  66.940 0.0000000000
46424  -14.729  -35.974  68.366 0.0000000000
46403  -14.715  -36.257  69.678 0.0000000000
46371  -14.216  -36.246  71.354 0.0000000000
45261  -15.473  -37.116  72.845 0.0000000000
44166  -18.971  -38.640  74.323 0.0000000000
58807  -42.789  -25.184  51.514 0.0000000000
59736  -44.018  -24.160  52.018 0.0000000000
128672  -46.062  -24.019  53.376 0.0000000000
61706  -44.021  -21.322  51.927 0.0000000000
134348  -45.286  -22.065  52.565 0.0000000000
59730  -46.735  -23.572  53.566 0.0000000000
60715  -47.399  -22.861  53.764 0.0000000000
64645  -47.631  -18.685  49.886 0.0000000000
64609  -46.984  -17.966  51.869 0.0000000000
64593  -46.607  -18.261  52.816 0.0000000000
72256  -51.963  -10.469  42.641 0.0000000000
134408  -52.666  -10.563  42.103 0.0000000000
72270  -54.076  -10.587  41.874 0.0000000000
135699  -51.695  -12.497  39.933 0.0000000000
71362  -54.290  -11.788  40.770 0.0000000000
131880  -55.845  -10.407  41.773 0.0000000000
72272  -56.723  -10.289  41.598 0.0000000000
72274  -58.204  -9.653  40.755 0.0000000000
72313  -53.030  -10.103  36.568 0.0000000000
137052  -55.823  -10.048  37.778 0.0000000000
73247  -58.152  -9.160  39.497 0.0000000000
75118  -58.168  -6.943  36.416 0.0000000000
53738  -39.564  -29.265  59.244 0.0000000000
120929  -39.818  -28.696  58.882 0.0000000000
53737  -39.124  -29.701  58.785 0.0000000000
56782  -42.707  -26.105  52.683 0.0000000000
56795  -42.053  -26.346  52.052 0.0000000000
70399  -50.766  -11.243  45.096 0.0000000000
70388  -51.658  -11.520  45.973 0.0000000000
71301  -51.418  -11.013  45.430 0.0000000000
71293  -53.096  -11.090  46.924 0.0000000000
140129  -51.827  -10.576  45.201 0.0000000000
72227  -52.442  -10.387  45.377 0.0000000000
47412  -12.707  -35.561  70.252 0.0000000000
128074  -12.237  -35.456  71.010 0.0000000000
60650  -37.357  -22.421  57.891 0.0000000000
45265  -23.764  -37.837  72.317 0.0000000000
43136  -29.448  -39.430  68.471 0.0000000000
43119  -29.685  -39.324  69.431 0.0000000000
42079  -30.471  -40.702  69.118 0.0000000000
49448  -36.921  -33.754  66.304 0.0000000000
48444  -36.261  -34.136  66.898 0.0000000000
49425  -36.580  -33.936  67.786 0.0000000000
44204  -22.469  -38.437  72.621 0.0000000000
63690  -45.383  -19.613  47.501 0.0000000000
144389  -45.114  -19.633  48.214 0.0000000000
63691  -45.840  -19.555  48.151 0.0000000000
57747  -39.576  -25.370  58.251 0.0000000000
47505  -22.494  -35.167  65.648 0.0000000000
48475  -25.484  -34.306  64.839 0.0000000000
140831  -25.982  -34.758  65.261 0.0000000000
145074  -26.302  -34.904  64.844 0.0000000000
50488  -38.058  -31.773  62.910 0.0000000000
51518  -38.896  -31.776  64.252 0.0000000000
55686  -41.865  -27.495  64.545 0.0000000000
47526  -20.935  -35.492  64.612 0.0000000000
47481  -21.096  -35.896  65.999 0.0000000000
60657  -46.001  -21.923  57.168 0.0000000000
60677  -45.578  -22.638  56.738 0.0000000000
121329  -47.004  -24.521  54.804 0.0000000000
58766  -47.457  -24.205  54.633 0.0000000000
66704  -49.502  -16.497  46.499 0.0000000000
66691  -50.137  -16.907  47.093 0.0000000000
67721  -50.957  -16.360  47.251 0.0000000000
66676  -55.684  -16.214  50.174 0.0000000000
65725  -45.318  -17.427  43.389 0.0000000000
70427  -46.237  -11.753  43.028 0.0000000000
70438  -45.369  -11.867  41.835 0.0000000000
70449  -46.178  -11.831  41.116 0.0000000000
46367  -9.811  -36.699  71.794 0.0000000000
134162  -9.321  -37.393  71.967 0.0000000000
44196  -8.835  -37.981  72.199 0.0000000000
46329  -12.008  -35.731  78.329 0.0000000000
126716  -5.601  -37.104  78.538 0.0000000000
45208  -4.855  -37.092  79.454 0.0000000000
58679  -40.643  -23.955  62.328 0.0000000000
60578  -40.729  -23.311  62.315 0.0000000000
120603  -42.560  -22.492  59.823 0.0000000000
60620  -43.465  -22.407  59.335 0.0000000000
142216  -42.790  -22.495  58.903 0.0000000000
58761  -40.379  -24.472  54.169 0.0000000000
58782  -39.635  -24.631  53.755 0.0000000000
46375  -27.408  -36.353  71.398 0.0000000000
47559  -29.512  -35.708  62.273 0.0000000000
47558  -28.708  -35.792  62.249 0.0000000000
46509  -29.110  -36.112  62.725 0.0000000000
46499  -29.232  -36.492  63.370 0.0000000000
49488  -33.661  -33.513  62.358 0.0000000000
130267  -32.903  -33.751  62.177 0.0000000000
46478  -32.726  -35.929  65.881 0.0000000000
45351  -32.000  -37.197  66.705 0.0000000000
52538  -40.075  -30.066  68.281 0.0000000000
44199  -18.170  -38.184  72.907 0.0000000000
137434  -42.065  -22.186  50.566 0.0000000000
62647  -45.895  -19.852  52.911 0.0000000000
62631  -46.534  -20.421  53.381 0.0000000000
66649  -51.556  -16.405  51.829 0.0000000000
66648  -50.638  -16.605  52.087 0.0000000000
70471  -48.452  -12.277  39.443 0.0000000000
70472  -49.287  -12.362  39.635 0.0000000000
71378  -53.471  -12.000  38.221 0.0000000000
124034  -55.118  -11.765  38.485 0.0000000000
71395  -53.832  -11.278  37.712 0.0000000000
121193  -54.081  -8.296  34.935 0.0000000000
73287  -54.319  -8.489  35.661 0.0000000000
74195  -55.633  -8.103  36.490 0.0000000000
122362  -56.448  -7.642  36.830 0.0000000000
144024  -56.105  -7.467  36.280 0.0000000000
54736  -40.414  -28.170  60.968 0.0000000000
122971  -38.425  -30.780  60.644 0.0000000000
51548  -38.107  -31.229  61.316 0.0000000000
52647  -38.717  -30.709  61.412 0.0000000000
52648  -39.266  -30.193  61.599 0.0000000000
53724  -39.998  -28.988  61.261 0.0000000000
58742  -43.423  -24.755  55.403 0.0000000000
58764  -43.779  -25.542  54.669 0.0000000000
57808  -44.917  -25.202  53.617 0.0000000000
138122  -45.475  -25.051  54.307 0.0000000000
69558  -50.243  -13.725  45.763 0.0000000000
68685  -51.441  -14.205  46.763 0.0000000000
68696  -50.864  -13.912  46.285 0.0000000000
69536  -53.711  -13.215  48.130 0.0000000000
69537  -54.582  -13.571  48.696 0.0000000000
73211  -54.607  -9.607  44.378 0.0000000000
47402  -11.422  -35.477  70.956 0.0000000000
46368  -10.402  -36.046  71.684 0.0000000000
46363  -10.736  -35.752  72.221 0.0000000000
60604  -39.870  -23.101  60.922 0.0000000000
60617  -38.889  -22.903  60.209 0.0000000000
120601  -39.304  -22.206  58.896 0.0000000000
120462  -39.421  -22.521  59.874 0.0000000000
120489  -40.511  -22.394  58.208 0.0000000000
60690  -38.625  -22.430  56.363 0.0000000000
59699  -39.066  -22.909  55.475 0.0000000000
45318  -29.033  -36.809  69.924 0.0000000000
45319  -29.313  -37.323  70.440 0.0000000000
43120  -30.222  -40.006  69.860 0.0000000000
43098  -30.070  -39.059  70.615 0.0000000000
43081  -30.615  -40.156  71.147 0.0000000000
41048  -31.730  -42.298  69.924 0.0000000000
48527  -29.653  -34.835  61.107 0.0000000000
48459  -34.663  -34.471  65.472 0.0000000000
47488  -33.704  -35.485  66.663 0.0000000000
47470  -33.957  -35.485  67.372 0.0000000000
47471  -33.853  -35.764  68.163 0.0000000000
47472  -34.546  -35.149  67.818 0.0000000000
47451  -34.897  -34.992  68.814 0.0000000000
46446  -19.240  -36.555  67.059 0.0000000000
46445  -18.461  -36.542  67.244 0.0000000000
45336  -19.073  -36.831  67.853 0.0000000000
44223  -20.247  -37.979  70.836 0.0000000000
44215  -19.673  -38.108  71.460 0.0000000000
125280  -19.862  -38.351  72.227 0.0000000000
138783  -20.527  -38.484  72.417 0.0000000000
44188  -22.457  -38.603  73.477 0.0000000000
44187  -21.694  -38.718  73.697 0.0000000000
62693  -43.042  -19.930  49.361 0.0000000000
61726  -42.571  -20.461  49.996 0.0000000000
63664  -45.312  -19.252  49.719 0.0000000000
63647  -44.563  -19.326  50.476 0.0000000000
63648  -45.226  -18.979  50.627 0.0000000000
63628  -45.180  -18.988  51.516 0.0000000000
63649  -45.871  -18.718  50.938 0.0000000000
71390  -48.109  -11.904  37.270 0.0000000000
74235  -53.941  -8.172  34.163 0.0000000000
75147  -53.727  -7.978  33.248 0.0000000000
45248  -14.499  -36.887  74.525 0.0000000000
46332  -14.618  -36.636  77.850 0.0000000000
57628  -41.932  -25.173  66.072 0.0000000000
144096  -41.422  -25.929  62.846 0.0000000000
128961  -41.399  -25.245  63.321 0.0000000000
55704  -40.916  -26.612  61.386 0.0000000000
57711  -40.411  -25.380  60.286 0.0000000000
58702  -38.921  -23.852  59.813 0.0000000000
47446  -23.857  -35.704  67.998 0.0000000000
46431  -24.277  -35.940  68.959 0.0000000000
47447  -24.915  -35.459  68.239 0.0000000000
47428  -25.217  -35.534  68.883 0.0000000000
48455  -24.208  -34.365  65.405 0.0000000000
48440  -25.779  -35.072  66.606 0.0000000000
48439  -25.229  -34.877  66.276 0.0000000000
47467  -25.871  -35.205  67.442 0.0000000000
47449  -26.519  -35.382  68.736 0.0000000000
47468  -26.435  -35.378  67.871 0.0000000000
46432  -27.857  -35.862  68.910 0.0000000000
134021  -26.937  -35.577  67.507 0.0000000000
46461  -27.824  -36.550  66.877 0.0000000000
46449  -28.099  -36.535  67.733 0.0000000000
45339  -28.306  -37.528  67.059 0.0000000000
50497  -33.942  -32.869  61.087 0.0000000000
50498  -34.717  -32.677  61.294 0.0000000000
51561  -36.550  -31.757  60.221 0.0000000000
51560  -35.787  -32.004  60.030 0.0000000000
50486  -36.384  -32.448  62.300 0.0000000000
50500  -36.209  -32.304  61.566 0.0000000000
120133  -35.756  -32.578  62.055 0.0000000000
50485  -35.023  -32.857  62.139 0.0000000000
50473  -35.733  -32.870  62.794 0.0000000000
49475  -35.316  -33.365  63.502 0.0000000000
50462  -37.589  -32.705  64.366 0.0000000000
49462  -37.445  -33.187  65.185 0.0000000000
138482  -37.391  -33.459  65.866 0.0000000000
49449  -38.030  -33.075  65.860 0.0000000000
50452  -38.629  -32.502  65.479 0.0000000000
51503  -39.685  -31.541  65.637 0.0000000000
50453  -39.201  -32.138  65.915 0.0000000000
51467  -39.976  -31.029  66.867 0.0000000000
51487  -40.124  -31.075  66.040 0.0000000000
52622  -39.664  -30.363  63.153 0.0000000000
52623  -40.171  -29.918  63.505 0.0000000000
53663  -41.229  -29.175  64.768 0.0000000000
53662  -40.726  -29.939  64.789 0.0000000000
138074  -40.950  -29.967  66.086 0.0000000000
54664  -41.699  -28.571  66.494 0.0000000000
138115  -42.004  -28.112  66.005 0.0000000000
55687  -42.129  -26.721  64.927 0.0000000000
56650  -42.243  -26.760  65.680 0.0000000000
57629  -42.197  -26.147  66.118 0.0000000000
46429  -21.417  -36.708  67.912 0.0000000000
61650  -47.320  -20.939  59.270 0.0000000000
62598  -49.259  -20.613  60.112 0.0000000000
61651  -48.387  -20.771  59.479 0.0000000000
139162  -48.026  -21.686  57.835 0.0000000000
124979  -48.804  -20.982  58.771 0.0000000000
137673  -50.273  -21.565  58.810 0.0000000000
135617  -49.849  -22.180  58.264 0.0000000000
137333  -45.842  -24.174  55.970 0.0000000000
59682  -46.088  -23.533  56.364 0.0000000000
59683  -46.951  -23.793  56.376 0.0000000000
59685  -48.760  -24.013  56.389 0.0000000000
59666  -50.057  -23.617  57.166 0.0000000000
60661  -50.421  -23.150  57.778 0.0000000000
59667  -51.042  -23.566  57.232 0.0000000000
59687  -50.584  -23.588  56.712 0.0000000000
59708  -51.259  -22.686  56.214 0.0000000000
64683  -48.080  -18.185  46.841 0.0000000000
143223  -49.001  -18.333  47.545 0.0000000000
64649  -51.177  -18.020  48.906 0.0000000000
64662  -50.507  -18.155  48.467 0.0000000000
143098  -51.423  -17.768  49.591 0.0000000000
65656  -51.052  -17.432  50.400 0.0000000000
65657  -51.984  -17.499  49.955 0.0000000000
67723  -53.072  -15.426  47.997 0.0000000000
67707  -52.825  -16.430  48.189 0.0000000000
66668  -54.521  -16.621  50.315 0.0000000000
43022  -2.259  -38.804  75.764 0.0000000000
43033  -2.343  -38.830  74.790 0.0000000000
43032  -1.883  -39.299  75.302 0.0000000000
59769  -40.516  -22.575  49.075 0.0000000000
61737  -40.238  -21.870  48.515 0.0000000000
138358  -40.593  -21.096  48.357 0.0000000000
61757  -41.018  -20.607  47.934 0.0000000000
62708  -41.704  -20.441  48.087 0.0000000000
62722  -41.591  -20.484  47.282 0.0000000000
62740  -42.969  -20.439  46.372 0.0000000000
62741  -43.922  -20.106  46.648 0.0000000000
62752  -43.813  -20.127  45.595 0.0000000000
63716  -45.271  -19.309  45.692 0.0000000000
64691  -45.775  -18.651  45.251 0.0000000000
64681  -46.673  -18.550  46.125 0.0000000000
64692  -46.448  -18.312  45.560 0.0000000000
65726  -46.083  -16.984  43.781 0.0000000000
66729  -48.082  -16.324  45.210 0.0000000000
137037  -47.405  -15.828  44.225 0.0000000000
69577  -46.379  -13.375  43.552 0.0000000000
68708  -46.538  -14.416  43.424 0.0000000000
67762  -47.581  -14.980  44.020 0.0000000000
68710  -48.017  -13.995  44.226 0.0000000000
68701  -48.755  -13.843  44.714 0.0000000000
69579  -47.635  -13.070  44.108 0.0000000000
70413  -47.882  -11.498  43.598 0.0000000000
70396  -48.051  -12.215  44.193 0.0000000000
70414  -48.614  -11.492  44.024 0.0000000000
70397  -49.343  -11.555  44.453 0.0000000000
71320  -48.596  -10.958  43.124 0.0000000000
70450  -47.089  -11.645  40.667 0.0000000000
144383  -47.174  -12.059  39.802 0.0000000000
70470  -47.846  -11.758  40.002 0.0000000000
44194  -7.946  -38.713  72.838 0.0000000000
46354  -13.225  -36.182  74.219 0.0000000000
46359  -12.590  -35.692  73.207 0.0000000000
46353  -12.493  -35.816  74.509 0.0000000000
46347  -11.453  -35.729  75.567 0.0000000000
46352  -11.670  -35.640  74.733 0.0000000000
46351  -10.832  -35.822  74.905 0.0000000000
134521  -10.409  -36.084  74.284 0.0000000000
46350  -9.969  -36.403  74.968 0.0000000000
47390  -10.847  -35.783  78.927 0.0000000000
45210  -8.400  -36.926  77.614 0.0000000000
46338  -9.102  -36.747  77.049 0.0000000000
45243  -9.198  -37.041  75.404 0.0000000000
45235  -8.480  -37.456  75.832 0.0000000000
45234  -7.619  -37.703  76.227 0.0000000000
44123  -6.666  -37.961  76.211 0.0000000000
44122  -5.626  -37.981  76.418 0.0000000000
44158  -5.669  -38.609  74.938 0.0000000000
44137  -5.065  -38.266  75.798 0.0000000000
44136  -3.690  -38.206  76.195 0.0000000000
44120  -3.598  -37.941  77.101 0.0000000000
43000  -3.926  -38.845  78.941 0.0000000000
61596  -49.058  -20.936  63.910 0.0000000000
61611  -49.647  -20.964  63.336 0.0000000000
61610  -48.105  -21.024  63.249 0.0000000000
134393  -41.525  -23.431  65.270 0.0000000000
59592  -41.833  -22.958  65.888 0.0000000000
60557  -42.155  -22.661  64.429 0.0000000000
60558  -43.251  -22.418  64.343 0.0000000000
60570  -42.672  -22.574  63.608 0.0000000000
60593  -40.905  -22.825  62.037 0.0000000000
120606  -41.152  -22.662  61.265 0.0000000000
60595  -42.752  -22.563  62.185 0.0000000000
60582  -44.153  -22.357  62.637 0.0000000000
60572  -44.638  -22.184  63.331 0.0000000000
61593  -45.502  -21.887  63.268 0.0000000000
60597  -45.223  -21.972  61.646 0.0000000000
61623  -46.101  -21.616  61.102 0.0000000000
123662  -46.963  -21.258  60.971 0.0000000000
61637  -45.831  -21.587  60.041 0.0000000000
60636  -44.117  -22.242  58.702 0.0000000000
141799  -44.525  -22.341  57.174 0.0000000000
120809  -40.801  -22.710  57.038 0.0000000000
60653  -42.403  -22.708  57.442 0.0000000000
59702  -41.682  -23.786  55.751 0.0000000000
59678  -42.192  -23.416  56.286 0.0000000000
59703  -42.455  -23.863  55.908 0.0000000000
135908  -42.714  -24.378  55.530 0.0000000000
57804  -40.806  -25.946  53.428 0.0000000000
56780  -41.197  -26.433  52.807 0.0000000000
131541  -36.752  -24.205  53.541 0.0000000000
57819  -37.649  -25.953  52.493 0.0000000000
56791  -38.056  -26.665  51.983 0.0000000000
45280  -24.278  -37.350  71.728 0.0000000000
45281  -25.140  -37.085  72.054 0.0000000000
45268  -26.876  -37.270  72.897 0.0000000000
44219  -29.656  -37.839  72.067 0.0000000000
48511  -27.290  -34.764  62.221 0.0000000000
48492  -27.149  -35.183  62.929 0.0000000000
47544  -27.015  -35.456  63.670 0.0000000000
47529  -26.824  -35.531  64.630 0.0000000000
46497  -27.614  -36.284  63.808 0.0000000000
44277  -28.917  -38.032  65.779 0.0000000000
48513  -31.595  -34.604  62.323 0.0000000000
48512  -30.830  -34.879  62.036 0.0000000000
48477  -33.762  -34.453  64.454 0.0000000000
48476  -33.188  -34.628  64.148 0.0000000000
46491  -31.949  -35.925  64.801 0.0000000000
46490  -31.211  -36.328  64.473 0.0000000000
46501  -30.906  -36.039  63.756 0.0000000000
44265  -31.678  -38.066  66.863 0.0000000000
44264  -30.870  -38.453  66.442 0.0000000000
43172  -30.498  -39.201  66.774 0.0000000000
43154  -30.968  -39.828  67.197 0.0000000000
43155  -31.819  -39.807  67.571 0.0000000000
43137  -33.132  -39.925  68.598 0.0000000000
46434  -33.312  -36.988  69.075 0.0000000000
45320  -33.785  -37.526  69.849 0.0000000000
50435  -38.723  -32.314  67.544 0.0000000000
46444  -17.608  -36.459  67.411 0.0000000000
133721  -17.076  -36.164  66.780 0.0000000000
46443  -16.732  -36.324  67.586 0.0000000000
126680  -15.937  -36.192  67.754 0.0000000000
144482  -15.639  -35.974  67.363 0.0000000000
47463  -15.250  -35.768  67.079 0.0000000000
47478  -14.626  -35.505  66.641 0.0000000000
47462  -14.499  -35.660  67.529 0.0000000000
46384  -15.220  -36.544  70.335 0.0000000000
46383  -14.346  -36.211  70.483 0.0000000000
46372  -14.922  -36.564  71.136 0.0000000000
45272  -14.691  -36.543  71.837 0.0000000000
45273  -15.421  -36.905  71.890 0.0000000000
44167  -19.875  -38.776  74.511 0.0000000000
61629  -53.316  -20.970  60.556 0.0000000000
58817  -42.057  -24.950  50.948 0.0000000000
59737  -44.731  -23.709  52.331 0.0000000000
58800  -45.334  -24.434  53.056 0.0000000000
61705  -43.367  -21.470  51.421 0.0000000000
61695  -45.575  -21.336  52.773 0.0000000000
60713  -45.922  -22.288  52.971 0.0000000000
140285  -46.187  -23.176  53.147 0.0000000000
129740  -47.106  -22.007  53.531 0.0000000000
61682  -48.237  -21.280  54.366 0.0000000000
61683  -49.032  -21.470  54.858 0.0000000000
64646  -48.582  -18.688  49.312 0.0000000000
63666  -47.864  -19.003  48.918 0.0000000000
64631  -48.332  -18.285  50.370 0.0000000000
127430  -48.650  -17.436  51.970 0.0000000000
64610  -47.796  -17.980  51.212 0.0000000000
65638  -47.890  -17.678  51.922 0.0000000000
65618  -47.336  -17.699  52.913 0.0000000000
71331  -50.137  -10.621  42.527 0.0000000000
72255  -51.108  -10.537  42.521 0.0000000000
126151  -51.744  -11.184  41.170 0.0000000000
72268  -51.856  -10.738  41.808 0.0000000000
71343  -52.724  -11.029  41.391 0.0000000000
72269  -53.321  -10.679  41.815 0.0000000000
70491  -50.464  -12.737  38.661 0.0000000000
70492  -51.353  -12.629  38.556 0.0000000000
70457  -54.780  -12.228  40.188 0.0000000000
70456  -53.911  -12.294  40.244 0.0000000000
71345  -54.627  -11.119  41.308 0.0000000000
71346  -55.556  -11.108  41.252 0.0000000000
139716  -56.318  -10.948  41.228 0.0000000000
72283  -57.528  -10.686  40.456 0.0000000000
72288  -57.906  -10.154  39.925 0.0000000000
73286  -53.482  -9.040  35.815 0.0000000000
136629  -53.468  -9.501  36.285 0.0000000000
72314  -53.820  -9.879  36.763 0.0000000000
72302  -55.056  -10.266  37.509 0.0000000000
73262  -57.374  -8.362  38.166 0.0000000000
73253  -57.172  -9.459  38.495 0.0000000000
73254  -57.828  -8.764  38.826 0.0000000000
73248  -58.820  -8.667  39.777 0.0000000000
73255  -58.637  -8.412  39.001 0.0000000000
119904  -56.401  -6.752  35.329 0.0000000000
121569  -57.457  -6.496  36.061 0.0000000000
75124  -57.922  -6.504  35.932 0.0000000000
122462  -40.347  -28.000  60.079 0.0000000000
52666  -37.725  -30.772  58.836 0.0000000000
52667  -38.548  -30.299  59.003 0.0000000000
123771  -39.657  -29.348  60.299 0.0000000000
57806  -42.590  -26.143  53.323 0.0000000000
57807  -43.399  -25.893  53.262 0.0000000000
57822  -43.375  -25.731  52.628 0.0000000000
70381  -51.210  -12.305  45.993 0.0000000000
70372  -52.692  -12.025  46.960 0.0000000000
72212  -53.765  -10.604  47.241 0.0000000000
72218  -53.440  -10.394  46.556 0.0000000000
141205  -54.187  -10.035  47.073 0.0000000000
122398  -53.187  -10.171  45.683 0.0000000000
72235  -53.050  -10.080  44.711 0.0000000000
47425  -11.532  -35.332  69.387 0.0000000000
47411  -11.837  -35.416  70.259 0.0000000000
47403  -11.770  -35.444  71.712 0.0000000000
60632  -38.268  -22.505  59.090 0.0000000000
60651  -38.579  -22.174  58.120 0.0000000000
60671  -38.195  -22.171  57.387 0.0000000000
121504  -23.244  -38.646  74.404 0.0000000000
44247  -28.961  -38.008  68.547 0.0000000000
41065  -30.907  -41.069  68.611 0.0000000000
42099  -31.092  -40.837  68.095 0.0000000000
49447  -36.015  -33.784  65.140 0.0000000000
48460  -35.448  -34.227  65.686 0.0000000000
128289  -35.646  -34.337  66.377 0.0000000000
48443  -35.276  -34.631  67.105 0.0000000000
48428  -35.477  -34.548  68.501 0.0000000000
44224  -21.051  -38.077  70.913 0.0000000000
44217  -21.318  -38.289  71.523 0.0000000000
44203  -21.184  -38.476  72.202 0.0000000000
144413  -44.059  -19.749  48.163 0.0000000000
62694  -43.747  -19.663  49.498 0.0000000000
63677  -44.427  -19.616  48.692 0.0000000000
63678  -45.258  -19.504  48.877 0.0000000000
56655  -41.883  -26.548  64.181 0.0000000000
126339  -41.999  -25.978  64.656 0.0000000000
56659  -41.645  -26.216  63.449 0.0000000000
56665  -41.202  -26.247  62.224 0.0000000000
56708  -40.464  -26.207  59.495 0.0000000000
57748  -40.139  -25.868  58.762 0.0000000000
46447  -22.156  -36.253  67.463 0.0000000000
141661  -22.400  -35.878  66.977 0.0000000000
47464  -23.079  -35.697  67.269 0.0000000000
47465  -24.025  -35.325  67.281 0.0000000000
48457  -25.585  -34.785  65.737 0.0000000000
122919  -26.585  -35.400  66.232 0.0000000000
47508  -27.063  -35.894  65.621 0.0000000000
51547  -37.417  -31.624  61.193 0.0000000000
50475  -37.407  -32.390  63.415 0.0000000000
50463  -38.465  -32.322  64.687 0.0000000000
123655  -39.731  -31.301  65.039 0.0000000000
53677  -40.433  -29.221  63.074 0.0000000000
135844  -41.205  -28.742  64.153 0.0000000000
54683  -41.613  -28.396  64.696 0.0000000000
55679  -41.964  -27.958  65.324 0.0000000000
46475  -20.083  -36.155  66.045 0.0000000000
61660  -45.681  -21.686  57.706 0.0000000000
61668  -46.492  -21.586  57.756 0.0000000000
61669  -47.304  -21.549  57.846 0.0000000000
123410  -47.665  -22.230  57.368 0.0000000000
57782  -45.994  -24.828  54.826 0.0000000000
58728  -46.536  -24.331  55.851 0.0000000000
58730  -48.289  -24.238  55.879 0.0000000000
58731  -49.098  -24.091  56.003 0.0000000000
58732  -49.917  -23.651  56.169 0.0000000000
58747  -48.592  -24.073  55.566 0.0000000000
142805  -48.554  -23.438  54.773 0.0000000000
65693  -48.779  -16.999  46.343 0.0000000000
64672  -49.480  -18.234  47.679 0.0000000000
65683  -49.755  -17.643  47.357 0.0000000000
65673  -50.972  -17.764  48.067 0.0000000000
65674  -51.826  -17.564  48.506 0.0000000000
67709  -54.366  -15.445  48.639 0.0000000000
137857  -54.416  -16.186  49.027 0.0000000000
73224  -57.833  -8.807  42.465 0.0000000000
64715  -45.277  -18.091  43.896 0.0000000000
64703  -46.184  -18.029  44.902 0.0000000000
66738  -46.233  -16.176  43.381 0.0000000000
69578  -47.000  -12.957  43.827 0.0000000000
70411  -46.586  -12.273  43.584 0.0000000000
70428  -47.102  -11.496  43.165 0.0000000000
70439  -46.784  -11.367  42.361 0.0000000000
71328  -47.386  -11.103  42.313 0.0000000000
127416  -46.694  -11.479  41.582 0.0000000000
136259  -8.342  -38.492  72.308 0.0000000000
44178  -8.103  -38.404  73.671 0.0000000000
46343  -13.363  -36.280  76.518 0.0000000000
121897  -12.735  -35.951  76.874 0.0000000000
46341  -11.252  -35.784  76.988 0.0000000000
46327  -9.338  -36.161  78.890 0.0000000000
45209  -7.687  -36.927  78.206 0.0000000000
45223  -7.487  -37.350  77.346 0.0000000000
120012  -6.914  -37.673  76.829 0.0000000000
45222  -6.434  -37.406  77.608 0.0000000000
141497  -5.563  -37.407  77.720 0.0000000000
45231  -4.044  -37.678  77.637 0.0000000000
44094  -4.138  -37.975  79.545 0.0000000000
127489  -41.105  -23.957  63.726 0.0000000000
59608  -41.298  -23.396  64.263 0.0000000000
59622  -41.136  -23.357  63.537 0.0000000000
60569  -41.235  -23.056  63.348 0.0000000000
120605  -42.234  -22.547  60.835 0.0000000000
144078  -43.838  -22.444  61.055 0.0000000000
138818  -44.532  -22.237  61.975 0.0000000000
60608  -44.393  -22.237  60.472 0.0000000000
60622  -45.006  -21.882  59.835 0.0000000000
60635  -42.992  -22.563  58.046 0.0000000000
59677  -41.310  -23.199  56.232 0.0000000000
59720  -41.280  -24.083  55.016 0.0000000000
58762  -41.701  -24.870  54.708 0.0000000000
123411  -40.934  -24.454  54.541 0.0000000000
57803  -39.900  -25.687  53.227 0.0000000000
46387  -25.638  -36.188  70.787 0.0000000000
46373  -25.628  -36.656  71.602 0.0000000000
46374  -26.438  -36.436  71.526 0.0000000000
45282  -27.127  -36.829  72.197 0.0000000000
143854  -30.217  -39.460  72.609 0.0000000000
48526  -28.050  -34.799  61.104 0.0000000000
47557  -27.845  -35.561  62.366 0.0000000000
46498  -28.507  -36.678  63.823 0.0000000000
45376  -29.151  -36.871  64.023 0.0000000000
45369  -29.699  -37.130  64.546 0.0000000000
49504  -32.673  -33.510  61.413 0.0000000000
48514  -32.360  -34.397  62.754 0.0000000000
47510  -33.354  -35.380  65.767 0.0000000000
46477  -32.163  -36.247  65.552 0.0000000000
45361  -31.741  -36.868  65.928 0.0000000000
45360  -31.198  -37.110  65.544 0.0000000000
44255  -32.111  -38.686  67.475 0.0000000000
44249  -32.749  -38.252  68.229 0.0000000000
45326  -17.897  -37.008  68.966 0.0000000000
46406  -17.068  -36.811  69.008 0.0000000000
142918  -15.966  -36.535  68.982 0.0000000000
46425  -15.529  -36.291  68.529 0.0000000000
45288  -15.997  -36.829  70.243 0.0000000000
138011  -16.300  -37.108  70.830 0.0000000000
45274  -16.188  -37.184  71.499 0.0000000000
45262  -16.138  -37.287  72.308 0.0000000000
44151  -21.716  -39.006  75.662 0.0000000000
44150  -21.024  -39.073  75.949 0.0000000000
59754  -41.956  -23.181  50.593 0.0000000000
59744  -42.559  -24.015  51.111 0.0000000000
60727  -42.598  -22.805  51.069 0.0000000000
60728  -43.262  -22.412  51.450 0.0000000000
130798  -44.326  -20.433  51.977 0.0000000000
61687  -46.425  -21.471  53.228 0.0000000000
62623  -48.252  -20.372  54.472 0.0000000000
125919  -50.111  -17.698  50.406 0.0000000000
65654  -49.250  -17.943  50.402 0.0000000000
127971  -49.466  -17.479  51.295 0.0000000000
65620  -49.256  -17.042  52.208 0.0000000000
139929  -49.142  -16.734  53.028 0.0000000000
71357  -49.296  -11.116  40.973 0.0000000000
71358  -50.233  -11.240  40.946 0.0000000000
70453  -50.757  -12.044  40.333 0.0000000000
71359  -51.650  -11.871  40.589 0.0000000000
70494  -53.953  -12.395  38.894 0.0000000000
141494  -55.040  -12.252  39.647 0.0000000000
71364  -56.259  -11.566  40.577 0.0000000000
70478  -55.581  -11.972  39.230 0.0000000000
71372  -56.487  -11.654  39.725 0.0000000000
122624  -56.230  -11.494  38.844 0.0000000000
144952  -52.641  -8.552  34.456 0.0000000000
74205  -53.417  -8.665  35.247 0.0000000000
73272  -54.229  -9.091  36.348 0.0000000000
73260  -55.481  -9.381  37.281 0.0000000000
73273  -55.109  -8.837  36.731 0.0000000000
74188  -55.973  -8.501  37.104 0.0000000000
74189  -57.830  -7.583  37.676 0.0000000000
76111  -57.969  -5.963  34.730 0.0000000000
76098  -58.028  -6.263  35.305 0.0000000000
55698  -40.768  -27.886  62.225 0.0000000000
55699  -41.044  -27.162  62.182 0.0000000000
55715  -40.515  -27.155  59.688 0.0000000000
47527  -22.267  -34.938  64.907 0.0000000000
48490  -23.437  -33.848  63.883 0.0000000000
49458  -25.149  -33.648  64.056 0.0000000000
49459  -25.780  -33.914  64.012 0.0000000000
51574  -36.367  -31.578  59.339 0.0000000000
51562  -37.299  -31.494  60.425 0.0000000000
51576  -38.004  -30.944  59.869 0.0000000000
51538  -38.392  -31.226  62.106 0.0000000000
51539  -38.801  -31.180  62.868 0.0000000000
53694  -39.720  -29.641  61.883 0.0000000000
54707  -40.639  -28.503  62.619 0.0000000000
59705  -44.596  -23.657  56.037 0.0000000000
58743  -44.678  -24.555  55.607 0.0000000000
57781  -45.187  -25.096  54.992 0.0000000000
57780  -44.504  -25.430  54.542 0.0000000000
57792  -46.073  -24.728  54.341 0.0000000000
123865  -50.150  -15.139  46.248 0.0000000000
137198  -50.725  -15.533  46.801 0.0000000000
68684  -50.923  -14.767  46.620 0.0000000000
68676  -51.975  -14.670  47.227 0.0000000000
142198  -52.645  -14.844  47.596 0.0000000000
68686  -51.985  -13.868  46.978 0.0000000000
68678  -53.219  -14.483  47.865 0.0000000000
67708  -53.690  -15.175  48.228 0.0000000000
68663  -54.925  -14.689  48.884 0.0000000000
68647  -55.824  -14.934  49.541 0.0000000000
137313  -54.670  -9.637  46.393 0.0000000000
73212  -55.504  -9.381  43.719 0.0000000000
46380  -10.106  -36.432  70.202 0.0000000000
135750  -9.978  -36.521  71.008 0.0000000000
142551  -9.663  -36.880  72.449 0.0000000000
59637  -39.995  -23.294  61.196 0.0000000000
60605  -40.047  -22.840  60.864 0.0000000000
60618  -40.256  -22.549  60.243 0.0000000000
60619  -41.030  -22.444  59.564 0.0000000000
136667  -42.172  -22.549  58.350 0.0000000000
59718  -39.509  -23.531  54.777 0.0000000000
58760  -39.107  -23.887  54.154 0.0000000000
46411  -27.793  -35.843  69.771 0.0000000000
45298  -28.307  -36.528  71.184 0.0000000000
125355  -29.007  -36.833  70.842 0.0000000000
45284  -29.473  -37.512  71.231 0.0000000000
44220  -29.993  -38.321  71.516 0.0000000000
143488  -30.640  -40.123  72.021 0.0000000000
41035  -31.263  -41.685  70.579 0.0000000000
48545  -28.420  -34.479  60.420 0.0000000000
47584  -28.767  -34.949  61.013 0.0000000000
47572  -29.154  -35.402  61.634 0.0000000000
49474  -34.452  -33.616  63.400 0.0000000000
48495  -34.220  -34.026  64.060 0.0000000000
48458  -33.910  -34.723  65.232 0.0000000000
45341  -32.950  -36.857  68.084 0.0000000000
46435  -33.830  -36.192  69.215 0.0000000000
46414  -34.308  -36.366  70.151 0.0000000000
46456  -17.946  -36.277  66.647 0.0000000000
46428  -18.155  -36.752  68.040 0.0000000000
45312  -18.781  -37.300  69.228 0.0000000000
45275  -18.267  -37.817  71.565 0.0000000000
44200  -18.665  -38.263  72.703 0.0000000000
44201  -19.300  -38.427  72.828 0.0000000000
44202  -20.088  -38.561  72.984 0.0000000000
44186  -20.374  -38.723  73.792 0.0000000000
120804  -21.072  -38.782  73.950 0.0000000000
61725  -41.949  -20.841  49.679 0.0000000000
138753  -42.264  -21.250  50.392 0.0000000000
136257  -43.482  -20.099  50.883 0.0000000000
62676  -43.867  -19.647  50.367 0.0000000000
62661  -44.090  -19.779  51.263 0.0000000000
62662  -44.745  -19.646  51.847 0.0000000000
63616  -45.407  -19.375  52.287 0.0000000000
63617  -46.071  -18.940  52.744 0.0000000000
70503  -47.682  -12.342  37.842 0.0000000000
70490  -49.043  -12.606  38.664 0.0000000000
70504  -48.568  -12.396  37.837 0.0000000000
71391  -48.981  -11.889  37.283 0.0000000000
71392  -49.806  -11.857  37.333 0.0000000000
74234  -52.994  -8.340  33.833 0.0000000000
129234  -54.833  -8.023  35.244 0.0000000000
75137  -55.559  -7.374  35.184 0.0000000000
134204  -55.372  -7.381  34.411 0.0000000000
75150  -56.140  -6.817  34.635 0.0000000000
75164  -54.374  -7.615  32.659 0.0000000000
75149  -55.755  -7.031  33.740 0.0000000000
46366  -14.058  -36.280  72.165 0.0000000000
46365  -13.235  -35.890  72.567 0.0000000000
46361  -13.984  -36.423  73.026 0.0000000000
46355  -13.923  -36.520  73.897 0.0000000000
58638  -41.609  -24.192  65.530 0.0000000000
57649  -41.393  -24.603  63.946 0.0000000000
137888  -40.982  -25.718  61.770 0.0000000000
58691  -40.183  -23.946  61.425 0.0000000000
58690  -39.729  -23.518  60.962 0.0000000000
59649  -38.720  -23.158  60.153 0.0000000000
60631  -37.658  -22.928  59.051 0.0000000000
137571  -37.208  -22.849  58.527 0.0000000000
45279  -23.427  -37.700  71.456 0.0000000000
46385  -23.676  -36.921  70.181 0.0000000000
46386  -24.580  -36.521  70.428 0.0000000000
121561  -23.168  -36.388  68.611 0.0000000000
46407  -24.226  -36.377  69.727 0.0000000000
46409  -26.144  -35.666  70.000 0.0000000000
47430  -26.550  -35.467  69.435 0.0000000000
47506  -23.445  -34.868  65.951 0.0000000000
47485  -24.628  -35.020  66.843 0.0000000000
137603  -25.389  -35.257  67.722 0.0000000000
47448  -25.768  -35.310  68.312 0.0000000000
46410  -27.029  -35.634  70.004 0.0000000000
46412  -28.418  -36.330  69.428 0.0000000000
131030  -28.926  -36.991  69.008 0.0000000000
46448  -27.560  -35.938  67.595 0.0000000000
144590  -29.070  -38.834  68.198 0.0000000000
143838  -29.378  -39.288  67.530 0.0000000000
50528  -33.413  -32.463  59.544 0.0000000000
50516  -32.921  -32.856  60.138 0.0000000000
49525  -33.187  -33.082  60.875 0.0000000000
50519  -35.232  -32.339  60.677 0.0000000000
49489  -34.367  -33.330  62.596 0.0000000000
129223  -35.699  -33.556  64.290 0.0000000000
126727  -36.805  -33.605  65.513 0.0000000000
142335  -37.709  -33.398  67.136 0.0000000000
49438  -38.166  -33.109  66.705 0.0000000000
140162  -38.600  -32.710  66.955 0.0000000000
50444  -39.080  -32.239  66.739 0.0000000000
51466  -39.351  -31.635  67.421 0.0000000000
52559  -40.382  -30.366  67.282 0.0000000000
51530  -39.303  -31.040  63.525 0.0000000000
51519  -39.489  -31.267  64.356 0.0000000000
51520  -40.144  -30.702  64.751 0.0000000000
52609  -40.341  -30.129  64.193 0.0000000000
52592  -40.574  -30.440  65.565 0.0000000000
53638  -40.892  -29.828  66.780 0.0000000000
53625  -41.254  -29.072  67.122 0.0000000000
55680  -42.181  -27.461  65.916 0.0000000000
56645  -42.174  -26.788  66.449 0.0000000000
46473  -18.301  -36.056  65.925 0.0000000000
142047  -19.749  -36.719  67.462 0.0000000000
45338  -20.551  -36.691  67.500 0.0000000000
129387  -22.090  -37.574  69.858 0.0000000000
62588  -49.988  -20.536  60.727 0.0000000000
61652  -50.375  -20.969  59.454 0.0000000000
61653  -51.418  -20.941  59.954 0.0000000000
61654  -52.454  -20.944  59.909 0.0000000000
60678  -46.420  -22.672  56.795 0.0000000000
59684  -47.889  -24.038  56.359 0.0000000000
59664  -48.233  -23.341  56.936 0.0000000000
60659  -48.541  -22.566  57.514 0.0000000000
60660  -49.483  -22.923  57.660 0.0000000000
59655  -51.389  -23.246  57.886 0.0000000000
63705  -47.026  -19.126  47.302 0.0000000000
128826  -46.696  -19.450  48.057 0.0000000000
63692  -47.498  -19.223  47.944 0.0000000000
63693  -48.284  -18.954  48.115 0.0000000000
64647  -49.490  -18.553  49.082 0.0000000000
64661  -49.756  -18.439  48.365 0.0000000000
64648  -50.310  -18.341  48.991 0.0000000000
65655  -49.844  -18.147  49.670 0.0000000000
66664  -51.047  -16.861  51.212 0.0000000000
66693  -51.916  -16.359  47.668 0.0000000000
66680  -52.222  -17.035  48.177 0.0000000000
65675  -52.797  -17.303  48.842 0.0000000000
66674  -53.919  -16.830  49.680 0.0000000000
65658  -53.227  -17.151  49.593 0.0000000000
66666  -52.715  -17.026  50.322 0.0000000000
66651  -53.227  -16.508  50.959 0.0000000000
141508  -4.114  -38.656  74.442 0.0000000000
56820  -40.938  -26.365  51.178 0.0000000000
57831  -41.590  -26.199  51.474 0.0000000000
58815  -40.846  -25.282  50.268 0.0000000000
58816  -41.344  -24.668  50.399 0.0000000000
59753  -41.255  -23.593  50.096 0.0000000000
123449  -40.984  -22.848  49.675 0.0000000000
60751  -40.828  -21.589  48.934 0.0000000000
61724  -41.396  -21.228  49.308 0.0000000000
61739  -41.781  -20.556  48.905 0.0000000000
62710  -43.018  -19.958  48.496 0.0000000000
62723  -42.351  -20.387  47.348 0.0000000000
140886  -43.581  -19.864  48.074 0.0000000000
62725  -44.027  -19.900  47.523 0.0000000000
126779  -44.593  -19.801  46.009 0.0000000000
142485  -45.089  -19.595  46.274 0.0000000000
63703  -45.639  -19.400  46.592 0.0000000000
63704  -46.506  -19.018  46.635 0.0000000000
64682  -47.271  -18.513  46.603 0.0000000000
65692  -47.692  -17.820  46.203 0.0000000000
65703  -46.817  -17.705  45.253 0.0000000000
65704  -47.433  -17.444  45.597 0.0000000000
140846  -48.289  -17.594  46.458 0.0000000000
66718  -48.988  -16.247  45.958 0.0000000000
140636  -49.091  -15.693  45.684 0.0000000000
66749  -45.548  -15.989  42.863 0.0000000000
67776  -46.242  -15.229  43.140 0.0000000000
123290  -46.875  -15.592  43.669 0.0000000000
67754  -48.795  -15.305  45.225 0.0000000000
67745  -49.444  -15.137  45.685 0.0000000000
68702  -49.122  -14.479  45.178 0.0000000000
121502  -49.522  -13.564  45.226 0.0000000000
141559  -49.001  -13.049  44.805 0.0000000000
69566  -49.603  -12.435  44.986 0.0000000000
70398  -50.079  -11.509  44.782 0.0000000000
71313  -50.539  -10.846  44.427 0.0000000000
71322  -51.022  -10.531  44.045 0.0000000000
71330  -49.319  -10.748  42.548 0.0000000000
71341  -47.967  -10.960  41.692 0.0000000000
129837  -48.546  -11.037  41.077 0.0000000000
70451  -48.725  -11.587  40.351 0.0000000000
70488  -47.250  -12.418  38.525 0.0000000000
71388  -46.338  -11.914  37.306 0.0000000000
46364  -12.487  -35.596  72.588 0.0000000000
47397  -12.032  -35.458  72.322 0.0000000000
47396  -11.342  -35.525  72.430 0.0000000000
47394  -11.210  -35.572  73.269 0.0000000000
47393  -10.766  -35.745  72.788 0.0000000000
46357  -10.433  -36.029  73.451 0.0000000000
46362  -9.763  -36.736  73.140 0.0000000000
47391  -11.618  -35.701  79.096 0.0000000000
130415  -11.225  -35.791  78.017 0.0000000000
46335  -10.588  -35.948  77.392 0.0000000000
46333  -9.230  -36.480  77.916 0.0000000000
46334  -9.871  -36.290  77.283 0.0000000000
46345  -9.813  -36.471  75.914 0.0000000000
45247  -9.254  -37.192  74.507 0.0000000000
45251  -9.250  -37.343  73.605 0.0000000000
45246  -8.649  -37.846  74.052 0.0000000000
44161  -8.061  -38.218  74.414 0.0000000000
44139  -7.243  -38.202  75.419 0.0000000000
44135  -2.775  -38.484  76.221 0.0000000000
43015  -2.452  -38.867  76.686 0.0000000000
44110  -3.403  -37.993  77.805 0.0000000000
44109  -2.979  -38.586  77.489 0.0000000000
61597  -50.334  -21.369  63.571 0.0000000000
60528  -42.436  -22.511  66.532 0.0000000000
60544  -41.609  -23.057  64.827 0.0000000000
60579  -41.121  -22.896  62.710 0.0000000000
60580  -42.032  -22.667  62.917 0.0000000000
60571  -43.696  -22.411  63.471 0.0000000000
61594  -46.384  -21.561  63.413 0.0000000000
61608  -45.983  -21.738  62.337 0.0000000000
145204  -47.421  -21.263  62.990 0.0000000000
123145  -47.504  -21.190  62.412 0.0000000000
121102  -48.324  -20.856  62.358 0.0000000000
61639  -47.553  -20.887  60.304 0.0000000000
61649  -46.417  -21.269  59.206 0.0000000000
61648  -45.584  -21.544  59.124 0.0000000000
138663  -46.094  -21.402  58.372 0.0000000000
60654  -43.195  -22.705  57.179 0.0000000000
60674  -42.669  -22.962  56.660 0.0000000000
60675  -43.334  -22.960  56.516 0.0000000000
59680  -43.799  -23.237  56.212 0.0000000000
57788  -42.204  -25.768  54.126 0.0000000000
56794  -41.342  -26.529  52.162 0.0000000000
60689  -36.864  -22.292  56.330 0.0000000000
135950  -37.074  -22.539  55.473 0.0000000000
59716  -37.626  -23.045  54.815 0.0000000000
58759  -38.190  -23.747  54.147 0.0000000000
58781  -38.712  -24.449  53.590 0.0000000000
57800  -37.256  -25.020  52.946 0.0000000000
57802  -39.136  -25.100  53.222 0.0000000000
56792  -39.861  -26.497  52.470 0.0000000000
120230  -39.009  -26.785  52.035 0.0000000000
56807  -40.704  -26.571  51.636 0.0000000000
45266  -24.626  -37.564  72.527 0.0000000000
45270  -28.606  -37.367  72.634 0.0000000000
49472  -25.607  -33.294  63.273 0.0000000000
122490  -26.326  -34.319  63.780 0.0000000000
129964  -28.039  -36.745  64.365 0.0000000000
46487  -27.919  -36.888  65.175 0.0000000000
45348  -28.258  -37.425  66.038 0.0000000000
44261  -28.722  -38.245  66.544 0.0000000000
127571  -29.112  -38.845  66.871 0.0000000000
49522  -30.969  -33.695  60.262 0.0000000000
49503  -31.907  -33.710  61.188 0.0000000000
48548  -31.138  -33.974  60.900 0.0000000000
48528  -30.552  -34.574  61.320 0.0000000000
47560  -30.318  -35.506  62.434 0.0000000000
47547  -32.088  -35.006  63.499 0.0000000000
47531  -32.530  -35.182  64.300 0.0000000000
47546  -31.362  -35.452  63.312 0.0000000000
47545  -30.603  -35.770  63.088 0.0000000000
46500  -30.106  -36.337  63.496 0.0000000000
120449  -30.043  -37.610  65.261 0.0000000000
128510  -30.726  -37.476  65.538 0.0000000000
44278  -29.630  -38.125  65.758 0.0000000000
44263  -30.047  -38.663  66.271 0.0000000000
43171  -29.725  -39.130  66.786 0.0000000000
42115  -30.590  -40.304  67.669 0.0000000000
42100  -31.942  -40.887  68.121 0.0000000000
45332  -33.211  -37.870  69.083 0.0000000000
46382  -13.539  -35.839  70.283 0.0000000000
46442  -16.071  -35.972  66.875 0.0000000000
47461  -13.627  -35.366  67.573 0.0000000000
47445  -13.907  -35.652  68.367 0.0000000000
129777  -14.941  -36.216  69.010 0.0000000000
46423  -14.257  -35.973  69.077 0.0000000000
46402  -14.030  -35.983  69.762 0.0000000000
126136  -13.753  -35.968  70.938 0.0000000000
45260  -14.746  -36.706  72.562 0.0000000000
137529  -20.266  -38.894  75.349 0.0000000000
57832  -42.175  -25.799  51.494 0.0000000000
139389  -43.290  -25.373  52.039 0.0000000000
58798  -43.858  -25.154  52.342 0.0000000000
58808  -43.377  -24.619  51.695 0.0000000000
58799  -44.586  -24.863  52.705 0.0000000000
60729  -43.808  -22.089  51.783 0.0000000000
60721  -44.571  -22.350  52.207 0.0000000000
59738  -45.511  -23.195  52.699 0.0000000000
58786  -47.256  -23.791  54.057 0.0000000000
59721  -47.991  -23.380  54.423 0.0000000000
60703  -48.924  -22.640  54.774 0.0000000000
137105  -47.607  -21.932  53.935 0.0000000000
60702  -48.151  -22.287  54.312 0.0000000000
63679  -47.174  -19.261  48.609 0.0000000000
63665  -46.949  -19.019  49.460 0.0000000000
64644  -46.718  -18.693  50.388 0.0000000000
64630  -47.318  -18.356  50.831 0.0000000000
64629  -46.467  -18.456  51.332 0.0000000000
64592  -46.291  -18.387  52.138 0.0000000000
63618  -46.676  -18.802  53.336 0.0000000000
132807  -47.159  -18.332  53.617 0.0000000000
63605  -47.359  -19.104  54.065 0.0000000000
72233  -51.571  -10.410  44.034 0.0000000000
72244  -52.114  -10.340  43.488 0.0000000000
72245  -53.001  -10.149  43.599 0.0000000000
127020  -52.645  -10.360  42.837 0.0000000000
122898  -53.848  -10.039  43.225 0.0000000000
72258  -54.485  -10.126  42.598 0.0000000000
72247  -55.172  -9.761  42.998 0.0000000000
129243  -49.745  -12.739  39.055 0.0000000000
70474  -51.042  -12.705  39.446 0.0000000000
70454  -52.287  -12.288  40.248 0.0000000000
70475  -52.584  -12.602  39.555 0.0000000000
70455  -53.034  -12.309  40.239 0.0000000000
71361  -53.364  -11.743  40.796 0.0000000000
71344  -53.720  -11.093  41.344 0.0000000000
72271  -54.970  -10.511  41.859 0.0000000000
131583  -55.424  -9.992  42.410 0.0000000000
72259  -56.287  -9.772  42.281 0.0000000000
73233  -57.223  -9.518  42.027 0.0000000000
72282  -56.995  -10.974  40.893 0.0000000000
72273  -57.532  -10.160  41.238 0.0000000000
73234  -58.077  -9.219  41.667 0.0000000000
73235  -58.734  -8.776  41.306 0.0000000000
72300  -53.386  -10.646  37.149 0.0000000000
71396  -54.683  -11.155  37.867 0.0000000000
71397  -55.631  -11.072  38.148 0.0000000000
136572  -56.616  -10.494  38.432 0.0000000000
72293  -57.455  -10.185  39.158 0.0000000000
75116  -56.874  -6.893  36.395 0.0000000000
75117  -57.708  -6.797  36.521 0.0000000000
137211  -58.435  -7.369  36.091 0.0000000000
44101  -3.723  -37.970  78.716 0.0000000000
44214  -18.988  -38.161  72.049 0.0000000000
45207  -4.212  -37.573  79.166 0.0000000000
45232  -5.064  -37.643  77.284 0.0000000000
45236  -9.098  -36.917  76.247 0.0000000000
45241  -7.958  -37.860  75.473 0.0000000000
45264  -18.183  -38.001  72.307 0.0000000000
45293  -21.572  -37.857  70.313 0.0000000000
46340  -10.416  -36.067  76.581 0.0000000000
46381  -13.079  -35.681  70.993 0.0000000000
46433  -28.313  -36.463  68.556 0.0000000000
46455  -16.644  -35.846  66.131 0.0000000000
47392  -12.426  -35.703  79.121 0.0000000000
47395  -11.920  -35.500  72.952 0.0000000000
47469  -27.234  -35.625  68.291 0.0000000000
47484  -23.707  -35.146  66.677 0.0000000000
58765  -46.490  -24.646  54.669 0.0000000000
59591  -41.707  -23.284  66.313 0.0000000000
59706  -49.075  -23.458  55.220 0.0000000000
60584  -51.357  -22.149  63.124 0.0000000000
61609  -46.881  -21.432  62.745 0.0000000000
61641  -53.165  -20.848  60.212 0.0000000000
61664  -51.250  -21.557  59.203 0.0000000000
62602  -52.822  -20.829  60.246 0.0000000000
63667  -48.964  -18.714  48.558 0.0000000000
64671  -48.531  -18.493  47.470 0.0000000000
65619  -48.557  -17.028  52.834 0.0000000000
65640  -49.900  -16.961  51.827 0.0000000000
65668  -52.592  -17.428  49.557 0.0000000000
65684  -50.394  -17.554  47.583 0.0000000000
65705  -48.052  -17.210  45.933 0.0000000000
65715  -45.838  -17.721  44.192 0.0000000000
65717  -47.187  -17.064  44.960 0.0000000000
65734  -45.008  -16.763  42.804 0.0000000000
66665  -51.770  -16.900  50.816 0.0000000000
66705  -50.178  -16.030  46.653 0.0000000000
66717  -48.377  -16.603  45.698 0.0000000000
66728  -47.580  -16.404  44.785 0.0000000000
67722  -52.339  -15.542  47.603 0.0000000000
67753  -48.080  -15.686  44.768 0.0000000000
68694  -49.824  -14.396  45.682 0.0000000000
69559  -50.714  -13.063  45.914 0.0000000000
70382  -51.980  -12.242  46.479 0.0000000000
70387  -51.091  -11.641  45.581 0.0000000000
70458  -55.628  -12.092  40.030 0.0000000000
70477  -54.348  -12.394  39.598 0.0000000000
70505  -49.400  -12.404  37.819 0.0000000000
71312  -49.901  -10.979  44.210 0.0000000000
71332  -50.859  -10.854  41.525 0.0000000000
71379  -54.313  -11.893  38.326 0.0000000000
71380  -56.905  -11.129  39.156 0.0000000000
71402  -47.656  -11.351  36.750 0.0000000000
72243  -51.360  -10.444  43.383 0.0000000000
72257  -53.437  -10.334  42.533 0.0000000000
72301  -54.222  -10.440  37.301 0.0000000000
73271  -52.803  -9.515  36.028 0.0000000000
75123  -56.949  -6.483  35.745 0.0000000000
76097  -57.640  -6.253  35.485 0.0000000000
120233  -49.712  -21.236  64.123 0.0000000000
121194  -53.949  -16.630  49.143 0.0000000000
122845  -51.660  -22.633  58.497 0.0000000000
122969  -19.970  -36.493  66.860 0.0000000000
123219  -12.728  -36.021  76.181 0.0000000000
123585  -11.153  -35.784  76.233 0.0000000000
125628  -52.025  -10.853  45.792 0.0000000000
125938  -13.170  -36.208  74.953 0.0000000000
126261  -50.815  -17.176  47.528 0.0000000000
127451  -45.273  -24.363  55.758 0.0000000000
129242  -51.863  -12.712  39.169 0.0000000000
129771  -14.649  -36.494  78.722 0.0000000000
137497  -53.471  -16.992  49.168 0.0000000000
138778  -52.179  -8.465  34.041 0.0000000000
140821  -38.418  -26.219  52.503 0.0000000000
140972  -12.694  -35.828  73.833 0.0000000000
141134  -13.750  -36.502  74.569 0.0000000000
141215  -48.447  -18.868  48.714 0.0000000000
142884  -51.439  -14.760  46.963 0.0000000000
143156  -54.752  -9.713  47.077 0.0000000000
144049  -45.395  -21.607  58.367 0.0000000000
144259  -53.486  -13.904  47.984 0.0000000000
145097  -12.834  -35.919  77.552 0.0000000000
