#!ascii label  , from subject sub-v1s5x0050730_ses-1 vox2ras=TkReg
1625
21739  40.273  -47.195  2.768 0.6000000238
20931  40.582  -48.090  4.533 0.5000000000
22584  41.649  -45.953  0.380 0.6999999881
22588  41.309  -45.991  -0.445 0.6000000238
22592  41.130  -45.899  -0.574 0.6000000238
23413  41.717  -44.595  -0.295 0.6000000238
21738  41.056  -46.762  3.086 0.6999999881
21742  41.011  -46.613  1.759 0.6000000238
21746  40.864  -46.982  -0.028 0.5000000000
21750  40.680  -46.735  -0.329 0.5000000000
23416  41.187  -45.406  -0.588 0.6000000238
23414  40.391  -45.322  -0.049 0.6000000238
21730  41.312  -47.293  3.706 0.5000000000
21731  40.322  -47.501  3.844 0.5000000000
111210  39.724  -47.835  2.010 0.6000000238
20076  40.453  -49.559  5.280 0.5000000000
19247  40.122  -50.408  5.695 0.5000000000
24168  43.433  -42.981  1.304 0.6000000238
107390  42.864  -42.864  1.272 0.6999999881
22582  44.312  -44.829  1.015 0.6000000238
22583  42.974  -45.263  0.893 0.6999999881
24170  43.445  -43.267  0.464 0.6000000238
24171  42.529  -43.671  0.254 0.6000000238
23408  41.185  -44.416  0.838 0.6000000238
22579  42.004  -46.054  2.035 0.6000000238
21737  42.440  -46.471  2.571 0.5000000000
23409  40.035  -45.079  1.590 0.6000000238
20090  40.861  -48.855  4.783 0.5000000000
23410  39.079  -45.636  2.450 0.6000000238
119613  41.144  -49.568  4.809 0.5000000000
22580  38.314  -46.195  3.132 0.6000000238
22574  38.354  -46.121  4.286 0.6999999881
112020  37.889  -46.561  4.616 0.6999999881
22575  37.752  -46.671  3.690 0.6000000238
21732  37.384  -47.145  4.461 0.6000000238
20925  36.360  -48.333  5.681 0.6000000238
21726  36.824  -47.712  5.056 0.6000000238
20889  32.749  -48.789  8.241 0.5000000000
21694  31.560  -46.918  7.705 0.6999999881
21710  31.260  -47.408  7.276 0.6999999881
106737  42.616  -42.844  2.493 0.6000000238
108590  41.910  -43.030  2.515 0.6999999881
23402  44.418  -44.584  1.363 0.6999999881
24169  44.103  -43.552  0.766 0.6999999881
112778  41.926  -43.507  1.425 0.6999999881
22578  43.826  -45.631  1.591 0.6000000238
22577  44.620  -45.272  1.639 0.6000000238
24166  40.855  -43.369  3.617 0.8000000119
21736  44.571  -46.234  1.733 0.5000000000
23400  39.721  -44.565  4.304 0.8000000119
23404  39.995  -44.720  3.120 0.6000000238
20929  42.783  -48.119  3.129 0.5000000000
20939  42.676  -47.176  2.880 0.5000000000
23405  39.023  -45.497  3.785 0.6000000238
19246  41.012  -50.353  5.087 0.5000000000
23401  38.932  -45.428  4.875 0.8000000119
22570  38.279  -46.167  5.339 0.8000000119
22565  37.816  -46.661  6.018 0.6999999881
21709  36.742  -47.743  7.377 0.6999999881
21721  37.350  -47.193  6.621 0.6999999881
21725  37.363  -47.211  5.599 0.6999999881
20885  36.280  -47.935  8.368 0.6000000238
21722  36.857  -47.756  6.177 0.6000000238
110496  35.155  -48.575  8.777 0.6999999881
20904  35.721  -48.814  7.389 0.6999999881
20915  36.322  -48.342  6.786 0.6000000238
20867  33.979  -48.336  9.097 0.6999999881
20887  34.465  -48.852  8.735 0.6000000238
22538  32.668  -47.194  8.521 0.8000000119
21677  33.113  -48.211  8.707 0.8000000119
20888  33.570  -48.944  8.617 0.6000000238
22539  31.831  -46.299  7.954 0.8999999762
21712  30.694  -47.009  7.409 0.6999999881
111602  31.172  -45.767  7.714 0.8000000119
21711  30.883  -46.867  7.305 0.6999999881
24164  42.083  -42.180  3.544 0.6000000238
24165  41.919  -42.134  3.553 0.6999999881
24958  41.383  -40.493  4.555 0.6999999881
105781  43.015  -42.956  2.430 0.6000000238
24161  41.251  -41.610  4.107 0.6000000238
22573  43.639  -45.177  3.784 0.4000000060
23399  44.398  -44.792  2.434 0.6000000238
119416  43.454  -44.013  3.139 0.6000000238
118873  44.703  -45.170  1.987 0.6000000238
113407  40.299  -43.231  4.552 0.8000000119
21735  45.479  -46.971  1.836 0.4000000060
22576  44.848  -45.948  2.103 0.5000000000
20938  44.417  -47.270  1.903 0.5000000000
23397  39.443  -44.386  5.255 0.8000000119
23398  38.763  -45.386  5.785 0.8000000119
121972  42.700  -49.258  3.281 0.5000000000
116760  37.792  -46.588  6.970 0.8000000119
22537  36.598  -46.647  9.185 0.8000000119
21708  37.254  -47.084  7.637 0.6999999881
22564  38.269  -46.042  6.343 0.8000000119
123109  35.687  -47.942  9.089 0.8000000119
112146  36.760  -47.431  8.221 0.6999999881
22521  34.512  -46.677  9.468 0.8999999762
21675  35.182  -47.422  9.455 0.8999999762
21692  36.412  -47.375  8.930 0.6999999881
21676  34.284  -47.593  9.349 0.8999999762
20886  35.687  -48.497  8.306 0.6999999881
22541  30.316  -46.302  8.630 0.8000000119
23384  30.810  -45.908  7.834 0.8000000119
21695  30.357  -46.982  8.174 0.8000000119
22540  30.992  -46.303  7.495 0.6999999881
24957  41.877  -41.126  4.207 0.6999999881
25716  40.800  -39.951  5.159 0.6999999881
23396  42.742  -44.241  4.333 0.4000000060
24163  42.606  -43.093  3.459 0.6000000238
24959  40.493  -41.576  4.829 0.6999999881
21729  43.566  -46.158  4.348 0.5000000000
125211  39.894  -43.184  5.084 0.6999999881
120864  44.358  -46.465  3.706 0.5000000000
22572  44.708  -45.704  2.947 0.6000000238
21727  45.634  -47.102  1.946 0.4000000060
21728  45.234  -46.627  2.660 0.4000000060
23382  38.325  -44.955  7.519 0.8000000119
23390  39.070  -44.603  6.064 0.8000000119
20943  45.623  -47.418  1.668 0.4000000060
22553  38.110  -45.879  7.266 0.8000000119
23391  38.579  -45.244  6.618 0.8000000119
22518  36.779  -45.878  9.319 0.8000000119
22536  37.236  -46.200  8.821 0.8000000119
22554  37.572  -46.423  7.947 0.8000000119
22519  36.124  -46.289  9.496 0.8000000119
23351  34.513  -45.828  9.418 0.8999999762
22520  35.413  -46.619  9.542 0.8999999762
116331  33.929  -45.339  9.085 0.8999999762
23352  33.692  -46.037  9.122 0.8999999762
22522  33.553  -46.915  9.127 0.8999999762
106864  32.821  -46.233  8.556 0.8999999762
23374  29.980  -45.605  9.411 0.8000000119
22542  29.674  -46.436  9.566 0.8000000119
23372  31.995  -45.561  7.990 0.8999999762
114386  30.532  -45.534  8.436 0.8000000119
123389  41.674  -41.434  5.590 0.6000000238
25710  41.258  -40.130  4.887 0.6000000238
25711  40.738  -39.668  5.684 0.6000000238
24150  41.806  -42.731  5.680 0.6000000238
23381  41.460  -45.553  6.701 0.4000000060
23389  41.984  -44.536  5.656 0.4000000060
24160  42.242  -42.512  4.442 0.5000000000
24949  39.967  -41.023  5.686 0.6999999881
22569  42.680  -45.589  5.036 0.4000000060
24152  39.525  -43.185  5.747 0.6999999881
21724  43.373  -47.016  4.793 0.5000000000
22562  42.583  -46.664  5.486 0.4000000060
122910  38.856  -44.128  6.730 0.6999999881
21719  42.484  -47.602  5.816 0.5000000000
24135  37.722  -43.878  8.836 0.8000000119
23348  36.932  -45.065  9.376 0.8000000119
23369  37.862  -44.765  8.447 0.8000000119
112467  35.687  -44.983  9.557 0.8000000119
24118  34.749  -44.960  9.361 0.8999999762
23350  35.403  -45.778  9.572 0.8999999762
23371  33.035  -45.292  8.492 0.8999999762
24137  32.887  -44.434  8.170 1.0000000000
24119  30.249  -44.198  9.228 0.8000000119
113311  32.091  -44.792  7.963 1.0000000000
23373  30.409  -44.903  8.867 0.8000000119
24138  31.572  -44.285  8.009 1.0000000000
124993  31.026  -45.068  7.899 0.8000000119
24139  30.868  -44.260  8.402 0.8000000119
24948  41.358  -40.253  5.667 0.6000000238
26501  40.399  -39.522  6.463 0.6000000238
24151  41.400  -42.282  6.438 0.6000000238
25703  39.821  -39.445  7.022 0.6999999881
108163  41.258  -44.322  6.864 0.4000000060
22563  41.907  -46.093  6.101 0.4000000060
24146  39.222  -42.488  6.635 0.6999999881
22551  41.352  -46.570  7.048 0.4000000060
24924  38.259  -42.363  8.507 0.8000000119
123024  36.363  -43.732  9.605 0.8000000119
121255  37.395  -44.723  9.093 0.8000000119
24117  35.557  -44.120  9.497 0.8000000119
23349  36.275  -45.451  9.522 0.8000000119
24136  33.782  -44.561  8.664 0.8999999762
24926  33.982  -43.765  8.312 0.8999999762
125165  32.234  -44.180  7.933 1.0000000000
24928  32.092  -43.662  7.901 1.0000000000
24929  31.334  -43.586  8.243 0.8000000119
24922  40.533  -42.407  7.961 0.6000000238
25702  40.698  -39.564  6.507 0.6000000238
24940  39.623  -40.696  6.498 0.6999999881
25688  39.099  -40.156  7.977 0.6999999881
23367  40.558  -44.905  8.124 0.4000000060
24145  40.825  -43.358  7.474 0.5000000000
24941  39.028  -41.383  7.403 0.8000000119
106804  40.607  -47.337  8.949 0.4000000060
112851  40.447  -46.235  8.664 0.4000000060
24906  37.386  -43.075  9.289 0.8000000119
24907  36.892  -43.755  9.543 0.8000000119
24925  34.598  -44.064  9.077 0.8999999762
25678  34.777  -42.863  8.741 0.8000000119
125218  33.407  -43.964  8.161 1.0000000000
24942  33.524  -43.387  7.797 1.0000000000
25704  34.254  -42.335  7.093 1.0000000000
24927  32.809  -43.784  7.881 1.0000000000
25706  32.166  -42.372  7.744 1.0000000000
24910  30.618  -43.495  8.917 0.8999999762
23353  29.934  -44.823  9.476 0.8000000119
24911  29.892  -43.464  9.489 0.8999999762
25692  30.988  -42.813  8.588 1.0000000000
25679  30.278  -42.726  9.250 1.0000000000
26506  31.880  -41.461  7.806 1.0000000000
27338  32.828  -40.644  6.888 1.0000000000
27339  31.994  -40.491  7.576 1.0000000000
27323  31.269  -40.483  8.216 1.0000000000
28212  33.099  -40.128  6.431 1.0000000000
25687  40.245  -39.949  8.352 0.6999999881
26488  40.071  -39.455  7.995 0.6999999881
26479  39.413  -39.892  8.583 0.6999999881
113397  40.332  -41.528  8.392 0.6000000238
25686  40.511  -40.317  7.560 0.6000000238
26502  39.892  -39.229  7.750 0.6999999881
114448  38.631  -40.033  8.718 0.8000000119
22517  40.112  -45.990  9.607 0.4000000060
24905  38.090  -41.450  8.980 0.8000000119
25675  37.234  -42.204  9.469 0.8000000119
114087  36.753  -43.105  9.585 0.8000000119
24908  35.989  -43.214  9.608 0.8000000119
24909  35.164  -43.401  9.264 0.6999999881
25677  35.570  -42.580  9.370 0.8000000119
107454  34.473  -43.472  8.675 0.8999999762
121146  34.893  -41.752  8.084 0.8000000119
25689  34.169  -43.035  7.843 0.8999999762
122800  34.631  -42.030  7.093 1.0000000000
25705  33.696  -42.723  7.310 1.0000000000
26503  34.520  -41.781  6.542 1.0000000000
26511  34.861  -41.283  5.843 1.0000000000
25690  32.768  -43.040  7.612 1.0000000000
26512  34.318  -41.537  6.171 1.0000000000
27348  33.754  -40.999  6.098 1.0000000000
110869  32.615  -41.258  7.240 1.0000000000
112551  30.636  -42.015  8.885 1.0000000000
26490  31.000  -41.291  8.532 1.0000000000
116141  31.415  -39.773  7.917 1.0000000000
29033  32.849  -39.184  6.360 1.0000000000
28202  32.058  -39.467  7.258 1.0000000000
108379  40.125  -39.961  8.596 0.6999999881
26489  39.791  -40.223  8.839 0.6999999881
24904  39.721  -42.706  9.735 0.5000000000
112054  39.879  -40.503  9.235 0.6999999881
24923  40.074  -43.131  8.928 0.6000000238
23368  40.076  -44.551  8.982 0.5000000000
26480  37.873  -41.057  9.168 0.8000000119
114123  37.265  -40.622  9.454 0.8000000119
110750  36.791  -41.537  9.554 0.6999999881
114341  36.251  -40.876  9.489 0.8000000119
112260  35.872  -41.734  9.451 0.8000000119
26481  35.129  -42.024  8.963 0.6999999881
112358  35.418  -41.077  9.069 0.6999999881
28201  35.440  -40.041  6.923 0.8999999762
110517  35.408  -38.200  7.235 0.8000000119
30802  35.512  -37.219  6.335 0.8000000119
30811  35.601  -36.452  5.755 0.8000000119
27337  35.005  -41.593  6.829 0.8999999762
29042  35.577  -39.389  6.415 0.8000000119
110137  35.666  -38.579  5.998 0.8000000119
27346  35.262  -41.052  6.120 1.0000000000
28211  35.445  -40.500  5.596 0.8999999762
27354  35.090  -40.895  5.395 1.0000000000
27347  34.493  -41.087  5.681 1.0000000000
26513  33.482  -41.541  6.673 1.0000000000
27356  34.022  -40.374  5.506 1.0000000000
115526  34.397  -39.841  5.029 1.0000000000
28203  31.053  -39.076  7.894 1.0000000000
28234  35.153  -39.911  4.598 1.0000000000
29043  33.488  -38.967  5.588 1.0000000000
29045  31.885  -38.404  6.845 1.0000000000
29053  34.092  -38.778  4.873 1.0000000000
29044  32.538  -38.115  6.148 1.0000000000
27302  39.944  -40.154  10.067 0.6999999881
26470  39.874  -40.228  9.427 0.6999999881
27313  39.387  -39.689  8.641 0.6999999881
28183  39.002  -39.060  8.655 0.6999999881
27314  38.965  -39.538  8.552 0.6999999881
26458  39.974  -41.150  10.434 0.6000000238
115639  38.289  -39.446  9.107 0.6999999881
27315  37.872  -39.899  9.265 0.6999999881
24895  39.707  -43.461  10.552 0.5000000000
113934  37.570  -39.542  9.403 0.8000000119
27316  36.776  -40.001  9.524 0.6999999881
28186  36.163  -39.394  9.370 0.6999999881
29013  36.496  -38.583  9.383 0.6999999881
28187  35.619  -39.575  9.062 0.6999999881
27321  35.385  -40.254  8.726 0.6999999881
27322  35.172  -41.024  8.224 0.6999999881
28191  35.345  -39.460  8.328 0.6999999881
30791  35.418  -36.700  7.351 0.8000000119
31771  35.542  -35.331  6.640 0.8000000119
32703  35.705  -34.660  6.237 0.8000000119
110838  35.426  -36.226  6.763 0.8000000119
31785  35.689  -35.300  5.646 0.8000000119
31784  36.154  -35.150  4.811 0.8000000119
29922  36.077  -38.354  4.998 1.0000000000
30820  36.148  -37.340  4.795 0.8999999762
31791  35.969  -36.167  4.908 0.8000000119
30819  36.472  -37.251  4.146 1.0000000000
31790  36.499  -36.043  4.136 0.8000000119
28220  35.228  -40.421  4.997 1.0000000000
115731  35.980  -39.546  4.673 1.0000000000
28221  34.867  -40.473  5.011 1.0000000000
29081  36.082  -38.999  3.476 1.0000000000
29034  31.237  -38.588  7.416 1.0000000000
29035  30.306  -38.484  7.654 1.0000000000
29069  34.762  -38.824  4.088 1.0000000000
29937  35.311  -38.668  3.537 1.0000000000
29938  33.483  -37.438  4.598 1.0000000000
120202  34.234  -37.588  3.715 1.0000000000
28173  39.694  -39.415  9.299 0.6999999881
29000  39.557  -38.770  9.212 0.6999999881
114749  38.904  -38.712  8.880 0.6000000238
29011  38.415  -38.294  9.131 0.6000000238
29881  37.803  -37.652  9.201 0.6000000238
29012  37.467  -38.414  9.388 0.6999999881
120057  36.345  -37.306  9.123 0.6999999881
29882  36.840  -37.784  9.342 0.6999999881
29883  36.005  -37.955  9.164 0.6999999881
114743  35.649  -38.112  8.750 0.6999999881
31760  35.630  -35.733  7.653 0.8000000119
112376  35.365  -38.018  8.156 0.6999999881
29901  35.374  -37.330  7.841 0.8000000119
33515  36.574  -33.679  5.015 0.8000000119
32710  36.490  -34.411  4.718 0.8000000119
32722  36.809  -35.009  4.022 0.8000000119
112619  37.313  -35.233  3.386 0.8000000119
29935  36.512  -38.309  3.478 1.0000000000
30836  36.774  -37.109  3.477 1.0000000000
31799  37.447  -35.833  2.993 0.6999999881
30835  37.254  -37.033  2.762 0.8999999762
30852  36.711  -38.219  2.879 1.0000000000
29955  36.334  -38.651  3.097 1.0000000000
122647  37.069  -38.538  2.060 1.0000000000
28213  29.129  -38.573  7.352 1.0000000000
29956  36.126  -38.558  2.662 1.0000000000
29957  35.154  -37.909  2.821 1.0000000000
29923  32.170  -37.225  5.736 1.0000000000
29915  31.575  -37.554  6.344 1.0000000000
29046  30.760  -37.805  6.910 1.0000000000
29939  32.596  -37.013  5.162 1.0000000000
29010  39.184  -38.267  8.976 0.6999999881
124696  37.453  -36.400  8.952 0.6000000238
30783  36.858  -36.136  8.861 0.6999999881
31753  36.103  -35.868  8.459 0.6999999881
30784  36.224  -36.649  8.850 0.6999999881
30785  35.641  -36.558  8.232 0.6999999881
31759  36.124  -35.076  8.098 0.8000000119
33496  35.971  -33.999  6.434 0.6999999881
33508  36.330  -33.420  5.895 0.6999999881
121674  37.645  -33.702  3.744 0.6999999881
32721  37.476  -34.508  3.558 0.6999999881
32744  37.882  -35.069  2.864 0.6999999881
31816  37.834  -36.168  2.410 0.8000000119
30865  37.766  -37.651  1.861 1.0000000000
30864  38.359  -37.620  1.278 1.0000000000
29047  29.565  -37.955  6.750 1.0000000000
29966  36.544  -38.596  2.372 1.0000000000
30812  31.856  -36.718  5.066 1.0000000000
30838  34.032  -37.014  3.013 1.0000000000
116585  39.190  -37.027  8.922 0.6000000238
29880  38.765  -37.664  8.965 0.6000000238
112288  38.167  -36.801  8.945 0.6000000238
105566  38.375  -35.253  8.714 0.6000000238
30782  37.736  -35.803  8.790 0.6000000238
31751  37.563  -34.756  8.519 0.6000000238
31752  36.801  -35.352  8.546 0.6000000238
32681  36.410  -34.354  7.752 0.6999999881
34286  36.785  -32.715  6.213 0.6999999881
34297  36.820  -32.886  5.327 0.6999999881
113730  37.192  -33.273  4.459 0.6999999881
33527  37.780  -32.894  3.893 0.6999999881
125167  38.192  -33.368  3.330 0.6999999881
32720  38.149  -34.110  3.121 0.6999999881
39449  43.930  -26.896  1.056 0.3000000119
32757  38.957  -34.912  1.906 0.6999999881
32743  38.629  -34.514  2.451 0.6999999881
39467  44.059  -26.954  0.172 0.3000000119
31827  38.901  -35.683  1.553 0.8000000119
26508  26.376  -42.037  7.586 0.8999999762
28206  27.838  -39.675  7.304 1.0000000000
28214  28.200  -39.063  6.774 1.0000000000
29977  36.892  -39.307  1.027 1.0000000000
30837  34.421  -37.408  2.156 1.0000000000
29968  35.248  -37.848  2.164 1.0000000000
30822  32.525  -36.767  4.499 1.0000000000
29916  30.792  -37.298  6.147 1.0000000000
31745  39.753  -35.766  9.059 0.6000000238
30775  38.887  -36.090  8.797 0.6000000238
104396  39.428  -34.305  8.695 0.6000000238
32673  38.517  -34.497  8.584 0.6000000238
120872  39.067  -32.952  8.355 0.6000000238
33486  38.109  -33.017  8.057 0.6999999881
33487  37.430  -33.468  7.915 0.6999999881
33478  37.881  -33.884  8.309 0.6000000238
34260  37.404  -32.969  7.569 0.6999999881
109142  43.545  -30.978  5.601 0.3000000119
35920  43.217  -30.210  5.395 0.3000000119
34271  37.039  -32.763  6.998 0.6999999881
34285  37.204  -32.144  5.606 0.6999999881
34295  37.916  -32.017  4.113 0.6999999881
38531  43.290  -27.315  1.474 0.3000000119
38550  42.820  -27.846  0.956 0.4000000060
38549  43.508  -27.433  0.519 0.4000000060
37588  43.322  -28.212  -0.014 0.4000000060
25707  25.874  -42.652  7.573 0.6999999881
25708  25.234  -42.761  6.708 0.6999999881
110879  42.794  -27.108  -2.297 0.3000000119
38565  44.038  -27.629  -0.723 0.3000000119
32756  39.406  -35.004  1.419 0.6999999881
26514  26.703  -40.963  6.383 0.8999999762
39512  43.463  -27.353  -2.964 0.3000000119
37612  44.282  -28.583  -1.973 0.3000000119
30863  38.852  -36.813  1.070 0.8000000119
27349  27.272  -40.240  6.636 0.8999999762
37611  44.093  -28.393  -2.650 0.3000000119
29104  38.030  -39.732  -0.033 1.0000000000
29055  29.237  -38.181  5.562 1.0000000000
29098  36.817  -39.602  0.211 1.0000000000
30813  31.140  -36.799  4.809 1.0000000000
29925  30.512  -37.184  5.327 1.0000000000
29978  35.484  -38.797  0.558 1.0000000000
30839  32.434  -36.802  3.577 1.0000000000
29979  34.674  -38.308  0.990 1.0000000000
108969  33.063  -36.926  2.845 1.0000000000
30866  33.493  -38.297  0.869 1.0000000000
123514  39.179  -31.923  7.825 0.6999999881
35049  38.791  -31.556  7.401 0.6999999881
35055  42.298  -31.276  6.739 0.3000000119
35906  42.040  -30.693  6.439 0.4000000060
34259  37.848  -32.234  7.377 0.6999999881
34270  37.368  -32.074  6.494 0.6999999881
35921  42.330  -30.189  5.844 0.4000000060
35086  37.623  -31.611  4.981 0.6999999881
36602  42.497  -29.499  5.224 0.3000000119
36603  41.597  -29.604  5.596 0.5000000000
35102  38.469  -31.575  3.642 0.6999999881
34311  38.456  -32.568  3.304 0.6999999881
36619  41.900  -28.958  4.866 0.5000000000
38501  42.157  -27.939  2.995 0.4000000060
37558  40.835  -28.662  2.946 0.6000000238
124113  41.740  -28.403  1.870 0.5000000000
33545  38.799  -33.509  2.677 0.6999999881
38518  42.591  -27.678  2.555 0.3000000119
32742  39.386  -34.173  1.934 0.6999999881
36707  43.252  -30.632  -2.460 0.4000000060
37590  41.909  -28.855  1.254 0.4000000060
25713  25.090  -42.425  5.618 0.6999999881
37614  41.675  -28.255  -1.280 0.4000000060
37589  42.625  -28.626  0.608 0.4000000060
120052  43.431  -29.320  -0.629 0.4000000060
24945  24.590  -43.613  7.015 0.6000000238
39501  42.097  -26.992  -1.273 0.3000000119
37622  43.315  -28.431  -2.927 0.3000000119
37613  42.647  -28.406  -2.381 0.4000000060
37604  43.866  -28.627  -1.125 0.4000000060
31826  39.414  -35.932  0.926 0.6999999881
32767  39.841  -35.213  0.866 0.6999999881
107404  26.216  -41.686  6.746 0.6999999881
36716  43.609  -29.845  -2.644 0.4000000060
111093  44.189  -29.466  -1.844 0.4000000060
113887  43.223  -30.408  -0.618 0.4000000060
30875  39.458  -37.295  0.331 0.8000000119
38583  43.498  -27.940  -3.021 0.3000000119
116435  44.190  -29.252  -2.355 0.3000000119
36699  44.078  -30.427  -1.725 0.4000000060
29048  28.682  -38.616  6.150 1.0000000000
29988  39.395  -38.951  -0.542 0.8999999762
29105  37.601  -39.702  -0.201 1.0000000000
30823  31.731  -36.752  4.237 1.0000000000
29991  34.428  -38.553  -0.036 1.0000000000
29099  36.360  -39.396  -0.047 1.0000000000
121863  32.244  -37.540  2.411 1.0000000000
30840  31.696  -37.501  2.934 1.0000000000
30867  32.386  -38.760  0.746 1.0000000000
30854  32.359  -38.456  1.276 1.0000000000
34248  39.527  -32.340  8.127 0.6000000238
35047  39.821  -31.625  7.677 0.6000000238
35048  39.547  -30.911  7.069 0.6000000238
35056  41.610  -31.110  6.952 0.5000000000
35902  40.635  -30.976  7.120 0.6000000238
35058  38.034  -31.442  6.710 0.6999999881
35907  41.302  -30.559  6.586 0.5000000000
36594  41.057  -30.025  6.176 0.4000000060
35074  37.655  -31.425  5.877 0.6999999881
36595  40.462  -30.046  6.249 0.6000000238
35073  38.048  -30.897  5.301 0.6999999881
36604  40.589  -29.579  5.671 0.6000000238
35085  38.143  -31.154  4.447 0.6999999881
37524  41.525  -28.677  4.432 0.6000000238
37525  40.888  -28.773  4.342 0.6000000238
35101  38.968  -31.129  3.183 0.6999999881
35119  38.863  -31.920  3.009 0.6999999881
37542  41.523  -28.367  3.653 0.5000000000
36658  40.458  -29.372  2.502 0.6000000238
35976  40.192  -30.170  2.160 0.6000000238
34327  39.130  -32.582  2.603 0.6000000238
35154  43.248  -32.294  -2.211 0.4000000060
37573  42.255  -28.194  1.451 0.4000000060
36657  41.173  -28.924  1.956 0.4000000060
36675  40.828  -29.846  1.696 0.5000000000
35977  39.938  -31.007  2.048 0.6000000238
34326  39.542  -33.220  2.085 0.6999999881
36708  41.551  -30.066  -1.499 0.4000000060
36688  41.592  -29.652  1.133 0.5000000000
33552  40.073  -33.634  1.484 0.6999999881
125826  42.718  -29.808  -2.304 0.4000000060
36016  42.178  -31.361  -1.841 0.5000000000
36687  42.432  -29.522  0.407 0.4000000060
105493  42.206  -30.440  0.331 0.4000000060
32755  39.960  -34.449  1.204 0.6999999881
26515  26.143  -41.673  5.563 0.8999999762
26516  25.680  -42.140  6.132 0.6999999881
117889  43.631  -29.136  -2.837 0.4000000060
36006  44.007  -31.355  -1.685 0.4000000060
30884  40.141  -37.698  -0.498 0.6999999881
30874  40.178  -36.138  0.203 0.6999999881
36014  44.178  -31.206  -2.288 0.4000000060
28215  27.640  -39.934  6.064 0.8999999762
29103  38.653  -39.528  -0.580 0.8999999762
115935  28.071  -39.737  5.307 0.8999999762
117537  30.680  -37.228  4.429 1.0000000000
29106  37.096  -39.686  -0.084 1.0000000000
29926  29.790  -37.763  5.181 1.0000000000
29990  35.447  -38.915  -0.047 1.0000000000
29941  30.128  -37.955  4.324 1.0000000000
29071  29.466  -39.010  4.090 1.0000000000
30876  34.688  -38.250  -0.185 1.0000000000
30878  32.607  -37.457  -0.132 0.8999999762
30889  34.163  -37.101  -0.423 1.0000000000
29992  33.232  -38.364  -0.099 1.0000000000
29958  31.548  -38.975  1.284 1.0000000000
29959  31.034  -39.149  2.221 1.0000000000
29993  32.429  -38.548  0.216 1.0000000000
29982  32.091  -38.994  0.692 1.0000000000
114475  30.557  -39.667  1.597 0.8999999762
29994  32.105  -38.554  0.385 1.0000000000
29983  31.497  -38.950  1.036 0.8999999762
35908  40.092  -30.406  6.628 0.6000000238
35909  39.365  -30.416  6.442 0.6999999881
106718  38.792  -30.465  6.164 0.6999999881
36605  39.750  -29.608  5.415 0.6999999881
35940  39.052  -29.968  4.299 0.6999999881
36620  40.351  -29.198  4.894 0.6000000238
36621  39.633  -29.479  4.624 0.6000000238
35959  38.652  -30.677  3.963 0.6999999881
36642  39.623  -29.553  3.791 0.6999999881
35958  39.217  -30.266  3.475 0.6000000238
121418  39.471  -30.702  2.723 0.6000000238
35118  39.427  -31.695  2.493 0.6000000238
36017  40.806  -30.765  -1.459 0.3000000119
107268  40.221  -29.128  3.346 0.6000000238
36659  39.779  -29.865  2.896 0.6000000238
34336  40.112  -32.793  1.654 0.6000000238
35155  41.396  -31.792  -1.737 0.4000000060
35990  40.620  -30.745  1.546 0.6000000238
106944  40.469  -31.498  1.529 0.6000000238
35137  41.192  -31.536  0.895 0.5000000000
35996  41.930  -31.169  0.382 0.4000000060
33551  40.634  -33.993  0.759 0.6000000238
34361  43.346  -33.086  -2.215 0.5000000000
35135  43.318  -32.354  -1.226 0.4000000060
35995  43.005  -31.404  -0.597 0.4000000060
35153  44.037  -32.149  -2.118 0.5000000000
106353  43.948  -31.996  -1.739 0.4000000060
31841  41.038  -35.559  -0.407 0.6000000238
35145  43.995  -32.388  -2.042 0.4000000060
30000  39.963  -39.031  -1.359 0.8999999762
27357  27.166  -40.769  5.349 0.8999999762
28222  28.120  -40.694  3.594 0.8999999762
29056  28.678  -39.455  4.609 0.8999999762
30003  36.712  -39.349  -0.214 1.0000000000
30877  33.920  -38.072  -0.240 1.0000000000
29070  30.160  -39.577  3.038 1.0000000000
115456  30.480  -40.000  2.139 0.8999999762
30868  31.648  -38.131  0.581 1.0000000000
30879  31.365  -36.277  0.329 1.0000000000
30869  30.846  -37.077  1.053 0.8999999762
36606  39.042  -29.872  5.112 0.6999999881
37623  39.016  -28.848  -1.866 0.3000000119
36018  39.816  -30.595  -1.754 0.3000000119
35162  40.366  -32.424  -2.775 0.3000000119
35128  40.637  -32.249  1.259 0.6000000238
34370  42.086  -33.637  -2.518 0.5000000000
34371  40.627  -33.260  -3.146 0.4000000060
34343  41.428  -32.547  0.483 0.5000000000
35136  42.219  -32.000  -0.037 0.5000000000
33558  41.539  -33.519  0.033 0.5000000000
34362  41.863  -32.784  -2.156 0.5000000000
34342  42.478  -32.869  -0.556 0.5000000000
34369  43.003  -33.840  -2.268 0.5000000000
33564  42.617  -33.641  -1.168 0.5000000000
32766  40.432  -34.912  0.481 0.6000000238
33575  43.062  -33.838  -2.174 0.5000000000
34349  43.440  -33.045  -1.777 0.5000000000
30883  40.918  -36.818  -0.856 0.6999999881
31851  42.613  -35.576  -2.768 0.5000000000
32785  42.737  -34.755  -2.422 0.5000000000
113850  40.726  -38.049  -1.412 0.6000000238
29116  39.810  -39.265  -1.816 0.8999999762
30001  38.113  -39.469  -0.932 0.8999999762
29112  38.273  -39.566  -0.644 0.8999999762
30002  37.223  -38.985  -0.533 0.8999999762
30890  33.275  -36.946  -0.382 0.8999999762
105724  35.993  -37.231  -0.376 0.8999999762
30004  35.724  -38.559  -0.208 1.0000000000
29083  30.001  -39.885  2.898 0.8999999762
30891  32.448  -35.902  -0.406 0.8000000119
31835  31.845  -35.880  -0.134 0.6999999881
28246  29.935  -40.360  1.937 0.8999999762
30855  30.636  -38.560  1.324 0.8999999762
29091  29.743  -40.266  1.895 0.8999999762
37624  38.688  -28.681  -2.952 0.3000000119
120005  39.187  -30.518  -2.903 0.3000000119
114935  39.125  -31.223  -3.420 0.4000000060
36025  38.531  -30.674  -3.698 0.3000000119
35163  39.313  -32.042  -3.349 0.3000000119
34373  39.222  -32.109  -3.389 0.4000000060
106521  40.143  -33.520  -3.462 0.4000000060
34335  40.706  -33.118  0.981 0.6000000238
32795  41.789  -35.025  -3.404 0.5000000000
108196  40.632  -34.497  -3.481 0.4000000060
112919  41.955  -34.186  -0.698 0.5000000000
32765  41.199  -34.484  -0.058 0.5000000000
125531  42.264  -35.628  -3.335 0.5000000000
32775  41.839  -35.025  -1.044 0.5000000000
32786  42.530  -35.446  -2.100 0.5000000000
31840  41.897  -36.361  -1.678 0.5000000000
31852  42.436  -36.436  -2.775 0.5000000000
30902  42.127  -37.156  -3.355 0.5000000000
30008  41.446  -38.067  -3.126 0.6000000238
29999  40.370  -38.870  -1.962 0.6000000238
30897  39.049  -37.411  -2.082 0.6999999881
117143  39.398  -38.822  -2.165 0.6999999881
30011  39.146  -39.347  -1.563 0.6999999881
31842  38.212  -37.063  -1.097 0.6999999881
30886  37.765  -38.247  -0.908 0.8000000119
30885  38.627  -38.764  -1.598 0.8000000119
28235  29.040  -40.431  2.869 0.8999999762
30887  36.925  -37.582  -0.491 0.8999999762
113876  33.648  -35.916  -0.624 0.6999999881
29970  29.359  -39.612  2.103 0.8999999762
30880  30.752  -35.970  0.663 1.0000000000
36021  38.596  -30.903  -3.667 0.3000000119
36022  37.952  -30.589  -3.680 0.3000000119
35157  38.350  -31.689  -2.887 0.3000000119
32797  40.239  -35.325  -3.335 0.4000000060
33590  39.546  -32.941  -3.323 0.4000000060
34363  38.679  -32.433  -2.719 0.4000000060
32796  41.144  -35.608  -3.636 0.4000000060
33576  39.740  -34.081  -3.239 0.4000000060
33577  38.952  -33.356  -2.306 0.4000000060
31861  40.733  -36.374  -3.528 0.4000000060
32787  39.664  -35.176  -2.800 0.4000000060
31853  39.968  -36.611  -2.965 0.5000000000
30904  40.964  -37.608  -3.443 0.5000000000
110904  37.500  -36.781  -0.626 0.6000000238
31845  35.453  -35.903  -0.470 0.6999999881
31847  32.622  -34.860  -0.854 0.6999999881
29969  30.019  -39.480  1.636 0.8999999762
29960  29.236  -37.656  2.573 0.8999999762
31829  29.633  -34.721  0.561 0.8999999762
30856  29.646  -36.670  1.983 0.8000000119
31830  28.926  -35.122  1.057 0.6999999881
32761  29.069  -34.723  1.001 0.8000000119
36718  37.490  -29.955  -3.726 0.3000000119
35164  37.393  -30.734  -2.895 0.3000000119
34364  37.357  -31.931  -1.857 0.3000000119
33578  38.063  -32.918  -1.327 0.4000000060
33566  37.654  -33.481  -0.796 0.5000000000
32788  39.130  -35.677  -1.906 0.5000000000
32777  37.726  -34.292  -0.560 0.5000000000
33567  36.687  -33.729  -0.749 0.5000000000
32776  38.501  -34.853  -1.008 0.5000000000
32778  36.969  -34.767  -0.410 0.5000000000
31843  37.790  -35.570  -0.618 0.5000000000
31844  36.669  -35.977  -0.368 0.6000000238
106070  34.614  -34.773  -0.867 0.6999999881
31848  31.505  -34.342  -0.801 0.6999999881
32782  30.906  -33.389  -0.971 0.6999999881
31836  29.960  -34.342  -0.090 0.8000000119
32769  29.987  -33.712  -0.256 0.6999999881
36719  36.233  -29.447  -3.231 0.3000000119
35166  35.035  -30.393  -2.731 0.4000000060
36023  36.404  -30.071  -2.978 0.3000000119
35159  35.743  -31.219  -2.422 0.4000000060
34365  35.615  -32.015  -1.977 0.4000000060
34350  37.008  -32.829  -1.153 0.4000000060
33579  35.830  -32.913  -1.494 0.3000000119
32779  35.792  -34.609  -0.673 0.6000000238
33580  34.353  -32.252  -2.302 0.3000000119
33568  35.202  -33.411  -1.433 0.5000000000
33569  33.823  -32.836  -2.079 0.4000000060
32780  33.489  -33.557  -1.611 0.6000000238
31846  33.515  -34.711  -1.023 0.6999999881
32781  32.403  -33.309  -1.615 0.6999999881
109683  31.507  -33.280  -1.291 0.6000000238
105378  34.782  -30.766  -2.727 0.3000000119
35160  34.415  -30.807  -2.555 0.3000000119
35147  33.459  -31.238  -2.495 0.3000000119
34352  33.096  -31.372  -2.100 0.3000000119
33581  33.162  -31.872  -2.560 0.3000000119
34353  32.734  -31.510  -2.418 0.4000000060
32789  32.566  -32.195  -2.281 0.5000000000
34346  32.306  -31.612  -1.996 0.5000000000
120034  32.052  -32.304  -1.550 0.6000000238
33570  31.258  -33.000  -1.105 0.6000000238
37618  35.957  -28.760  -2.534 0.4000000060
36711  35.641  -29.588  -2.413 0.3000000119
36019  35.024  -30.295  -2.590 0.3000000119
36701  35.351  -29.864  -1.939 0.3000000119
36008  34.883  -30.286  -2.045 0.3000000119
35146  34.250  -30.898  -1.886 0.3000000119
34351  34.419  -31.695  -0.639 0.3000000119
34345  33.396  -31.884  -0.977 0.4000000060
33559  33.548  -32.675  -0.020 0.4000000060
33560  32.032  -32.253  -1.442 0.6000000238
126055  32.560  -31.949  -1.360 0.4000000060
33554  32.647  -33.256  0.309 0.4000000060
33561  31.127  -33.060  -0.667 0.6000000238
107634  29.184  -34.452  1.357 0.6999999881
31818  27.661  -35.021  1.284 0.8000000119
110642  36.329  -28.080  -1.765 0.4000000060
37617  36.220  -28.848  -1.501 0.3000000119
36700  36.074  -29.483  -1.147 0.3000000119
35998  35.551  -30.721  -0.583 0.3000000119
116170  35.341  -31.424  -0.010 0.3000000119
117259  34.469  -32.320  0.215 0.4000000060
34338  34.817  -32.664  1.325 0.4000000060
33553  33.999  -33.403  1.505 0.4000000060
32745  31.771  -33.735  0.764 0.4000000060
33547  32.467  -34.246  2.248 0.4000000060
32758  30.391  -33.519  -0.171 0.6000000238
32746  31.028  -34.054  1.299 0.4000000060
32760  29.360  -34.104  0.437 0.6999999881
107495  30.127  -34.279  1.655 0.4000000060
32725  30.018  -34.487  2.880 0.4000000060
32726  29.149  -34.495  2.687 0.5000000000
32747  28.504  -34.721  1.337 0.6000000238
31831  28.318  -34.972  1.180 0.6999999881
32748  27.772  -34.908  1.362 0.6999999881
38578  36.378  -27.162  -1.972 0.3000000119
37608  36.665  -28.907  -0.465 0.3000000119
36690  36.586  -29.601  -0.060 0.3000000119
35138  35.984  -31.023  0.586 0.3000000119
34344  35.186  -32.060  0.727 0.3000000119
33546  33.935  -33.483  2.721 0.3000000119
120607  33.235  -33.952  2.761 0.3000000119
108825  32.679  -34.073  3.184 0.3000000119
32723  31.706  -34.375  2.720 0.4000000060
119086  31.957  -34.034  3.778 0.3000000119
32724  30.990  -34.397  3.220 0.3000000119
33517  31.054  -34.009  4.034 0.3000000119
32711  30.511  -34.301  3.582 0.3000000119
33519  29.626  -34.046  4.060 0.4000000060
32713  29.211  -34.301  3.568 0.5000000000
32727  28.374  -34.460  2.786 0.5000000000
32728  27.342  -34.571  2.030 0.5000000000
38569  37.118  -27.497  -0.595 0.3000000119
37592  37.041  -29.037  0.353 0.3000000119
35997  36.406  -30.329  0.493 0.3000000119
35130  36.325  -30.789  1.457 0.3000000119
34337  35.437  -32.036  1.690 0.3000000119
33529  33.429  -33.289  3.634 0.3000000119
33516  32.725  -33.456  3.916 0.3000000119
122510  31.482  -33.301  4.296 0.3000000119
118181  30.027  -33.505  4.316 0.3000000119
33520  28.858  -34.058  3.987 0.4000000060
33530  27.883  -34.029  3.735 0.5000000000
37607  37.234  -28.251  0.124 0.3000000119
37591  37.351  -28.747  1.094 0.3000000119
36677  36.752  -30.093  1.638 0.3000000119
35120  36.134  -31.106  2.124 0.3000000119
35121  35.715  -31.578  2.371 0.3000000119
34312  34.864  -32.271  3.264 0.3000000119
34299  33.023  -32.810  4.174 0.3000000119
34300  32.219  -32.871  4.328 0.3000000119
34303  29.426  -33.294  4.355 0.4000000060
120184  27.237  -33.353  3.969 0.4000000060
33531  26.887  -34.234  3.241 0.5000000000
113707  26.349  -33.436  3.685 0.4000000060
39504  37.125  -26.162  -1.220 0.3000000119
39490  37.381  -26.721  -0.545 0.3000000119
112289  36.743  -29.903  2.434 0.3000000119
35979  36.015  -31.006  2.920 0.3000000119
35103  35.338  -31.596  3.362 0.3000000119
34298  33.722  -32.302  4.183 0.3000000119
35089  32.869  -32.138  4.389 0.3000000119
116698  30.678  -33.172  4.377 0.3000000119
109253  30.437  -32.229  4.381 0.3000000119
34302  30.018  -32.833  4.429 0.3000000119
34304  28.532  -32.966  4.301 0.4000000060
124053  27.841  -33.176  4.157 0.3000000119
38551  37.568  -27.315  0.232 0.3000000119
110788  37.592  -27.869  1.072 0.3000000119
37574  37.510  -28.303  1.926 0.3000000119
36676  37.193  -29.282  1.976 0.3000000119
35960  36.312  -30.161  3.250 0.3000000119
35961  35.598  -30.769  3.768 0.3000000119
35942  35.128  -30.513  4.330 0.3000000119
35087  34.921  -31.198  4.186 0.3000000119
121081  33.461  -31.636  4.430 0.3000000119
35943  34.509  -30.674  4.477 0.3000000119
34301  31.307  -32.462  4.415 0.3000000119
39451  37.865  -26.942  1.136 0.3000000119
107119  37.910  -26.883  2.096 0.3000000119
37559  37.264  -28.638  2.754 0.3000000119
36643  36.391  -29.275  3.887 0.3000000119
111258  32.732  -31.301  4.457 0.3000000119
35091  31.019  -31.566  4.284 0.3000000119
39450  38.150  -26.200  1.600 0.3000000119
39437  38.097  -26.160  2.448 0.3000000119
37545  36.695  -28.590  3.944 0.3000000119
38519  37.580  -27.590  2.786 0.4000000060
36623  35.620  -29.132  4.475 0.3000000119
36624  34.900  -29.814  4.578 0.3000000119
116715  34.186  -30.149  4.618 0.3000000119
38503  36.692  -27.965  4.234 0.4000000060
38502  37.233  -27.428  3.868 0.4000000060
37526  35.573  -28.402  4.596 0.4000000060
40367  37.871  -26.124  3.231 0.3000000119
38491  36.646  -27.182  4.420 0.4000000060
115651  31.807  -42.947  8.016 0.8999999762
32770  29.623  -33.889  -0.021 0.8000000119
32759  29.753  -33.788  0.121 0.6999999881
22587  42.294  -45.123  -0.208 0.6000000238
23412  42.708  -44.355  -0.174 0.6000000238
23403  40.916  -44.240  2.237 0.6000000238
20930  41.561  -48.084  4.067 0.5000000000
20089  41.736  -49.001  4.195 0.5000000000
24167  44.018  -43.658  1.740 0.6000000238
122282  33.517  -47.691  9.058 0.8999999762
20100  44.011  -48.400  1.958 0.4000000060
21674  35.941  -47.093  9.380 0.8999999762
25712  40.285  -39.646  5.986 0.6999999881
21723  44.312  -47.114  3.951 0.5000000000
24134  38.465  -43.552  7.766 0.8000000119
20099  44.990  -48.851  1.098 0.4000000060
23370  37.365  -45.427  8.992 0.8000000119
21720  41.841  -47.146  6.432 0.4000000060
106708  40.921  -45.837  7.564 0.4000000060
21707  41.323  -47.592  7.383 0.4000000060
23346  40.170  -45.439  8.983 0.5000000000
24133  40.420  -43.827  8.311 0.5000000000
25691  31.412  -42.143  8.290 1.0000000000
25674  40.019  -41.038  9.044 0.6999999881
26504  33.986  -42.138  6.684 1.0000000000
26505  32.985  -42.152  7.237 1.0000000000
29054  33.053  -37.770  5.436 1.0000000000
29032  35.350  -38.869  7.643 0.8000000119
29066  36.236  -38.936  3.543 1.0000000000
32709  37.037  -34.080  4.239 0.8000000119
29936  36.408  -38.514  4.030 1.0000000000
28233  35.623  -39.761  4.544 1.0000000000
32688  36.120  -34.058  7.135 0.6999999881
31828  38.360  -36.471  1.751 0.8000000119
29976  37.391  -38.943  1.268 1.0000000000
109807  36.298  -38.829  1.499 1.0000000000
29989  38.709  -38.562  0.406 1.0000000000
32674  37.091  -34.067  8.092 0.6999999881
37540  42.883  -28.069  3.634 0.4000000060
26507  26.785  -41.295  7.539 1.0000000000
38532  42.640  -27.645  1.842 0.4000000060
107693  33.613  -38.506  0.197 1.0000000000
37523  42.262  -28.438  4.184 0.4000000060
37557  41.552  -28.311  2.616 0.5000000000
36015  43.857  -31.511  -2.412 0.4000000060
36020  44.042  -30.758  -2.502 0.4000000060
29981  32.164  -38.905  0.529 1.0000000000
35989  41.343  -30.543  1.015 0.5000000000
30870  30.048  -36.242  1.438 0.8000000119
33588  42.374  -34.443  -2.821 0.5000000000
30894  41.980  -37.469  -2.698 0.5000000000
30010  39.899  -38.973  -2.297 0.6999999881
30896  39.981  -38.231  -2.814 0.6000000238
117455  38.529  -36.011  -1.211 0.5000000000
33565  38.393  -33.789  -1.061 0.5000000000
31849  30.564  -34.090  -0.531 0.6999999881
32768  30.651  -33.497  -0.598 0.6999999881
34328  35.242  -32.197  2.500 0.3000000119
20916  35.793  -48.933  6.331 0.5000000000
20042  34.994  -49.191  8.092 0.5000000000
20926  35.789  -48.922  5.184 0.5000000000
20080  35.152  -49.673  5.858 0.5000000000
112577  36.265  -48.257  3.331 0.5000000000
20934  36.306  -48.290  4.531 0.5000000000
117923  36.660  -47.739  2.785 0.5000000000
22586  37.585  -46.767  1.195 0.4000000060
21740  37.199  -47.274  3.145 0.5000000000
22590  38.508  -46.381  0.575 0.4000000060
22581  37.623  -46.756  2.442 0.5000000000
22589  39.559  -45.944  -0.137 0.5000000000
22585  38.331  -46.280  1.798 0.5000000000
24140  26.010  -45.056  9.092 0.6999999881
23358  25.730  -45.908  9.122 0.6999999881
24122  27.790  -44.549  9.807 0.8000000119
24912  29.030  -43.471  9.756 0.8000000119
24121  28.725  -44.406  9.888 0.8000000119
25680  29.518  -42.694  9.556 0.8999999762
110355  26.291  -44.209  8.987 0.6999999881
114306  28.331  -43.132  9.635 0.8999999762
24930  27.588  -43.167  9.434 0.8999999762
26483  29.090  -41.939  9.518 0.8999999762
26482  29.894  -41.950  9.357 0.8999999762
24932  25.787  -43.754  8.346 0.6000000238
24931  26.642  -43.288  8.851 0.8000000119
26484  28.260  -42.041  9.383 0.8999999762
26492  29.428  -41.210  9.262 0.8999999762
27325  29.740  -40.487  8.895 0.8999999762
27324  30.499  -40.471  8.648 0.8999999762
31743  41.304  -35.265  9.419 0.5000000000
30774  40.315  -36.300  9.418 0.5000000000
115956  39.645  -36.479  9.093 0.5000000000
28999  40.375  -38.414  10.179 0.6000000238
29863  40.107  -37.819  9.714 0.5000000000
29879  39.509  -37.707  9.179 0.5000000000
108977  40.249  -39.240  10.268 0.6000000238
24944  25.399  -43.322  7.616 0.6000000238
25693  27.366  -42.404  9.016 0.8999999762
26493  28.583  -41.302  9.201 0.8999999762
27340  30.006  -39.827  8.605 0.8999999762
32672  40.762  -33.947  8.821 0.5000000000
111051  39.982  -33.865  8.677 0.5000000000
32661  40.709  -34.749  9.131 0.5000000000
32662  39.950  -34.969  8.981 0.5000000000
32660  41.502  -34.577  9.186 0.5000000000
31744  40.523  -35.508  9.313 0.5000000000
26495  27.003  -41.811  8.294 0.8999999762
24943  26.014  -43.105  8.152 0.6999999881
26494  27.746  -41.542  8.861 0.8999999762
27327  28.038  -40.783  8.599 0.8999999762
27326  28.905  -40.551  8.889 0.8999999762
28204  29.812  -39.121  8.195 0.8999999762
33474  41.080  -33.153  8.501 0.5000000000
33476  39.453  -33.579  8.544 0.5000000000
111720  41.965  -33.136  8.427 0.5000000000
110100  41.725  -33.876  8.828 0.5000000000
105823  27.376  -41.143  8.234 0.8999999762
27342  28.354  -40.021  8.236 0.8999999762
28205  28.721  -39.271  7.829 0.8999999762
34247  40.533  -32.321  8.128 0.5000000000
34258  41.320  -32.031  7.779 0.5000000000
120902  40.706  -31.665  7.647 0.5000000000
34245  42.005  -32.479  7.883 0.5000000000
35045  42.019  -31.769  7.315 0.4000000060
107631  25.644  -41.972  5.149 0.6000000238
25717  25.170  -42.080  5.003 0.6000000238
26518  26.134  -41.567  4.597 0.6999999881
26526  26.012  -41.469  4.303 0.6999999881
122343  24.773  -40.917  4.734 0.6999999881
28240  24.885  -40.188  4.694 0.6999999881
27358  26.684  -41.287  4.775 0.8000000119
27369  26.726  -41.252  4.005 0.6999999881
27370  26.278  -41.197  4.041 0.6999999881
28239  25.820  -40.455  4.194 0.6999999881
122563  25.702  -39.662  4.317 0.6999999881
28237  27.375  -40.963  3.496 0.8000000119
114675  27.263  -40.920  3.470 0.8000000119
29073  26.660  -39.545  3.867 0.6999999881
29072  27.654  -40.279  3.180 0.8000000119
29942  27.021  -38.083  3.975 0.6000000238
28248  29.267  -40.236  2.510 0.8000000119
29085  28.521  -40.278  2.688 0.8000000119
109196  27.754  -37.387  3.551 0.6000000238
30842  26.755  -36.483  3.373 0.6000000238
29961  28.632  -38.779  2.832 0.8000000119
30841  28.341  -36.728  3.041 0.6000000238
118911  27.418  -36.222  2.875 0.6000000238
31801  26.596  -35.438  1.952 0.6000000238
30857  28.604  -35.928  2.115 0.6000000238
31819  26.920  -35.029  1.354 0.6999999881
30858  27.449  -35.516  1.856 0.6000000238
32749  27.055  -35.026  1.371 0.6000000238
31817  28.540  -35.216  1.254 0.6999999881
21751  39.795  -47.377  -0.289 0.4000000060
23415  39.202  -45.792  0.889 0.5000000000
21733  36.766  -47.726  3.874 0.5000000000
26491  30.232  -41.218  9.037 0.8999999762
27368  27.144  -41.221  4.042 0.8000000119
20935  35.785  -48.873  4.020 0.5000000000
21744  36.920  -47.357  1.782 0.5000000000
24914  27.180  -43.927  9.461 0.8000000119
30760  40.916  -36.817  9.891 0.5000000000
106288  27.110  -41.131  3.662 0.8000000119
28238  26.736  -41.061  3.746 0.6999999881
28236  28.228  -40.754  2.964 0.8000000119
29962  27.886  -38.986  3.311 0.6999999881
23335  39.946  -45.413  10.433 0.4000000060
23320  40.117  -45.159  11.139 0.4000000060
24092  39.821  -44.478  10.838 0.4000000060
24091  40.192  -44.540  11.406 0.4000000060
116869  39.784  -42.978  10.899 0.5000000000
24090  40.781  -44.531  11.854 0.4000000060
24078  41.452  -44.522  12.104 0.4000000060
121962  40.239  -40.808  10.660 0.5000000000
28172  40.313  -40.045  10.486 0.5000000000
25653  40.446  -42.262  11.347 0.5000000000
122346  41.155  -41.711  11.393 0.4000000060
115084  40.101  -43.012  11.324 0.4000000060
24881  41.974  -43.275  11.891 0.4000000060
25652  41.024  -42.872  11.700 0.4000000060
24883  40.466  -43.779  11.639 0.4000000060
24868  41.901  -43.961  12.141 0.4000000060
26457  40.326  -41.500  11.056 0.5000000000
26456  42.167  -41.606  11.287 0.4000000060
25651  42.002  -42.418  11.588 0.4000000060
27312  43.927  -40.688  9.834 0.4000000060
27283  43.416  -41.245  10.664 0.4000000060
111597  42.766  -42.197  11.385 0.4000000060
27299  44.225  -40.993  10.090 0.4000000060
26454  43.866  -41.833  11.106 0.4000000060
28171  40.980  -39.155  10.703 0.5000000000
28154  40.978  -40.008  10.877 0.5000000000
28153  41.684  -39.786  10.841 0.4000000060
29080  47.025  -40.059  3.667 0.3000000119
27285  41.612  -40.719  11.077 0.4000000060
28245  47.136  -41.217  4.360 0.3000000119
27284  42.581  -41.026  10.894 0.4000000060
28232  46.696  -41.640  5.268 0.3000000119
29051  45.911  -41.043  5.876 0.3000000119
121655  45.500  -40.425  6.403 0.3000000119
29020  44.504  -40.544  8.919 0.3000000119
29008  44.118  -40.263  9.310 0.4000000060
28182  43.354  -40.088  10.147 0.4000000060
27301  42.942  -40.517  10.545 0.4000000060
29041  45.342  -41.075  7.405 0.3000000119
29031  44.743  -40.797  8.556 0.3000000119
29861  41.574  -37.409  10.218 0.4000000060
28998  41.293  -38.246  10.491 0.4000000060
105136  41.903  -38.965  10.656 0.4000000060
29933  45.929  -38.219  4.373 0.3000000119
29064  46.349  -39.898  4.581 0.3000000119
29065  45.691  -39.250  5.338 0.3000000119
29921  45.296  -38.868  6.125 0.3000000119
29889  44.258  -38.797  8.540 0.4000000060
29875  43.882  -38.940  9.105 0.4000000060
29009  43.489  -39.513  9.802 0.4000000060
29912  44.911  -39.413  7.146 0.3000000119
29900  44.631  -39.330  7.820 0.3000000119
29862  40.725  -37.617  10.133 0.4000000060
30810  44.863  -36.555  5.634 0.3000000119
31770  44.463  -35.629  7.022 0.3000000119
124566  44.272  -35.961  8.047 0.4000000060
30781  43.760  -36.103  8.802 0.4000000060
29860  42.576  -37.290  9.973 0.4000000060
30818  45.682  -37.217  4.275 0.3000000119
30801  44.658  -36.602  6.501 0.3000000119
114983  44.123  -36.968  8.499 0.4000000060
30771  43.725  -37.244  9.084 0.4000000060
29877  43.178  -36.886  9.573 0.4000000060
122015  45.151  -37.393  5.486 0.3000000119
30790  44.474  -37.452  7.903 0.4000000060
28996  43.053  -38.368  9.998 0.4000000060
29934  45.477  -37.798  4.984 0.3000000119
30800  44.908  -37.684  6.271 0.3000000119
106628  43.574  -38.911  9.515 0.4000000060
28169  42.765  -39.070  10.334 0.4000000060
32671  42.586  -33.960  8.642 0.4000000060
32658  42.833  -34.757  9.037 0.4000000060
32659  42.241  -34.592  9.159 0.4000000060
120146  41.910  -35.739  9.612 0.4000000060
32679  44.174  -34.678  7.213 0.3000000119
32670  43.318  -34.600  8.559 0.4000000060
31749  43.289  -35.342  9.040 0.4000000060
30759  41.770  -36.570  9.863 0.4000000060
123701  44.228  -35.269  7.586 0.4000000060
31748  43.706  -35.363  8.534 0.4000000060
30772  43.272  -36.141  9.330 0.4000000060
107951  42.556  -36.296  9.650 0.4000000060
29074  25.641  -38.904  4.394 0.6000000238
114580  25.095  -39.383  4.583 0.6000000238
30825  25.803  -36.826  3.960 0.5000000000
29943  26.048  -38.093  4.275 0.5000000000
112708  25.862  -35.706  2.715 0.5000000000
31820  26.571  -35.055  1.575 0.5000000000
32729  26.551  -34.848  1.781 0.4000000060
35947  30.635  -30.769  3.909 0.3000000119
35962  30.986  -30.023  3.741 0.3000000119
35963  30.128  -30.155  3.525 0.3000000119
36625  34.182  -29.417  4.654 0.3000000119
110335  33.488  -29.953  4.546 0.3000000119
35945  32.708  -30.430  4.395 0.3000000119
36627  31.907  -29.864  4.003 0.3000000119
36646  30.439  -29.447  3.295 0.3000000119
36647  29.594  -29.645  3.125 0.3000000119
110751  35.201  -27.902  4.738 0.3000000119
37528  34.108  -28.698  4.642 0.3000000119
123800  32.717  -29.671  4.310 0.3000000119
36645  32.228  -28.986  3.918 0.3000000119
121523  31.289  -29.258  3.512 0.3000000119
118978  32.233  -28.136  3.553 0.3000000119
36661  29.964  -28.950  2.834 0.3000000119
37563  29.540  -28.410  2.454 0.3000000119
38492  35.978  -27.732  4.617 0.3000000119
111442  34.456  -28.028  4.680 0.3000000119
116763  33.586  -28.175  4.449 0.3000000119
109260  33.968  -27.342  4.552 0.3000000119
37529  32.836  -28.378  4.130 0.3000000119
38504  32.977  -27.519  3.978 0.3000000119
37546  31.522  -28.511  3.296 0.3000000119
37547  30.766  -28.737  3.044 0.3000000119
37562  30.335  -28.228  2.608 0.3000000119
39417  36.588  -26.386  4.538 0.3000000119
39419  35.310  -26.486  4.812 0.3000000119
38505  32.174  -27.390  3.200 0.3000000119
38520  31.495  -27.382  2.696 0.3000000119
40344  36.449  -25.542  4.657 0.3000000119
40345  35.653  -25.649  4.797 0.3000000119
39420  34.437  -26.521  4.647 0.3000000119
41443  34.508  -24.947  4.506 0.3000000119
39426  32.736  -26.627  3.416 0.3000000119
124972  35.963  -25.004  4.808 0.3000000119
108102  35.313  -24.956  4.781 0.3000000119
42412  35.394  -23.373  4.598 0.3000000119
42411  36.231  -23.327  4.678 0.3000000119
43392  35.757  -22.667  4.600 0.3000000119
44338  36.637  -21.328  4.476 0.3000000119
25650  43.437  -42.300  11.454 0.4000000060
23334  40.390  -45.878  11.098 0.4000000060
111583  40.799  -46.015  11.467 0.4000000060
24867  42.607  -43.715  12.150 0.4000000060
23304  41.685  -45.153  12.143 0.4000000060
116321  44.799  -40.964  10.466 0.4000000060
25649  44.086  -42.324  11.637 0.4000000060
25635  43.752  -42.878  11.940 0.4000000060
27367  47.557  -41.990  4.854 0.3000000119
27353  47.088  -42.116  5.580 0.3000000119
28210  45.779  -41.684  6.970 0.3000000119
29007  44.765  -40.892  9.188 0.3000000119
27298  44.440  -40.865  9.818 0.3000000119
29954  46.452  -38.562  3.681 0.3000000119
30809  45.315  -36.524  4.717 0.3000000119
30817  46.107  -37.384  3.709 0.3000000119
33485  42.699  -33.079  7.989 0.4000000060
33473  43.151  -33.804  8.211 0.4000000060
32680  43.642  -34.178  7.832 0.4000000060
118204  44.446  -34.971  6.453 0.3000000119
31783  44.599  -35.679  6.024 0.3000000119
40343  37.160  -25.872  4.321 0.3000000119
110126  37.298  -24.112  4.410 0.3000000119
42410  37.044  -23.328  4.556 0.3000000119
43391  36.629  -22.423  4.580 0.3000000119
113030  37.477  -21.891  4.300 0.3000000119
29079  47.680  -40.395  3.141 0.3000000119
23347  39.902  -45.192  9.595 0.4000000060
25654  39.906  -42.136  10.847 0.5000000000
28170  42.476  -39.738  10.608 0.4000000060
31742  42.606  -35.389  9.372 0.4000000060
119493  35.446  -27.241  4.749 0.3000000119
37561  31.091  -28.050  2.802 0.3000000119
39425  33.548  -26.587  4.182 0.3000000119
41444  33.767  -24.965  3.898 0.3000000119
45182  37.490  -20.821  4.172 0.3000000119
125740  40.381  -46.765  9.514 0.3000000119
21642  40.799  -46.596  11.089 0.3000000119
20890  30.402  -47.430  7.580 0.6000000238
114579  29.988  -47.778  8.696 0.6999999881
23318  41.175  -45.665  11.816 0.3000000119
20107  45.562  -48.218  1.311 0.3000000119
20927  45.660  -47.495  2.195 0.3000000119
21678  28.442  -47.924  9.788 0.6999999881
21690  40.997  -47.973  8.327 0.3000000119
20869  28.888  -48.673  9.504 0.6999999881
20868  29.332  -47.905  9.469 0.6999999881
21673  41.227  -48.062  10.091 0.3000000119
21641  41.267  -47.080  11.050 0.3000000119
21696  29.857  -47.121  9.234 0.6999999881
21640  41.930  -47.189  11.234 0.3000000119
23302  43.563  -45.132  12.300 0.3000000119
114561  42.749  -46.851  11.477 0.3000000119
23317  41.937  -45.864  11.954 0.3000000119
23301  44.480  -45.036  12.291 0.3000000119
23303  42.579  -45.174  12.256 0.3000000119
20920  43.988  -48.142  4.409 0.3000000119
20914  41.822  -48.132  6.746 0.4000000060
22524  28.257  -46.311  10.078 0.6999999881
20865  41.003  -48.179  9.287 0.3000000119
21697  28.988  -47.015  9.905 0.6999999881
20854  41.868  -48.391  10.217 0.3000000119
117768  42.619  -47.428  11.102 0.3000000119
22490  43.614  -46.563  11.552 0.3000000119
125471  45.202  -45.015  12.189 0.3000000119
20921  43.220  -47.917  5.175 0.4000000060
22525  27.240  -46.448  9.869 0.6999999881
20055  41.821  -49.441  8.036 0.3000000119
20902  41.461  -48.579  7.724 0.3000000119
20853  42.620  -48.455  10.326 0.3000000119
20864  41.703  -48.826  9.494 0.3000000119
22523  29.146  -45.995  9.995 0.6999999881
21658  42.984  -47.861  10.779 0.3000000119
24866  44.089  -43.557  12.315 0.3000000119
24076  43.229  -44.275  12.333 0.3000000119
24074  45.143  -44.197  12.410 0.3000000119
121499  44.601  -43.864  12.441 0.3000000119
23355  28.366  -45.337  10.045 0.6999999881
20023  42.281  -49.372  9.266 0.3000000119
20861  44.067  -48.715  9.981 0.3000000119
20862  43.153  -48.973  9.926 0.3000000119
23354  29.323  -45.085  9.869 0.6999999881
25633  45.313  -42.566  12.299 0.3000000119
20040  42.655  -49.813  8.798 0.3000000119
24120  29.535  -44.248  9.653 0.6999999881
26440  44.742  -41.837  11.663 0.3000000119
33494  43.579  -33.152  6.898 0.3000000119
20907  30.677  -47.416  6.936 0.5000000000
20060  29.749  -48.925  7.539 0.6999999881
20908  30.168  -47.778  6.681 0.6000000238
114682  27.464  -47.976  9.821 0.6999999881
20087  44.759  -48.412  3.563 0.3000000119
113059  26.883  -47.232  9.777 0.6999999881
20075  43.073  -48.967  5.516 0.4000000060
23357  26.698  -45.655  9.586 0.6999999881
20065  42.532  -49.560  6.464 0.4000000060
20913  42.426  -48.580  6.151 0.4000000060
24123  26.859  -44.748  9.520 0.6999999881
113576  42.368  -49.926  7.418 0.3000000119
19226  42.955  -50.568  7.595 0.3000000119
19225  43.697  -50.864  7.560 0.3000000119
109000  40.680  -47.453  9.871 0.3000000119
23356  27.437  -45.203  9.825 0.6999999881
109144  29.980  -48.399  8.092 0.6000000238
20039  43.394  -49.966  8.803 0.3000000119
19245  43.151  -50.023  5.811 0.3000000119
20069  34.527  -50.063  6.551 0.5000000000
20044  33.173  -49.448  8.051 0.5000000000
20058  32.724  -49.750  7.346 0.5000000000
20068  35.151  -49.470  7.001 0.4000000060
19256  25.705  -50.102  4.313 0.4000000060
18416  24.563  -51.057  4.731 0.5000000000
20043  34.038  -49.505  8.211 0.4000000060
20056  34.359  -49.812  7.433 0.5000000000
107159  32.538  -49.200  7.726 0.5000000000
16153  23.860  -53.043  4.616 0.4000000060
117715  23.390  -53.666  4.726 0.4000000060
18415  25.360  -50.464  4.445 0.5000000000
20906  31.067  -47.937  6.556 0.4000000060
16142  22.681  -53.658  5.062 0.4000000060
15495  23.739  -55.155  4.740 0.4000000060
17624  23.545  -52.192  4.862 0.4000000060
18386  24.821  -50.969  5.256 0.5000000000
18398  24.333  -51.196  4.901 0.4000000060
19243  26.412  -49.938  5.210 0.5000000000
19241  28.495  -49.871  6.416 0.4000000060
20918  30.376  -47.669  6.221 0.5000000000
20072  29.536  -48.119  6.091 0.4000000060
15481  22.898  -54.770  5.160 0.4000000060
15451  20.328  -55.268  7.226 0.4000000060
17609  23.314  -52.246  5.064 0.4000000060
110070  20.329  -54.464  7.238 0.4000000060
18387  24.276  -51.537  5.446 0.5000000000
17600  23.677  -51.909  5.266 0.4000000060
17598  25.736  -51.417  6.226 0.5000000000
17582  22.123  -53.111  8.529 0.4000000060
16815  21.049  -53.727  7.733 0.4000000060
105727  26.327  -50.887  6.037 0.5000000000
18384  27.220  -51.002  6.549 0.5000000000
17571  22.835  -52.526  9.113 0.4000000060
17572  21.798  -52.548  9.083 0.4000000060
18373  28.077  -50.877  7.116 0.6000000238
19230  28.754  -50.451  7.587 0.6000000238
19229  29.224  -49.408  6.958 0.5000000000
14825  20.986  -55.409  6.860 0.4000000060
16834  21.021  -54.484  6.598 0.4000000060
17590  24.206  -52.345  6.417 0.5000000000
120524  23.328  -52.643  6.238 0.4000000060
16823  21.265  -53.975  6.874 0.4000000060
17599  25.018  -51.965  6.420 0.5000000000
16814  22.415  -53.454  7.820 0.4000000060
18374  26.745  -51.750  7.053 0.5000000000
18364  28.167  -51.224  7.984 0.5000000000
18356  22.451  -51.754  9.430 0.4000000060
19214  29.333  -49.951  8.079 0.6000000238
16130  20.714  -54.883  6.700 0.4000000060
17601  23.032  -52.615  5.463 0.4000000060
16143  21.276  -54.451  6.254 0.4000000060
16833  21.627  -53.782  6.039 0.4000000060
16821  23.057  -53.245  7.277 0.4000000060
106545  26.050  -52.278  7.476 0.5000000000
17581  23.250  -52.967  8.562 0.4000000060
17577  26.896  -52.024  7.817 0.5000000000
18355  23.364  -51.653  9.462 0.4000000060
20045  29.563  -49.313  8.544 0.6000000238
20046  29.009  -49.994  8.912 0.6000000238
121637  28.301  -50.511  8.993 0.6000000238
15482  22.223  -55.014  5.813 0.4000000060
15483  21.888  -54.222  5.653 0.4000000060
16822  22.100  -53.479  6.692 0.4000000060
17589  25.023  -52.645  7.483 0.5000000000
16820  24.056  -52.959  7.455 0.5000000000
16813  23.707  -53.160  8.081 0.5000000000
16812  24.682  -52.871  8.160 0.5000000000
17580  24.228  -52.786  8.644 0.5000000000
17578  26.447  -52.163  8.244 0.5000000000
17579  25.597  -52.547  8.194 0.5000000000
115154  25.080  -52.516  8.689 0.5000000000
17570  23.777  -52.472  9.146 0.4000000060
18365  27.304  -51.684  8.285 0.6000000238
117913  24.145  -51.825  9.410 0.5000000000
20892  29.208  -49.272  9.159 0.6000000238
19198  28.195  -50.013  9.296 0.6000000238
18351  27.192  -51.337  8.926 0.6000000238
18352  26.566  -51.770  8.775 0.5000000000
17569  24.594  -52.304  9.148 0.5000000000
19199  27.353  -50.495  9.315 0.6000000238
19200  26.501  -51.136  9.275 0.6000000238
18353  25.808  -51.657  9.189 0.5000000000
20025  27.602  -49.499  9.547 0.6000000238
20870  28.002  -48.715  9.707 0.6000000238
21681  24.670  -47.346  9.095 0.5000000000
21680  25.454  -47.792  9.420 0.6000000238
20873  24.691  -48.121  9.333 0.5000000000
21679  26.457  -47.979  9.656 0.6000000238
123380  25.219  -48.377  9.455 0.6000000238
117977  24.941  -48.873  9.466 0.5000000000
20028  24.470  -49.601  9.519 0.5000000000
19201  25.624  -50.839  9.477 0.5000000000
18354  24.896  -51.485  9.412 0.5000000000
120395  24.035  -50.231  9.543 0.5000000000
19202  23.272  -50.563  9.550 0.5000000000
22527  25.368  -46.799  9.164 0.5000000000
22543  24.931  -46.089  8.720 0.5000000000
22526  26.299  -46.543  9.504 0.6000000238
20027  25.496  -49.790  9.562 0.6000000238
118775  24.758  -50.485  9.546 0.5000000000
20871  26.990  -48.757  9.684 0.6000000238
20872  25.867  -48.745  9.578 0.6000000238
20059  31.964  -49.163  7.052 0.4000000060
21693  32.220  -47.860  8.065 0.5000000000
20905  31.939  -48.415  7.542 0.4000000060
110747  26.581  -49.603  9.590 0.6000000238
20070  32.234  -49.920  6.512 0.5000000000
20057  33.469  -49.924  7.521 0.5000000000
18385  25.532  -50.262  5.052 0.5000000000
16861  23.152  -52.828  4.896 0.4000000060
16844  22.781  -52.926  5.269 0.4000000060
16816  19.766  -54.074  7.814 0.4000000060
16832  22.396  -53.201  5.738 0.4000000060
15467  21.392  -54.918  6.233 0.4000000060
20026  26.302  -50.376  9.497 0.6000000238
16120  20.069  -54.804  7.308 0.3000000119
17583  20.813  -53.232  8.437 0.3000000119
16824  19.495  -54.485  7.837 0.3000000119
17573  20.544  -52.465  8.974 0.3000000119
17584  19.207  -53.357  8.454 0.3000000119
120218  18.291  -53.424  8.664 0.3000000119
16154  23.341  -54.356  4.780 0.4000000060
16845  22.130  -53.565  5.616 0.4000000060
16846  21.491  -54.007  5.966 0.4000000060
17568  25.834  -52.184  8.719 0.5000000000
17591  22.688  -52.966  6.161 0.4000000060
17608  23.878  -51.638  4.931 0.4000000060
18397  25.072  -50.639  4.674 0.5000000000
19212  43.152  -50.382  8.243 0.3000000119
19213  42.441  -50.019  8.215 0.3000000119
19215  28.652  -50.597  8.381 0.6000000238
19216  27.915  -51.080  8.680 0.6000000238
19234  42.916  -50.457  6.776 0.3000000119
19255  26.117  -49.811  4.489 0.4000000060
20021  43.751  -49.425  9.425 0.3000000119
20022  42.872  -49.493  9.365 0.3000000119
20024  28.513  -49.382  9.422 0.6000000238
20041  41.984  -49.490  8.802 0.3000000119
20066  41.931  -49.123  7.102 0.4000000060
20863  42.372  -48.974  9.781 0.3000000119
20866  34.843  -48.200  9.218 0.8999999762
20884  41.430  -48.826  8.656 0.3000000119
20891  29.609  -48.655  9.036 0.6999999881
20903  36.187  -48.303  7.686 0.6000000238
20928  45.232  -47.202  3.083 0.4000000060
20936  45.667  -47.327  1.702 0.4000000060
20937  45.122  -47.704  1.428 0.4000000060
20940  39.566  -47.840  3.344 0.6000000238
21639  43.327  -47.255  11.172 0.3000000119
21659  41.539  -47.673  10.652 0.3000000119
21660  40.947  -47.286  10.573 0.3000000119
21691  37.007  -46.892  8.527 0.8000000119
21734  45.648  -47.259  1.742 0.4000000060
22477  42.930  -46.013  11.948 0.3000000119
22491  42.150  -46.513  11.660 0.3000000119
22492  41.377  -46.455  11.500 0.3000000119
22505  40.391  -46.547  10.381 0.3000000119
22552  40.844  -46.979  7.988 0.4000000060
22555  30.738  -46.543  7.655 0.6999999881
22571  37.746  -46.740  5.217 0.6999999881
22591  41.756  -45.223  -0.533 0.6000000238
23315  44.843  -45.638  11.857 0.3000000119
23319  40.595  -45.295  11.584 0.4000000060
23383  37.774  -45.655  8.203 0.8000000119
23406  44.204  -44.163  0.665 0.6999999881
23407  43.572  -44.407  0.309 0.6999999881
23411  43.649  -43.748  0.201 0.6000000238
23417  40.347  -46.189  -0.452 0.6000000238
24075  44.179  -44.357  12.411 0.3000000119
24077  42.232  -44.477  12.253 0.4000000060
24105  39.683  -44.233  9.915 0.5000000000
24115  37.146  -44.205  9.377 0.8000000119
24116  36.448  -44.504  9.557 0.8000000119
24172  42.940  -43.860  -0.163 0.6000000238
24173  42.156  -44.583  -0.371 0.6000000238
24865  44.914  -43.361  12.405 0.3000000119
24882  41.250  -43.822  11.963 0.4000000060
24884  39.882  -43.757  11.156 0.4000000060
24913  28.125  -43.765  9.715 0.8999999762
24939  41.007  -41.193  6.941 0.6000000238
24947  41.825  -40.863  4.768 0.6000000238
24966  41.789  -41.065  4.193 0.6999999881
25634  44.499  -42.735  12.139 0.3000000119
25636  42.879  -42.887  11.766 0.4000000060
25664  39.749  -42.081  10.248 0.5000000000
25676  36.393  -42.415  9.595 0.8000000119
25681  28.741  -42.643  9.617 0.8999999762
25682  28.057  -42.651  9.487 0.8999999762
25694  26.522  -42.545  8.277 0.6999999881
25715  41.590  -40.619  4.493 0.6000000238
26455  43.083  -41.731  11.058 0.4000000060
26487  40.147  -39.290  7.395 0.6999999881
26509  25.850  -42.220  6.991 0.6999999881
26527  25.227  -41.578  4.685 0.6999999881
27282  44.252  -41.336  10.662 0.4000000060
27286  40.743  -40.800  11.015 0.5000000000
27300  43.680  -40.832  10.241 0.4000000060
27317  35.838  -40.176  9.285 0.6999999881
27336  35.248  -40.553  7.642 0.6999999881
27341  29.276  -39.828  8.514 0.8999999762
27343  27.428  -40.502  7.648 1.0000000000
27345  46.796  -42.038  6.210 0.3000000119
27355  34.888  -40.871  5.291 1.0000000000
27366  47.694  -42.077  5.153 0.3000000119
27371  25.543  -41.054  4.371 0.6999999881
27372  48.191  -41.889  4.666 0.3000000119
28180  44.556  -40.808  9.495 0.3000000119
28181  43.966  -40.461  9.598 0.4000000060
28184  38.113  -38.888  9.253 0.6999999881
28185  37.059  -39.188  9.517 0.6999999881
28192  30.658  -39.611  8.312 1.0000000000
28219  46.382  -41.906  6.263 0.3000000119
28223  27.556  -40.739  4.472 0.8999999762
28244  48.018  -41.667  3.909 0.3000000119
28247  29.796  -40.314  2.168 0.8999999762
28253  29.745  -40.315  1.987 0.8999999762
28997  42.219  -38.151  10.389 0.4000000060
29014  35.702  -38.771  9.037 0.6999999881
29021  35.429  -38.599  8.436 0.6999999881
29030  44.917  -40.949  8.006 0.3000000119
29052  35.713  -39.971  5.096 0.8999999762
29067  36.102  -39.381  3.995 1.0000000000
29068  35.736  -39.474  4.052 1.0000000000
29082  30.066  -40.322  2.150 0.8999999762
29084  29.065  -39.883  2.269 0.8999999762
29090  30.087  -40.269  1.883 0.8999999762
29097  37.357  -39.587  0.328 1.0000000000
29110  39.924  -39.260  -1.826 0.8999999762
29111  39.293  -39.449  -1.322 0.8999999762
29113  37.519  -39.677  -0.317 1.0000000000
29876  43.376  -37.841  9.563 0.4000000060
29878  40.073  -37.123  9.438 0.5000000000
29890  35.722  -37.376  8.661 0.6999999881
29913  44.684  -37.777  7.111 0.3000000119
29914  35.419  -37.530  6.979 0.8000000119
29917  30.031  -37.517  6.083 1.0000000000
29924  31.281  -36.958  5.640 1.0000000000
29940  30.611  -38.437  3.299 1.0000000000
29967  35.776  -38.322  1.761 1.0000000000
29975  37.949  -38.920  0.910 1.0000000000
29980  32.610  -38.640  0.335 1.0000000000
30009  40.414  -38.810  -2.363 0.6000000238
30014  40.581  -38.478  -2.866 0.6000000238
30773  41.121  -36.025  9.619 0.5000000000
30776  37.068  -36.929  9.167 0.6000000238
30821  33.253  -36.857  3.778 1.0000000000
30824  31.095  -37.247  3.796 1.0000000000
30853  33.526  -37.310  2.005 1.0000000000
30888  35.035  -37.182  -0.383 0.8999999762
30895  41.155  -38.270  -2.399 0.6000000238
30903  41.775  -37.364  -3.520 0.5000000000
30907  42.077  -36.804  -3.583 0.5000000000
31750  39.155  -35.160  8.768 0.6000000238
31782  44.906  -35.642  5.218 0.3000000119
31800  36.987  -35.972  3.458 0.8000000119
31815  38.443  -35.421  2.170 0.6999999881
31859  42.382  -36.165  -3.283 0.5000000000
31860  41.590  -36.735  -3.671 0.4000000060
31862  42.000  -36.047  -3.617 0.4000000060
32669  43.927  -34.966  8.015 0.4000000060
32675  36.748  -34.689  8.243 0.6000000238
32682  35.843  -34.806  7.394 0.8000000119
32689  35.773  -34.535  6.808 0.6999999881
32701  44.588  -34.772  5.648 0.3000000119
32702  36.032  -34.321  5.538 0.8000000119
32712  29.865  -34.318  3.566 0.3000000119
32774  42.584  -34.460  -1.644 0.5000000000
32794  42.580  -35.145  -2.986 0.5000000000
33475  40.050  -33.142  8.475 0.5000000000
33477  38.732  -33.684  8.460 0.6000000238
33484  43.337  -33.418  7.563 0.4000000060
33488  36.798  -33.537  7.480 0.6999999881
33493  44.042  -33.368  6.238 0.3000000119
33495  36.460  -33.382  6.719 0.6999999881
33518  30.317  -34.010  4.076 0.4000000060
33528  34.248  -32.703  3.520 0.3000000119
33587  42.770  -34.387  -2.494 0.5000000000
33589  41.149  -34.058  -3.303 0.4000000060
34246  41.384  -32.600  8.183 0.5000000000
34249  38.715  -32.294  7.922 0.6999999881
34296  37.380  -32.450  4.693 0.6999999881
34329  34.649  -32.850  2.552 0.3000000119
34360  43.502  -32.923  -2.152 0.5000000000
34366  34.284  -31.270  -2.627 0.3000000119
34372  39.719  -32.741  -3.378 0.3000000119
35046  41.269  -31.489  7.385 0.4000000060
35054  42.888  -30.955  6.168 0.3000000119
35057  38.748  -30.885  6.698 0.6999999881
35088  34.174  -31.457  4.375 0.3000000119
35090  31.968  -31.849  4.439 0.3000000119
35104  34.577  -31.942  3.925 0.3000000119
35129  40.046  -31.975  1.867 0.6000000238
35131  35.804  -31.479  1.307 0.3000000119
35144  44.177  -31.869  -2.168 0.4000000060
35156  40.152  -31.471  -2.045 0.3000000119
35158  37.227  -31.186  -2.437 0.3000000119
35161  44.136  -31.540  -2.285 0.4000000060
35165  35.937  -30.592  -2.645 0.3000000119
35910  38.232  -30.843  6.083 0.6999999881
35922  41.674  -30.207  6.145 0.4000000060
35923  39.212  -30.052  5.842 0.6999999881
35924  38.607  -30.381  5.569 0.6999999881
35941  38.527  -30.416  4.792 0.6999999881
35944  33.650  -30.838  4.556 0.3000000119
35978  36.427  -30.525  2.333 0.3000000119
36007  35.870  -30.066  -0.831 0.3000000119
36024  35.542  -29.947  -2.723 0.4000000060
36026  38.334  -30.415  -4.055 0.3000000119
36596  39.886  -29.937  6.099 0.6000000238
36622  36.187  -28.521  4.372 0.4000000060
36626  33.295  -29.048  4.443 0.3000000119
36641  40.198  -29.040  4.154 0.6000000238
36644  35.706  -29.987  4.165 0.3000000119
36660  36.862  -29.387  2.955 0.3000000119
36689  36.980  -29.551  0.939 0.3000000119
36705  43.981  -29.278  -2.680 0.3000000119
36706  44.140  -30.143  -2.380 0.4000000060
36710  39.425  -29.736  -1.724 0.3000000119
36715  43.952  -29.880  -2.675 0.4000000060
36726  37.184  -29.406  -4.002 0.3000000119
37514  41.113  -29.059  4.986 0.6000000238
37527  34.890  -28.776  4.700 0.3000000119
37541  42.347  -28.092  3.523 0.4000000060
37543  40.706  -28.705  3.730 0.6000000238
37544  37.133  -28.213  3.537 0.3000000119
37560  36.911  -28.852  3.416 0.3000000119
37621  43.743  -28.475  -2.969 0.3000000119
38493  34.808  -27.250  4.770 0.3000000119
38500  42.838  -27.672  3.040 0.4000000060
38517  43.152  -27.414  2.338 0.3000000119
38533  42.111  -27.953  2.231 0.4000000060
38534  37.719  -27.535  1.815 0.3000000119
38575  43.046  -27.797  -2.829 0.3000000119
38576  42.340  -27.673  -1.736 0.3000000119
39416  37.178  -26.646  4.179 0.4000000060
39418  36.005  -26.191  4.779 0.3000000119
39424  37.562  -26.782  3.487 0.4000000060
39438  37.829  -26.723  2.794 0.3000000119
40346  34.870  -25.712  4.768 0.3000000119
40347  34.046  -25.742  4.368 0.3000000119
40353  33.292  -25.784  3.620 0.3000000119
40366  38.223  -25.448  2.953 0.3000000119
41440  37.215  -25.034  4.405 0.3000000119
41441  36.568  -24.649  4.642 0.3000000119
41442  35.860  -24.212  4.755 0.3000000119
43390  37.464  -22.724  4.357 0.3000000119
105503  45.652  -47.690  1.572 0.3000000119
106953  40.092  -41.676  8.978 0.6000000238
107318  42.031  -29.124  -1.666 0.4000000060
107341  27.911  -47.176  9.993 0.6999999881
109298  32.130  -37.578  0.128 1.0000000000
110021  38.897  -31.406  -3.646 0.4000000060
110109  42.215  -47.869  10.730 0.3000000119
110463  34.444  -35.919  -0.590 0.6999999881
110562  34.948  -24.160  4.609 0.3000000119
111781  40.170  -34.360  8.855 0.5000000000
112793  44.543  -36.607  7.299 0.4000000060
112975  39.656  -32.475  2.135 0.6000000238
113055  34.550  -42.419  7.887 1.0000000000
113164  36.249  -39.240  0.364 1.0000000000
113788  41.064  -45.065  12.000 0.4000000060
113824  33.355  -31.452  -2.599 0.3000000119
113956  38.202  -31.229  -3.221 0.3000000119
114334  36.613  -23.938  4.630 0.3000000119
114502  38.434  -30.995  -3.613 0.3000000119
114666  36.004  -26.870  4.716 0.3000000119
114938  33.221  -33.956  1.814 0.4000000060
115542  26.355  -40.257  3.909 0.6999999881
115579  27.487  -51.563  7.575 0.5000000000
115886  39.105  -34.401  -1.902 0.4000000060
116008  27.586  -45.783  9.948 0.6999999881
116175  43.856  -27.631  -3.027 0.3000000119
116194  43.333  -43.455  12.149 0.4000000060
116877  41.798  -49.936  4.297 0.5000000000
116991  39.853  -41.296  10.187 0.6000000238
117023  32.284  -31.675  -2.085 0.5000000000
118098  40.714  -30.396  6.566 0.4000000060
118901  24.076  -51.024  9.558 0.5000000000
119296  26.066  -47.265  9.499 0.6000000238
119612  34.619  -33.865  -1.331 0.5000000000
120256  39.728  -38.212  9.425 0.6999999881
120665  41.466  -37.468  -1.831 0.6000000238
121958  25.680  -41.713  4.695 0.6999999881
122729  25.273  -52.117  9.097 0.5000000000
122969  40.657  -39.628  10.642 0.5000000000
122983  36.442  -38.410  -0.378 1.0000000000
122990  42.251  -40.317  10.840 0.4000000060
123135  43.015  -29.090  -2.771 0.4000000060
123236  41.953  -35.078  9.424 0.4000000060
123374  31.683  -27.901  3.080 0.3000000119
123960  34.963  -46.232  9.553 0.8999999762
124670  22.857  -51.170  9.555 0.4000000060
124858  40.831  -43.971  3.007 0.8000000119
124892  40.370  -45.734  -0.416 0.6000000238
125150  42.434  -44.188  -0.231 0.6000000238
125239  39.815  -30.412  2.440 0.6000000238
125464  21.381  -55.879  7.141 0.4000000060
125934  30.466  -39.013  8.081 1.0000000000
126157  43.319  -27.774  3.217 0.4000000060
126317  34.634  -37.658  3.240 1.0000000000
