#!ascii label  , from subject sub-v1s5x0050730_ses-1 vox2ras=TkReg
650
10828  22.224  -62.251  5.452 0.6000000238
12009  20.554  -60.305  11.685 0.6999999881
10771  21.693  -62.218  11.288 0.6999999881
9588  21.883  -64.841  9.476 0.8999999762
9608  22.447  -64.665  8.326 0.8000000119
10193  22.809  -63.915  7.903 0.8000000119
120033  22.937  -61.679  6.000 0.6000000238
11432  22.751  -60.974  5.250 0.6999999881
12746  23.312  -59.906  4.857 0.6999999881
11996  20.909  -59.519  12.189 0.6999999881
106207  19.670  -59.333  12.347 0.6999999881
11360  21.151  -61.283  11.511 0.6999999881
10770  22.716  -62.333  11.422 0.6000000238
124184  22.310  -62.680  11.208 0.6999999881
10781  21.856  -62.993  10.924 0.6999999881
10163  23.113  -63.661  10.348 0.8000000119
10791  23.767  -63.327  9.778 0.8000000119
9586  22.974  -64.223  8.790 0.8000000119
10205  23.171  -63.043  7.621 0.8000000119
10827  22.965  -62.402  6.728 0.6000000238
11421  23.527  -61.080  6.328 0.6000000238
12067  23.407  -60.362  5.560 0.6999999881
109805  23.623  -59.872  4.603 0.6999999881
120444  20.418  -58.858  12.643 0.5000000000
105986  19.957  -59.071  12.827 0.6000000238
11995  22.029  -59.853  12.368 0.4000000060
12008  21.610  -60.583  11.983 0.6000000238
12007  22.729  -60.862  12.150 0.5000000000
10769  23.527  -62.411  11.170 0.6000000238
10780  22.851  -63.064  11.015 0.8000000119
10778  24.337  -62.448  9.957 0.6999999881
10790  24.355  -62.033  9.038 0.6999999881
10802  23.991  -62.033  8.097 0.6999999881
12055  24.064  -60.413  6.644 0.5000000000
12737  23.926  -59.656  5.721 0.6000000238
12745  23.920  -59.141  5.003 0.6000000238
12754  24.363  -59.244  4.630 0.5000000000
13323  21.035  -58.001  13.423 0.5000000000
12647  20.090  -59.327  13.544 0.6000000238
12632  19.625  -60.006  14.217 0.6000000238
13324  20.513  -58.497  13.066 0.5000000000
11358  23.370  -61.661  11.678 0.5000000000
11357  24.130  -61.808  11.198 0.6000000238
12032  24.723  -60.888  10.096 0.6000000238
11394  24.360  -61.276  8.509 0.6000000238
12044  24.303  -60.429  7.861 0.5000000000
12724  24.279  -59.659  7.081 0.6000000238
12736  24.185  -58.924  6.286 0.6000000238
13431  24.170  -58.150  5.514 0.5000000000
14142  24.404  -56.983  4.872 0.5000000000
14850  24.739  -56.455  4.808 0.5000000000
13449  24.735  -58.430  4.622 0.5000000000
12631  20.330  -59.721  14.462 0.5000000000
11962  19.883  -60.117  15.166 0.5000000000
12665  21.272  -58.765  12.580 0.5000000000
12664  22.442  -59.127  12.620 0.4000000060
13339  24.160  -58.868  12.599 0.3000000119
121157  23.975  -60.233  12.193 0.4000000060
12675  24.900  -59.802  11.407 0.3000000119
13358  24.973  -58.929  11.928 0.3000000119
117177  24.459  -61.212  11.165 0.5000000000
12024  24.820  -60.615  10.881 0.5000000000
104960  24.850  -60.110  10.130 0.5000000000
107803  24.507  -60.469  9.105 0.5000000000
12715  24.295  -59.629  8.293 0.5000000000
13418  24.128  -58.896  7.587 0.6000000238
108496  24.060  -58.383  6.719 0.6000000238
14131  24.018  -57.321  5.357 0.5000000000
12630  21.042  -59.279  14.649 0.5000000000
13311  21.093  -58.099  14.045 0.5000000000
13322  21.416  -57.705  13.391 0.5000000000
13321  22.174  -57.617  13.267 0.4000000060
13340  22.965  -58.527  12.899 0.5000000000
14050  23.661  -57.855  13.103 0.4000000060
112991  24.653  -58.299  12.492 0.3000000119
12674  25.227  -59.091  11.137 0.3000000119
13384  24.983  -59.166  10.188 0.4000000060
12703  24.498  -59.550  9.304 0.5000000000
13401  24.135  -58.929  8.648 0.4000000060
13432  23.817  -57.681  6.557 0.5000000000
14824  23.136  -56.301  6.248 0.5000000000
14143  23.724  -56.403  5.279 0.5000000000
15494  24.399  -55.450  4.713 0.5000000000
14851  24.121  -56.053  4.783 0.4000000060
12619  21.430  -59.529  15.533 0.5000000000
13302  21.658  -58.778  14.908 0.5000000000
14036  21.412  -57.462  13.817 0.5000000000
14035  21.778  -57.150  13.712 0.4000000060
14049  24.829  -57.482  12.644 0.3000000119
13357  25.289  -58.294  11.502 0.3000000119
13369  25.213  -58.337  10.656 0.4000000060
114074  24.674  -58.290  9.805 0.4000000060
14085  23.512  -57.558  8.916 0.4000000060
122340  24.431  -58.861  9.362 0.4000000060
13385  23.936  -58.255  8.957 0.4000000060
14099  23.372  -57.769  8.266 0.5000000000
14118  22.621  -57.106  7.939 0.5000000000
13419  23.739  -58.165  7.562 0.6000000238
14840  22.991  -55.610  5.688 0.4000000060
13301  22.277  -58.260  15.249 0.4000000060
14742  22.047  -56.704  13.915 0.4000000060
13310  21.628  -57.570  14.347 0.4000000060
14033  23.812  -56.921  13.412 0.4000000060
14740  24.789  -56.572  13.052 0.4000000060
14048  25.342  -57.547  11.879 0.4000000060
14766  25.197  -56.787  10.728 0.4000000060
14071  24.933  -57.549  10.252 0.4000000060
14084  24.212  -57.554  9.505 0.4000000060
14133  22.901  -56.789  7.111 0.5000000000
15466  22.132  -55.787  6.612 0.4000000060
15482  22.223  -55.014  5.813 0.4000000060
13292  22.790  -58.781  16.184 0.4000000060
14735  22.293  -56.493  14.296 0.4000000060
13300  23.025  -57.891  15.719 0.4000000060
14741  22.755  -56.313  13.947 0.4000000060
14749  25.316  -56.754  12.259 0.4000000060
14767  24.517  -56.789  9.999 0.4000000060
14086  22.892  -57.090  8.561 0.5000000000
14791  22.049  -56.616  8.157 0.4000000060
14803  21.844  -56.368  7.534 0.6000000238
14017  23.707  -57.523  16.297 0.4000000060
14019  23.008  -56.842  15.477 0.4000000060
14734  22.790  -55.915  14.575 0.4000000060
114568  23.939  -56.264  13.673 0.4000000060
14739  25.258  -55.938  12.699 0.4000000060
106467  25.486  -56.058  11.954 0.4000000060
16098  24.597  -54.927  10.800 0.5000000000
15420  24.834  -55.907  10.549 0.4000000060
14768  24.094  -56.144  9.870 0.3000000119
15435  23.250  -55.931  9.578 0.3000000119
14780  23.541  -56.820  9.328 0.4000000060
14782  21.536  -56.109  8.440 0.4000000060
14792  21.285  -56.157  7.827 0.4000000060
14804  20.962  -55.794  7.410 0.5000000000
13291  23.451  -58.342  16.666 0.4000000060
15407  23.440  -55.720  14.215 0.4000000060
15405  25.115  -55.129  13.290 0.4000000060
15410  25.395  -55.240  12.428 0.3000000119
15413  25.314  -55.308  11.496 0.3000000119
15421  23.947  -55.439  10.169 0.3000000119
109305  22.884  -55.203  9.936 0.3000000119
15436  22.185  -55.736  9.309 0.3000000119
15438  19.846  -55.232  8.270 0.4000000060
15444  19.738  -55.082  7.686 0.4000000060
14725  23.678  -56.579  15.933 0.3000000119
107449  22.925  -55.583  15.022 0.3000000119
15401  23.256  -55.295  14.817 0.3000000119
16089  25.367  -54.511  12.147 0.3000000119
16090  25.002  -54.370  11.464 0.3000000119
16793  23.121  -53.905  10.821 0.4000000060
110322  23.569  -54.659  10.481 0.3000000119
16099  22.402  -54.501  10.309 0.3000000119
15422  21.711  -55.084  9.707 0.3000000119
15437  20.979  -55.607  8.859 0.4000000060
16121  19.436  -54.673  7.896 0.4000000060
16091  24.204  -54.107  11.036 0.4000000060
16785  21.567  -53.098  11.097 0.4000000060
16794  21.963  -53.788  10.684 0.4000000060
16100  21.235  -54.449  10.136 0.3000000119
15423  20.470  -55.035  9.335 0.4000000060
16102  19.049  -54.149  9.312 0.4000000060
16117  18.836  -54.217  8.521 0.4000000060
16114  19.397  -54.726  8.763 0.4000000060
16116  19.253  -54.712  8.117 0.4000000060
16795  20.871  -53.750  10.526 0.4000000060
16796  19.784  -53.700  10.205 0.5000000000
16797  18.806  -53.558  9.766 0.4000000060
16809  18.351  -53.730  8.987 0.4000000060
111407  18.897  -54.037  8.230 0.3000000119
16810  17.877  -53.142  8.821 0.3000000119
10206  22.411  -63.300  6.617 0.6999999881
9579  22.494  -64.275  9.945 0.8000000119
11406  23.530  -61.808  7.027 0.6000000238
10192  23.472  -63.517  8.741 0.6999999881
115467  23.483  -62.396  7.546 0.6999999881
120604  24.327  -58.502  4.857 0.6000000238
11994  23.144  -60.144  12.394 0.4000000060
12006  23.705  -60.866  11.997 0.4000000060
10768  24.119  -62.290  10.741 0.6999999881
11382  24.558  -61.483  9.570 0.6999999881
11405  24.062  -61.204  7.402 0.6999999881
13341  21.694  -58.158  12.912 0.5000000000
12692  25.088  -59.790  10.817 0.4000000060
13402  23.808  -58.419  8.262 0.6000000238
126347  23.436  -57.286  6.904 0.5000000000
14117  23.310  -57.532  7.495 0.6000000238
123287  25.374  -56.171  11.235 0.3000000119
14781  22.535  -56.449  8.932 0.4000000060
14014  24.057  -57.895  17.175 0.4000000060
16101  20.110  -54.339  9.769 0.3000000119
16817  18.456  -53.603  8.642 0.3000000119
8463  17.496  -66.819  5.237 0.6000000238
8481  17.097  -67.362  5.198 0.6000000238
7255  20.492  -68.464  5.628 0.6000000238
7847  21.259  -68.052  5.404 0.6000000238
9039  15.647  -65.823  5.778 0.5000000000
9055  15.897  -65.839  5.476 0.6000000238
106033  18.425  -65.538  6.688 0.6999999881
9038  18.102  -66.109  6.065 0.6999999881
8447  15.873  -66.755  5.544 0.6000000238
8480  18.278  -67.421  4.898 0.6000000238
7863  17.944  -67.748  5.006 0.6000000238
7870  19.713  -67.272  4.152 0.6000000238
119500  20.193  -67.559  4.163 0.6000000238
7860  20.360  -68.082  4.715 0.6000000238
7859  21.735  -67.290  4.778 0.6000000238
9052  23.330  -65.586  6.006 0.6999999881
9632  16.490  -63.865  5.865 0.6000000238
9611  18.654  -64.130  7.554 0.6999999881
9056  15.798  -64.911  5.678 0.5000000000
9631  17.714  -64.692  6.467 0.6999999881
9651  16.255  -64.922  5.599 0.6999999881
9037  19.252  -65.960  7.082 0.6999999881
8445  18.665  -66.337  6.079 0.6999999881
8479  19.290  -67.021  4.320 0.5000000000
8489  21.339  -66.781  3.911 0.6000000238
9068  22.914  -65.333  4.669 0.6000000238
8476  22.703  -66.119  5.100 0.6999999881
9648  23.421  -64.853  5.291 0.6999999881
9628  24.569  -64.671  7.293 0.6999999881
10217  25.069  -63.204  6.703 0.6999999881
11417  31.218  -61.095  5.931 0.4000000060
123519  29.968  -60.734  8.679 0.5000000000
11392  28.301  -61.779  9.020 0.6000000238
10800  27.714  -62.332  8.829 0.6000000238
10811  26.195  -62.355  7.555 0.6999999881
108963  16.670  -60.993  6.552 0.5000000000
11407  17.657  -61.675  7.152 0.5000000000
10804  18.317  -62.166  7.683 0.6000000238
10813  16.309  -62.832  6.093 0.5000000000
10194  19.168  -63.430  8.358 0.6999999881
10195  18.208  -63.036  7.315 0.5000000000
10207  17.015  -63.111  6.174 0.6000000238
9610  19.731  -64.586  8.513 0.6999999881
9630  19.097  -65.163  7.515 0.6999999881
9036  20.197  -65.946  7.531 0.6999999881
8461  19.547  -66.424  5.080 0.6999999881
8490  20.451  -66.818  3.865 0.6000000238
9069  22.338  -65.801  4.061 0.6000000238
9664  23.113  -64.547  4.234 0.6999999881
10218  24.411  -63.787  6.236 0.6999999881
11393  27.386  -61.622  8.515 0.6000000238
11404  26.599  -61.468  7.524 0.6000000238
12027  17.914  -59.678  9.703 0.5000000000
12704  17.163  -59.559  8.193 0.4000000060
12045  18.099  -60.651  8.422 0.5000000000
12034  17.752  -59.983  8.764 0.5000000000
11397  17.632  -61.027  7.387 0.5000000000
11383  19.152  -61.757  9.160 0.6000000238
11395  18.852  -62.103  8.502 0.6000000238
10176  20.749  -63.981  9.760 0.6999999881
10803  18.810  -62.645  8.237 0.6000000238
10177  19.952  -63.694  9.186 0.6999999881
9020  20.014  -65.563  8.123 0.6999999881
8444  19.441  -66.231  6.423 0.6999999881
9071  20.468  -65.541  4.127 0.6999999881
9083  20.700  -65.898  3.792 0.6999999881
9082  21.291  -65.548  3.668 0.6999999881
9080  22.408  -65.010  3.773 0.6999999881
10229  23.393  -63.699  3.988 0.8000000119
10826  24.718  -62.820  5.700 0.6999999881
12042  28.937  -60.378  8.984 0.5000000000
11403  27.197  -60.809  8.074 0.6000000238
10824  26.037  -61.735  6.675 0.6000000238
12694  17.340  -59.147  9.741 0.4000000060
11376  18.846  -60.611  10.037 0.6000000238
12033  18.331  -60.302  9.460 0.6000000238
11375  19.423  -61.284  10.122 0.6000000238
10783  19.842  -62.192  9.917 0.6000000238
10782  20.304  -63.082  9.846 0.6000000238
9589  21.116  -64.749  9.461 0.6999999881
9609  20.597  -65.135  8.833 0.6999999881
107075  20.857  -65.851  7.677 0.6999999881
9035  21.293  -65.505  7.121 0.8000000119
9070  20.569  -65.447  5.565 0.8000000119
9665  20.886  -64.671  4.321 0.6000000238
9671  22.485  -64.041  3.597 0.6000000238
10836  24.417  -62.458  4.558 0.8000000119
10228  24.078  -63.290  4.886 0.6999999881
12712  29.394  -59.534  8.755 0.5000000000
12043  27.959  -60.277  8.617 0.6000000238
11419  26.220  -61.060  6.252 0.6999999881
13399  29.044  -58.701  8.656 0.6000000238
12679  17.592  -59.204  11.337 0.5000000000
12668  17.228  -59.288  12.311 0.4000000060
12651  16.612  -59.086  13.133 0.4000000060
12026  18.503  -59.949  10.444 0.5000000000
12693  17.840  -59.363  10.516 0.5000000000
12025  19.240  -60.473  10.747 0.6000000238
106743  20.177  -61.790  10.585 0.6000000238
11374  20.798  -62.541  10.631 0.6000000238
10175  21.638  -64.243  10.000 0.6999999881
9000  21.316  -65.322  8.951 0.8000000119
9017  21.925  -65.177  7.972 0.8000000119
9650  21.256  -64.660  5.817 0.6000000238
10846  21.546  -63.306  3.949 0.6000000238
10237  22.961  -63.170  3.526 0.6999999881
10843  24.017  -62.114  3.835 0.6999999881
11429  25.879  -60.836  5.311 0.6999999881
12714  27.749  -59.367  8.256 0.6000000238
12723  26.701  -59.678  6.580 0.6000000238
13417  26.922  -58.804  7.032 0.6000000238
13400  28.257  -58.689  8.402 0.6000000238
12722  27.181  -59.304  7.515 0.6000000238
12666  18.913  -59.449  12.175 0.5000000000
12667  18.145  -59.453  11.972 0.5000000000
12650  17.389  -59.645  13.323 0.5000000000
12634  16.749  -59.148  14.110 0.5000000000
12677  19.304  -59.548  11.800 0.5000000000
107513  18.745  -59.519  11.681 0.5000000000
11361  20.101  -61.053  11.077 0.6000000238
9629  22.050  -64.524  7.164 0.6999999881
10219  21.789  -63.117  5.410 0.6000000238
10837  21.663  -62.768  4.549 0.6000000238
11448  22.751  -61.757  3.683 0.6000000238
11441  24.037  -61.359  3.820 0.6000000238
12075  25.550  -60.708  4.683 0.6000000238
12066  26.307  -60.286  5.708 0.6999999881
14096  29.481  -57.981  8.388 0.5000000000
14115  27.363  -57.927  7.490 0.4000000060
116432  19.224  -59.471  12.750 0.5000000000
11973  18.053  -60.047  13.794 0.5000000000
12633  17.554  -59.664  14.379 0.5000000000
122101  17.480  -57.985  16.062 0.5000000000
13294  17.340  -57.967  16.239 0.5000000000
116704  16.675  -58.950  16.955 0.5000000000
124846  22.464  -61.528  5.305 0.6000000238
12084  23.679  -60.508  4.060 0.6000000238
117371  24.438  -60.033  4.289 0.4000000060
12752  25.755  -59.696  4.675 0.5000000000
113136  26.141  -59.342  5.098 0.4000000060
14116  26.734  -58.259  6.664 0.4000000060
13430  26.472  -58.941  5.972 0.5000000000
12648  19.527  -59.554  13.322 0.6000000238
11971  19.158  -60.178  14.808 0.5000000000
121955  18.755  -59.836  15.386 0.5000000000
13293  17.969  -58.240  16.537 0.5000000000
12601  17.449  -58.690  17.125 0.5000000000
11943  16.905  -59.913  17.206 0.5000000000
11298  16.452  -61.089  17.069 0.4000000060
11289  16.008  -62.039  17.150 0.5000000000
10093  15.455  -63.467  18.017 0.4000000060
10082  15.110  -63.763  18.560 0.4000000060
10083  14.393  -64.115  18.663 0.4000000060
12753  25.181  -59.093  4.503 0.4000000060
13438  26.016  -58.481  5.178 0.4000000060
106206  26.400  -58.129  6.030 0.4000000060
11963  19.419  -59.777  15.810 0.5000000000
12620  19.313  -58.764  16.921 0.4000000060
12607  18.602  -58.391  16.941 0.4000000060
12600  18.406  -58.722  17.334 0.5000000000
10676  17.933  -61.553  18.308 0.4000000060
10692  17.031  -62.165  17.812 0.5000000000
10677  17.423  -62.047  18.255 0.4000000060
10662  16.552  -62.746  19.095 0.5000000000
10678  16.716  -62.660  18.275 0.5000000000
10072  15.882  -62.958  19.477 0.3000000119
114848  15.458  -63.516  19.157 0.3000000119
113549  14.346  -63.509  20.497 0.3000000119
14151  24.922  -57.610  4.653 0.4000000060
119711  20.137  -59.742  16.233 0.5000000000
116522  19.210  -58.861  17.395 0.5000000000
12599  18.978  -59.219  17.832 0.4000000060
11949  20.990  -59.763  16.290 0.4000000060
12605  20.539  -59.376  17.141 0.4000000060
12598  19.993  -59.193  17.802 0.4000000060
11935  20.065  -60.173  19.140 0.4000000060
12604  21.446  -59.489  17.142 0.4000000060
12597  20.797  -59.315  17.935 0.4000000060
107912  20.398  -59.521  18.491 0.4000000060
12596  21.539  -59.313  17.995 0.4000000060
12592  20.707  -59.805  19.362 0.4000000060
11917  20.288  -60.321  19.970 0.4000000060
11918  19.145  -60.573  20.628 0.4000000060
12591  21.216  -59.411  18.731 0.4000000060
12603  22.276  -59.350  16.698 0.3000000119
12588  20.825  -59.928  20.082 0.4000000060
12573  20.403  -59.996  20.661 0.4000000060
12575  18.764  -60.064  21.142 0.4000000060
13289  22.978  -58.987  17.147 0.4000000060
12576  17.865  -59.859  20.948 0.4000000060
13252  18.004  -58.444  21.067 0.4000000060
13286  22.910  -58.831  18.186 0.3000000119
13278  22.460  -58.825  19.238 0.4000000060
12571  21.874  -59.139  19.915 0.4000000060
120237  20.761  -59.508  21.035 0.4000000060
12562  20.114  -59.585  21.251 0.4000000060
13251  18.951  -58.576  21.373 0.4000000060
117248  20.384  -58.357  21.444 0.3000000119
12010  19.675  -60.086  11.434 0.5000000000
12755  23.134  -60.201  4.529 0.6000000238
13448  25.360  -58.449  4.671 0.4000000060
7256  19.679  -68.413  5.239 0.6000000238
9051  23.868  -64.708  6.265 0.6999999881
9663  23.719  -64.135  5.178 0.6999999881
12052  30.827  -60.571  7.599 0.5000000000
12711  30.153  -59.661  8.495 0.5000000000
12041  29.555  -60.920  8.880 0.5000000000
114235  29.754  -60.285  8.747 0.4000000060
116413  27.844  -61.094  8.720 0.6000000238
12046  17.286  -60.285  7.487 0.5000000000
111978  20.018  -65.956  5.002 0.6999999881
10792  19.460  -62.653  9.024 0.6000000238
9673  20.985  -65.023  3.803 0.6999999881
10236  23.730  -62.868  3.908 0.8000000119
11420  25.687  -61.532  5.785 0.6999999881
12680  16.804  -58.815  11.504 0.4000000060
10220  21.360  -63.677  4.642 0.6000000238
112480  21.795  -63.862  3.659 0.6000000238
11430  25.367  -61.329  4.894 0.6999999881
10835  25.047  -62.012  5.292 0.6999999881
13398  29.841  -58.798  8.520 0.5000000000
13415  30.763  -58.241  7.694 0.5000000000
12053  27.195  -59.987  7.690 0.6000000238
10242  22.456  -62.485  3.644 0.6999999881
10844  23.270  -62.387  3.582 0.6999999881
12744  26.170  -59.900  5.090 0.6000000238
14098  27.987  -58.112  8.107 0.6000000238
12649  18.314  -59.722  12.849 0.5000000000
13303  17.146  -58.566  15.189 0.4000000060
11443  22.472  -61.183  4.052 0.6000000238
12083  25.346  -60.215  4.443 0.6000000238
10094  14.679  -63.572  17.895 0.3000000119
13447  25.751  -59.057  4.748 0.5000000000
14140  26.073  -57.460  5.710 0.4000000060
11287  17.614  -61.344  17.800 0.5000000000
10081  16.093  -63.160  18.660 0.4000000060
10073  14.780  -63.980  19.340 0.4000000060
12590  22.048  -59.212  18.489 0.4000000060
12586  21.790  -59.249  19.196 0.4000000060
106797  32.176  -70.364  4.905 0.3000000119
6167  32.723  -70.705  4.111 0.3000000119
9067  28.744  -65.950  5.673 0.4000000060
9078  30.401  -65.739  4.597 0.4000000060
8485  29.903  -66.317  4.289 0.4000000060
8494  30.501  -66.806  3.919 0.4000000060
9049  29.838  -64.827  6.959 0.4000000060
9030  28.407  -65.664  7.314 0.4000000060
9031  27.475  -65.871  7.843 0.5000000000
107408  26.959  -66.619  7.603 0.5000000000
8433  26.093  -66.387  7.920 0.5000000000
9660  31.146  -64.231  4.904 0.4000000060
118241  30.665  -64.752  5.259 0.5000000000
9050  29.200  -65.471  6.461 0.5000000000
7826  25.530  -67.088  7.783 0.5000000000
9670  31.009  -65.090  4.621 0.5000000000
9661  30.231  -65.376  5.103 0.5000000000
9669  31.535  -64.362  4.158 0.5000000000
9077  31.092  -65.945  4.132 0.4000000060
7872  31.093  -67.488  3.492 0.4000000060
7268  31.539  -68.330  2.859 0.3000000119
122151  31.078  -70.427  1.920 0.4000000060
10834  31.005  -63.102  5.913 0.4000000060
10202  30.394  -63.351  7.644 0.4000000060
10188  29.857  -63.834  8.112 0.4000000060
10833  31.266  -62.526  5.100 0.4000000060
9647  30.350  -64.378  6.550 0.4000000060
10216  30.628  -63.672  6.702 0.4000000060
9626  28.873  -64.897  8.068 0.4000000060
9603  29.188  -64.162  8.370 0.5000000000
9014  27.149  -65.216  8.399 0.5000000000
10226  31.201  -63.385  5.072 0.4000000060
10227  30.779  -64.093  5.750 0.4000000060
9662  30.127  -64.982  5.939 0.4000000060
9605  27.651  -64.506  8.584 0.5000000000
111446  26.688  -65.012  8.476 0.5000000000
8441  25.221  -66.274  7.865 0.5000000000
9016  25.701  -65.512  8.130 0.6000000238
9033  24.885  -65.491  7.788 0.6000000238
105433  23.864  -67.223  7.412 0.6000000238
10204  25.116  -63.956  7.449 0.6000000238
8443  23.587  -66.375  6.908 0.5000000000
8493  31.614  -66.653  3.615 0.4000000060
8460  22.433  -66.895  5.474 0.5000000000
106744  31.716  -69.516  2.147 0.4000000060
10187  29.943  -62.946  8.430 0.4000000060
122306  29.584  -62.328  8.813 0.5000000000
114512  28.769  -63.587  8.751 0.5000000000
10799  28.408  -62.815  8.980 0.5000000000
9607  26.194  -64.793  8.392 0.5000000000
125024  27.494  -63.050  8.772 0.5000000000
9627  25.371  -64.773  8.010 0.6000000238
10190  26.592  -63.106  8.384 0.6000000238
10191  25.741  -64.163  8.155 0.6000000238
6156  31.354  -70.318  5.163 0.3000000119
5661  33.865  -71.650  3.587 0.3000000119
123251  33.974  -71.187  0.813 0.3000000119
11428  31.371  -61.647  5.061 0.4000000060
10822  31.074  -62.068  6.096 0.4000000060
112761  30.846  -62.029  7.199 0.4000000060
10810  30.532  -62.450  7.880 0.4000000060
11402  30.615  -61.451  7.977 0.4000000060
10789  29.034  -62.136  9.098 0.5000000000
11390  30.087  -61.214  8.602 0.4000000060
9034  24.061  -65.495  7.129 0.6000000238
7845  22.979  -67.241  6.624 0.5000000000
11418  31.027  -61.308  6.930 0.4000000060
9029  29.219  -65.109  7.389 0.4000000060
124463  24.936  -66.841  7.713 0.5000000000
6694  33.330  -70.187  1.332 0.3000000119
10823  30.807  -62.803  6.934 0.4000000060
116384  29.399  -63.505  8.542 0.5000000000
114182  28.009  -63.720  8.807 0.5000000000
10189  27.189  -63.847  8.687 0.6000000238
6700  33.473  -71.274  0.924 0.3000000119
7827  24.677  -67.226  7.767 0.5000000000
7849  16.260  -67.187  5.428 0.6000000238
7861  19.572  -67.902  4.475 0.6000000238
7862  18.917  -67.614  4.558 0.6000000238
7869  20.904  -67.526  4.245 0.6000000238
8442  24.443  -66.394  7.546 0.6000000238
8459  22.964  -66.433  6.095 0.5000000000
8462  18.730  -66.799  5.071 0.6999999881
8464  16.339  -66.673  5.365 0.6000000238
8477  22.102  -66.551  4.377 0.6000000238
8478  20.039  -66.400  4.100 0.6999999881
8488  21.697  -66.085  3.732 0.6000000238
8999  21.987  -65.192  8.786 0.8000000119
9013  28.039  -65.131  8.261 0.5000000000
9015  26.446  -65.436  8.284 0.5000000000
9018  21.419  -65.550  8.223 0.8000000119
9019  20.766  -65.636  8.323 0.6999999881
9032  26.793  -65.879  8.085 0.5000000000
9053  20.281  -66.069  6.544 0.6999999881
9054  16.612  -65.977  5.464 0.6000000238
9066  29.406  -65.656  5.393 0.4000000060
9081  21.876  -65.449  3.625 0.6999999881
9587  22.545  -64.611  9.213 0.8999999762
9590  20.432  -64.447  9.214 0.6999999881
9604  28.439  -64.354  8.522 0.5000000000
9606  26.896  -64.583  8.567 0.5000000000
9625  30.181  -64.160  7.358 0.4000000060
9649  21.744  -63.867  5.950 0.6000000238
9652  15.915  -64.282  5.638 0.6000000238
9672  21.668  -64.708  3.652 0.6000000238
10057  15.359  -63.119  19.850 0.3000000119
10058  14.901  -63.582  19.866 0.3000000119
10092  16.049  -63.178  18.017 0.4000000060
10164  22.238  -63.679  10.509 0.8000000119
10165  21.229  -63.462  10.361 0.6999999881
10174  23.158  -64.033  9.552 0.8000000119
10203  25.729  -63.261  7.694 0.6000000238
10238  22.150  -63.248  3.607 0.6999999881
10239  21.331  -64.134  3.896 0.6000000238
10646  16.139  -62.409  19.789 0.3000000119
10661  17.248  -62.347  18.909 0.4000000060
10693  16.406  -62.552  17.682 0.5000000000
10694  15.487  -62.916  17.523 0.4000000060
10779  23.699  -62.946  10.588 0.8000000119
10797  30.141  -62.015  8.515 0.4000000060
10798  29.198  -62.904  8.882 0.5000000000
10801  26.930  -62.300  8.385 0.6000000238
10812  17.391  -62.375  6.639 0.5000000000
10825  25.480  -62.376  6.463 0.6000000238
10845  21.815  -62.562  3.954 0.6000000238
10851  23.481  -61.770  3.654 0.6999999881
11286  18.285  -61.055  18.166 0.4000000060
11288  16.811  -61.801  17.455 0.5000000000
11359  22.234  -61.546  11.742 0.6000000238
11373  24.503  -61.577  10.564 0.6000000238
11381  28.996  -61.311  9.114 0.5000000000
11384  18.729  -61.009  9.254 0.6000000238
11391  29.579  -61.650  8.886 0.4000000060
11396  18.425  -61.450  8.231 0.5000000000
11431  24.696  -61.704  4.328 0.6999999881
11433  22.272  -61.453  4.647 0.6000000238
11440  24.827  -60.849  4.159 0.6000000238
11442  23.170  -61.157  3.773 0.6000000238
11942  17.698  -59.852  17.526 0.5000000000
11961  20.668  -59.880  15.392 0.5000000000
11972  18.388  -60.043  14.580 0.5000000000
11987  18.852  -60.075  13.790 0.6000000238
11993  24.437  -60.576  11.599 0.5000000000
12011  18.947  -59.822  11.241 0.5000000000
12040  30.329  -60.532  8.379 0.5000000000
12054  26.654  -60.542  6.947 0.6999999881
12074  25.917  -60.279  4.903 0.6000000238
12076  22.866  -60.391  4.784 0.6999999881
12085  22.831  -60.599  4.251 0.6000000238
12561  21.273  -59.041  21.086 0.4000000060
12563  19.287  -59.483  21.345 0.4000000060
12564  18.400  -59.297  21.187 0.4000000060
12572  21.197  -59.470  20.489 0.4000000060
12574  19.608  -60.117  21.041 0.4000000060
12587  21.302  -59.526  19.647 0.4000000060
12595  22.241  -59.286  17.611 0.4000000060
12606  19.780  -59.090  17.265 0.5000000000
12608  17.872  -58.258  16.678 0.5000000000
12618  22.132  -59.191  15.768 0.4000000060
12621  18.723  -58.749  16.530 0.4000000060
12622  17.986  -59.094  15.586 0.5000000000
12662  24.470  -59.707  12.057 0.4000000060
12663  23.598  -59.487  12.531 0.3000000119
12676  20.041  -59.441  11.976 0.6999999881
12678  18.325  -59.511  11.206 0.5000000000
12695  17.082  -58.898  10.577 0.4000000060
12713  28.544  -59.470  8.699 0.6000000238
12735  26.367  -59.681  5.596 0.6000000238
13250  19.845  -58.830  21.454 0.3000000119
13288  23.556  -58.435  17.575 0.4000000060
13312  20.645  -58.755  13.722 0.5000000000
13338  25.127  -58.149  12.098 0.3000000119
13342  20.918  -58.139  12.989 0.5000000000
13397  30.242  -58.096  8.182 0.5000000000
13416  27.550  -58.669  7.879 0.6000000238
13439  25.526  -57.841  4.939 0.4000000060
13440  24.450  -57.823  4.839 0.5000000000
14024  21.774  -56.918  14.076 0.4000000060
14034  22.514  -56.977  13.589 0.4000000060
14070  25.385  -57.565  11.079 0.4000000060
14114  28.181  -57.457  7.973 0.6000000238
14130  26.801  -57.412  6.754 0.4000000060
14132  23.562  -56.962  6.269 0.5000000000
14731  23.017  -56.056  15.322 0.4000000060
14732  22.612  -56.159  14.862 0.4000000060
14759  25.424  -56.819  11.519 0.3000000119
15406  24.200  -55.078  14.206 0.3000000119
15443  20.514  -55.672  7.823 0.4000000060
16122  19.018  -54.307  8.200 0.3000000119
16798  18.189  -53.286  9.337 0.4000000060
16818  17.783  -52.929  8.781 0.3000000119
104411  17.648  -63.732  6.606 0.6000000238
107605  26.365  -63.961  8.451 0.6000000238
109223  22.213  -56.979  14.762 0.4000000060
111246  23.646  -62.733  8.214 0.6999999881
111408  24.119  -61.276  11.527 0.5000000000
112097  17.386  -65.443  5.938 0.6999999881
114010  22.129  -61.846  3.996 0.6000000238
114925  22.567  -60.853  4.592 0.6000000238
115931  14.827  -62.882  20.362 0.3000000119
116173  13.762  -63.867  18.112 0.4000000060
116303  29.570  -64.539  7.762 0.4000000060
116685  28.430  -60.972  8.953 0.6000000238
116747  24.036  -62.729  9.007 0.6999999881
117379  21.069  -66.212  3.662 0.6000000238
117400  24.568  -55.783  13.525 0.4000000060
117842  20.617  -59.022  21.352 0.4000000060
119119  31.455  -62.879  4.487 0.4000000060
119441  23.554  -55.596  5.026 0.5000000000
120962  20.778  -61.811  11.060 0.6999999881
121733  19.811  -60.410  20.456 0.4000000060
122125  17.129  -60.980  17.362 0.4000000060
122161  15.658  -63.452  18.440 0.4000000060
122495  25.049  -59.649  4.372 0.4000000060
122539  21.689  -59.571  16.290 0.5000000000
123160  21.944  -62.130  4.415 0.6000000238
123588  17.730  -59.584  12.595 0.5000000000
124324  17.141  -61.328  6.699 0.5000000000
125450  28.611  -65.855  6.430 0.5000000000
125908  19.852  -66.860  4.000 0.6999999881
