#!ascii label  , from subject sub-v1s5x0050730_ses-1 vox2ras=TkReg
1374
2820  15.661  -77.359  10.401 0.6999999881
2822  14.340  -77.018  10.428 0.8000000119
3228  13.792  -76.224  10.773 0.8000000119
3237  12.637  -76.292  9.611 0.6999999881
108795  15.593  -78.851  9.636 0.6000000238
2426  15.384  -78.182  10.071 0.6000000238
2830  13.815  -77.475  9.632 0.6000000238
2034  16.130  -79.289  9.450 0.6000000238
3612  14.136  -75.526  11.177 0.8000000119
3229  12.998  -75.990  10.448 0.6999999881
3623  12.024  -75.038  10.336 0.6999999881
4023  11.524  -74.553  10.019 0.6999999881
2425  16.210  -77.746  10.130 0.6000000238
3227  14.649  -76.156  10.937 0.6999999881
3628  12.286  -75.630  10.045 0.6999999881
2048  16.620  -79.777  9.017 0.6000000238
2061  17.607  -80.020  8.082 0.6000000238
1673  17.002  -80.319  8.482 0.6000000238
1360  17.153  -81.743  6.134 0.6000000238
1352  16.873  -81.407  7.237 0.6000000238
4014  13.792  -74.396  11.316 0.8000000119
4467  12.822  -73.190  11.335 0.8000000119
4483  11.992  -73.386  11.094 0.6999999881
5051  11.646  -72.480  10.961 0.6999999881
5073  10.582  -71.897  9.525 0.6999999881
4013  14.201  -74.932  11.270 0.8000000119
4022  12.191  -74.370  10.861 0.6999999881
4484  11.143  -73.108  10.302 0.6999999881
3620  14.843  -75.313  11.007 0.6999999881
3613  13.595  -75.024  11.305 0.8000000119
120862  11.533  -73.886  10.412 0.6999999881
3226  15.926  -76.285  10.459 0.6999999881
2437  16.752  -78.032  9.742 0.6999999881
2060  18.018  -79.388  7.863 0.6000000238
2033  16.931  -78.817  9.377 0.6000000238
1698  17.568  -80.903  6.796 0.6000000238
1685  17.313  -80.668  7.734 0.6000000238
1370  17.453  -82.346  4.827 0.6000000238
881  18.002  -84.189  3.852 0.6999999881
1102  17.436  -83.818  4.088 0.6000000238
872  18.682  -84.728  4.266 0.5000000000
864  18.462  -84.776  4.981 0.5000000000
5034  12.917  -72.391  11.205 0.8999999762
4468  12.343  -72.670  11.249 0.8000000119
5579  11.513  -71.607  10.861 0.6999999881
4021  14.451  -74.412  11.020 0.6999999881
4465  13.890  -73.768  11.161 0.8999999762
5580  10.922  -71.313  10.279 0.6999999881
3619  15.598  -75.525  10.480 0.8000000119
4020  15.155  -74.754  10.478 0.8000000119
3618  16.236  -75.810  9.977 0.8000000119
3243  17.224  -76.919  8.939 0.6999999881
3225  16.447  -76.440  10.046 0.6999999881
2827  17.272  -77.815  9.269 0.8000000119
2046  17.913  -78.817  8.252 0.8000000119
1684  17.998  -80.076  7.205 0.6999999881
1359  17.835  -81.201  5.739 0.6000000238
1101  17.914  -83.050  3.939 0.6999999881
880  18.572  -84.575  3.926 0.6999999881
5050  13.741  -72.651  10.510 0.8999999762
5562  12.279  -71.907  11.193 0.8000000119
6113  11.413  -69.961  10.431 0.6999999881
4030  14.693  -73.980  10.199 0.8000000119
4480  14.286  -73.616  10.624 0.8000000119
4029  15.036  -74.275  9.567 0.6999999881
3244  16.694  -76.170  8.273 0.6999999881
3634  16.189  -75.561  9.021 0.6000000238
3235  16.673  -76.302  9.386 0.8000000119
2838  17.570  -77.583  8.457 0.8000000119
2457  18.165  -78.628  7.476 0.8000000119
109109  18.360  -79.696  6.201 0.6999999881
1710  18.428  -80.380  5.259 0.8000000119
119938  18.087  -80.450  6.308 0.6999999881
1719  18.773  -80.964  4.089 0.8000000119
1113  19.672  -83.117  3.151 0.6999999881
1387  19.055  -82.905  3.314 0.6999999881
1369  18.142  -81.671  4.589 0.6999999881
1108  19.727  -83.924  3.792 0.6999999881
1109  18.463  -83.584  3.688 0.6999999881
8968  7.761  -65.467  12.411 0.6000000238
9556  8.661  -64.776  13.268 0.6000000238
10762  6.850  -63.075  12.663 0.6000000238
11352  6.963  -61.454  12.319 0.6999999881
5033  13.298  -72.129  10.805 0.8999999762
6099  12.010  -70.270  10.908 0.6999999881
112085  15.298  -74.539  8.777 0.6000000238
123869  16.092  -75.452  8.010 0.6000000238
3635  15.650  -74.966  8.262 0.6000000238
3252  17.286  -76.892  7.943 0.6999999881
2861  17.972  -77.621  5.735 0.6999999881
117765  17.660  -77.446  7.532 0.6999999881
7803  15.059  -66.668  9.566 0.6999999881
8425  14.451  -65.872  9.200 0.6999999881
2468  18.249  -78.404  6.390 0.8000000119
2845  18.007  -77.895  6.993 0.8000000119
8415  15.237  -66.308  10.476 0.6000000238
119930  15.006  -65.700  9.974 0.6000000238
9002  13.873  -64.834  9.326 0.6999999881
107871  18.420  -78.921  5.988 0.6999999881
116005  13.831  -64.743  10.730 0.5000000000
9582  13.506  -64.417  10.116 0.6999999881
1718  19.350  -80.188  3.204 0.8000000119
8976  14.626  -65.365  10.931 0.5000000000
8977  13.471  -65.211  11.540 0.5000000000
1386  19.587  -82.087  2.841 0.6999999881
113771  13.307  -66.026  12.391 0.5000000000
118938  12.990  -66.452  13.180 0.6000000238
8394  12.265  -66.426  12.934 0.5000000000
8404  11.678  -66.247  12.303 0.6000000238
8405  10.982  -66.203  11.671 0.6999999881
8418  9.313  -66.189  10.990 0.6999999881
8395  11.391  -66.473  13.034 0.5000000000
8396  10.724  -66.439  12.653 0.6000000238
8406  9.839  -66.454  11.977 0.6000000238
8967  8.503  -65.583  12.912 0.6000000238
8387  12.509  -66.428  13.730 0.6000000238
119867  9.957  -66.246  13.080 0.6000000238
8966  9.259  -65.861  13.116 0.6000000238
8381  12.124  -66.096  14.152 0.5000000000
105819  10.904  -66.281  13.409 0.5000000000
9555  9.452  -64.715  13.527 0.6000000238
10148  8.143  -64.095  13.063 0.6000000238
118195  8.442  -62.327  12.271 0.6999999881
12018  7.876  -59.895  11.257 0.6000000238
12019  6.039  -59.421  11.573 0.6999999881
8958  10.606  -65.894  13.708 0.6000000238
117616  10.103  -64.723  13.792 0.6000000238
10144  9.111  -63.968  13.179 0.6000000238
109537  8.778  -63.173  12.649 0.6999999881
11366  8.470  -60.700  11.500 0.5000000000
5561  12.883  -71.352  10.981 0.8999999762
4499  14.491  -73.609  9.357 0.6999999881
104586  12.389  -69.751  10.705 0.8000000119
6643  11.243  -69.188  9.546 0.6999999881
7200  12.540  -68.430  10.247 0.6999999881
6627  12.812  -69.013  10.436 0.8000000119
3253  16.821  -76.348  7.067 0.6999999881
7796  14.619  -67.617  9.463 0.8000000119
7804  14.154  -67.088  9.124 0.6000000238
7795  15.283  -67.352  10.089 0.6999999881
7783  15.377  -66.977  11.036 0.6000000238
2091  18.876  -79.534  4.064 0.8000000119
2090  19.278  -78.807  3.218 0.8000000119
106146  15.014  -66.199  11.455 0.5000000000
113574  19.600  -81.089  2.788 0.8000000119
8402  14.291  -65.784  11.960 0.5000000000
7768  14.953  -67.090  13.116 0.5000000000
8385  14.236  -66.698  13.499 0.6000000238
8393  13.814  -66.374  12.899 0.6000000238
8380  13.004  -66.289  14.293 0.6000000238
8946  12.763  -65.596  14.613 0.6000000238
114283  7.525  -58.302  11.211 0.5000000000
8948  11.092  -65.572  14.119 0.5000000000
12686  8.211  -59.203  11.118 0.5000000000
12687  6.786  -58.501  11.153 0.6000000238
9553  10.761  -64.313  13.946 0.6000000238
10143  10.052  -63.857  13.425 0.6999999881
10147  9.619  -63.054  12.711 0.6999999881
11350  8.871  -61.440  11.735 0.6999999881
9534  12.178  -64.755  14.577 0.6000000238
11349  9.919  -61.538  11.896 0.6000000238
10130  11.673  -63.884  14.157 0.6999999881
10146  10.418  -62.812  12.846 0.6000000238
10759  10.582  -61.881  12.307 0.5000000000
5071  13.764  -72.384  9.536 0.6999999881
123205  13.613  -71.905  10.097 0.6999999881
5592  13.447  -71.004  10.139 0.6999999881
107734  13.060  -70.510  10.545 0.8000000119
6097  13.116  -69.597  10.371 0.6999999881
7198  14.913  -68.075  9.624 0.6999999881
6626  13.783  -68.643  9.736 0.6999999881
14064  8.409  -57.605  11.832 0.5000000000
7754  14.902  -66.757  14.474 0.5000000000
8379  13.989  -66.567  14.282 0.6000000238
14055  7.494  -57.343  11.631 0.5000000000
8365  14.456  -66.191  14.898 0.5000000000
8363  16.048  -66.182  15.123 0.5000000000
8945  13.660  -65.981  14.745 0.6000000238
8947  11.767  -65.567  14.326 0.6000000238
11365  9.139  -60.641  11.401 0.5000000000
9516  15.402  -64.917  15.372 0.5000000000
9517  14.516  -65.023  15.323 0.6000000238
9533  13.123  -64.601  14.849 0.6000000238
9532  14.050  -64.398  15.065 0.6000000238
5072  13.566  -71.257  9.155 0.6999999881
6112  13.723  -69.863  9.496 0.6999999881
10141  12.360  -63.080  13.900 0.5000000000
8944  16.632  -65.646  15.153 0.5000000000
10751  11.303  -62.408  12.982 0.5000000000
9531  14.975  -64.279  15.174 0.5000000000
10128  13.609  -63.684  14.634 0.5000000000
10129  12.675  -63.808  14.465 0.5000000000
119527  11.673  -63.054  13.576 0.5000000000
11339  13.519  -61.772  13.099 0.5000000000
11346  13.205  -61.257  12.550 0.5000000000
10731  15.809  -63.111  14.253 0.5000000000
11338  14.329  -61.846  13.105 0.5000000000
10757  12.106  -61.900  12.962 0.5000000000
10125  16.408  -63.634  14.543 0.5000000000
10733  14.141  -62.924  14.244 0.5000000000
10734  13.231  -62.977  14.134 0.5000000000
9515  16.308  -64.940  15.278 0.5000000000
10127  14.538  -63.600  14.732 0.5000000000
10746  15.614  -62.541  13.564 0.5000000000
11988  8.747  -59.925  13.796 0.6000000238
11989  7.897  -59.689  13.738 0.6000000238
12652  9.564  -58.796  13.262 0.5000000000
118161  9.084  -60.582  14.190 0.6999999881
11976  8.315  -60.549  14.128 0.6000000238
11977  7.415  -60.496  14.133 0.6000000238
11318  6.589  -61.617  15.304 0.6999999881
120762  9.445  -61.080  14.540 0.6000000238
11325  7.868  -61.287  14.503 0.6999999881
11326  6.955  -61.215  14.596 0.6999999881
11327  6.066  -60.964  14.844 0.6999999881
121086  7.413  -62.625  16.102 0.8000000119
11323  10.186  -61.144  14.830 0.5000000000
116697  9.801  -60.505  14.289 0.5000000000
11317  7.423  -61.891  15.002 0.8000000119
10723  8.664  -62.525  15.457 0.6000000238
9503  7.311  -63.700  18.029 0.6999999881
11314  10.767  -61.507  15.427 0.5000000000
11974  10.655  -60.219  14.456 0.5000000000
10715  7.392  -62.879  16.729 0.6999999881
10700  6.674  -62.481  17.337 0.6999999881
106374  8.077  -62.960  16.019 0.6999999881
10722  9.554  -62.484  15.583 0.6999999881
9497  6.870  -64.154  18.716 0.6999999881
10100  7.985  -63.708  17.472 0.6999999881
10721  10.420  -62.332  15.857 0.6000000238
10714  8.941  -63.107  16.019 0.8000000119
10630  8.412  -62.692  22.532 0.6999999881
10030  8.435  -63.788  22.622 0.8000000119
11302  12.551  -61.487  16.339 0.4000000060
9479  7.241  -64.950  19.103 0.6999999881
11303  11.897  -61.585  16.147 0.5000000000
9496  7.733  -64.541  18.528 0.6999999881
11304  11.214  -61.865  15.984 0.6000000238
125095  10.373  -62.843  16.286 0.6000000238
10113  8.256  -63.392  16.778 0.6999999881
121895  9.819  -63.001  16.138 0.8000000119
10112  9.301  -63.524  16.673 0.8000000119
16744  3.431  -52.988  15.448 0.5000000000
16057  4.263  -54.457  15.245 0.5000000000
15385  4.118  -55.134  15.960 0.5000000000
115451  8.476  -58.291  20.252 0.5000000000
118383  8.875  -59.645  21.165 0.6000000238
108034  9.145  -58.490  20.313 0.6000000238
13273  7.783  -58.372  20.534 0.6000000238
116272  6.180  -57.089  19.382 0.6000000238
11911  8.690  -60.231  21.663 0.6999999881
13272  8.558  -58.945  20.776 0.6999999881
11246  8.767  -61.950  22.306 0.6999999881
11247  8.457  -61.069  22.241 0.6999999881
8886  8.800  -66.339  20.125 0.6999999881
8322  9.167  -66.725  20.910 0.6999999881
8294  9.021  -66.522  22.271 0.8000000119
10712  12.178  -62.136  16.623 0.5000000000
9478  8.029  -65.245  19.009 0.6999999881
123206  11.585  -62.204  16.431 0.6000000238
9495  8.698  -64.943  18.595 0.8000000119
10111  10.255  -63.353  16.720 0.6999999881
10099  8.793  -63.920  17.319 0.8000000119
17483  4.367  -51.799  15.324 0.5000000000
17503  4.079  -52.873  14.869 0.6000000238
17502  4.975  -52.831  14.409 0.5000000000
16066  4.809  -53.869  14.708 0.6000000238
15384  5.096  -54.958  15.952 0.6000000238
15371  4.972  -55.541  16.681 0.6000000238
15370  5.851  -55.333  16.721 0.6000000238
14718  5.829  -55.948  17.466 0.5000000000
13282  8.787  -57.867  19.913 0.5000000000
14000  8.290  -57.276  19.544 0.5000000000
12583  9.482  -59.306  20.730 0.6000000238
14001  7.510  -57.226  19.432 0.6000000238
13984  7.270  -57.697  19.957 0.6999999881
14710  5.527  -56.422  18.110 0.6000000238
12566  9.404  -60.137  21.257 0.6000000238
112660  9.211  -60.796  21.678 0.6999999881
12567  8.223  -59.544  21.485 0.6999999881
13253  7.854  -58.998  21.185 0.6999999881
106607  7.308  -58.725  21.198 0.8000000119
14002  6.829  -57.172  19.332 0.6999999881
10638  9.547  -61.639  21.948 0.6999999881
10629  9.281  -62.557  22.328 0.6999999881
10628  10.137  -62.599  22.195 0.6999999881
9426  9.437  -64.064  22.583 0.8000000119
117915  10.365  -65.312  22.393 0.8000000119
123488  9.805  -64.869  22.596 0.8000000119
10097  11.405  -63.633  17.541 0.5000000000
9492  11.570  -64.781  18.807 0.6000000238
8885  9.581  -66.268  20.245 0.8000000119
8306  10.112  -66.327  21.481 0.8000000119
10699  10.982  -63.280  17.003 0.6000000238
10086  11.030  -64.290  18.096 0.6999999881
8904  9.256  -65.642  19.355 0.8000000119
9500  10.144  -64.422  17.981 0.6999999881
9494  9.697  -64.965  18.597 0.6999999881
108094  9.722  -63.962  17.311 0.8000000119
18271  5.292  -51.221  16.230 0.4000000060
18290  4.969  -51.512  14.795 0.5000000000
16753  5.697  -53.675  14.616 0.4000000060
16065  5.630  -54.149  15.173 0.5000000000
13281  9.590  -57.974  20.002 0.5000000000
14695  7.752  -56.736  19.106 0.6000000238
14709  7.295  -56.348  18.527 0.6000000238
124292  6.420  -56.037  17.747 0.6000000238
12565  10.135  -60.015  20.961 0.6000000238
14011  6.976  -56.738  18.747 0.6999999881
106448  6.441  -56.360  18.106 0.6999999881
11910  9.959  -60.854  21.410 0.6000000238
9425  10.430  -64.308  22.530 0.8000000119
8902  11.655  -65.552  20.276 0.6999999881
9477  10.252  -65.416  19.246 0.6999999881
8884  10.358  -66.181  20.684 0.8000000119
8871  10.677  -65.975  21.574 0.8000000119
9493  10.623  -64.867  18.657 0.6999999881
19136  5.533  -50.676  15.453 0.4000000060
19135  6.558  -50.720  16.467 0.4000000060
19119  7.057  -50.839  17.378 0.4000000060
17517  5.646  -52.354  13.961 0.5000000000
19099  7.364  -50.429  17.765 0.5000000000
15383  5.977  -54.644  15.941 0.5000000000
16042  7.347  -54.710  17.189 0.5000000000
117166  6.450  -55.705  17.400 0.5000000000
16728  7.638  -53.955  16.751 0.5000000000
14717  6.833  -56.092  17.941 0.6999999881
10637  10.474  -61.936  21.862 0.6000000238
8857  11.261  -64.990  22.264 0.8000000119
8901  12.386  -65.324  20.426 0.6000000238
8882  12.062  -65.387  21.152 0.6000000238
9442  12.053  -64.509  22.054 0.6999999881
9424  11.350  -63.952  22.366 0.6999999881
8883  11.217  -65.847  20.948 0.6999999881
20761  7.135  -48.925  18.366 0.3000000119
19151  5.703  -50.989  14.403 0.4000000060
19150  6.163  -50.170  15.264 0.3000000119
110051  7.119  -50.078  16.025 0.4000000060
19134  7.443  -50.388  16.999 0.4000000060
115728  7.869  -49.736  17.462 0.4000000060
19949  7.766  -49.178  18.013 0.5000000000
17501  5.918  -53.236  13.980 0.4000000060
20781  7.571  -48.528  17.948 0.3000000119
15368  7.884  -55.069  17.893 0.5000000000
16743  6.331  -54.026  15.412 0.4000000060
15360  8.576  -55.462  18.519 0.6000000238
16752  6.527  -53.533  14.753 0.4000000060
16041  8.215  -54.314  17.521 0.4000000060
16742  7.096  -53.731  15.764 0.5000000000
10028  10.607  -63.408  22.393 0.6999999881
116325  11.350  -65.534  21.682 0.6999999881
19100  6.970  -50.502  18.268 0.4000000060
20780  8.310  -48.807  17.492 0.4000000060
21586  7.751  -47.786  17.473 0.3000000119
18304  6.157  -52.040  13.504 0.3000000119
17482  7.318  -53.185  15.096 0.4000000060
16727  8.532  -53.522  17.097 0.4000000060
16741  7.930  -53.257  16.217 0.4000000060
119386  6.725  -49.775  15.051 0.3000000119
19971  7.835  -49.566  15.710 0.3000000119
19962  7.835  -49.897  16.652 0.4000000060
20793  8.987  -48.654  16.776 0.3000000119
112424  6.319  -50.053  14.521 0.3000000119
18303  6.691  -52.641  13.031 0.3000000119
17499  7.629  -52.921  14.266 0.3000000119
17515  7.067  -52.974  12.990 0.3000000119
17481  8.235  -52.725  15.572 0.3000000119
19960  8.865  -49.074  16.023 0.3000000119
20779  8.845  -48.011  17.108 0.3000000119
20792  9.426  -48.572  16.194 0.3000000119
18318  7.229  -52.532  12.538 0.3000000119
17514  7.991  -52.790  13.195 0.3000000119
17498  8.629  -52.475  14.766 0.3000000119
19982  7.110  -49.517  14.362 0.3000000119
19970  8.243  -49.054  14.853 0.3000000119
17528  7.662  -52.688  12.412 0.3000000119
8989  13.013  -64.612  10.800 0.6000000238
114542  12.197  -65.421  11.451 0.6999999881
8978  11.342  -65.374  10.783 0.6999999881
8417  10.307  -66.030  10.936 0.6999999881
16055  6.838  -54.388  16.304 0.4000000060
15369  7.089  -55.495  17.549 0.6000000238
2829  14.607  -77.894  9.958 0.6999999881
4501  11.031  -73.913  9.694 0.6999999881
2828  16.793  -77.144  9.757 0.8000000119
1380  18.551  -82.386  3.720 0.6999999881
125460  15.759  -75.073  8.981 0.6000000238
6628  11.966  -69.134  10.572 0.6999999881
2080  18.598  -79.152  5.119 0.8000000119
122038  7.716  -60.805  11.726 0.6999999881
8403  12.611  -65.868  12.109 0.5000000000
8397  9.075  -66.237  12.521 0.6000000238
12688  5.843  -58.003  11.281 0.6000000238
10142  10.980  -63.379  13.492 0.6999999881
7199  13.450  -68.259  9.946 0.8000000119
7778  15.182  -66.957  12.029 0.5000000000
8392  14.672  -66.518  12.423 0.6000000238
8933  13.683  -65.254  15.075 0.6000000238
124430  8.588  -65.401  19.090 0.8000000119
650  20.821  -85.621  8.577 0.4000000060
109641  21.445  -85.551  8.921 0.4000000060
1080  19.411  -83.100  8.932 0.3000000119
111380  20.507  -85.708  8.512 0.4000000060
467  20.225  -86.109  8.461 0.4000000060
466  20.821  -86.117  8.797 0.4000000060
1344  21.198  -80.909  8.463 0.4000000060
1339  21.210  -81.646  8.713 0.5000000000
114230  21.598  -82.616  8.810 0.5000000000
1345  20.492  -81.267  8.288 0.3000000119
1340  20.476  -82.176  8.773 0.4000000060
850  21.070  -84.229  8.674 0.4000000060
1083  19.595  -82.457  8.568 0.3000000119
106328  20.722  -85.146  8.573 0.3000000119
1672  21.130  -80.470  8.105 0.4000000060
1671  21.666  -80.482  8.425 0.5000000000
1350  20.510  -80.929  7.710 0.3000000119
1346  19.834  -81.841  8.297 0.3000000119
1087  18.631  -82.962  7.636 0.4000000060
106785  19.214  -82.493  7.260 0.3000000119
1091  18.799  -83.605  6.236 0.4000000060
2074  21.592  -80.030  7.818 0.4000000060
1696  21.579  -80.379  6.887 0.4000000060
1697  20.749  -80.869  6.911 0.4000000060
1709  21.249  -81.206  5.955 0.4000000060
1707  23.092  -80.914  5.489 0.5000000000
1357  20.118  -81.457  6.978 0.4000000060
1367  20.871  -82.110  5.024 0.4000000060
1090  19.443  -83.034  6.097 0.5000000000
124741  20.331  -82.584  5.294 0.4000000060
871  19.235  -84.235  4.858 0.4000000060
873  17.844  -85.080  4.179 0.4000000060
1717  23.570  -81.469  4.151 0.6000000238
1376  22.575  -81.642  3.830 0.6000000238
1366  21.748  -81.648  4.743 0.6000000238
1377  21.777  -81.962  3.493 0.6000000238
1378  21.041  -82.549  3.935 0.6000000238
1106  21.005  -82.442  3.091 0.6999999881
1099  20.314  -83.329  4.295 0.5000000000
1107  20.295  -83.145  3.524 0.6000000238
1115  20.008  -82.119  2.592 0.6999999881
1384  23.814  -80.951  2.266 0.6999999881
1730  22.181  -80.245  1.878 0.6999999881
1375  23.283  -81.453  2.895 0.6000000238
1385  22.747  -81.158  2.311 0.6999999881
2107  20.039  -79.732  2.259 0.6999999881
1112  20.710  -81.902  2.506 0.6999999881
1732  20.227  -80.413  2.122 0.6999999881
1392  20.438  -81.217  2.218 0.6999999881
114853  21.869  -79.543  2.191 0.5000000000
2098  20.790  -79.231  2.377 0.6000000238
1731  21.408  -80.383  1.813 0.6999999881
2099  20.016  -79.193  2.447 0.6000000238
2501  19.599  -78.756  2.905 0.6999999881
2493  19.196  -78.166  3.314 0.6999999881
111712  21.182  -81.113  1.942 0.6999999881
2880  18.716  -78.217  3.909 0.6999999881
2482  18.312  -78.099  5.017 0.6000000238
2500  19.801  -78.654  2.849 0.6000000238
119084  19.685  -78.080  3.438 0.6000000238
123284  18.477  -77.517  4.310 0.6000000238
2879  18.710  -77.560  4.058 0.6000000238
3643  15.541  -74.888  7.201 0.5000000000
4031  11.080  -74.671  9.122 0.6000000238
111831  11.466  -75.342  8.928 0.6000000238
2873  18.082  -77.180  4.706 0.6000000238
2846  17.624  -77.220  6.415 0.6000000238
3655  16.477  -75.676  5.990 0.5000000000
3642  16.202  -75.601  7.113 0.5000000000
5092  10.359  -72.267  8.600 0.6000000238
112112  10.717  -72.605  9.776 0.6000000238
4032  10.585  -73.892  8.888 0.6000000238
3266  17.146  -76.445  5.888 0.5000000000
122267  17.322  -76.911  7.025 0.5000000000
6660  11.042  -69.885  7.385 0.6000000238
6653  10.825  -69.896  8.681 0.6000000238
6127  10.616  -70.627  8.006 0.6000000238
5610  10.465  -71.391  8.612 0.6000000238
6114  10.866  -70.187  9.639 0.6000000238
5593  10.677  -70.982  9.586 0.6000000238
117825  13.878  -72.782  8.720 0.6000000238
2862  17.625  -76.845  5.261 0.6000000238
7240  11.950  -68.191  7.345 0.6000000238
7818  12.832  -66.917  8.467 0.6000000238
7227  11.604  -68.228  8.819 0.6000000238
7806  12.109  -67.641  9.218 0.6000000238
7805  12.967  -67.345  9.389 0.5000000000
7213  11.790  -68.321  9.867 0.6000000238
7212  12.396  -67.892  9.890 0.5000000000
6659  11.841  -69.153  6.308 0.6999999881
114418  12.358  -68.232  5.840 0.6000000238
7819  12.226  -67.449  8.001 0.6000000238
8435  13.747  -65.549  8.785 0.6000000238
9654  10.685  -63.700  6.182 0.6000000238
7834  12.586  -67.296  6.320 0.6000000238
7833  12.784  -66.541  7.322 0.6000000238
8436  13.214  -65.820  8.064 0.5000000000
8448  12.776  -65.549  7.069 0.6000000238
9633  12.122  -63.789  7.838 0.6000000238
9634  11.353  -63.485  7.187 0.6000000238
9635  10.277  -63.156  6.903 0.6000000238
109874  12.710  -66.305  6.236 0.6000000238
9023  13.310  -64.742  8.640 0.6000000238
9024  12.759  -64.702  7.845 0.6000000238
9003  12.543  -63.961  8.605 0.5000000000
9594  12.197  -63.876  9.218 0.6000000238
9614  11.726  -63.581  8.298 0.5000000000
9596  10.298  -63.915  8.620 0.5000000000
121463  12.233  -64.685  10.619 0.6000000238
8990  11.657  -64.374  9.900 0.6000000238
9595  11.351  -63.756  8.861 0.6000000238
108077  9.864  -65.025  9.489 0.6000000238
8992  8.881  -65.566  9.988 0.6999999881
109782  8.244  -64.799  9.319 0.6999999881
9597  7.449  -64.356  9.469 0.6999999881
125365  6.953  -64.355  10.032 0.6999999881
8991  10.624  -65.228  10.129 0.6000000238
121685  9.778  -65.711  10.296 0.6999999881
8980  7.536  -65.566  11.475 0.6999999881
8993  7.916  -65.423  10.302 0.6999999881
8994  7.185  -64.934  10.604 0.6999999881
9576  6.492  -64.274  11.702 0.6000000238
8979  8.263  -66.102  12.061 0.6000000238
4047  14.973  -74.084  6.320 0.5000000000
4038  14.831  -74.067  7.425 0.5000000000
4540  14.261  -72.851  5.923 0.5000000000
120981  13.919  -72.944  7.001 0.6000000238
5642  14.916  -70.971  6.033 0.6000000238
4560  14.241  -71.727  5.506 0.6000000238
4541  13.737  -71.913  6.333 0.6000000238
4523  13.600  -72.307  7.450 0.6000000238
5091  13.514  -71.460  8.115 0.6000000238
5626  14.601  -70.752  6.667 0.6000000238
122842  13.679  -70.724  8.368 0.6000000238
5606  15.562  -71.049  8.158 0.6000000238
6125  14.457  -70.186  8.335 0.5000000000
5608  13.962  -70.686  7.702 0.6000000238
6126  13.936  -70.276  8.508 0.6000000238
5591  15.327  -70.620  8.819 0.5000000000
6111  14.314  -69.758  8.970 0.6000000238
7197  15.259  -68.216  10.071 0.5000000000
7188  15.464  -68.667  10.748 0.5000000000
6625  14.848  -68.623  9.586 0.6000000238
6641  14.777  -69.219  9.451 0.6000000238
1100  19.692  -84.061  4.269 0.6000000238
123319  20.288  -82.652  2.947 0.6999999881
9593  13.065  -64.151  9.382 0.6000000238
116818  8.410  -66.053  11.071 0.6999999881
4522  14.392  -73.565  8.342 0.6000000238
6642  14.170  -69.129  9.484 0.6000000238
6624  15.227  -68.930  9.999 0.6000000238
851  19.820  -84.001  9.151 0.3000000119
1079  20.212  -83.130  9.003 0.3000000119
1078  21.354  -83.310  8.770 0.4000000060
1086  19.318  -82.280  8.106 0.3000000119
1351  19.808  -81.638  7.795 0.4000000060
107690  19.650  -82.084  6.923 0.4000000060
1708  22.120  -80.893  5.766 0.4000000060
111044  20.516  -81.672  6.067 0.3000000119
1365  22.620  -81.332  4.834 0.6000000238
1358  19.963  -82.325  6.083 0.5000000000
1368  19.873  -83.387  5.095 0.5000000000
114548  22.428  -81.630  2.900 0.6000000238
10168  5.908  -63.442  11.006 0.6000000238
5627  14.133  -71.119  6.040 0.6000000238
5090  16.292  -71.807  8.214 0.5000000000
5104  13.659  -71.231  6.923 0.6000000238
5625  15.321  -70.950  7.193 0.5000000000
5607  14.698  -70.541  7.587 0.6000000238
5070  16.152  -71.614  9.159 0.5000000000
6110  14.899  -69.852  9.142 0.5000000000
6096  15.286  -69.635  9.957 0.5000000000
271  19.032  -86.936  17.372 0.4000000060
596  19.373  -85.832  16.911 0.4000000060
412  18.389  -86.137  16.819 0.5000000000
143  17.254  -88.396  18.704 0.5000000000
50  16.357  -88.693  19.047 0.5000000000
52  14.240  -89.113  20.153 0.5000000000
155  17.560  -87.803  17.841 0.5000000000
142  18.096  -88.034  18.413 0.5000000000
595  19.926  -84.932  16.991 0.4000000060
122235  19.181  -84.977  16.559 0.5000000000
114572  19.874  -85.913  11.561 0.3000000119
635  19.236  -85.155  11.448 0.3000000119
303  20.055  -86.807  11.364 0.3000000119
302  20.741  -86.519  11.202 0.3000000119
123387  18.491  -87.982  18.979 0.4000000060
137  17.822  -88.244  19.507 0.5000000000
51  15.963  -88.537  20.461 0.5000000000
266  19.819  -87.153  18.221 0.4000000060
411  20.340  -85.822  17.427 0.3000000119
109985  21.086  -85.787  18.006 0.3000000119
794  18.806  -83.800  16.025 0.4000000060
790  20.488  -84.240  17.404 0.3000000119
112913  20.153  -83.310  17.192 0.4000000060
598  19.307  -84.269  16.497 0.5000000000
109005  20.827  -83.552  17.710 0.3000000119
642  20.163  -84.443  11.503 0.3000000119
644  18.537  -84.308  11.307 0.3000000119
451  20.565  -85.994  11.496 0.3000000119
460  21.612  -85.964  10.688 0.3000000119
315  20.828  -86.546  9.694 0.3000000119
135  19.091  -87.600  19.212 0.3000000119
136  18.367  -87.831  20.096 0.4000000060
265  20.469  -86.705  18.724 0.3000000119
1005  21.573  -83.365  18.145 0.3000000119
1021  19.862  -82.434  16.939 0.4000000060
111977  19.374  -82.415  16.238 0.4000000060
117398  21.503  -82.377  18.126 0.3000000119
1071  20.316  -83.019  11.315 0.4000000060
842  19.776  -83.682  11.369 0.4000000060
1072  19.283  -82.860  11.145 0.4000000060
1073  18.392  -82.746  11.061 0.4000000060
115724  18.022  -82.054  10.952 0.4000000060
1334  17.336  -81.533  11.131 0.5000000000
833  21.486  -84.476  11.621 0.3000000119
633  20.940  -85.106  11.608 0.3000000119
632  21.678  -85.203  11.447 0.3000000119
465  21.366  -86.101  9.738 0.3000000119
111527  21.450  -85.028  8.582 0.3000000119
260  19.773  -87.051  19.826 0.3000000119
1571  20.350  -80.843  17.464 0.3000000119
1258  20.165  -81.589  17.291 0.3000000119
1268  19.092  -81.810  15.692 0.4000000060
116979  18.507  -82.248  15.266 0.4000000060
1248  23.029  -82.210  18.811 0.3000000119
1250  20.959  -81.412  17.857 0.3000000119
1249  21.973  -81.753  18.338 0.3000000119
1020  20.663  -82.526  17.647 0.3000000119
1984  16.783  -79.644  12.893 0.5000000000
1610  16.865  -79.839  13.527 0.5000000000
1650  21.666  -80.940  11.184 0.3000000119
116668  21.036  -81.626  11.106 0.3000000119
1325  21.913  -82.166  11.530 0.3000000119
109217  20.460  -82.146  11.152 0.3000000119
112010  18.413  -80.563  10.841 0.5000000000
1641  17.191  -80.084  11.629 0.5000000000
1070  21.304  -82.807  11.475 0.3000000119
111042  19.635  -82.113  11.027 0.4000000060
114941  18.748  -82.088  10.936 0.4000000060
1333  18.179  -81.381  10.887 0.5000000000
1653  17.634  -80.689  11.131 0.5000000000
449  21.981  -85.503  11.077 0.3000000119
459  21.999  -85.516  10.020 0.3000000119
649  22.135  -85.003  9.005 0.3000000119
849  22.095  -84.257  8.624 0.4000000060
1572  19.830  -80.836  16.992 0.3000000119
1582  19.440  -80.925  16.217 0.4000000060
1563  21.585  -80.615  18.216 0.3000000119
1274  18.596  -81.515  14.998 0.4000000060
120454  22.436  -81.187  18.563 0.3000000119
1287  18.038  -81.040  14.602 0.4000000060
1598  17.407  -80.258  14.129 0.5000000000
1982  18.242  -79.198  13.598 0.4000000060
123320  17.427  -79.752  13.718 0.5000000000
2004  22.555  -79.735  11.617 0.3000000119
1994  17.306  -79.380  12.525 0.5000000000
1983  17.485  -79.300  13.156 0.5000000000
2417  18.324  -78.806  11.810 0.4000000060
2404  17.884  -78.977  12.446 0.5000000000
1324  22.375  -81.674  11.671 0.3000000119
110599  20.021  -81.222  10.807 0.4000000060
122118  18.277  -79.286  11.371 0.5000000000
2007  17.612  -79.357  11.871 0.5000000000
1332  19.029  -81.315  10.780 0.5000000000
107818  22.317  -84.832  11.448 0.3000000119
839  23.037  -84.575  10.763 0.4000000060
648  22.507  -84.942  9.985 0.4000000060
848  22.718  -84.445  9.384 0.4000000060
1362  14.680  -82.039  6.810 0.5000000000
1077  22.332  -83.400  8.750 0.3000000119
1555  24.192  -80.925  19.378 0.3000000119
1562  22.464  -80.348  18.628 0.3000000119
123334  19.328  -80.249  15.966 0.3000000119
108527  23.379  -81.313  18.991 0.3000000119
1951  19.202  -79.890  15.374 0.3000000119
1969  18.702  -79.542  14.258 0.5000000000
2389  18.744  -78.692  13.668 0.4000000060
2378  19.076  -78.818  14.493 0.3000000119
109552  23.481  -79.476  12.529 0.3000000119
124114  18.591  -78.423  13.040 0.5000000000
2017  21.873  -79.931  11.102 0.3000000119
111974  18.914  -78.370  11.759 0.4000000060
2403  18.589  -78.437  12.449 0.4000000060
1651  20.753  -80.591  10.766 0.4000000060
2019  20.482  -79.529  10.639 0.4000000060
2020  19.519  -79.528  10.694 0.4000000060
2006  18.974  -78.863  11.141 0.4000000060
107492  22.778  -82.760  12.049 0.3000000119
1063  23.198  -83.764  12.069 0.3000000119
1652  19.251  -80.427  10.680 0.4000000060
2021  18.680  -79.708  10.887 0.5000000000
108406  23.416  -84.223  11.616 0.3000000119
838  23.866  -83.953  10.815 0.4000000060
847  23.280  -83.877  9.665 0.4000000060
123165  14.891  -80.890  7.840 0.5000000000
116292  22.705  -83.846  8.964 0.4000000060
1069  23.735  -83.204  9.859 0.5000000000
1089  15.093  -82.216  7.228 0.5000000000
1556  23.239  -80.146  19.062 0.3000000119
118330  10.271  -71.955  7.933 0.5000000000
2388  19.198  -77.966  13.894 0.3000000119
4524  10.312  -73.125  8.530 0.5000000000
5643  10.395  -71.339  6.218 0.6000000238
2399  23.943  -79.359  12.974 0.3000000119
2412  22.975  -79.100  12.055 0.3000000119
1993  23.844  -80.333  12.816 0.3000000119
2005  21.928  -79.101  11.106 0.3000000119
107876  19.319  -77.862  12.159 0.4000000060
2402  18.973  -78.090  13.023 0.4000000060
3238  11.965  -75.819  9.212 0.5000000000
6683  10.923  -69.552  4.166 0.5000000000
2414  21.288  -79.199  10.794 0.3000000119
2423  20.679  -78.699  10.778 0.3000000119
2415  20.359  -78.107  11.095 0.3000000119
119466  19.967  -77.716  11.610 0.3000000119
2831  13.074  -76.971  9.119 0.5000000000
1062  23.751  -83.361  12.409 0.3000000119
2438  14.228  -78.185  9.265 0.5000000000
830  23.920  -84.054  11.969 0.3000000119
2062  14.546  -79.335  8.037 0.5000000000
829  24.364  -83.841  11.464 0.4000000060
1676  15.038  -80.226  8.368 0.6000000238
1068  24.344  -83.358  10.738 0.4000000060
1331  24.080  -82.445  10.083 0.5000000000
1348  15.414  -81.161  8.132 0.5000000000
1659  23.646  -81.274  9.637 0.4000000060
1337  23.397  -82.314  9.416 0.3000000119
1076  23.020  -83.104  9.069 0.4000000060
1088  15.444  -82.438  6.882 0.6000000238
2030  24.335  -79.488  9.576 0.3000000119
2031  23.723  -79.487  9.143 0.4000000060
122257  23.147  -80.421  9.236 0.4000000060
122622  22.787  -82.110  9.025 0.3000000119
1093  16.021  -83.042  5.817 0.6000000238
1095  14.994  -82.784  6.505 0.5000000000
2446  24.676  -79.088  8.725 0.3000000119
2043  23.421  -79.437  8.519 0.5000000000
2044  22.580  -79.708  8.314 0.4000000060
2045  21.851  -79.991  8.182 0.4000000060
2456  25.189  -79.380  8.023 0.3000000119
2447  24.206  -79.230  8.302 0.5000000000
2057  23.613  -79.443  7.760 0.4000000060
2073  22.232  -79.857  7.443 0.4000000060
2056  24.583  -79.615  7.488 0.4000000060
2071  24.088  -79.969  6.883 0.5000000000
2072  23.101  -79.812  7.149 0.4000000060
1694  23.590  -80.413  6.220 0.5000000000
6138  10.806  -70.644  6.753 0.6000000238
6149  11.077  -70.459  5.250 0.6000000238
2386  24.573  -79.129  13.574 0.3000000119
2400  23.352  -78.652  12.540 0.3000000119
2401  22.701  -78.207  12.078 0.3000000119
2413  22.296  -78.665  11.538 0.3000000119
114152  11.373  -70.003  6.112 0.6000000238
6667  11.854  -69.629  5.012 0.6000000238
1981  24.453  -80.429  13.379 0.3000000119
124951  22.070  -77.914  11.674 0.3000000119
2812  21.531  -77.369  11.827 0.3000000119
6672  11.974  -69.224  4.437 0.6000000238
1609  25.004  -81.809  13.738 0.3000000119
117665  21.383  -78.236  11.153 0.3000000119
7259  11.575  -68.399  4.332 0.6000000238
8484  10.754  -66.507  5.030 0.6000000238
7865  10.132  -67.267  5.224 0.6000000238
8468  9.053  -66.237  6.168 0.5000000000
1649  24.419  -81.361  10.319 0.4000000060
106668  23.823  -80.144  9.625 0.4000000060
2070  25.127  -80.264  6.714 0.4000000060
1693  24.661  -80.728  5.993 0.5000000000
2789  24.903  -78.354  14.018 0.3000000119
2790  24.292  -77.890  13.663 0.3000000119
2387  23.806  -78.320  13.106 0.3000000119
2803  22.313  -77.452  12.224 0.3000000119
2804  21.813  -76.810  12.533 0.3000000119
7851  12.514  -67.755  5.001 0.5000000000
7249  12.268  -68.813  4.963 0.6000000238
1980  25.131  -80.487  13.922 0.3000000119
2813  20.677  -77.498  11.612 0.3000000119
7258  12.122  -68.582  4.510 0.6000000238
1968  25.817  -80.575  14.440 0.3000000119
113936  12.127  -67.647  4.638 0.6000000238
116978  25.229  -81.794  11.247 0.3000000119
1330  24.719  -82.741  10.924 0.3000000119
7852  9.782  -66.405  5.645 0.6000000238
8469  8.211  -65.230  6.186 0.6000000238
7850  12.600  -66.864  5.452 0.5000000000
9072  11.923  -65.930  5.097 0.6000000238
8466  11.242  -65.849  5.104 0.6000000238
8467  10.379  -65.479  5.462 0.6000000238
104607  9.345  -65.148  5.833 0.6000000238
9041  7.734  -64.130  6.324 0.6000000238
9638  6.945  -63.887  6.688 0.5000000000
115401  12.351  -65.326  6.205 0.5000000000
9058  11.121  -64.901  5.535 0.5000000000
9060  8.893  -63.933  6.177 0.6000000238
10197  5.782  -63.092  8.214 0.5000000000
10169  5.278  -62.391  9.824 0.6000000238
10180  6.082  -62.828  8.727 0.6000000238
10181  5.339  -62.640  8.912 0.5000000000
106829  4.689  -62.022  9.951 0.6000000238
10170  4.093  -62.430  9.548 0.6000000238
9057  11.629  -64.393  6.195 0.5000000000
9636  9.254  -63.249  6.727 0.5000000000
9617  8.558  -63.279  7.327 0.5000000000
9637  8.089  -63.533  6.698 0.6000000238
9006  7.930  -63.636  8.223 0.6000000238
108790  7.092  -63.269  8.251 0.5000000000
9619  6.422  -63.370  7.470 0.5000000000
9598  6.685  -63.489  9.239 0.6000000238
9567  7.039  -64.844  12.254 0.6000000238
10775  3.768  -61.601  10.754 0.5000000000
8326  4.969  -65.631  20.693 0.5000000000
9040  12.232  -64.455  7.006 0.5000000000
9655  9.810  -63.475  6.286 0.5000000000
7647  4.906  -67.225  23.056 0.5000000000
7621  4.069  -66.808  24.104 0.6000000238
8311  5.143  -66.418  21.290 0.6000000238
8325  5.734  -66.194  20.685 0.6000000238
8872  4.382  -65.907  21.257 0.5000000000
8889  4.918  -64.748  20.264 0.5000000000
9480  4.831  -63.752  20.050 0.5000000000
11355  2.752  -60.597  12.071 0.5000000000
11370  3.347  -61.228  11.398 0.5000000000
8860  8.687  -65.744  22.662 0.6000000238
9427  8.144  -64.752  22.758 0.6999999881
109265  8.176  -66.458  22.683 0.6000000238
115257  7.616  -66.219  23.051 0.6999999881
105453  6.517  -65.011  23.545 0.6000000238
8272  5.547  -65.971  24.302 0.6000000238
7633  7.542  -66.851  22.856 0.6000000238
8281  7.068  -66.454  23.306 0.6000000238
114363  8.736  -67.028  21.721 0.6000000238
7658  8.038  -67.132  22.340 0.6000000238
7645  6.630  -67.349  22.708 0.6000000238
8282  5.886  -66.696  23.919 0.5000000000
8843  4.731  -65.887  24.638 0.6000000238
113157  8.380  -66.924  20.864 0.6000000238
7659  7.220  -67.407  22.174 0.6000000238
7646  5.773  -67.369  22.846 0.5000000000
7619  5.310  -67.152  23.686 0.6000000238
8323  7.494  -66.915  20.788 0.6000000238
8310  5.973  -66.932  21.371 0.6000000238
8907  6.802  -65.422  19.655 0.6000000238
8324  6.577  -66.624  20.728 0.6000000238
125518  6.140  -65.181  19.759 0.6000000238
9459  5.614  -64.418  19.697 0.5000000000
10663  5.058  -62.078  19.543 0.5000000000
10680  5.486  -61.805  18.877 0.5000000000
11281  5.165  -60.913  18.660 0.5000000000
11955  4.070  -59.754  16.907 0.5000000000
9412  6.920  -64.457  23.207 0.6000000238
9413  6.129  -64.096  23.516 0.6999999881
8335  7.972  -66.363  20.121 0.5000000000
113166  6.456  -64.656  19.309 0.6000000238
10074  6.067  -63.761  19.082 0.6000000238
10088  5.714  -62.796  18.950 0.5000000000
113570  6.004  -62.503  18.413 0.6000000238
11292  5.454  -60.926  17.787 0.5000000000
11306  5.623  -61.071  16.749 0.6000000238
11944  4.813  -60.278  17.375 0.6000000238
10636  11.890  -62.538  21.779 0.4000000060
11248  7.645  -61.421  22.829 0.6999999881
11901  6.826  -60.267  23.049 0.5000000000
11894  6.488  -60.506  23.669 0.5000000000
10046  12.166  -63.479  21.983 0.6000000238
10027  11.161  -62.814  22.121 0.5000000000
11242  7.044  -60.950  23.293 0.6000000238
10620  6.379  -62.198  23.705 0.5000000000
112324  12.669  -64.193  21.712 0.5000000000
123372  8.172  -61.887  22.560 0.6000000238
10619  7.544  -62.360  22.873 0.8000000119
10014  7.098  -63.115  23.070 0.8000000119
10015  6.295  -63.087  23.457 0.6999999881
10102  6.583  -62.837  17.917 0.6000000238
11291  6.145  -61.739  17.171 0.6000000238
121647  6.564  -59.703  22.805 0.5000000000
11257  10.660  -61.327  21.504 0.5000000000
11912  7.927  -60.117  22.110 0.6999999881
12544  6.233  -59.821  23.353 0.5000000000
10634  13.390  -62.661  21.228 0.4000000060
10635  12.609  -62.642  21.553 0.4000000060
9440  13.294  -64.370  21.157 0.4000000060
9474  12.989  -65.139  19.995 0.5000000000
9491  12.684  -64.754  19.003 0.4000000060
12553  6.611  -59.254  22.291 0.5000000000
12554  5.976  -59.279  22.786 0.5000000000
11925  11.582  -60.485  20.958 0.3000000119
11909  10.764  -60.634  21.146 0.3000000119
12552  7.167  -59.878  22.510 0.6000000238
10059  13.908  -64.089  20.646 0.4000000060
114830  13.465  -64.760  19.520 0.4000000060
10085  11.947  -64.153  18.216 0.4000000060
12568  7.399  -59.321  21.811 0.6000000238
10084  12.881  -64.044  18.221 0.4000000060
13254  6.679  -58.724  21.596 0.5000000000
112391  5.855  -58.652  22.062 0.5000000000
12580  12.538  -59.338  20.553 0.3000000119
119900  10.973  -59.360  20.517 0.3000000119
12582  10.326  -59.334  20.571 0.3000000119
13271  9.929  -58.659  20.311 0.4000000060
119878  13.868  -63.317  17.615 0.3000000119
10096  12.242  -63.449  17.618 0.4000000060
10696  13.406  -62.715  17.228 0.4000000060
13280  10.389  -58.107  20.078 0.4000000060
13274  6.810  -58.137  20.752 0.6000000238
13985  5.873  -57.707  20.757 0.4000000060
13998  10.083  -57.450  19.773 0.4000000060
13268  13.043  -58.528  20.465 0.3000000119
13269  12.112  -58.461  20.364 0.3000000119
114737  6.456  -57.481  20.019 0.5000000000
13999  9.201  -57.276  19.639 0.4000000060
14694  8.578  -56.716  19.297 0.4000000060
15361  7.595  -55.785  18.241 0.5000000000
14707  8.975  -56.132  19.062 0.4000000060
14708  8.110  -56.213  18.809 0.4000000060
16039  10.186  -53.643  17.805 0.3000000119
17463  9.473  -53.191  17.251 0.3000000119
16040  9.243  -54.075  17.825 0.3000000119
16740  8.810  -52.814  16.542 0.3000000119
18251  6.432  -51.399  17.502 0.4000000060
17462  10.391  -52.802  17.305 0.3000000119
119123  20.868  -76.840  12.373 0.3000000119
15359  9.428  -55.589  18.838 0.3000000119
11305  6.334  -61.733  16.215 0.6000000238
9441  12.524  -64.847  21.489 0.5000000000
1661  22.023  -81.223  8.793 0.3000000119
2032  23.129  -79.770  8.959 0.4000000060
9059  10.023  -64.253  5.795 0.5000000000
270  19.914  -86.498  17.461 0.4000000060
154  18.348  -87.544  17.767 0.5000000000
109268  15.009  -88.805  20.204 0.5000000000
112309  18.767  -84.503  16.273 0.5000000000
643  19.431  -84.352  11.410 0.4000000060
408  20.548  -86.429  17.960 0.4000000060
1031  19.454  -83.298  16.448 0.4000000060
1032  18.836  -82.886  15.696 0.4000000060
841  20.634  -84.035  11.536 0.4000000060
843  18.879  -83.545  11.241 0.4000000060
844  17.938  -83.426  11.156 0.4000000060
249  18.254  -87.447  21.358 0.3000000119
1004  22.631  -83.132  18.631 0.3000000119
840  21.131  -83.629  11.558 0.3000000119
832  21.936  -83.944  11.717 0.4000000060
1267  19.615  -81.661  16.585 0.4000000060
1640  17.909  -79.889  11.216 0.5000000000
106794  14.598  -79.949  7.315 0.5000000000
641  22.440  -85.124  10.746 0.4000000060
1583  19.090  -80.812  15.323 0.4000000060
107662  18.671  -80.816  14.796 0.4000000060
1597  18.344  -80.299  14.402 0.5000000000
2390  18.205  -78.768  13.029 0.5000000000
1064  22.352  -83.351  11.828 0.3000000119
831  22.759  -84.211  11.729 0.3000000119
1354  15.531  -81.796  7.631 0.6000000238
1952  19.089  -79.517  14.847 0.3000000119
111299  18.947  -80.195  14.804 0.4000000060
2416  19.558  -78.223  11.366 0.3000000119
2050  14.896  -79.365  8.823 0.5000000000
122292  19.423  -77.410  14.442 0.3000000119
2805  20.057  -77.282  12.222 0.3000000119
1660  22.897  -81.203  9.159 0.4000000060
2445  25.395  -79.155  8.750 0.3000000119
2802  23.079  -77.771  12.649 0.3000000119
8483  11.815  -66.670  4.793 0.6000000238
2792  22.673  -77.004  12.900 0.3000000119
3202  22.203  -76.307  13.365 0.3000000119
1608  25.683  -81.896  14.319 0.3000000119
9618  7.441  -63.230  7.236 0.5000000000
111282  6.438  -63.046  8.299 0.6000000238
10031  7.478  -63.935  22.877 0.6999999881
119845  6.846  -62.510  23.276 0.6999999881
107724  7.758  -63.161  22.749 0.6999999881
11900  7.519  -60.622  22.684 0.6000000238
12581  11.642  -59.746  20.655 0.3000000119
117299  11.508  -58.992  20.444 0.3000000119
1662  15.987  -79.977  9.053 0.5000000000
2035  15.519  -79.377  9.256 0.5000000000
2104  23.768  -79.997  1.977 0.6000000238
9616  9.756  -63.286  7.554 0.4000000060
9005  9.050  -64.335  8.640 0.5000000000
10774  4.402  -61.737  10.671 0.5000000000
9568  6.580  -64.121  12.245 0.5000000000
10157  6.109  -63.572  11.893 0.5000000000
10158  5.376  -62.491  11.265 0.5000000000
11368  4.416  -61.117  11.696 0.5000000000
10764  5.320  -62.001  12.062 0.5000000000
10149  7.123  -64.042  12.733 0.5000000000
12021  3.249  -60.478  11.898 0.4000000060
10763  6.149  -62.678  12.429 0.5000000000
10151  5.833  -62.956  12.130 0.5000000000
122296  4.549  -60.476  12.043 0.5000000000
12003  2.857  -59.572  12.232 0.5000000000
116831  6.082  -61.776  12.472 0.6000000238
11354  5.365  -61.065  12.241 0.5000000000
12002  3.857  -59.724  12.040 0.5000000000
11967  4.335  -59.781  15.772 0.5000000000
11353  6.038  -60.793  12.268 0.6000000238
12641  2.305  -58.588  14.644 0.5000000000
109707  3.509  -59.164  15.231 0.5000000000
12001  5.041  -59.900  12.077 0.6000000238
13352  3.082  -58.181  12.724 0.6000000238
13353  2.313  -58.437  13.096 0.5000000000
11367  6.944  -60.358  11.717 0.6000000238
12020  5.166  -58.636  11.583 0.6000000238
124464  4.327  -58.025  11.914 0.6000000238
12640  3.732  -58.673  14.314 0.6000000238
12689  4.979  -57.709  11.683 0.6000000238
11980  4.574  -59.633  14.792 0.5000000000
11954  5.014  -60.400  16.277 0.5000000000
13351  4.292  -57.784  12.305 0.6000000238
12658  2.996  -58.015  13.621 0.6000000238
115658  5.086  -65.170  24.412 0.5000000000
10016  5.410  -63.372  23.799 0.5000000000
8853  5.865  -65.086  23.952 0.5000000000
11319  5.813  -61.142  15.699 0.6000000238
13333  4.581  -57.538  12.563 0.6000000238
11979  5.518  -60.090  14.438 0.6000000238
112503  4.002  -57.855  13.357 0.6000000238
12639  4.826  -58.988  13.976 0.6000000238
12657  5.105  -58.016  13.135 0.6000000238
119076  9.812  -56.895  19.523 0.3000000119
108623  4.603  -51.756  16.601 0.3000000119
1706  24.155  -81.135  5.162 0.4000000060
1103  16.808  -84.377  4.263 0.5000000000
1092  16.745  -82.899  5.114 0.5000000000
1374  24.295  -81.308  2.930 0.4000000060
1361  16.513  -82.152  6.499 0.4000000060
2096  23.729  -79.766  2.143 0.4000000060
2049  15.491  -79.923  8.862 0.4000000060
1686  16.565  -81.063  8.072 0.4000000060
1675  15.762  -80.592  8.618 0.4000000060
1353  16.104  -81.906  7.390 0.4000000060
2479  22.712  -78.419  5.419 0.4000000060
2492  21.364  -78.609  4.136 0.4000000060
2499  20.553  -78.578  3.312 0.4000000060
2036  14.939  -78.693  9.464 0.4000000060
2491  22.408  -78.965  4.097 0.4000000060
2089  21.601  -79.097  3.033 0.4000000060
2878  19.309  -77.517  4.111 0.4000000060
2872  18.261  -76.948  4.445 0.5000000000
14065  6.085  -57.071  11.620 0.5000000000
13363  6.542  -57.544  11.298 0.5000000000
12656  6.251  -58.245  13.197 0.5000000000
13348  7.126  -57.096  11.977 0.5000000000
13330  7.742  -57.788  12.586 0.5000000000
11990  6.888  -59.527  13.756 0.5000000000
12654  8.490  -58.868  13.336 0.5000000000
10621  5.645  -62.644  23.956 0.4000000060
11891  6.183  -60.728  24.194 0.4000000060
12655  7.362  -58.515  13.282 0.5000000000
11991  5.860  -59.305  13.817 0.5000000000
118131  22.758  -79.886  1.998 0.5000000000
2097  22.686  -79.508  2.539 0.4000000060
2481  20.557  -77.921  4.650 0.4000000060
61  15.468  -88.823  19.211 0.4000000060
62  14.599  -89.019  19.138 0.4000000060
163  9.690  -87.459  17.063 0.4000000060
145  14.967  -88.592  18.370 0.4000000060
167  11.218  -87.454  16.930 0.4000000060
146  14.071  -88.730  18.309 0.4000000060
425  12.009  -85.899  16.208 0.4000000060
278  12.081  -87.439  17.063 0.4000000060
161  11.706  -88.124  17.627 0.4000000060
156  16.478  -88.082  17.970 0.5000000000
274  15.894  -86.925  17.496 0.4000000060
157  15.389  -87.852  17.850 0.4000000060
272  17.976  -86.948  17.312 0.5000000000
413  17.455  -86.215  16.907 0.5000000000
273  16.958  -87.026  17.413 0.5000000000
158  14.421  -87.859  17.767 0.4000000060
414  16.452  -86.151  17.038 0.4000000060
603  14.556  -85.015  16.501 0.4000000060
423  13.673  -85.487  16.534 0.4000000060
106928  13.276  -86.386  16.813 0.4000000060
277  12.944  -87.277  17.193 0.4000000060
159  13.495  -88.017  17.693 0.4000000060
424  12.749  -85.709  16.383 0.4000000060
282  12.448  -86.573  16.674 0.4000000060
421  16.016  -85.396  16.708 0.5000000000
415  15.474  -86.035  17.056 0.4000000060
275  14.804  -86.780  17.367 0.4000000060
276  13.825  -87.072  17.298 0.4000000060
602  15.478  -84.772  16.458 0.5000000000
105479  15.207  -85.394  16.712 0.4000000060
422  14.607  -85.811  16.846 0.4000000060
805  14.679  -83.264  15.826 0.3000000119
1040  14.189  -82.444  15.353 0.3000000119
1039  15.262  -82.395  15.517 0.4000000060
126199  15.273  -83.704  16.055 0.3000000119
1038  16.354  -82.609  15.483 0.4000000060
804  15.859  -83.319  15.841 0.4000000060
120039  14.177  -82.243  13.199 0.3000000119
1292  13.895  -81.920  14.221 0.4000000060
1278  14.626  -81.775  15.086 0.4000000060
1277  15.353  -81.667  15.161 0.4000000060
1601  14.880  -80.980  13.940 0.4000000060
1290  15.060  -81.238  14.629 0.4000000060
1289  15.968  -81.214  14.807 0.4000000060
1288  17.079  -81.095  14.624 0.3000000119
798  14.748  -84.144  16.220 0.3000000119
1037  17.325  -82.750  15.328 0.3000000119
803  16.815  -83.256  15.613 0.4000000060
1316  14.698  -81.736  12.909 0.4000000060
1276  16.800  -81.923  15.116 0.3000000119
1600  15.457  -80.767  14.209 0.4000000060
1599  16.278  -80.420  14.082 0.4000000060
797  15.783  -84.068  16.180 0.4000000060
796  16.701  -83.847  15.935 0.4000000060
1056  14.505  -82.633  12.623 0.4000000060
1275  17.861  -81.989  14.939 0.3000000119
1315  15.379  -81.318  12.500 0.4000000060
1643  15.908  -80.975  12.078 0.4000000060
1628  15.800  -80.557  12.751 0.4000000060
1612  15.553  -80.572  13.571 0.4000000060
601  16.577  -84.655  16.318 0.4000000060
802  17.594  -83.553  15.634 0.3000000119
1036  18.103  -82.870  15.339 0.3000000119
1328  15.872  -81.856  11.773 0.4000000060
1335  16.697  -82.152  11.311 0.4000000060
1327  16.489  -81.238  11.577 0.4000000060
2008  16.917  -79.756  12.296 0.4000000060
1611  16.207  -80.094  13.237 0.4000000060
419  17.815  -85.580  16.562 0.4000000060
801  18.313  -83.498  15.665 0.3000000119
599  18.488  -85.172  16.455 0.4000000060
420  16.996  -85.472  16.611 0.4000000060
600  17.600  -84.886  16.288 0.4000000060
110506  17.371  -84.227  16.007 0.4000000060
1303  15.078  -81.042  13.268 0.4000000060
138  16.953  -88.414  20.035 0.5000000000
144  15.746  -88.510  18.436 0.4000000060
168  10.436  -87.340  16.785 0.4000000060
267  18.871  -87.634  18.208 0.5000000000
281  14.031  -86.287  16.940 0.4000000060
311  21.094  -86.437  10.636 0.3000000119
450  21.287  -85.878  11.320 0.3000000119
634  20.054  -85.165  11.527 0.3000000119
791  19.840  -84.013  16.897 0.4000000060
795  18.156  -84.246  15.972 0.4000000060
879  19.237  -84.438  4.065 0.6000000238
884  19.116  -83.953  3.590 0.6999999881
1044  13.928  -82.016  14.808 0.4000000060
1046  14.360  -81.611  13.710 0.3000000119
1111  21.672  -81.599  2.460 0.6999999881
1291  14.387  -81.522  14.372 0.4000000060
1322  25.099  -83.230  11.761 0.3000000119
1326  16.971  -80.759  11.443 0.5000000000
1338  22.219  -82.374  8.842 0.3000000119
1347  15.983  -81.285  8.223 0.5000000000
1355  14.967  -81.620  7.596 0.6000000238
1379  19.174  -81.666  3.263 0.8000000119
1391  22.063  -80.863  1.897 0.6999999881
1393  19.931  -81.203  2.454 0.6999999881
1627  16.398  -80.038  12.664 0.5000000000
1642  16.447  -80.404  12.045 0.4000000060
1670  22.418  -80.273  8.728 0.5000000000
1674  16.300  -80.539  8.621 0.6000000238
1687  14.620  -81.038  7.152 0.5000000000
1695  22.596  -80.300  6.512 0.4000000060
1725  19.801  -80.265  2.469 0.6999999881
1729  23.071  -80.488  2.009 0.6000000238
1970  17.971  -79.743  13.895 0.5000000000
2018  21.235  -80.003  10.780 0.4000000060
2047  17.439  -79.419  8.658 0.6000000238
2058  22.748  -79.530  7.936 0.4000000060
2059  22.130  -79.733  7.998 0.4000000060
2100  19.708  -79.355  2.677 0.6999999881
2105  21.617  -79.831  1.954 0.5000000000
2106  20.639  -79.849  2.008 0.6999999881
2424  19.911  -78.742  10.792 0.3000000119
2436  24.144  -79.181  8.965 0.3000000119
2448  17.588  -78.448  8.767 0.8000000119
2449  14.451  -78.739  8.795 0.5000000000
2819  16.216  -76.938  10.301 0.6999999881
2821  15.001  -77.529  10.397 0.6999999881
2837  17.927  -78.112  7.996 0.8000000119
3236  13.395  -76.721  10.082 0.6000000238
3621  13.413  -75.640  11.004 0.8000000119
3622  12.744  -75.212  10.894 0.6999999881
3627  15.716  -75.077  9.727 0.6000000238
3629  11.679  -75.200  9.614 0.6000000238
4015  13.061  -74.455  11.358 0.6999999881
4466  13.436  -73.055  11.151 0.8999999762
4481  13.904  -73.257  10.845 0.8999999762
4482  12.693  -73.842  11.325 0.8000000119
4500  14.258  -73.262  9.804 0.6999999881
4502  10.659  -73.225  9.400 0.6000000238
5049  14.041  -73.062  10.284 0.8000000119
5052  10.976  -72.165  10.362 0.6999999881
5105  10.116  -72.608  7.783 0.5000000000
5122  14.788  -71.592  4.955 0.6000000238
5577  16.096  -71.403  10.039 0.5000000000
5609  13.671  -70.492  9.005 0.6000000238
5628  10.431  -71.363  7.450 0.5000000000
6084  12.160  -71.029  11.069 0.6999999881
6098  12.603  -70.462  10.816 0.8000000119
6100  11.457  -70.771  10.690 0.6999999881
6652  11.313  -69.062  8.104 0.6000000238
6673  11.389  -69.786  4.377 0.5000000000
6682  11.632  -69.169  4.201 0.6000000238
7620  4.698  -66.913  24.188 0.6000000238
7634  6.916  -67.072  23.126 0.6000000238
7635  4.617  -67.075  23.716 0.6000000238
7644  7.290  -67.210  22.645 0.6000000238
7660  6.309  -67.385  22.112 0.6000000238
7797  13.202  -67.818  9.856 0.5000000000
7864  11.250  -67.413  4.615 0.6000000238
8273  5.101  -66.565  24.341 0.6000000238
8283  4.137  -66.899  23.357 0.6000000238
8293  10.062  -66.085  22.110 0.8000000119
8295  5.296  -67.101  22.154 0.6000000238
8296  4.403  -66.802  22.501 0.5000000000
8307  9.511  -66.587  21.697 0.8000000119
8308  7.874  -67.320  21.626 0.6000000238
8309  6.925  -67.281  21.461 0.6000000238
8312  3.925  -66.253  21.904 0.5000000000
8321  9.785  -66.508  20.980 0.8000000119
8364  15.277  -66.253  15.062 0.5000000000
8386  13.348  -66.563  13.737 0.6000000238
8388  11.695  -66.330  13.608 0.5000000000
8407  8.929  -66.350  11.735 0.6000000238
8416  14.393  -64.947  10.042 0.5000000000
8426  13.661  -66.475  8.718 0.5000000000
8465  12.396  -66.093  5.488 0.5000000000
8482  12.353  -66.846  4.952 0.6000000238
8851  7.165  -65.496  23.282 0.6999999881
8852  6.415  -65.972  23.773 0.6000000238
8858  10.776  -65.617  22.070 0.8000000119
8859  9.551  -65.648  22.479 0.8000000119
8861  7.895  -65.565  22.900 0.6999999881
8870  11.912  -65.130  21.807 0.6999999881
8887  7.118  -66.175  20.135 0.6000000238
8888  6.315  -65.849  20.169 0.6000000238
8903  10.802  -65.766  20.020 0.6999999881
8905  8.375  -65.787  19.508 0.6999999881
8906  7.586  -65.658  19.568 0.5000000000
8930  15.768  -65.588  15.299 0.5000000000
8931  14.913  -65.627  15.278 0.5000000000
8932  14.221  -65.642  15.123 0.6000000238
8957  11.320  -66.027  13.963 0.5000000000
8959  9.829  -65.516  13.571 0.6000000238
8960  9.116  -65.358  13.321 0.6000000238
9004  10.773  -64.432  9.419 0.6000000238
9414  5.260  -64.211  23.960 0.5000000000
9456  14.347  -64.116  20.064 0.4000000060
9457  13.647  -64.622  20.300 0.5000000000
9458  12.893  -65.037  20.807 0.5000000000
9473  14.132  -64.442  19.486 0.4000000060
9475  12.082  -65.204  19.628 0.6000000238
9476  11.151  -65.291  19.394 0.6999999881
9490  13.592  -64.433  18.795 0.4000000060
9501  9.244  -64.415  17.947 0.8000000119
9502  8.292  -64.212  17.953 0.6999999881
9530  15.911  -64.259  15.128 0.5000000000
9535  11.298  -64.913  14.321 0.5000000000
9554  10.567  -65.190  14.033 0.6000000238
9566  7.820  -64.832  12.881 0.6000000238
9575  6.892  -64.881  11.449 0.6000000238
9583  12.647  -64.232  10.046 0.6000000238
9584  6.540  -64.188  10.675 0.6999999881
9615  10.831  -63.324  7.876 0.5000000000
10029  9.826  -63.350  22.449 0.6999999881
10045  13.026  -63.489  21.531 0.5000000000
10075  5.327  -63.241  19.545 0.5000000000
10087  6.423  -63.271  18.471 0.6000000238
10095  13.091  -63.355  17.655 0.3000000119
10098  10.583  -63.841  17.429 0.6000000238
10101  7.330  -63.203  17.364 0.6999999881
10126  15.458  -63.606  14.748 0.5000000000
10150  6.400  -63.487  12.381 0.5000000000
10679  5.919  -61.858  18.039 0.6000000238
10697  12.550  -62.731  17.140 0.5000000000
10698  11.694  -62.855  16.961 0.6000000238
10711  12.911  -62.063  16.770 0.4000000060
10713  10.940  -62.663  16.466 0.6000000238
10716  6.811  -62.315  16.581 0.8000000119
10724  7.816  -62.443  15.482 0.8000000119
10725  7.043  -62.194  15.742 0.8000000119
10732  15.042  -62.963  14.262 0.5000000000
10747  14.682  -62.387  13.654 0.5000000000
10748  13.799  -62.335  13.662 0.5000000000
10749  12.843  -62.306  13.483 0.5000000000
10750  12.048  -62.531  13.404 0.5000000000
10760  9.307  -62.143  12.119 0.6000000238
10761  7.767  -63.269  12.710 0.6000000238
10786  4.690  -62.348  9.480 0.6000000238
10787  4.197  -62.030  9.936 0.6000000238
11243  6.484  -61.294  23.890 0.5000000000
11255  12.101  -61.876  21.445 0.4000000060
11256  11.453  -61.223  21.310 0.3000000119
11315  9.309  -61.817  14.960 0.6000000238
11316  8.316  -61.961  14.901 0.6000000238
11324  8.737  -61.246  14.515 0.6999999881
11328  5.246  -60.449  15.233 0.5000000000
11340  12.803  -61.679  12.944 0.5000000000
11351  8.070  -61.525  11.993 0.6999999881
11364  9.764  -60.760  11.466 0.5000000000
11369  3.674  -60.826  11.664 0.5000000000
11926  10.878  -59.945  20.752 0.3000000119
11966  10.959  -60.857  15.045 0.5000000000
11978  6.459  -60.374  14.245 0.6000000238
12017  8.710  -59.926  11.169 0.5000000000
12670  4.415  -58.642  11.867 0.6000000238
12671  3.657  -58.606  12.237 0.5000000000
12672  2.283  -58.905  12.678 0.5000000000
13270  10.699  -58.779  20.337 0.3000000119
13317  2.059  -58.354  13.701 0.5000000000
13331  6.702  -57.490  12.524 0.5000000000
13332  5.611  -57.294  12.406 0.5000000000
13334  3.567  -57.705  12.959 0.6000000238
13335  2.799  -58.014  13.203 0.6000000238
13346  8.954  -57.627  12.061 0.5000000000
13347  8.041  -57.408  12.039 0.5000000000
13349  6.188  -56.930  11.885 0.5000000000
13350  5.349  -57.181  11.895 0.6000000238
13362  7.194  -57.514  11.346 0.5000000000
13364  5.763  -57.370  11.523 0.6000000238
13964  6.112  -58.240  21.338 0.4000000060
13983  8.025  -57.811  19.880 0.6000000238
14056  6.730  -57.078  11.537 0.5000000000
14693  9.288  -56.657  19.377 0.4000000060
14696  6.319  -56.754  18.727 0.6999999881
16028  8.665  -54.722  18.093 0.6000000238
16043  6.585  -55.071  16.863 0.4000000060
16056  5.176  -54.450  15.335 0.6000000238
16067  3.491  -53.856  15.302 0.5000000000
17500  6.693  -53.164  13.930 0.4000000060
17516  6.322  -52.890  13.365 0.3000000119
18234  6.474  -51.366  18.290 0.4000000060
18317  7.873  -52.332  11.804 0.3000000119
19932  7.416  -49.762  18.185 0.5000000000
19961  8.416  -49.391  16.764 0.4000000060
105377  15.270  -76.751  10.640 0.6999999881
105784  10.499  -72.616  9.163 0.6000000238
105926  13.323  -73.782  11.355 0.8000000119
106138  6.762  -63.706  23.195 0.8000000119
106522  5.975  -63.035  9.651 0.6000000238
107086  10.059  -65.918  19.817 0.8000000119
107668  18.344  -79.198  6.939 0.6999999881
109249  15.930  -81.918  15.311 0.4000000060
109395  7.089  -59.396  11.264 0.6000000238
110116  10.078  -61.866  15.315 0.6000000238
110846  16.168  -78.546  9.813 0.6000000238
111486  6.975  -61.776  23.289 0.6000000238
111772  9.062  -63.267  22.484 0.8000000119
113163  15.316  -75.977  10.778 0.6999999881
113644  9.963  -62.256  12.344 0.6999999881
114689  11.936  -69.777  10.753 0.6999999881
114826  6.203  -67.216  23.362 0.5000000000
115011  10.624  -70.609  8.958 0.6000000238
115640  16.779  -64.378  14.907 0.5000000000
116643  7.547  -59.005  11.101 0.6000000238
116805  11.291  -61.942  21.674 0.4000000060
117681  14.124  -70.830  6.845 0.6000000238
118393  5.605  -65.367  20.181 0.6000000238
118741  7.513  -64.804  22.981 0.6999999881
120090  7.429  -62.375  12.494 0.6999999881
120683  9.023  -64.836  22.650 0.8000000119
120906  12.627  -57.922  20.350 0.3000000119
121525  3.967  -53.713  14.907 0.5000000000
122680  9.402  -61.280  11.680 0.6000000238
123825  10.985  -70.612  10.187 0.6999999881
123992  2.951  -58.776  12.419 0.5000000000
124468  4.610  -66.537  21.780 0.5000000000
124763  6.679  -62.303  12.547 0.5000000000
124991  11.886  -65.318  5.635 0.6000000238
125289  21.064  -80.452  7.579 0.4000000060
125331  23.806  -80.428  2.077 0.6000000238
125591  10.133  -61.421  21.664 0.6000000238
125693  19.994  -80.247  10.617 0.4000000060
125892  15.817  -76.831  10.494 0.6999999881
125989  6.839  -56.388  18.298 0.6999999881
126025  6.523  -66.752  23.524 0.5000000000
126060  20.760  -80.551  1.912 0.6999999881
