#!ascii label  , from subject sub-v1s5x0050730_ses-1 vox2ras=TkReg
1131
1706  24.155  -81.135  5.162 0.5000000000
7152  18.772  -67.929  14.140 0.6000000238
7750  18.154  -67.205  14.485 0.6000000238
8376  17.650  -66.628  14.685 0.6000000238
8375  18.345  -66.390  14.471 0.6999999881
8943  17.584  -65.815  14.820 0.6000000238
8955  19.124  -65.518  13.719 0.6999999881
8942  18.459  -65.524  14.336 0.6000000238
4052  15.659  -74.747  5.895 0.5000000000
3276  18.333  -75.942  4.606 0.6000000238
3669  17.306  -75.182  4.261 0.6000000238
114881  16.209  -74.950  4.969 0.5000000000
2871  20.255  -77.088  5.435 0.5000000000
104340  19.091  -76.571  4.711 0.4000000060
3278  17.364  -76.120  4.897 0.5000000000
3654  16.846  -75.556  4.856 0.6000000238
5578  15.559  -70.472  9.957 0.5000000000
2087  24.553  -79.597  2.603 0.4000000060
6083  15.772  -70.342  10.966 0.5000000000
6614  15.541  -69.473  10.867 0.5000000000
6082  16.337  -70.967  11.836 0.6000000238
6052  17.044  -70.164  13.382 0.6000000238
6585  18.480  -69.593  13.731 0.6000000238
7167  19.038  -68.829  13.782 0.6999999881
106858  18.161  -68.788  14.088 0.6000000238
7166  19.573  -68.192  13.554 0.6999999881
7775  20.234  -68.100  12.352 0.6000000238
7776  19.989  -67.694  13.094 0.6999999881
7781  20.080  -67.658  11.294 0.6000000238
113026  20.017  -67.197  12.432 0.6000000238
112575  19.790  -66.899  13.189 0.6999999881
107543  17.131  -65.058  15.023 0.6000000238
4053  14.923  -73.403  5.071 0.5000000000
4062  15.598  -73.971  4.371 0.6000000238
3668  17.869  -75.180  4.240 0.6999999881
3670  16.484  -74.333  3.897 0.6000000238
2481  20.557  -77.921  4.650 0.4000000060
108360  16.557  -71.895  10.879 0.5000000000
5577  16.096  -71.403  10.039 0.5000000000
1373  25.221  -81.032  2.872 0.5000000000
5560  16.160  -71.193  10.921 0.5000000000
5545  17.772  -71.632  12.641 0.6999999881
5546  16.994  -71.425  12.399 0.6000000238
5544  18.501  -71.690  12.694 0.6999999881
5533  18.260  -71.094  13.144 0.6000000238
6063  17.405  -70.943  13.055 0.6000000238
5532  18.850  -70.398  13.405 0.6999999881
6051  17.904  -70.337  13.509 0.6000000238
6584  19.379  -69.566  13.445 0.6999999881
120591  20.366  -68.838  12.415 0.6000000238
6602  20.131  -69.347  12.931 0.6000000238
7187  20.488  -68.663  11.464 0.6000000238
7181  20.098  -68.495  13.028 0.6000000238
7195  20.594  -68.676  10.510 0.6000000238
7196  20.169  -68.306  10.344 0.6999999881
9565  18.718  -64.171  12.821 0.6999999881
10124  17.239  -63.938  14.380 0.5000000000
8401  19.779  -66.610  11.665 0.6999999881
8965  19.484  -65.491  12.944 0.6999999881
9552  17.828  -64.213  14.160 0.6000000238
4588  15.857  -72.570  3.254 0.5000000000
4063  15.215  -72.744  3.802 0.5000000000
4559  14.677  -72.172  4.590 0.5000000000
3681  17.280  -74.048  3.563 0.6999999881
4078  15.754  -73.154  3.389 0.6000000238
104278  19.409  -75.572  4.928 0.5000000000
3667  18.764  -74.864  4.412 0.6999999881
3680  18.274  -73.892  3.686 0.6999999881
123694  17.633  -74.589  3.930 0.6000000238
105746  21.239  -77.519  5.787 0.4000000060
3275  20.347  -76.353  5.539 0.5000000000
121662  16.750  -72.351  9.325 0.5000000000
5047  17.587  -72.960  10.774 0.5000000000
5048  16.776  -72.324  10.253 0.5000000000
5032  17.110  -72.394  11.257 0.5000000000
5019  19.126  -72.100  12.327 0.6000000238
5558  17.416  -72.112  12.032 0.5000000000
115950  19.721  -71.620  12.459 0.6999999881
5557  21.148  -71.591  11.645 0.6000000238
5542  20.418  -71.499  12.153 0.6999999881
5543  19.207  -71.236  12.929 0.6999999881
6080  21.625  -70.843  11.471 0.6000000238
6081  21.026  -70.762  11.889 0.6000000238
6062  19.826  -70.332  12.997 0.6999999881
6622  21.834  -69.585  10.831 0.6999999881
6612  21.402  -69.941  11.461 0.6000000238
118360  20.404  -69.950  12.553 0.6000000238
7209  21.991  -68.690  9.367 0.6000000238
6640  21.613  -68.971  10.179 0.6999999881
109225  20.895  -69.296  11.399 0.6999999881
7224  21.046  -68.776  8.236 0.6000000238
7210  20.943  -68.788  9.429 0.6000000238
7211  20.436  -68.610  9.604 0.6999999881
10145  17.703  -63.219  12.838 0.6000000238
125842  20.160  -68.469  9.719 0.6999999881
9564  19.161  -64.788  12.429 0.6999999881
10139  17.672  -63.668  13.691 0.6000000238
7236  20.134  -68.850  7.608 0.6999999881
7225  20.283  -68.712  8.633 0.6000000238
108232  19.725  -68.239  9.431 0.8000000119
7793  19.662  -67.755  10.071 0.6999999881
8414  19.553  -66.953  10.626 0.6999999881
8974  19.482  -65.588  11.889 0.6999999881
4576  15.392  -72.170  3.654 0.6000000238
4076  17.677  -73.146  3.365 0.6999999881
4077  16.527  -73.216  3.240 0.6000000238
3666  20.132  -75.255  5.009 0.5000000000
117054  19.526  -74.532  4.346 0.6999999881
2859  21.666  -77.172  6.236 0.4000000060
5090  16.292  -71.807  8.214 0.5000000000
110333  17.361  -72.970  9.853 0.5000000000
4464  18.456  -73.212  11.038 0.6000000238
4462  20.181  -73.114  11.084 0.6000000238
4463  19.324  -73.227  11.113 0.6999999881
5031  17.896  -72.716  11.584 0.6999999881
120257  20.985  -72.881  10.919 0.6999999881
5029  19.624  -72.671  11.692 0.6999999881
125710  21.745  -71.544  11.291 0.6000000238
5027  21.406  -72.244  11.208 0.6000000238
5028  20.533  -72.369  11.595 0.6999999881
6619  24.144  -69.388  10.159 0.6999999881
108789  22.553  -70.040  10.809 0.6999999881
6094  22.328  -70.969  11.068 0.6999999881
107382  17.442  -62.759  10.960 0.6000000238
120726  23.533  -68.506  9.596 0.6000000238
6639  23.522  -68.971  10.132 0.6999999881
6095  21.958  -70.275  11.154 0.6999999881
7829  22.551  -67.870  6.819 0.6000000238
7234  22.405  -68.244  7.414 0.6000000238
7222  23.036  -68.190  8.130 0.6000000238
105400  22.924  -68.375  9.048 0.6000000238
6621  22.558  -69.163  10.330 0.6999999881
10156  17.721  -62.894  11.914 0.6000000238
7235  21.536  -68.592  7.346 0.6000000238
7223  22.151  -68.526  8.200 0.6000000238
9591  18.211  -65.496  9.517 0.6999999881
9580  18.521  -64.884  10.335 0.6000000238
9574  18.791  -64.131  11.973 0.6999999881
10155  18.329  -63.551  12.248 0.6000000238
7846  22.159  -67.610  5.956 0.5000000000
7245  21.005  -68.565  6.437 0.6000000238
7237  19.300  -68.742  7.004 0.8000000119
105016  18.570  -68.403  7.559 0.8000000119
120153  18.368  -67.856  8.347 0.8000000119
125178  19.199  -67.225  9.753 0.8000000119
8988  18.737  -65.768  10.176 0.6999999881
126315  19.069  -65.385  10.962 0.6999999881
7226  19.575  -68.677  8.067 0.8000000119
112832  19.231  -68.291  8.583 0.8000000119
121180  17.734  -72.829  3.495 0.6999999881
5135  16.075  -72.119  3.538 0.6999999881
5120  16.731  -72.098  4.917 0.6999999881
5121  15.488  -71.773  4.232 0.6000000238
4061  19.742  -73.399  3.754 0.6999999881
114563  15.581  -71.506  5.415 0.6000000238
4060  20.230  -74.029  3.757 0.6000000238
5103  15.959  -71.520  6.820 0.5000000000
5089  16.952  -72.490  7.809 0.5000000000
13387  15.629  -57.892  8.531 0.6000000238
116956  17.608  -73.181  8.510 0.5000000000
13421  15.340  -58.834  6.727 0.5000000000
4498  17.899  -73.386  9.319 0.5000000000
108905  15.380  -60.712  6.636 0.6000000238
4496  19.592  -73.665  9.609 0.6999999881
4478  19.045  -73.520  10.373 0.6000000238
4475  21.297  -73.109  10.334 0.6999999881
4477  19.872  -73.469  10.407 0.6999999881
11385  15.841  -61.953  8.492 0.6000000238
5576  22.819  -71.545  10.610 0.6999999881
5046  21.705  -72.639  10.627 0.6000000238
106151  24.749  -69.831  9.947 0.6999999881
6093  23.993  -70.338  10.280 0.6999999881
107097  23.117  -70.632  10.623 0.6999999881
10784  17.002  -62.737  9.884 0.6000000238
109716  16.429  -62.257  9.503 0.6000000238
7207  24.341  -68.661  9.752 0.6000000238
6620  23.338  -69.714  10.458 0.6999999881
10178  17.071  -63.438  9.211 0.6000000238
10785  16.738  -62.180  10.699 0.6000000238
7815  24.180  -67.712  8.115 0.6000000238
105578  23.814  -68.084  8.934 0.6000000238
9612  16.922  -65.031  8.217 0.6999999881
9581  17.907  -63.993  9.984 0.6000000238
10167  17.556  -63.246  10.266 0.6000000238
7828  23.227  -67.837  7.521 0.6000000238
120915  16.754  -67.755  6.531 0.6000000238
8434  16.601  -66.719  7.603 0.6000000238
124270  17.688  -66.668  8.561 0.6999999881
9592  17.745  -64.900  9.242 0.6000000238
10166  18.080  -63.411  11.152 0.6000000238
7248  17.850  -68.145  5.485 0.6000000238
7816  17.432  -67.376  8.077 0.8000000119
107325  18.454  -68.521  6.465 0.6000000238
7830  17.457  -67.915  7.461 0.6999999881
8424  18.305  -66.223  9.301 0.8000000119
4586  18.584  -73.030  3.568 0.6999999881
4574  18.462  -72.666  3.947 0.6999999881
4558  18.066  -72.596  5.183 0.6999999881
114251  19.765  -73.093  3.772 0.6999999881
4075  19.160  -73.160  3.662 0.6999999881
4539  17.812  -72.954  6.577 0.6000000238
5102  16.837  -72.295  6.540 0.6000000238
13386  16.497  -58.516  9.533 0.6000000238
13359  15.409  -57.365  10.919 0.6000000238
13403  16.156  -58.555  8.217 0.6000000238
13371  15.740  -57.737  9.762 0.6000000238
4521  17.713  -73.171  7.683 0.6000000238
13420  15.816  -58.745  7.261 0.5000000000
4518  20.110  -73.730  8.851 0.6999999881
4497  18.744  -73.631  9.514 0.6999999881
114965  15.996  -60.680  6.415 0.4000000060
12057  15.685  -59.963  6.436 0.5000000000
4493  21.929  -73.025  9.902 0.6999999881
4495  20.383  -73.573  9.664 0.8000000119
11409  15.951  -61.512  6.364 0.5000000000
5068  22.674  -72.637  9.719 0.6000000238
4476  20.652  -73.310  10.378 0.6999999881
10805  15.586  -62.236  7.175 0.6000000238
5575  23.551  -71.262  10.296 0.6999999881
5044  23.158  -72.070  10.092 0.6999999881
105264  15.790  -63.994  6.447 0.6999999881
10179  16.277  -62.765  8.400 0.6000000238
6638  25.428  -69.388  9.628 0.6999999881
9022  15.606  -64.745  6.023 0.5000000000
7813  26.221  -67.567  8.265 0.6000000238
7221  24.860  -68.062  9.105 0.6000000238
115743  24.811  -69.147  9.884 0.6999999881
9613  16.195  -64.554  7.338 0.6999999881
7814  25.251  -67.535  8.301 0.6000000238
8446  15.743  -66.741  6.333 0.5000000000
9021  16.021  -65.694  6.949 0.6000000238
125843  23.582  -67.982  8.092 0.6000000238
7239  16.803  -67.671  5.690 0.6000000238
7831  16.047  -67.254  5.823 0.5000000000
9001  17.418  -65.803  8.538 0.6999999881
7257  18.754  -68.138  4.933 0.6000000238
4573  19.434  -72.855  3.947 0.6999999881
4557  19.095  -72.847  5.211 0.6999999881
109890  18.710  -73.293  6.592 0.6000000238
13370  16.300  -58.300  10.704 0.4000000060
13343  16.051  -58.257  11.757 0.5000000000
4520  18.529  -73.511  7.698 0.6000000238
126121  17.458  -59.478  9.097 0.5000000000
4037  19.905  -73.744  8.076 0.6999999881
110221  20.565  -73.678  7.984 0.6999999881
107193  18.311  -73.539  8.616 0.6000000238
12716  16.553  -59.702  7.096 0.5000000000
107559  21.765  -73.399  9.017 0.6999999881
11408  16.620  -61.812  6.358 0.4000000060
5604  25.440  -71.386  8.614 0.6999999881
5605  24.765  -71.873  8.681 0.6999999881
5067  24.022  -72.180  9.128 0.6999999881
11422  16.016  -62.310  6.192 0.6000000238
6651  26.953  -69.244  8.754 0.6999999881
6124  25.849  -70.731  8.942 0.6999999881
5590  23.818  -71.777  9.768 0.6999999881
122169  23.338  -72.400  9.450 0.6999999881
123923  16.339  -63.355  5.905 0.5000000000
112139  15.796  -63.127  6.624 0.5000000000
7219  26.660  -68.309  8.736 0.6000000238
6107  26.127  -69.782  9.229 0.6999999881
6109  24.672  -70.702  9.779 0.6999999881
10208  15.760  -63.915  5.968 0.5000000000
7825  26.514  -67.108  7.650 0.5000000000
7812  27.081  -67.746  8.093 0.6000000238
7220  25.828  -68.117  9.053 0.6000000238
4556  19.907  -72.929  5.278 0.6999999881
4538  19.465  -73.365  6.444 0.6999999881
110643  21.030  -73.483  6.594 0.6999999881
4046  19.362  -73.633  7.514 0.6999999881
13325  16.022  -58.336  12.788 0.4000000060
4537  20.131  -73.565  6.923 0.6999999881
13344  15.411  -57.454  12.284 0.6000000238
4536  21.396  -73.576  8.027 0.8000000119
5101  23.667  -72.764  7.798 0.6000000238
105139  22.099  -73.404  8.210 0.6000000238
14021  14.775  -56.999  15.178 0.6000000238
5087  24.096  -72.393  8.432 0.6999999881
5088  23.347  -72.734  8.692 0.6000000238
6123  26.628  -70.371  8.408 0.6000000238
6650  27.585  -69.169  8.091 0.6000000238
11953  12.950  -60.266  15.746 0.5000000000
7218  27.422  -68.508  8.248 0.6999999881
7824  27.411  -67.209  7.315 0.5000000000
13313  16.167  -58.347  13.810 0.4000000060
4535  22.061  -73.450  7.043 0.8000000119
13326  15.563  -57.506  13.437 0.5000000000
109226  24.025  -72.675  7.026 0.8000000119
13305  15.623  -57.491  15.715 0.4000000060
14025  15.841  -57.364  14.652 0.4000000060
4515  22.806  -73.205  7.930 0.6999999881
12623  14.287  -58.833  15.825 0.4000000060
14026  15.201  -56.905  14.826 0.5000000000
6147  27.585  -70.097  7.113 0.6000000238
5603  25.988  -71.239  8.143 0.6000000238
5086  25.307  -71.811  7.930 0.6999999881
12611  14.810  -59.387  16.238 0.4000000060
6658  27.743  -69.451  7.546 0.6000000238
6122  27.360  -69.812  8.021 0.6000000238
115539  13.540  -60.709  16.179 0.4000000060
115455  13.745  -58.405  15.439 0.6000000238
122014  27.705  -67.977  7.687 0.6000000238
8440  27.714  -66.510  7.156 0.5000000000
124303  16.501  -57.958  14.881 0.4000000060
4553  22.322  -73.242  5.791 0.8000000119
14020  16.006  -57.404  15.411 0.4000000060
4534  23.081  -73.095  6.794 0.6999999881
13297  15.268  -58.164  16.160 0.4000000060
126316  25.553  -71.785  6.603 0.6000000238
125855  24.554  -72.408  7.062 0.6999999881
5623  26.508  -71.061  7.376 0.6000000238
5624  25.802  -71.633  7.226 0.6000000238
11951  15.265  -60.202  16.533 0.4000000060
11952  14.394  -60.447  16.314 0.4000000060
6657  28.044  -68.686  7.334 0.6000000238
10710  13.807  -62.063  16.836 0.4000000060
7844  27.944  -67.005  6.569 0.4000000060
13304  16.806  -57.742  15.743 0.4000000060
5119  23.686  -72.767  6.183 0.6999999881
12609  16.950  -58.116  16.551 0.4000000060
5117  25.195  -71.920  5.967 0.6999999881
5118  24.455  -72.408  6.328 0.6000000238
12610  15.879  -58.848  16.592 0.4000000060
6148  26.999  -70.711  6.570 0.6000000238
11290  14.926  -61.999  16.862 0.4000000060
7232  28.322  -68.204  6.507 0.6000000238
10695  14.371  -62.816  17.296 0.3000000119
7843  28.322  -67.574  6.159 0.4000000060
8458  28.279  -66.327  6.292 0.4000000060
8475  28.602  -66.520  5.091 0.4000000060
11950  16.125  -60.063  16.813 0.4000000060
11299  15.615  -61.158  16.761 0.4000000060
6671  27.941  -69.327  5.255 0.6000000238
7243  28.420  -67.991  5.564 0.6000000238
6670  28.141  -68.471  4.652 0.6000000238
8474  28.914  -66.141  4.768 0.4000000060
8486  29.039  -66.458  4.194 0.5000000000
122988  13.730  -63.495  21.055 0.3000000119
9079  29.597  -65.928  4.691 0.4000000060
11941  18.369  -60.031  17.887 0.4000000060
10647  15.433  -62.347  20.191 0.3000000119
11269  12.326  -61.104  21.098 0.4000000060
12593  19.633  -59.508  18.226 0.4000000060
10660  17.882  -61.826  18.804 0.4000000060
11266  16.017  -61.583  20.255 0.3000000119
11275  16.796  -62.170  19.690 0.3000000119
111106  13.783  -61.847  20.921 0.3000000119
10648  14.582  -61.999  20.618 0.3000000119
11254  12.956  -61.832  21.219 0.3000000119
11272  18.919  -61.137  19.387 0.4000000060
11931  18.748  -61.109  20.106 0.4000000060
11274  17.576  -61.851  19.586 0.4000000060
11267  15.067  -61.323  20.485 0.3000000119
11268  14.235  -61.152  20.649 0.3000000119
14692  10.595  -56.777  19.564 0.4000000060
15359  9.428  -55.589  18.838 0.3000000119
16027  9.383  -54.896  18.436 0.3000000119
118750  13.320  -60.946  20.834 0.3000000119
109774  12.463  -60.275  20.783 0.3000000119
11919  18.298  -60.603  20.695 0.4000000060
11265  17.006  -61.456  20.242 0.4000000060
11920  16.358  -60.800  20.462 0.3000000119
11921  15.546  -60.604  20.487 0.3000000119
11922  14.695  -60.485  20.543 0.3000000119
13279  11.210  -58.252  20.175 0.3000000119
12578  14.239  -59.812  20.553 0.3000000119
15351  10.789  -55.884  19.260 0.3000000119
11924  13.378  -60.018  20.626 0.3000000119
15357  11.119  -55.156  18.935 0.4000000060
15358  10.217  -55.269  18.810 0.3000000119
16025  10.735  -54.693  18.577 0.3000000119
16026  10.101  -54.425  18.315 0.3000000119
109323  17.209  -60.506  20.622 0.4000000060
115170  16.151  -59.981  20.565 0.4000000060
12577  15.174  -59.675  20.542 0.3000000119
13997  10.889  -57.557  19.870 0.4000000060
13266  14.512  -59.024  20.546 0.3000000119
13982  11.835  -57.600  20.093 0.3000000119
113447  11.350  -57.012  19.774 0.4000000060
16715  10.840  -54.038  18.248 0.3000000119
116709  16.866  -59.367  20.700 0.4000000060
13264  16.332  -58.569  20.621 0.4000000060
118722  15.733  -58.550  20.566 0.4000000060
114049  14.765  -58.250  20.542 0.4000000060
12579  13.631  -59.199  20.532 0.3000000119
13981  13.386  -57.746  20.438 0.3000000119
13996  12.139  -56.717  19.869 0.3000000119
15349  12.365  -55.767  19.600 0.3000000119
16017  12.058  -54.920  19.137 0.5000000000
15350  11.560  -55.602  19.300 0.4000000060
113811  11.425  -54.447  18.640 0.4000000060
17461  11.264  -52.377  17.399 0.3000000119
121843  16.595  -57.865  20.654 0.4000000060
13979  15.191  -57.527  20.542 0.4000000060
13980  14.253  -57.489  20.493 0.3000000119
14683  14.007  -56.193  20.299 0.3000000119
16696  13.611  -54.524  19.524 0.3000000119
16712  14.001  -53.764  19.302 0.3000000119
13267  13.953  -58.382  20.521 0.3000000119
110763  13.607  -56.956  20.365 0.3000000119
15348  13.392  -55.488  19.856 0.3000000119
16016  12.809  -54.422  19.204 0.3000000119
16023  13.209  -53.682  18.960 0.3000000119
14684  13.050  -56.371  20.071 0.3000000119
16024  12.271  -54.062  18.776 0.3000000119
16714  11.650  -53.647  18.314 0.3000000119
121853  11.510  -51.704  16.968 0.3000000119
13961  19.680  -57.820  21.394 0.3000000119
13962  18.551  -57.533  21.141 0.3000000119
13977  16.872  -57.059  20.683 0.3000000119
14681  16.235  -56.454  20.543 0.3000000119
16015  15.216  -54.676  20.004 0.3000000119
16711  14.691  -53.449  19.224 0.3000000119
13978  16.012  -57.271  20.587 0.3000000119
16001  15.171  -55.347  20.277 0.3000000119
15347  14.389  -55.180  20.060 0.3000000119
16695  14.538  -54.240  19.643 0.3000000119
109951  13.969  -53.081  18.871 0.3000000119
17442  13.277  -52.761  18.463 0.3000000119
16713  12.500  -53.231  18.413 0.3000000119
17460  12.663  -52.365  18.009 0.3000000119
17443  11.872  -52.807  17.924 0.3000000119
18250  12.067  -51.918  17.499 0.3000000119
14667  20.115  -56.944  21.269 0.3000000119
13976  17.809  -56.828  20.790 0.3000000119
14680  17.142  -56.228  20.586 0.3000000119
16000  15.863  -55.119  20.257 0.3000000119
16694  15.386  -53.923  19.569 0.3000000119
17459  13.986  -52.268  18.314 0.3000000119
112966  13.340  -52.058  18.008 0.3000000119
18249  12.918  -51.651  17.463 0.3000000119
109720  11.266  -51.396  16.186 0.3000000119
16710  15.636  -53.125  18.957 0.3000000119
17441  14.738  -52.683  18.656 0.3000000119
106197  13.292  -51.219  16.731 0.3000000119
119585  12.270  -51.307  16.691 0.3000000119
18286  12.057  -51.001  15.348 0.3000000119
17440  15.509  -52.374  18.278 0.3000000119
17458  14.757  -51.948  17.967 0.3000000119
18248  13.914  -51.593  17.493 0.3000000119
16709  16.669  -53.175  18.811 0.3000000119
17457  15.608  -51.885  17.497 0.3000000119
18247  14.931  -51.533  17.040 0.3000000119
18268  14.271  -51.239  16.435 0.3000000119
19133  13.635  -51.015  15.828 0.3000000119
18285  12.847  -51.025  16.057 0.3000000119
1716  24.827  -81.439  3.878 0.5000000000
1383  24.591  -80.805  2.477 0.5000000000
2095  24.471  -79.927  2.214 0.4000000060
112231  19.391  -66.726  13.728 0.6999999881
9550  19.004  -64.838  13.291 0.6999999881
2480  21.712  -78.292  5.243 0.4000000060
1724  25.199  -80.301  2.438 0.5000000000
4479  18.183  -73.397  10.212 0.5000000000
4517  20.888  -73.608  8.913 0.8000000119
4519  19.252  -73.739  8.620 0.6999999881
124515  22.859  -72.820  9.196 0.6000000238
5588  25.162  -71.136  9.239 0.6999999881
12612  13.880  -59.867  15.932 0.4000000060
107408  26.959  -66.619  7.603 0.5000000000
6666  28.020  -69.491  6.616 0.6000000238
5641  26.139  -71.420  6.115 0.6000000238
6160  27.603  -70.161  5.888 0.6000000238
10694  15.487  -62.916  17.523 0.3000000119
7858  28.464  -67.188  5.141 0.4000000060
7868  28.598  -67.097  4.184 0.4000000060
11280  18.541  -61.251  18.714 0.4000000060
13263  17.125  -58.505  20.756 0.3000000119
14668  19.309  -56.989  21.189 0.3000000119
5666  25.407  -71.372  4.185 0.5000000000
5132  24.936  -71.875  4.859 0.5000000000
107477  23.872  -72.631  5.305 0.6999999881
4569  22.916  -73.052  5.179 0.6999999881
4554  21.524  -73.248  5.296 0.6000000238
5653  25.578  -71.565  5.200 0.5000000000
117346  24.564  -72.249  5.427 0.6000000238
4572  20.364  -73.330  3.760 0.6000000238
5134  23.172  -72.990  3.819 0.6999999881
117680  22.153  -73.447  3.622 0.6000000238
4571  20.968  -73.297  3.824 0.6000000238
4570  21.799  -73.297  4.329 0.6999999881
109427  20.134  -72.866  4.225 0.6000000238
5652  26.047  -71.111  4.771 0.5000000000
5145  23.157  -73.690  2.222 0.6999999881
4585  22.147  -73.855  2.554 0.6999999881
105793  21.452  -73.833  3.001 0.6000000238
4074  20.988  -73.767  3.519 0.6000000238
5144  23.891  -72.767  2.895 0.6000000238
5156  24.702  -72.975  2.025 0.6000000238
6171  26.279  -70.444  3.937 0.5000000000
5157  23.980  -73.610  1.851 0.6999999881
123315  22.037  -74.274  2.515 0.6000000238
6681  26.935  -69.975  3.589 0.5000000000
6170  27.081  -69.751  4.267 0.5000000000
106032  28.119  -68.483  3.433 0.5000000000
6680  27.429  -69.314  3.583 0.5000000000
7270  28.717  -67.822  3.479 0.4000000060
8377  16.785  -66.534  14.893 0.4000000060
7153  17.757  -68.006  14.376 0.4000000060
7751  17.274  -67.285  14.592 0.4000000060
7154  16.854  -68.000  14.303 0.5000000000
7168  17.255  -68.718  14.073 0.5000000000
7169  16.445  -68.545  13.803 0.5000000000
6679  27.960  -68.524  3.608 0.5000000000
6587  16.745  -69.327  13.590 0.5000000000
7782  15.462  -67.856  10.787 0.6000000238
6064  16.638  -70.627  12.689 0.5000000000
6603  16.333  -69.815  12.982 0.5000000000
108689  15.656  -69.085  11.657 0.5000000000
8378  15.781  -66.814  14.728 0.5000000000
7752  16.355  -67.374  14.492 0.5000000000
7753  15.414  -67.478  13.915 0.5000000000
7170  15.793  -68.201  13.356 0.5000000000
6588  16.068  -68.995  13.148 0.5000000000
7767  15.375  -67.645  12.730 0.5000000000
7777  15.430  -67.673  11.698 0.5000000000
7271  28.427  -67.808  3.705 0.5000000000
7182  15.651  -68.480  12.374 0.5000000000
7873  29.796  -67.526  3.567 0.4000000060
125481  28.941  -67.237  3.640 0.4000000060
10140  17.003  -63.420  14.033 0.5000000000
125663  14.683  -66.981  13.925 0.5000000000
117050  27.526  -68.952  3.987 0.5000000000
7867  28.747  -67.106  3.836 0.4000000060
10754  16.997  -62.603  12.460 0.5000000000
10756  15.776  -62.090  12.726 0.5000000000
11337  15.099  -61.952  12.982 0.5000000000
107805  16.371  -62.556  13.082 0.5000000000
10773  16.542  -62.108  11.763 0.5000000000
11363  15.430  -61.291  11.445 0.5000000000
11362  16.080  -61.629  11.064 0.5000000000
12028  14.874  -60.641  10.828 0.5000000000
11997  14.831  -61.090  11.797 0.5000000000
11345  13.997  -61.352  12.596 0.4000000060
11378  15.461  -61.114  10.213 0.5000000000
117553  14.195  -60.447  11.366 0.6000000238
11998  13.677  -60.815  12.052 0.6000000238
11377  16.049  -61.683  9.818 0.5000000000
12035  14.715  -60.372  9.189 0.5000000000
12029  14.224  -59.867  10.216 0.5000000000
12012  13.285  -60.117  11.476 0.6000000238
11999  12.778  -60.693  12.013 0.6000000238
11347  12.337  -61.248  12.449 0.5000000000
11348  11.199  -60.719  11.736 0.5000000000
105954  10.548  -60.995  11.704 0.5000000000
11386  15.305  -61.223  8.582 0.5000000000
108548  14.728  -60.577  7.735 0.5000000000
12036  14.262  -59.872  7.494 0.5000000000
117973  14.006  -59.549  8.889 0.5000000000
12706  13.835  -58.759  7.813 0.6000000238
12681  13.562  -59.576  10.666 0.6000000238
12682  12.809  -59.361  10.952 0.6000000238
12000  11.889  -60.681  11.938 0.6000000238
126234  10.823  -60.347  11.467 0.5000000000
13329  8.721  -58.048  12.549 0.5000000000
12016  9.403  -59.931  11.176 0.5000000000
11398  15.140  -61.018  7.229 0.5000000000
124328  14.496  -59.811  6.759 0.5000000000
13405  14.372  -58.047  7.259 0.6000000238
13388  13.673  -57.467  7.872 0.6000000238
14089  13.202  -55.874  8.795 0.6000000238
12697  12.962  -58.513  10.013 0.6000000238
13390  12.631  -56.386  9.320 0.6000000238
12698  12.224  -58.614  10.507 0.6000000238
13373  12.339  -57.609  9.940 0.6000000238
12683  11.839  -59.443  11.067 0.6000000238
12684  10.854  -59.622  11.194 0.5000000000
12015  10.207  -60.203  11.333 0.5000000000
12685  10.018  -59.465  11.190 0.5000000000
13375  10.128  -58.129  11.439 0.5000000000
13377  8.478  -58.786  11.177 0.5000000000
13361  8.065  -57.966  11.483 0.5000000000
14100  14.624  -57.247  7.882 0.6000000238
14101  13.971  -56.526  8.271 0.6000000238
14784  13.210  -55.414  9.145 0.6000000238
14760  12.999  -55.219  10.967 0.6000000238
14090  13.023  -55.320  9.397 0.6000000238
120768  12.108  -56.846  10.106 0.6000000238
14762  12.329  -55.963  10.868 0.6000000238
13374  11.725  -57.764  10.497 0.5000000000
14075  11.658  -56.882  10.722 0.5000000000
112590  10.894  -58.099  10.946 0.5000000000
14053  10.624  -57.432  11.890 0.5000000000
14042  10.846  -57.533  12.455 0.6000000238
13360  9.145  -57.926  11.730 0.5000000000
13345  9.908  -57.683  12.138 0.5000000000
13328  10.275  -58.226  12.927 0.5000000000
12638  9.906  -59.766  13.859 0.5000000000
14061  13.562  -55.521  10.883 0.6000000238
14751  12.969  -55.568  12.063 0.6000000238
14752  12.645  -55.816  12.117 0.6000000238
14753  12.176  -56.142  11.713 0.6000000238
13327  11.180  -58.097  13.323 0.6000000238
12637  10.681  -59.113  13.771 0.5000000000
14051  13.984  -55.995  12.217 0.6000000238
14041  11.733  -57.175  12.899 0.6000000238
14027  14.456  -56.619  14.531 0.6000000238
14743  13.922  -56.021  13.174 0.6000000238
14028  13.857  -56.592  14.546 0.6000000238
14029  12.715  -57.287  14.129 0.6000000238
14030  12.091  -57.745  13.685 0.6000000238
12636  11.441  -59.615  14.477 0.5000000000
14022  13.916  -57.396  15.196 0.6000000238
13315  12.545  -58.248  14.434 0.6000000238
119169  13.134  -58.922  15.223 0.6000000238
13316  11.689  -58.729  14.041 0.6000000238
11964  12.136  -60.346  15.403 0.6000000238
11313  11.550  -61.053  15.553 0.5000000000
11312  12.329  -60.950  15.872 0.4000000060
113147  20.717  -73.001  4.608 0.6000000238
6161  26.764  -70.667  5.256 0.5000000000
124183  28.121  -69.097  3.155 0.5000000000
12696  13.522  -58.999  9.420 0.6000000238
12707  13.243  -57.938  8.715 0.6000000238
12699  11.340  -58.734  10.846 0.6000000238
14076  10.987  -57.545  11.295 0.5000000000
14744  13.334  -55.848  13.046 0.6000000238
14745  12.915  -55.915  12.869 0.6000000238
12635  12.179  -59.206  14.645 0.6000000238
11965  11.456  -60.337  14.996 0.6000000238
1693  24.661  -80.728  5.993 0.4000000060
2054  26.986  -80.456  7.466 0.5000000000
2069  26.294  -80.630  6.774 0.4000000060
1692  25.860  -81.100  5.814 0.4000000060
1704  26.562  -81.294  4.650 0.4000000060
1705  25.373  -81.377  4.864 0.4000000060
1682  28.376  -80.902  7.186 0.5000000000
2041  27.313  -80.115  8.324 0.5000000000
1691  27.186  -81.265  5.561 0.5000000000
111674  27.003  -80.935  3.779 0.5000000000
1715  26.035  -81.172  3.584 0.4000000060
1689  28.579  -80.630  6.338 0.5000000000
1690  28.322  -80.684  5.249 0.5000000000
1702  28.188  -80.192  4.193 0.5000000000
1714  27.590  -80.289  3.566 0.5000000000
1722  26.725  -80.434  3.097 0.4000000060
2094  26.170  -79.964  2.596 0.4000000060
2067  28.878  -80.202  6.334 0.5000000000
2079  28.532  -79.491  4.553 0.5000000000
2474  28.356  -78.398  4.791 0.5000000000
2084  28.023  -79.406  3.692 0.5000000000
2085  27.136  -79.569  3.093 0.5000000000
112277  25.348  -79.796  2.548 0.4000000060
3679  20.861  -74.825  4.430 0.5000000000
3274  20.843  -75.875  5.527 0.4000000060
3265  21.238  -76.617  6.059 0.4000000060
3264  22.074  -76.638  6.265 0.4000000060
2467  22.147  -77.783  6.028 0.4000000060
2479  22.712  -78.419  5.419 0.4000000060
2487  28.188  -78.629  4.076 0.5000000000
2478  23.756  -78.452  5.442 0.4000000060
113072  23.355  -78.884  4.517 0.4000000060
2088  23.553  -79.355  3.278 0.4000000060
2475  27.583  -78.409  4.223 0.4000000060
2488  26.899  -78.921  3.562 0.5000000000
118198  25.294  -79.411  2.976 0.4000000060
2086  26.151  -79.498  2.959 0.4000000060
3653  21.565  -75.956  5.655 0.4000000060
2858  22.557  -77.208  6.398 0.4000000060
2466  23.112  -77.779  6.165 0.4000000060
2869  28.045  -77.942  4.804 0.4000000060
2477  24.934  -78.469  5.265 0.4000000060
2490  24.453  -79.104  4.032 0.4000000060
2870  27.167  -77.636  5.202 0.4000000060
2476  26.281  -78.375  4.773 0.4000000060
2489  25.689  -78.990  3.882 0.4000000060
3665  21.761  -75.536  5.005 0.4000000060
119120  23.287  -76.003  5.888 0.4000000060
2857  23.519  -77.020  6.534 0.4000000060
2856  24.607  -76.978  6.512 0.4000000060
2465  24.168  -77.709  6.167 0.4000000060
2855  26.646  -76.739  6.111 0.4000000060
2464  25.496  -77.559  5.943 0.4000000060
4073  21.322  -74.167  3.217 0.5000000000
3678  21.641  -74.983  3.501 0.5000000000
4072  22.061  -74.593  2.558 0.6000000238
3677  22.360  -75.260  2.920 0.5000000000
3263  23.418  -76.385  6.286 0.4000000060
3651  24.114  -75.909  6.182 0.4000000060
111919  25.050  -75.584  6.348 0.4000000060
114264  26.645  -75.683  6.526 0.4000000060
4059  23.163  -75.561  3.311 0.4000000060
4071  22.870  -75.146  2.208 0.5000000000
4058  24.173  -75.399  4.048 0.4000000060
3650  24.817  -75.161  5.967 0.4000000060
4070  23.922  -75.316  2.389 0.5000000000
4069  24.957  -75.094  2.922 0.4000000060
109028  23.680  -74.949  1.811 0.6000000238
4596  23.690  -74.438  1.645 0.6000000238
4568  25.730  -74.383  3.934 0.4000000060
5133  24.210  -72.393  4.403 0.5000000000
14087  15.161  -57.235  8.849 0.5000000000
14073  14.463  -56.230  10.363 0.5000000000
14736  14.554  -56.465  14.038 0.5000000000
14072  15.006  -56.852  9.664 0.5000000000
14038  14.753  -56.567  13.066 0.5000000000
114802  14.286  -56.155  9.408 0.5000000000
1683  27.859  -81.105  6.424 0.5000000000
3652  22.529  -76.087  5.909 0.4000000060
118343  22.825  -76.686  6.399 0.4000000060
3664  22.540  -75.685  4.708 0.4000000060
3663  23.710  -75.740  5.305 0.4000000060
3262  24.271  -76.382  6.415 0.4000000060
3261  25.345  -76.274  6.499 0.4000000060
113918  24.910  -74.949  1.865 0.6000000238
4057  25.089  -74.676  4.987 0.5000000000
4602  25.304  -74.525  1.690 0.5000000000
6187  32.650  -71.425  1.241 0.3000000119
126242  31.310  -71.572  1.572 0.3000000119
6696  30.746  -71.439  1.758 0.3000000119
6695  31.781  -70.950  1.452 0.3000000119
116398  32.519  -69.930  1.605 0.3000000119
6699  34.219  -70.358  1.182 0.3000000119
6694  33.330  -70.187  1.332 0.3000000119
6189  31.117  -72.306  1.715 0.3000000119
125463  30.489  -72.661  2.107 0.4000000060
122212  29.839  -72.398  1.996 0.4000000060
6188  31.761  -71.972  1.545 0.3000000119
6697  29.877  -71.145  2.190 0.4000000060
6183  26.499  -70.710  3.309 0.4000000060
5665  25.833  -71.189  3.423 0.4000000060
5692  33.235  -71.884  1.132 0.3000000119
6688  30.193  -69.904  2.464 0.3000000119
107081  28.994  -69.241  2.994 0.4000000060
7267  32.688  -68.545  2.392 0.3000000119
7274  30.820  -69.108  2.672 0.3000000119
125890  29.767  -72.909  2.207 0.4000000060
5154  28.488  -73.263  2.581 0.4000000060
5166  25.643  -73.664  1.706 0.4000000060
5679  25.498  -72.197  2.545 0.4000000060
5684  30.898  -72.691  1.899 0.4000000060
5685  28.925  -72.949  2.409 0.4000000060
5687  26.202  -72.832  2.142 0.4000000060
5678  26.221  -71.748  2.675 0.4000000060
5675  31.465  -72.270  1.777 0.3000000119
6190  28.910  -72.182  2.299 0.4000000060
5677  27.026  -71.607  2.617 0.4000000060
5143  24.714  -71.974  3.449 0.4000000060
5683  32.641  -71.966  1.538 0.3000000119
6182  27.046  -70.493  3.077 0.4000000060
125182  25.306  -71.549  3.386 0.4000000060
5682  33.617  -72.078  1.208 0.3000000119
6690  27.271  -69.732  3.441 0.4000000060
5140  28.617  -73.322  2.746 0.4000000060
4601  26.275  -74.375  1.870 0.4000000060
5663  29.683  -72.861  2.678 0.4000000060
5676  29.170  -72.998  2.465 0.4000000060
5155  27.971  -73.556  2.525 0.4000000060
6179  32.219  -71.801  2.552 0.3000000119
5662  30.478  -72.749  2.232 0.4000000060
108595  34.383  -72.251  2.717 0.3000000119
5673  33.529  -72.086  1.915 0.3000000119
5681  34.467  -72.247  1.154 0.3000000119
4584  25.882  -74.713  2.324 0.4000000060
5142  27.392  -73.980  2.569 0.4000000060
7269  29.820  -68.567  3.128 0.3000000119
115137  30.610  -68.190  3.216 0.3000000119
5167  24.583  -74.070  1.555 0.4000000060
4583  26.645  -74.269  3.007 0.4000000060
119029  30.652  -72.411  1.809 0.3000000119
125163  33.309  -69.192  1.893 0.3000000119
6191  27.934  -71.810  2.466 0.4000000060
6698  28.688  -70.464  2.704 0.4000000060
5165  26.758  -73.780  1.949 0.4000000060
5163  27.987  -72.938  2.299 0.4000000060
6180  31.264  -72.409  2.312 0.3000000119
5674  32.467  -72.079  1.781 0.3000000119
6178  33.227  -71.374  3.197 0.3000000119
1648  25.512  -80.536  11.111 0.3000000119
116978  25.229  -81.794  11.247 0.3000000119
2002  26.056  -80.287  11.380 0.3000000119
2015  25.581  -79.753  10.657 0.3000000119
2016  24.799  -80.179  10.408 0.3000000119
1635  27.228  -81.045  12.336 0.3000000119
1636  26.514  -81.155  12.115 0.3000000119
1637  25.887  -81.435  11.807 0.3000000119
2000  27.786  -80.441  11.672 0.3000000119
2001  26.864  -80.241  11.581 0.3000000119
2029  25.036  -79.340  9.980 0.3000000119
115317  25.411  -79.903  7.318 0.3000000119
1311  27.794  -82.635  13.874 0.3000000119
1312  26.999  -83.030  13.787 0.3000000119
113005  27.997  -81.118  12.432 0.3000000119
1622  27.607  -82.069  13.096 0.3000000119
1624  26.190  -82.761  12.742 0.3000000119
2028  26.142  -79.305  9.840 0.3000000119
2042  26.148  -79.630  8.189 0.3000000119
2014  26.526  -79.663  10.741 0.3000000119
2013  27.496  -79.918  10.804 0.3000000119
2027  28.520  -80.341  9.758 0.3000000119
113685  28.068  -80.329  8.937 0.3000000119
120527  26.930  -79.615  9.246 0.3000000119
2454  28.657  -79.372  6.459 0.4000000060
1681  28.973  -80.494  7.175 0.4000000060
1625  24.302  -81.633  13.172 0.3000000119
1323  23.141  -81.898  12.190 0.3000000119
1321  25.537  -83.043  12.343 0.3000000119
1596  26.356  -81.888  14.750 0.3000000119
1286  26.224  -82.714  14.419 0.3000000119
1609  25.004  -81.809  13.738 0.3000000119
1314  24.098  -82.603  12.805 0.3000000119
1284  27.556  -82.404  14.940 0.3000000119
1300  26.422  -83.092  14.075 0.3000000119
1301  25.736  -82.978  13.952 0.3000000119
1054  24.554  -83.388  12.643 0.3000000119
121120  26.372  -83.115  13.553 0.3000000119
1053  25.011  -83.484  12.507 0.3000000119
1313  25.746  -83.139  13.325 0.3000000119
1322  25.099  -83.230  11.761 0.3000000119
2434  25.482  -79.146  9.363 0.3000000119
1299  27.175  -82.873  14.397 0.3000000119
109262  27.217  -79.639  9.962 0.3000000119
1993  23.844  -80.333  12.816 0.3000000119
1061  24.720  -83.580  11.624 0.3000000119
1285  26.784  -82.661  14.718 0.3000000119
1608  25.683  -81.896  14.319 0.3000000119
1302  24.995  -83.086  13.271 0.3000000119
820  24.435  -83.785  12.182 0.3000000119
1669  28.753  -80.760  7.902 0.3000000119
4492  27.759  -74.158  9.043 0.3000000119
4027  27.833  -74.999  9.582 0.3000000119
3626  27.462  -75.914  9.225 0.3000000119
3242  27.511  -76.741  7.648 0.4000000060
2844  27.869  -77.101  6.654 0.4000000060
121104  28.129  -77.397  5.946 0.3000000119
4028  27.406  -74.960  8.755 0.3000000119
3633  27.299  -75.484  8.190 0.4000000060
105399  27.471  -75.901  7.276 0.4000000060
3251  27.400  -75.770  6.721 0.4000000060
2854  27.840  -77.220  5.647 0.3000000119
4050  26.571  -74.273  6.408 0.4000000060
3649  25.850  -74.787  6.368 0.3000000119
4018  29.191  -74.552  10.620 0.3000000119
4474  28.866  -74.092  10.097 0.3000000119
3617  28.232  -75.718  10.159 0.4000000060
3234  27.561  -77.053  8.864 0.4000000060
2836  27.757  -77.639  7.903 0.3000000119
2455  28.155  -78.262  6.938 0.3000000119
4490  29.214  -73.441  9.802 0.3000000119
4491  28.524  -73.741  9.481 0.3000000119
4513  28.185  -73.334  8.829 0.3000000119
4514  27.681  -73.565  8.254 0.3000000119
111844  27.431  -74.278  8.181 0.3000000119
3641  27.454  -75.204  7.099 0.4000000060
5085  28.018  -72.949  8.221 0.3000000119
5098  27.801  -73.130  7.530 0.3000000119
4532  27.517  -73.796  7.455 0.3000000119
111761  27.427  -74.347  7.379 0.4000000060
3648  27.135  -74.983  6.703 0.4000000060
4550  27.394  -73.328  6.628 0.3000000119
5130  27.448  -72.693  4.585 0.3000000119
5116  26.832  -72.962  5.445 0.4000000060
4551  26.454  -73.689  6.053 0.4000000060
4051  25.722  -74.386  6.042 0.4000000060
5651  28.238  -72.770  3.797 0.3000000119
4567  26.263  -73.590  4.795 0.4000000060
5131  27.077  -73.446  3.806 0.3000000119
3604  32.459  -76.188  13.239 0.3000000119
3605  32.055  -76.093  12.610 0.3000000119
3220  31.434  -76.977  11.617 0.3000000119
2811  30.773  -77.606  10.933 0.3000000119
4012  29.892  -74.410  11.164 0.3000000119
113273  30.326  -75.168  11.449 0.3000000119
3611  29.888  -75.935  11.225 0.3000000119
2817  29.899  -77.930  10.335 0.3000000119
5042  30.429  -72.484  10.460 0.3000000119
4472  30.204  -73.063  10.849 0.3000000119
109373  29.505  -75.180  11.012 0.3000000119
3616  29.056  -75.879  10.760 0.3000000119
3224  28.657  -76.496  10.402 0.3000000119
2826  28.329  -77.661  9.445 0.3000000119
2431  28.803  -78.463  8.992 0.3000000119
114690  28.778  -79.304  7.365 0.3000000119
2040  29.639  -79.896  7.901 0.3000000119
1680  29.376  -80.192  7.650 0.3000000119
5043  29.851  -73.027  10.130 0.3000000119
5115  27.477  -72.531  5.978 0.3000000119
5639  28.414  -71.603  6.030 0.3000000119
5640  27.877  -72.097  5.234 0.3000000119
6159  29.287  -71.831  4.207 0.3000000119
5664  29.016  -72.944  3.204 0.3000000119
5141  28.026  -73.543  3.091 0.3000000119
125681  32.056  -75.496  12.974 0.3000000119
4011  31.586  -75.231  12.418 0.3000000119
3609  31.552  -76.051  12.070 0.3000000119
125277  30.799  -74.318  11.700 0.3000000119
3610  30.782  -75.982  11.591 0.3000000119
1667  29.778  -80.179  8.285 0.3000000119
3577  32.732  -75.565  14.757 0.3000000119
4003  32.303  -75.302  13.721 0.3000000119
3593  31.802  -74.719  12.975 0.3000000119
122828  31.265  -74.756  12.057 0.3000000119
4460  30.745  -73.272  11.567 0.3000000119
3990  32.292  -74.526  14.491 0.3000000119
4004  31.890  -74.152  13.659 0.3000000119
115772  31.581  -73.777  12.887 0.3000000119
4008  31.374  -74.290  12.307 0.3000000119
2053  29.175  -80.078  7.071 0.3000000119
2078  28.620  -79.366  5.507 0.3000000119
2463  28.350  -78.325  5.752 0.3000000119
2853  28.003  -76.946  5.959 0.3000000119
3260  27.522  -76.524  6.353 0.4000000060
4552  25.768  -74.040  5.388 0.4000000060
6169  30.094  -71.685  3.854 0.3000000119
110000  28.279  -74.374  9.713 0.3000000119
4019  28.499  -74.813  10.175 0.3000000119
3250  27.645  -76.461  6.597 0.4000000060
4533  27.285  -74.059  6.788 0.4000000060
4473  29.605  -73.712  10.567 0.3000000119
117902  28.858  -75.213  10.582 0.3000000119
3233  28.016  -76.731  9.835 0.3000000119
2432  28.128  -78.036  8.650 0.4000000060
2444  28.226  -78.430  7.875 0.3000000119
5065  29.576  -73.046  9.378 0.3000000119
5066  28.878  -73.120  9.168 0.3000000119
5084  28.560  -72.717  8.535 0.3000000119
5650  28.505  -71.889  4.674 0.3000000119
3221  30.452  -76.623  11.252 0.3000000119
123056  29.581  -76.809  10.785 0.3000000119
2818  28.841  -77.350  10.179 0.3000000119
6146  29.056  -71.137  5.587 0.3000000119
6065  15.983  -70.005  11.972 0.4000000060
1390  24.309  -80.364  2.183 0.5000000000
1623  26.883  -82.297  12.911 0.3000000119
1668  29.271  -80.514  7.852 0.3000000119
1703  27.637  -80.946  4.407 0.5000000000
1723  25.930  -80.585  2.804 0.4000000060
2055  25.979  -79.918  7.554 0.3000000119
2068  28.676  -80.192  5.587 0.5000000000
2433  26.202  -79.363  8.954 0.3000000119
2435  24.772  -79.106  9.272 0.3000000119
2443  28.927  -78.970  8.226 0.3000000119
2860  20.947  -77.016  6.045 0.4000000060
2868  28.125  -77.596  5.395 0.3000000119
3277  17.788  -76.225  4.666 0.5000000000
4036  27.331  -74.822  7.872 0.3000000119
4045  27.398  -74.622  6.924 0.4000000060
4079  15.536  -72.592  3.387 0.5000000000
4090  24.408  -74.649  1.671 0.4000000060
4461  30.208  -73.717  11.219 0.3000000119
4494  21.153  -73.396  9.720 0.6999999881
4516  22.535  -73.159  8.758 0.6000000238
4555  20.463  -73.117  5.504 0.6999999881
4575  17.293  -72.410  3.781 0.6999999881
4587  16.608  -72.616  3.318 0.6999999881
4593  27.135  -74.001  2.249 0.4000000060
4594  26.606  -74.413  2.129 0.4000000060
4595  25.860  -74.617  1.866 0.5000000000
4597  22.641  -74.624  1.994 0.6000000238
5018  19.898  -72.104  12.114 0.6999999881
5020  18.217  -72.244  12.232 0.6999999881
5030  18.759  -72.764  11.716 0.6999999881
5045  22.431  -72.367  10.346 0.6999999881
5069  17.150  -72.754  8.883 0.5000000000
5099  25.110  -72.130  7.019 0.6000000238
5100  24.528  -72.325  7.736 0.6999999881
5114  28.089  -72.256  6.510 0.3000000119
5146  15.906  -72.341  3.326 0.5000000000
5164  27.677  -73.585  2.335 0.4000000060
5556  22.127  -71.927  10.937 0.6999999881
5559  16.732  -71.740  11.625 0.6000000238
5574  24.148  -71.124  9.995 0.6999999881
5589  24.469  -71.490  9.464 0.6999999881
5672  34.409  -72.374  1.621 0.3000000119
5686  27.013  -72.798  2.247 0.4000000060
5691  33.907  -71.856  0.871 0.3000000119
6061  20.448  -70.617  12.399 0.6000000238
6108  25.359  -70.280  9.503 0.6999999881
6137  27.070  -70.449  7.565 0.6000000238
6181  27.811  -70.504  2.875 0.4000000060
6586  17.575  -69.519  13.777 0.5000000000
6601  20.583  -69.370  12.172 0.6000000238
6604  15.900  -69.315  12.463 0.5000000000
6613  20.867  -69.984  12.032 0.6000000238
6623  21.057  -69.028  10.587 0.6999999881
6637  26.126  -68.854  9.328 0.6000000238
6665  28.354  -68.749  6.091 0.6000000238
6689  27.749  -69.214  3.338 0.5000000000
6693  34.068  -69.231  1.736 0.3000000119
7206  25.280  -68.679  9.527 0.6999999881
7208  22.934  -68.666  9.801 0.6000000238
7233  28.141  -67.806  7.001 0.4000000060
7238  17.603  -68.191  6.555 0.6000000238
7244  21.847  -68.209  6.568 0.5000000000
7246  20.036  -68.760  6.426 0.8000000119
7247  18.976  -68.562  5.837 0.6000000238
7254  28.308  -67.712  4.196 0.6000000238
7749  18.926  -66.979  14.192 0.6999999881
7765  19.474  -67.394  13.679 0.6999999881
7766  16.136  -67.940  14.008 0.5000000000
7794  18.963  -66.549  9.958 0.6999999881
7802  19.136  -67.781  9.169 0.8000000119
7817  16.426  -67.434  7.036 0.6000000238
7832  15.948  -67.090  5.497 0.5000000000
7848  17.101  -67.583  5.271 0.6000000238
8374  19.041  -66.221  14.077 0.6999999881
8384  19.508  -66.185  13.415 0.6999999881
8391  19.773  -66.304  12.633 0.6999999881
8487  28.799  -66.651  4.298 0.5000000000
8495  29.303  -66.850  3.856 0.4000000060
8956  18.715  -64.958  13.928 0.6999999881
8975  18.993  -64.774  11.456 0.6999999881
8987  19.325  -66.102  10.896 0.6999999881
9528  18.170  -64.754  14.272 0.6000000238
9529  17.504  -64.567  14.598 0.6000000238
9551  18.384  -64.299  13.650 0.6000000238
9653  15.799  -64.318  5.738 0.5000000000
10138  18.239  -63.724  13.096 0.6000000238
10196  16.284  -63.672  7.740 0.6999999881
10221  15.963  -63.714  5.817 0.5000000000
10649  14.122  -62.712  20.820 0.3000000119
10744  17.047  -63.063  13.361 0.6000000238
10745  16.408  -63.019  13.856 0.5000000000
10755  16.314  -62.218  12.424 0.5000000000
10758  11.403  -61.394  12.271 0.5000000000
10772  17.123  -62.462  11.597 0.6000000238
10806  15.527  -61.620  6.816 0.5000000000
10814  15.804  -62.336  6.466 0.6000000238
10829  15.921  -63.072  6.177 0.5000000000
11273  18.320  -61.499  19.469 0.4000000060
11300  14.109  -61.298  16.531 0.4000000060
11301  13.250  -61.401  16.467 0.4000000060
11343  15.918  -61.789  12.002 0.5000000000
11344  15.306  -61.603  12.268 0.5000000000
11923  13.981  -60.479  20.608 0.3000000119
11930  19.516  -60.733  19.808 0.4000000060
11932  17.932  -61.317  20.244 0.4000000060
11936  19.329  -60.656  18.919 0.4000000060
11937  18.925  -60.268  18.327 0.4000000060
11975  9.367  -60.100  13.920 0.5000000000
12013  12.357  -60.057  11.523 0.6000000238
12014  11.465  -60.148  11.477 0.5000000000
12030  9.261  -59.163  11.142 0.5000000000
12031  8.830  -59.404  11.138 0.5000000000
12047  14.675  -60.319  6.924 0.5000000000
12048  14.375  -59.214  6.895 0.6000000238
12056  16.380  -60.347  6.601 0.5000000000
12058  14.910  -59.899  6.536 0.6000000238
12624  13.417  -59.347  15.545 0.5000000000
12625  12.622  -59.570  15.228 0.6000000238
12626  11.964  -59.850  14.954 0.6000000238
12653  9.230  -59.533  13.632 0.5000000000
12669  16.551  -58.797  12.291 0.4000000060
12700  9.985  -58.763  11.221 0.5000000000
12705  16.917  -59.031  8.808 0.5000000000
12717  16.479  -59.094  7.747 0.5000000000
12725  15.832  -59.216  6.758 0.5000000000
12726  15.174  -59.302  6.453 0.5000000000
12727  14.718  -59.417  6.552 0.5000000000
13265  15.241  -58.808  20.554 0.4000000060
13295  16.601  -57.681  15.995 0.4000000060
13296  16.139  -57.871  16.235 0.4000000060
13306  14.639  -57.735  15.658 0.6000000238
13307  13.205  -58.210  15.007 0.6000000238
13314  13.240  -57.352  14.627 0.6000000238
13372  12.741  -57.474  9.220 0.6000000238
13376  9.117  -58.503  11.350 0.5000000000
13389  13.113  -56.850  8.481 0.6000000238
13404  15.228  -58.220  7.287 0.5000000000
13406  13.586  -56.620  8.232 0.6000000238
13422  14.880  -58.770  6.613 0.5000000000
13963  17.484  -57.699  20.837 0.3000000119
14037  15.193  -56.845  14.090 0.5000000000
14039  13.346  -56.164  13.737 0.6000000238
14040  12.646  -56.597  13.477 0.6000000238
14052  11.543  -56.906  12.082 0.6000000238
14054  9.461  -57.680  11.939 0.5000000000
14060  14.613  -56.460  11.656 0.5000000000
14062  11.512  -56.876  11.442 0.5000000000
14063  10.368  -57.647  11.749 0.5000000000
14074  12.517  -55.881  10.090 0.6000000238
14088  14.470  -56.575  8.701 0.6000000238
14102  13.502  -56.030  8.725 0.6000000238
14679  18.703  -56.539  20.895 0.3000000119
14685  12.775  -57.208  20.244 0.3000000119
14691  11.453  -56.306  19.537 0.4000000060
14737  13.880  -56.194  13.925 0.6000000238
14746  12.272  -56.305  12.556 0.6000000238
14750  13.283  -55.665  12.069 0.6000000238
14761  12.728  -55.539  11.276 0.6000000238
14769  13.538  -55.486  9.589 0.6000000238
14770  13.078  -55.127  9.839 0.6000000238
14771  12.875  -55.285  10.271 0.6000000238
14783  13.730  -55.903  8.878 0.6000000238
15338  16.489  -55.655  20.425 0.3000000119
15339  15.646  -55.856  20.431 0.3000000119
15352  9.877  -56.180  19.244 0.3000000119
15999  16.726  -54.911  20.197 0.3000000119
16726  11.020  -53.234  17.852 0.3000000119
104656  17.791  -65.128  14.649 0.6000000238
105153  19.893  -68.514  8.975 0.8000000119
107249  28.289  -66.880  5.834 0.4000000060
107444  14.863  -61.074  16.561 0.4000000060
108475  9.502  -58.048  12.508 0.5000000000
109173  19.949  -71.083  12.641 0.6999999881
109656  14.085  -57.080  7.737 0.6000000238
110735  27.854  -72.795  6.844 0.3000000119
110813  14.687  -61.472  12.490 0.4000000060
110887  13.204  -56.623  14.162 0.6000000238
112061  31.100  -75.223  11.851 0.3000000119
113278  19.695  -68.870  13.378 0.6999999881
113985  12.857  -54.996  19.498 0.3000000119
114143  15.361  -58.234  20.553 0.4000000060
114927  15.862  -58.011  20.585 0.4000000060
115078  15.902  -59.141  20.575 0.4000000060
115885  18.539  -64.113  11.076 0.6000000238
116561  18.458  -67.131  9.028 0.8000000119
117021  17.095  -64.257  8.673 0.6999999881
117554  10.591  -58.967  11.048 0.5000000000
117944  15.542  -68.359  11.437 0.5000000000
118805  16.144  -52.197  17.830 0.3000000119
119194  14.645  -56.761  20.473 0.3000000119
119748  27.342  -76.225  8.352 0.4000000060
120177  27.704  -78.911  3.600 0.5000000000
121020  14.328  -61.045  12.082 0.6000000238
121253  12.898  -60.953  16.117 0.4000000060
121300  17.629  -59.101  20.913 0.4000000060
121385  22.355  -73.067  9.336 0.6000000238
121846  13.042  -50.909  15.368 0.3000000119
122369  19.170  -73.753  3.821 0.6999999881
122775  15.425  -61.641  7.540 0.5000000000
123273  14.135  -56.832  20.429 0.3000000119
123487  25.833  -70.899  4.010 0.5000000000
123661  18.526  -73.177  3.547 0.6999999881
123982  15.428  -57.197  15.284 0.4000000060
124396  12.734  -58.878  14.908 0.6000000238
125014  20.757  -73.863  3.531 0.6000000238
125221  16.299  -57.540  15.304 0.4000000060
125761  25.416  -76.885  6.386 0.4000000060
126102  18.482  -63.763  11.633 0.6000000238
126338  20.728  -68.763  7.226 0.6999999881
