#!ascii label  , from subject sub-v1s5x0050742_ses-1 vox2ras=TkReg
1827
26821  -17.413  -47.411  5.646 0.5000000000
26820  -16.310  -47.237  5.621 0.4000000060
126558  -15.188  -47.226  5.754 0.6000000238
27799  -15.506  -46.562  5.928 0.6000000238
28808  -19.104  -45.587  6.792 0.6000000238
27800  -16.705  -46.675  5.838 0.5000000000
27798  -14.737  -46.797  6.310 0.6999999881
26805  -14.207  -47.865  6.372 0.6999999881
27785  -15.936  -45.929  6.150 0.6999999881
27786  -17.296  -46.147  6.201 0.6999999881
28807  -17.943  -45.493  6.520 0.6999999881
130796  -21.239  -43.797  6.846 0.5000000000
129140  -20.105  -43.952  6.965 0.6999999881
29834  -20.663  -44.731  7.120 0.5000000000
20699  -12.136  -53.648  14.017 0.5000000000
26806  -14.385  -47.150  6.541 0.6999999881
27784  -15.019  -45.970  6.544 0.6999999881
29832  -18.474  -44.679  6.823 0.6999999881
28805  -15.375  -45.094  6.624 0.6999999881
29831  -17.176  -44.639  6.538 0.6999999881
121270  -16.292  -43.943  6.650 0.6999999881
23848  -16.857  -51.041  9.095 0.6999999881
121442  -17.141  -50.436  8.843 0.6999999881
141847  -14.544  -46.966  6.842 0.6999999881
26794  -15.024  -47.419  7.213 0.6999999881
20700  -13.150  -53.745  14.186 0.6000000238
21748  -9.534  -52.538  14.251 0.4000000060
26793  -14.670  -46.332  6.804 0.6999999881
127223  -18.953  -43.894  6.933 0.6999999881
30864  -20.546  -43.104  6.527 0.6999999881
120768  -19.862  -42.584  6.344 0.6999999881
31861  -22.278  -42.550  6.363 0.6000000238
23828  -18.011  -51.135  10.033 0.6999999881
23849  -17.598  -50.724  9.377 0.6999999881
24856  -16.769  -49.832  8.326 0.6999999881
23865  -17.792  -49.931  8.919 0.6999999881
23850  -18.371  -50.359  9.665 0.6999999881
20702  -14.929  -53.870  14.876 0.6000000238
140807  -17.576  -48.757  8.243 0.6999999881
27777  -15.945  -46.349  7.695 0.6999999881
25825  -17.097  -48.109  7.881 0.6999999881
24858  -18.163  -49.131  8.672 0.6999999881
25812  -18.859  -48.776  9.048 0.6999999881
143071  -11.877  -52.663  13.239 0.5000000000
20723  -12.200  -52.991  13.550 0.5000000000
29830  -15.487  -44.231  6.821 0.6999999881
29818  -15.064  -44.561  6.971 0.6999999881
26758  -18.978  -47.912  8.963 0.6999999881
21768  -10.284  -52.490  13.351 0.4000000060
30862  -18.114  -42.893  6.610 0.6999999881
28795  -15.196  -44.862  7.297 0.6999999881
26774  -17.339  -47.192  8.105 0.6999999881
25826  -18.164  -48.231  8.420 0.6999999881
21767  -9.211  -52.327  13.474 0.4000000060
29819  -15.328  -43.820  7.138 0.6999999881
27760  -18.109  -46.608  8.564 0.6999999881
27744  -18.713  -46.073  9.030 0.6999999881
30863  -19.446  -43.189  6.669 0.6999999881
123920  -16.623  -42.527  6.693 0.6999999881
29807  -17.189  -43.662  8.562 0.6999999881
124200  -17.226  -44.612  8.561 0.6999999881
31859  -20.659  -42.276  6.026 0.6999999881
29806  -16.179  -43.778  8.181 0.6999999881
32833  -22.492  -41.754  5.904 0.6000000238
32832  -19.585  -41.817  6.026 0.6999999881
34836  -24.374  -39.114  6.386 0.5000000000
33817  -24.211  -39.958  6.957 0.5000000000
34800  -25.920  -39.659  9.681 0.4000000060
33800  -25.170  -39.927  8.935 0.5000000000
25796  -19.921  -48.785  10.128 0.6999999881
21731  -15.644  -52.527  15.376 0.6000000238
26795  -16.060  -47.275  7.597 0.6999999881
20724  -12.753  -53.007  13.712 0.5000000000
31855  -15.849  -42.640  6.943 0.6999999881
29805  -15.551  -44.171  7.617 0.6999999881
31858  -18.776  -42.272  6.407 0.6999999881
31833  -15.881  -42.429  7.441 0.6999999881
34861  -23.005  -39.098  4.753 0.6999999881
32846  -22.087  -41.418  5.187 0.6999999881
33828  -22.870  -40.183  5.018 0.6999999881
34849  -23.939  -38.936  5.753 0.6999999881
21753  -19.281  -51.839  13.883 0.6999999881
23771  -20.165  -50.846  13.179 0.8000000119
23810  -20.334  -50.180  12.042 0.8000000119
21752  -17.923  -52.748  14.767 0.6000000238
22795  -18.887  -51.720  14.723 0.6000000238
22802  -19.948  -51.116  13.826 0.6000000238
23809  -19.910  -50.526  11.772 0.8000000119
21734  -18.193  -52.110  15.049 0.6000000238
22784  -17.694  -51.590  15.479 0.6000000238
24824  -20.293  -49.161  10.843 0.6999999881
21732  -16.447  -52.509  15.440 0.6000000238
21730  -14.852  -52.368  15.142 0.6000000238
22781  -15.008  -51.548  15.306 0.6000000238
25813  -19.484  -48.392  9.531 0.6999999881
21771  -12.918  -52.324  13.579 0.5000000000
22793  -13.477  -51.977  14.160 0.6000000238
123787  -18.951  -47.004  8.977 0.6999999881
31857  -17.226  -41.678  6.591 0.6999999881
30853  -15.577  -43.063  7.178 0.6999999881
28756  -18.406  -45.113  8.984 0.6999999881
33837  -21.599  -40.267  4.454 0.8000000119
32845  -21.370  -41.019  4.863 0.6999999881
31856  -16.243  -41.954  6.984 0.6999999881
35882  -22.458  -39.140  4.528 0.8000000119
32831  -18.290  -41.256  6.119 0.6999999881
32829  -16.848  -41.388  6.978 0.6999999881
34827  -25.038  -38.934  7.421 0.5000000000
142619  -25.687  -39.225  9.005 0.5000000000
139784  -25.906  -38.612  8.556 0.5000000000
34818  -26.401  -38.903  9.425 0.4000000060
22797  -20.167  -50.637  14.436 0.6000000238
23772  -20.463  -50.522  13.673 0.6999999881
24772  -20.927  -49.893  13.309 0.8000000119
23789  -20.494  -50.359  12.851 0.8999999762
22786  -19.112  -51.160  15.077 0.6000000238
24808  -20.999  -49.144  12.006 0.8000000119
24807  -20.544  -49.517  11.631 0.8000000119
26725  -21.115  -47.830  11.294 0.8000000119
22783  -16.802  -51.722  15.614 0.6000000238
23754  -15.395  -50.994  15.438 0.6000000238
25797  -20.499  -48.162  10.602 0.8000000119
138027  -12.535  -51.903  13.167 0.6000000238
22794  -14.180  -51.524  14.795 0.6000000238
27746  -20.430  -46.523  10.303 0.6999999881
21786  -11.698  -52.240  12.586 0.5000000000
123815  -19.962  -46.015  9.889 0.6999999881
27732  -20.531  -45.688  10.341 0.6999999881
22815  -11.113  -52.049  11.772 0.5000000000
22817  -12.145  -51.906  12.775 0.5000000000
28757  -19.293  -45.558  9.455 0.6999999881
35881  -21.633  -39.094  4.531 0.8000000119
129255  -20.313  -40.788  5.132 0.8000000119
32842  -18.192  -40.697  6.086 0.6999999881
32819  -16.995  -41.282  7.202 0.6999999881
30844  -17.308  -42.885  8.503 0.6999999881
33826  -19.681  -40.181  5.219 0.6999999881
34817  -25.346  -39.156  8.233 0.5000000000
23759  -19.619  -50.574  15.150 0.6999999881
24755  -20.740  -49.653  15.131 0.6999999881
24764  -20.820  -49.993  14.289 0.6999999881
135969  -21.764  -48.638  13.362 0.8000000119
23758  -18.824  -50.744  15.444 0.6999999881
24765  -21.339  -49.271  14.649 0.8000000119
23757  -18.050  -50.873  15.613 0.6000000238
25779  -21.329  -48.439  11.967 0.8000000119
23756  -17.222  -50.963  15.671 0.6000000238
26726  -21.374  -46.919  11.334 0.6999999881
127549  -13.425  -51.044  14.231 0.6000000238
23763  -14.039  -50.495  14.519 0.6000000238
27733  -20.989  -46.271  10.804 0.8000000119
27716  -21.543  -46.025  11.344 0.6999999881
22800  -12.282  -50.971  13.168 0.6000000238
28744  -21.188  -45.383  10.838 0.8000000119
30826  -18.270  -43.660  8.918 0.6999999881
29789  -19.058  -44.518  9.367 0.6999999881
28758  -19.948  -45.160  9.855 0.6999999881
21805  -8.824  -52.402  11.063 0.4000000060
30845  -18.516  -42.940  8.828 0.6999999881
34846  -20.169  -39.581  4.922 0.8000000119
33825  -18.591  -40.110  5.851 0.8000000119
32808  -16.970  -41.650  7.696 0.6999999881
136024  -23.235  -38.414  5.524 0.8000000119
35859  -24.446  -38.408  6.421 0.5000000000
36864  -27.277  -37.802  9.232 0.5000000000
35842  -25.565  -38.436  7.746 0.5000000000
35829  -27.771  -38.368  9.750 0.4000000060
141175  -20.547  -49.329  15.545 0.6000000238
24756  -21.104  -48.963  15.460 0.6999999881
25747  -21.901  -48.577  14.229 0.8000000119
26687  -22.184  -47.879  13.423 0.8000000119
128335  -18.430  -50.196  15.691 0.6999999881
126331  -17.608  -50.283  15.656 0.6999999881
26709  -22.037  -47.475  12.575 0.8000000119
121817  -16.838  -50.332  15.581 0.6000000238
26710  -22.411  -46.976  12.984 0.8000000119
24750  -16.201  -49.891  15.361 0.6000000238
27701  -21.978  -46.676  12.045 0.8000000119
23769  -12.955  -50.571  13.642 0.6000000238
23770  -13.498  -50.308  14.000 0.6000000238
28743  -20.614  -44.836  10.317 0.8999999762
141768  -21.632  -45.456  11.284 0.8000000119
29790  -20.025  -44.286  9.787 0.8000000119
30811  -20.751  -43.979  10.237 0.8000000119
22816  -11.604  -51.259  12.433 0.5000000000
32794  -20.023  -42.094  9.071 0.8000000119
30827  -19.284  -43.625  9.362 0.6999999881
22835  -10.953  -51.105  11.677 0.4000000060
35870  -21.003  -38.506  5.164 0.8000000119
34845  -19.250  -39.490  5.477 0.8000000119
34844  -18.603  -39.324  6.010 0.8000000119
32820  -17.552  -40.710  7.102 0.8000000119
31836  -18.877  -42.155  8.613 0.6999999881
35871  -22.063  -38.612  4.972 0.8000000119
33815  -17.869  -40.505  6.479 0.8000000119
126963  -17.874  -41.649  8.103 0.6999999881
128188  -18.227  -39.928  6.524 0.8000000119
122484  -23.256  -37.820  6.278 0.8000000119
35867  -18.736  -38.573  6.110 0.8000000119
35850  -25.195  -38.184  7.036 0.6000000238
35860  -24.948  -37.723  6.897 0.6000000238
36878  -26.721  -37.324  8.495 0.5000000000
25720  -20.392  -48.884  15.910 0.6000000238
25736  -22.117  -48.096  14.978 0.6999999881
24753  -18.917  -49.514  15.871 0.6000000238
26672  -22.575  -47.307  14.958 0.6999999881
26688  -22.580  -47.192  13.949 0.6999999881
24752  -17.931  -49.415  15.693 0.6000000238
25719  -19.469  -48.698  16.140 0.6000000238
25704  -20.232  -48.185  16.303 0.6000000238
25716  -17.125  -48.751  15.226 0.6000000238
27702  -22.445  -46.189  12.594 0.8000000119
24761  -14.760  -49.764  14.588 0.6000000238
24751  -17.005  -49.630  15.470 0.6000000238
27685  -22.817  -46.289  13.540 0.6999999881
24768  -13.311  -49.721  13.464 0.5000000000
28731  -22.133  -45.506  11.815 0.8000000119
23788  -12.602  -49.911  13.063 0.3000000119
141298  -21.608  -42.986  10.571 0.8000000119
30798  -21.818  -44.106  11.125 0.8000000119
31814  -20.370  -42.765  9.586 0.8000000119
31796  -20.990  -43.072  10.107 0.8000000119
32811  -19.842  -41.201  8.600 0.8000000119
129452  -19.669  -38.934  5.275 0.8000000119
33796  -18.260  -40.630  7.498 0.8000000119
143458  -19.423  -41.720  8.631 0.8000000119
31813  -19.566  -42.867  9.249 0.6999999881
33807  -18.138  -39.938  7.031 0.8000000119
34825  -18.441  -39.087  6.651 0.8000000119
128597  -24.224  -37.836  6.500 0.6999999881
36890  -26.066  -37.354  7.829 0.6000000238
37907  -29.288  -36.973  9.257 0.3000000119
142948  -20.791  -47.798  16.341 0.6000000238
26656  -21.427  -47.749  16.101 0.6999999881
27661  -22.473  -46.901  15.808 0.6999999881
27662  -22.966  -46.406  15.286 0.6999999881
26685  -15.532  -47.255  13.096 0.5000000000
25718  -18.486  -48.653  15.853 0.6000000238
129432  -19.548  -47.857  16.335 0.6000000238
28712  -23.223  -45.398  13.678 0.6999999881
24771  -15.300  -49.006  14.099 0.5000000000
24763  -16.388  -49.057  14.992 0.5000000000
25717  -17.741  -48.493  15.473 0.6000000238
24789  -13.266  -48.954  12.630 0.3000000119
24760  -13.981  -49.687  13.952 0.5000000000
28720  -22.755  -45.473  12.754 0.8000000119
31776  -22.969  -43.130  12.037 0.8000000119
29767  -22.609  -44.667  12.148 0.8000000119
139560  -20.897  -42.241  9.666 0.8999999762
31798  -22.073  -42.537  10.802 0.8999999762
30813  -21.988  -43.316  11.012 0.8000000119
30799  -22.434  -43.786  11.638 0.8000000119
23787  -11.437  -49.968  12.157 0.4000000060
33782  -20.504  -40.554  8.872 0.8999999762
32795  -20.715  -41.405  9.262 0.8999999762
31797  -21.534  -42.355  10.258 0.8999999762
36915  -21.426  -37.986  5.848 0.8000000119
35869  -19.968  -38.400  5.385 0.8000000119
33797  -19.005  -40.101  7.640 0.8000000119
132459  -18.727  -41.316  8.158 0.8000000119
36916  -22.546  -38.193  5.652 0.8000000119
36887  -23.571  -37.180  7.208 0.6999999881
37919  -27.169  -36.464  8.456 0.6000000238
36879  -27.636  -37.077  8.980 0.6000000238
26642  -21.060  -47.232  16.494 0.6000000238
26643  -21.829  -47.106  16.241 0.6000000238
28700  -22.773  -46.281  16.016 0.6999999881
28701  -23.181  -45.737  15.879 0.6999999881
122144  -18.783  -47.870  16.046 0.6000000238
137952  -23.318  -45.690  15.174 0.8000000119
25733  -15.936  -48.590  14.208 0.6000000238
25734  -16.609  -48.214  14.509 0.5000000000
26653  -17.991  -47.815  15.471 0.6000000238
28709  -23.181  -45.981  14.447 0.6999999881
30781  -23.788  -43.650  13.597 0.8000000119
25744  -14.715  -48.155  12.654 0.4000000060
29762  -23.428  -44.056  13.098 0.6999999881
30790  -23.023  -43.949  12.383 0.8000000119
32781  -22.083  -41.643  10.527 0.8000000119
31783  -23.011  -42.304  11.778 0.8000000119
130691  -20.238  -39.877  8.567 0.8999999762
31815  -21.425  -41.563  9.877 0.8000000119
133321  -22.573  -42.009  11.178 0.8000000119
34798  -20.808  -39.747  9.101 0.8000000119
35858  -18.838  -37.684  6.281 0.8000000119
35848  -18.845  -38.236  7.448 0.8000000119
32810  -19.174  -40.730  8.052 0.6999999881
36914  -20.275  -37.853  5.800 0.8000000119
129645  -19.393  -38.860  7.955 0.8000000119
143612  -18.552  -38.654  7.018 0.8000000119
137098  -22.705  -37.082  7.232 0.8000000119
36913  -19.357  -37.742  5.952 0.8000000119
131333  -25.359  -36.028  7.698 0.6999999881
37935  -25.834  -36.721  7.693 0.6999999881
40036  -27.737  -34.583  7.893 0.6000000238
40023  -28.968  -34.755  8.252 0.6000000238
40024  -29.768  -35.009  8.392 0.6000000238
26655  -19.150  -47.089  16.246 0.6000000238
129839  -22.634  -45.201  16.787 0.8000000119
28686  -22.725  -45.756  16.412 0.6999999881
27671  -16.742  -46.483  14.171 0.5000000000
26654  -18.321  -47.096  15.578 0.5000000000
122946  -23.752  -44.569  14.763 0.8000000119
29754  -23.607  -44.533  13.863 0.6999999881
26670  -16.735  -47.353  14.232 0.5000000000
25735  -17.271  -47.911  14.932 0.5000000000
30777  -23.984  -44.110  15.328 0.8000000119
30778  -24.284  -43.296  15.031 0.8000000119
131635  -23.983  -43.903  14.451 0.8000000119
31767  -23.876  -42.832  13.285 0.8000000119
30791  -23.446  -43.373  12.786 0.8000000119
31777  -23.444  -42.561  12.474 0.8000000119
32740  -23.937  -41.993  12.978 0.8000000119
32767  -22.664  -41.167  11.048 0.8000000119
34799  -21.446  -39.605  9.750 0.8000000119
32768  -23.063  -41.498  11.600 0.8000000119
36899  -18.927  -36.763  6.496 0.8000000119
34815  -20.144  -39.027  8.622 0.8000000119
35840  -19.517  -38.200  8.295 0.8999999762
36902  -21.954  -37.375  6.749 0.8000000119
36900  -19.591  -37.026  6.374 0.8000000119
133762  -24.580  -36.270  7.560 0.6999999881
37933  -23.868  -36.509  7.487 0.6999999881
39007  -26.950  -35.085  7.995 0.6999999881
39004  -24.783  -35.335  7.568 0.6999999881
39005  -25.550  -35.265  7.647 0.6999999881
40035  -26.145  -34.811  7.615 0.6999999881
41040  -26.908  -34.207  7.470 0.6999999881
127803  -21.061  -44.998  16.982 0.8000000119
143711  -20.781  -45.839  16.803 0.6000000238
29726  -22.080  -44.686  17.154 0.6000000238
30774  -16.932  -43.445  14.482 0.6000000238
122852  -17.908  -44.137  14.740 0.5000000000
27660  -19.190  -46.266  16.219 0.6000000238
28684  -19.862  -46.004  16.554 0.6000000238
28687  -23.276  -44.992  16.358 0.8000000119
123469  -15.444  -42.718  14.853 0.6000000238
127699  -16.209  -43.098  14.656 0.6000000238
30775  -17.538  -43.632  14.563 0.6000000238
28708  -18.307  -44.768  15.120 0.5000000000
128782  -18.742  -45.833  15.762 0.5000000000
32755  -15.183  -40.912  12.984 0.5000000000
31765  -15.801  -41.777  13.857 0.5000000000
31766  -16.529  -41.908  13.936 0.6000000238
128966  -17.461  -42.977  14.454 0.6000000238
27672  -17.457  -46.011  14.597 0.5000000000
27673  -18.162  -45.666  15.157 0.5000000000
30767  -24.195  -43.478  15.858 0.8000000119
30782  -24.190  -43.094  14.132 0.8000000119
32738  -16.441  -41.191  13.591 0.5000000000
134462  -17.973  -46.421  15.149 0.5000000000
32754  -14.365  -41.012  12.854 0.4000000060
26671  -17.495  -46.988  14.818 0.5000000000
31768  -24.346  -42.258  13.803 0.6999999881
33756  -23.118  -40.686  11.532 0.8000000119
32756  -23.468  -41.747  12.225 0.8000000119
35826  -20.925  -38.742  9.409 0.8000000119
33769  -21.883  -40.247  10.165 0.8000000119
33744  -23.623  -40.246  12.126 0.8000000119
33755  -22.700  -40.351  11.036 0.8000000119
138118  -22.634  -39.580  10.973 0.8000000119
37931  -21.179  -35.764  7.104 0.8999999762
37947  -19.186  -36.108  6.598 0.8999999762
36875  -18.653  -36.637  7.819 0.8000000119
35841  -20.195  -38.037  8.989 0.8000000119
36886  -18.587  -37.337  7.205 1.0000000000
36862  -19.212  -36.725  8.495 0.8000000119
37932  -22.947  -36.255  7.524 0.8000000119
39003  -23.785  -35.557  7.507 0.6999999881
29724  -20.427  -44.336  16.687 0.8000000119
29708  -22.771  -44.009  17.183 0.8000000119
31754  -17.292  -42.207  14.240 0.6000000238
129792  -19.947  -45.042  16.504 0.6000000238
29727  -22.940  -44.645  16.892 0.8000000119
31727  -23.834  -43.143  16.762 0.8000000119
139388  -16.154  -41.536  13.669 0.5000000000
30776  -18.064  -43.359  14.676 0.6000000238
29744  -19.025  -44.718  15.766 0.6000000238
30746  -23.953  -43.577  16.338 0.8000000119
31728  -24.261  -42.843  16.340 0.8000000119
31742  -24.534  -42.521  15.572 0.6999999881
32739  -17.091  -41.498  13.931 0.5000000000
30765  -19.125  -43.038  15.435 0.6000000238
33733  -16.542  -40.475  13.487 0.4000000060
133979  -16.975  -40.935  13.725 0.4000000060
33725  -17.492  -41.014  14.076 0.4000000060
32726  -24.715  -41.576  14.372 0.6999999881
134103  -15.984  -39.936  13.122 0.4000000060
33734  -17.194  -40.360  13.863 0.4000000060
32716  -18.958  -41.608  15.205 0.4000000060
32741  -24.421  -41.438  13.485 0.6999999881
34737  -17.093  -38.951  14.249 0.4000000060
34730  -18.506  -39.910  14.956 0.5000000000
32757  -24.004  -41.081  12.664 0.6999999881
35770  -16.443  -38.558  13.902 0.3000000119
34739  -17.899  -39.466  14.621 0.5000000000
132813  -21.540  -38.864  9.998 0.8000000119
34780  -22.044  -39.376  10.415 0.8000000119
34765  -23.066  -39.072  11.368 0.8000000119
34754  -24.032  -39.630  12.434 0.8000000119
34766  -23.567  -39.372  11.913 0.8000000119
37948  -20.120  -36.058  6.697 0.8000000119
37930  -18.646  -36.070  6.894 1.0000000000
37918  -18.765  -35.934  8.255 0.8000000119
37903  -19.476  -36.045  8.819 0.8000000119
35827  -21.327  -38.116  9.938 0.8000000119
35810  -21.937  -38.442  10.396 0.8000000119
39019  -19.122  -35.109  6.700 1.0000000000
128982  -20.788  -36.659  9.624 0.8000000119
37950  -21.990  -36.452  7.319 0.8000000119
38986  -18.599  -35.268  7.805 0.8000000119
37904  -20.259  -36.123  9.296 0.8000000119
132336  -22.917  -35.383  7.362 0.8999999762
40033  -24.201  -34.663  7.185 0.6999999881
40034  -25.250  -34.529  7.300 0.6999999881
143854  -26.056  -34.202  7.233 0.6999999881
41041  -27.919  -33.920  7.352 0.6999999881
41043  -30.229  -33.921  7.402 0.6000000238
41050  -28.927  -33.043  6.375 0.6999999881
140929  -27.534  -33.247  6.185 0.6999999881
41052  -30.884  -33.564  6.828 0.6000000238
41051  -29.937  -33.255  6.752 0.6000000238
29707  -21.919  -43.774  17.310 0.8000000119
30728  -22.471  -43.227  17.343 0.8000000119
31755  -18.055  -42.486  14.564 0.5000000000
31725  -20.568  -42.670  16.572 0.8000000119
30744  -21.170  -43.281  17.022 0.8000000119
136674  -23.598  -42.663  17.166 0.8000000119
32724  -17.717  -41.682  14.320 0.5000000000
31740  -18.737  -42.350  15.042 0.6000000238
30743  -20.441  -43.538  16.607 0.8000000119
33717  -18.580  -40.868  14.903 0.5000000000
31724  -20.042  -42.048  16.115 0.6999999881
30742  -19.837  -42.896  16.073 0.6999999881
31714  -24.112  -42.211  16.923 0.6999999881
32704  -24.615  -41.861  16.295 0.6999999881
32718  -24.818  -41.614  15.631 0.6999999881
34745  -16.674  -39.583  13.694 0.3000000119
139001  -24.740  -41.885  15.075 0.6999999881
33727  -24.987  -40.857  14.543 0.6999999881
33736  -25.134  -40.279  14.242 0.6999999881
35761  -18.369  -39.001  15.144 0.5000000000
34755  -24.742  -39.476  13.011 0.6999999881
35759  -16.959  -38.121  14.435 0.4000000060
35748  -18.217  -38.100  15.322 0.4000000060
35793  -23.007  -38.304  11.195 0.8000000119
125208  -24.281  -40.237  12.826 0.6999999881
35811  -22.422  -37.976  10.704 0.8000000119
36847  -22.354  -37.119  10.467 0.8000000119
36848  -23.236  -37.162  10.833 0.6999999881
38987  -19.075  -35.184  8.405 0.8000000119
36846  -21.465  -36.811  10.007 0.8000000119
39001  -21.166  -35.101  6.840 0.8999999762
39002  -22.076  -35.495  7.220 0.8999999762
39020  -20.222  -35.042  6.675 0.8999999762
40047  -19.432  -33.952  6.512 0.8000000119
40046  -18.901  -34.306  6.910 0.8000000119
40018  -19.198  -34.314  8.052 0.8000000119
40031  -22.511  -34.900  7.014 0.8999999762
40049  -21.655  -34.508  6.411 0.8000000119
40032  -23.269  -34.790  7.086 0.8999999762
40051  -24.587  -34.032  6.524 0.8000000119
40039  -30.455  -34.700  7.877 0.4000000060
40052  -25.564  -33.850  6.622 0.8000000119
41049  -26.861  -33.323  6.062 0.6999999881
125941  -28.126  -33.403  6.649 0.6999999881
41972  -31.326  -32.628  5.753 0.5000000000
32703  -21.482  -41.707  17.029 0.6999999881
31712  -22.017  -42.459  17.315 0.8000000119
128718  -20.933  -40.893  16.685 0.6999999881
32687  -22.741  -40.993  17.448 0.6999999881
34738  -17.392  -39.662  14.185 0.4000000060
34722  -19.687  -39.870  15.908 0.6000000238
32686  -21.801  -40.935  17.162 0.6999999881
127130  -24.833  -41.003  16.318 0.6999999881
33719  -25.304  -40.132  15.641 0.6999999881
134858  -25.273  -40.379  15.026 0.6999999881
34731  -19.053  -39.406  15.523 0.5000000000
34740  -25.451  -39.649  14.577 0.6999999881
34747  -25.255  -39.638  13.830 0.6999999881
37847  -17.941  -36.714  15.249 0.3000000119
36798  -18.235  -37.329  15.406 0.3000000119
36800  -19.450  -37.861  16.082 0.5000000000
36831  -22.923  -37.682  10.916 0.6999999881
35781  -23.608  -38.606  11.713 0.6999999881
34756  -25.426  -38.920  13.529 0.6999999881
36799  -18.805  -37.589  15.712 0.4000000060
128860  -24.151  -38.960  12.340 0.6999999881
35794  -23.629  -37.804  11.375 0.6999999881
37890  -22.916  -36.453  10.356 0.6999999881
40017  -18.779  -34.638  7.747 0.8000000119
38974  -19.797  -35.527  8.920 0.8000000119
38975  -20.486  -35.471  9.199 0.8000000119
37905  -21.041  -36.120  9.590 0.8000000119
40009  -20.752  -34.774  8.997 0.8000000119
40064  -20.031  -33.467  5.989 0.8000000119
40050  -22.630  -34.353  6.272 0.8000000119
40066  -21.889  -33.760  5.382 0.8000000119
40048  -20.498  -34.346  6.298 0.8999999762
128148  -23.586  -34.241  6.368 0.8999999762
41047  -25.031  -33.607  5.560 0.8000000119
41062  -26.525  -33.142  5.233 0.8000000119
41961  -29.727  -32.696  6.040 0.6999999881
41962  -30.706  -32.907  6.301 0.6000000238
41063  -27.296  -32.992  5.511 0.6999999881
41064  -28.069  -32.976  5.861 0.6999999881
41991  -27.227  -32.312  3.635 0.6999999881
132758  -22.347  -41.734  17.367 0.6999999881
34724  -20.987  -39.261  16.755 0.6000000238
34706  -21.795  -39.402  17.153 0.6000000238
33686  -22.205  -40.204  17.327 0.6999999881
33687  -23.155  -40.277  17.499 0.6999999881
32688  -23.685  -41.055  17.388 0.6999999881
32689  -24.379  -41.248  16.937 0.6999999881
33702  -20.257  -40.387  16.270 0.6000000238
34708  -23.564  -39.584  17.460 0.6999999881
33688  -24.090  -40.374  17.324 0.6999999881
33704  -24.696  -40.355  16.797 0.6999999881
34723  -20.300  -39.535  16.365 0.6000000238
37860  -17.222  -36.716  14.723 0.3000000119
35750  -19.693  -38.846  16.112 0.5000000000
125244  -20.395  -38.788  16.480 0.5000000000
35737  -21.494  -38.580  16.974 0.6000000238
34732  -25.492  -39.583  15.283 0.6999999881
128281  -19.291  -37.141  15.968 0.4000000060
36782  -19.911  -37.219  16.257 0.5000000000
36783  -20.724  -37.393  16.567 0.6000000238
125546  -25.755  -38.849  14.812 0.6999999881
36824  -25.359  -37.731  12.374 0.6999999881
38921  -19.657  -35.572  15.693 0.3000000119
37882  -24.721  -36.742  11.162 0.6999999881
38976  -21.327  -35.453  9.439 0.8000000119
38977  -22.068  -35.403  9.584 0.8000000119
132523  -22.760  -35.672  9.866 0.6999999881
38966  -23.561  -35.889  10.240 0.6999999881
37892  -24.385  -36.052  10.565 0.6999999881
41029  -19.541  -33.559  7.598 0.8000000119
136426  -21.706  -34.765  9.220 0.8000000119
40065  -20.888  -33.537  5.575 0.8000000119
41046  -19.665  -33.102  6.208 0.8000000119
41036  -19.353  -33.197  6.875 0.8000000119
41030  -20.525  -33.391  7.994 0.8000000119
40067  -22.847  -33.839  5.330 0.8000000119
41967  -21.577  -32.750  5.007 0.8000000119
41950  -20.617  -32.494  6.700 0.8000000119
41959  -21.355  -32.290  6.229 0.8000000119
42859  -22.144  -32.244  5.614 0.8000000119
41971  -30.425  -32.357  5.689 0.6000000238
41970  -29.621  -32.298  5.461 0.6999999881
41074  -26.169  -33.072  4.342 0.8000000119
41968  -27.804  -32.659  5.075 0.6000000238
42895  -27.501  -31.869  3.277 0.6999999881
42881  -28.753  -31.738  4.320 0.6000000238
128449  -21.283  -37.877  16.839 0.6000000238
35721  -24.586  -38.870  17.048 0.6999999881
34725  -24.994  -39.584  16.640 0.6999999881
36770  -21.919  -37.912  17.095 0.6000000238
35738  -25.285  -38.756  16.395 0.6999999881
34726  -25.393  -39.554  15.981 0.6999999881
37831  -20.354  -36.590  16.247 0.4000000060
36785  -22.347  -37.207  16.988 0.5000000000
132580  -24.739  -38.176  16.894 0.6999999881
36784  -21.527  -37.245  16.778 0.5000000000
37833  -21.909  -36.536  16.607 0.5000000000
35763  -26.137  -37.969  14.624 0.6999999881
35762  -25.903  -38.446  14.073 0.6999999881
37849  -19.573  -36.430  15.920 0.3000000119
38922  -20.389  -35.364  15.749 0.3000000119
38906  -20.763  -35.958  16.097 0.4000000060
138912  -23.953  -37.174  11.160 0.6999999881
36817  -26.347  -37.562  13.864 0.6999999881
39955  -19.860  -34.776  15.489 0.3000000119
39956  -20.799  -34.561  15.484 0.3000000119
37875  -26.047  -36.972  12.218 0.6999999881
37893  -25.255  -36.044  10.855 0.6999999881
40020  -21.181  -34.075  8.664 0.8000000119
129108  -24.115  -35.477  10.122 0.6999999881
37891  -23.799  -36.601  10.715 0.6999999881
38957  -26.117  -35.872  11.222 0.6999999881
38967  -24.811  -35.447  10.301 0.6999999881
38968  -25.653  -35.387  10.551 0.6999999881
41965  -20.101  -32.824  5.875 0.8000000119
41037  -19.956  -32.858  7.183 0.8000000119
38978  -23.501  -35.111  9.697 0.6999999881
40002  -25.163  -34.841  9.946 0.6999999881
40013  -25.503  -34.206  9.586 0.6999999881
41957  -19.812  -32.808  6.420 0.8000000119
41038  -21.072  -32.836  7.551 0.8000000119
122182  -21.660  -33.395  8.250 0.8000000119
40021  -22.356  -34.100  8.863 0.8000000119
41023  -24.283  -33.757  8.921 0.8000000119
121739  -25.823  -33.600  9.250 0.6999999881
133465  -21.451  -33.195  4.893 0.8000000119
41951  -21.861  -32.459  7.129 0.8000000119
41952  -22.991  -32.410  7.272 0.8000000119
41941  -24.152  -32.765  8.015 0.8000000119
41058  -22.158  -33.298  4.518 0.8000000119
137755  -21.173  -32.499  5.621 0.8000000119
41960  -22.518  -32.179  6.514 0.8000000119
42850  -24.516  -31.987  7.016 0.8000000119
41060  -24.225  -33.616  4.524 0.8000000119
41975  -22.397  -32.926  4.038 0.8000000119
42860  -23.238  -31.861  5.998 0.8000000119
42849  -23.579  -32.077  6.768 0.8000000119
41072  -23.800  -33.483  3.670 0.8000000119
42869  -23.074  -32.006  5.158 0.8000000119
41073  -24.573  -33.488  3.806 0.8000000119
42874  -31.073  -31.968  5.278 0.5000000000
42882  -29.660  -31.526  4.555 0.6000000238
41081  -24.966  -33.379  3.248 0.8000000119
41082  -25.745  -33.108  3.494 0.8000000119
42883  -30.625  -31.431  4.724 0.6000000238
42898  -30.166  -30.968  4.177 0.6000000238
42896  -28.346  -31.495  3.635 0.6000000238
42897  -29.226  -31.183  3.940 0.6000000238
36771  -22.802  -37.968  17.328 0.6999999881
35719  -23.166  -38.798  17.446 0.6999999881
36787  -24.429  -37.325  16.859 0.6999999881
36788  -25.279  -37.833  16.462 0.6999999881
133702  -25.657  -38.247  15.935 0.6999999881
37834  -22.799  -36.477  16.705 0.5000000000
137400  -21.150  -35.313  15.821 0.4000000060
38923  -21.891  -35.274  15.882 0.4000000060
38908  -22.321  -35.830  16.298 0.5000000000
35751  -25.922  -38.189  15.305 0.6999999881
39957  -22.188  -34.623  15.566 0.3000000119
38924  -22.652  -35.146  15.899 0.5000000000
37862  -27.109  -36.060  14.130 0.6999999881
141196  -26.626  -36.908  13.425 0.6999999881
40966  -20.089  -33.950  15.214 0.3000000119
40968  -22.469  -33.922  15.187 0.3000000119
37876  -26.748  -36.556  12.781 0.6999999881
40984  -21.872  -33.270  14.804 0.3000000119
39996  -27.275  -34.905  11.329 0.6999999881
41022  -23.395  -33.877  8.828 0.8000000119
38979  -24.364  -34.922  9.795 0.6999999881
38969  -26.507  -35.222  10.885 0.6999999881
40011  -23.906  -34.383  9.334 0.6999999881
41024  -25.077  -33.675  9.079 0.6999999881
41025  -26.632  -33.476  9.437 0.6999999881
41958  -20.481  -32.529  5.970 0.8000000119
41039  -22.014  -32.916  7.820 0.8000000119
138567  -25.468  -33.253  8.752 0.8000000119
41966  -20.796  -32.895  5.371 0.8000000119
41942  -25.583  -32.746  8.310 0.8000000119
41069  -21.718  -32.992  4.624 0.8000000119
42851  -25.259  -31.954  7.213 0.8000000119
41078  -22.991  -33.024  3.472 0.8000000119
41071  -23.287  -33.223  3.435 0.8000000119
42868  -22.318  -32.529  4.754 0.8000000119
42870  -23.966  -31.582  5.470 0.8000000119
42871  -24.884  -31.361  5.703 0.8000000119
42872  -25.796  -31.199  5.852 0.8000000119
41080  -24.106  -33.365  3.114 0.8000000119
41079  -23.563  -33.076  3.037 0.8000000119
42878  -23.010  -32.295  4.322 0.8000000119
42879  -24.329  -31.364  4.070 0.8000000119
42006  -26.659  -32.353  2.937 0.8000000119
36786  -23.335  -37.231  17.101 0.6000000238
38907  -21.511  -35.916  16.218 0.5000000000
139339  -24.584  -36.575  16.549 0.6000000238
140169  -23.296  -35.684  16.301 0.5000000000
38910  -25.141  -36.208  16.277 0.6999999881
37836  -25.225  -36.999  16.416 0.6999999881
37852  -26.332  -36.742  15.382 0.6999999881
38925  -24.034  -35.171  15.973 0.6000000238
38927  -25.856  -35.826  15.796 0.6999999881
38938  -26.943  -35.646  14.720 0.6999999881
134220  -20.962  -33.668  15.097 0.3000000119
39961  -26.375  -35.123  15.229 0.6999999881
131196  -21.115  -33.006  14.694 0.3000000119
41904  -24.146  -32.040  13.840 0.3000000119
38939  -27.299  -35.360  14.172 0.6999999881
37869  -27.314  -35.715  13.575 0.6999999881
43728  -21.661  -30.738  13.214 0.3000000119
42792  -22.689  -31.443  13.589 0.3000000119
128854  -23.991  -31.432  13.488 0.3000000119
43749  -22.112  -30.240  12.730 0.3000000119
40004  -26.875  -34.563  10.559 0.6999999881
41943  -26.435  -32.564  8.371 0.8000000119
130991  -25.822  -31.727  7.074 0.8000000119
42863  -26.189  -31.414  6.583 0.8000000119
41988  -23.372  -32.857  3.187 0.8000000119
41976  -23.110  -32.624  3.634 0.8000000119
42893  -23.588  -32.331  3.310 0.8000000119
120990  -23.605  -31.939  3.850 0.8000000119
43868  -25.178  -30.851  4.149 0.8000000119
43858  -25.484  -30.997  5.049 0.8000000119
42004  -24.993  -32.801  2.415 0.8000000119
43879  -24.664  -31.128  3.546 0.8000000119
42005  -25.800  -32.615  2.519 0.8000000119
42909  -26.260  -32.018  2.140 0.6999999881
42910  -27.061  -31.656  2.525 0.6000000238
38909  -24.299  -35.897  16.360 0.6000000238
39960  -25.364  -34.900  15.564 0.6000000238
38928  -26.562  -35.947  15.236 0.6999999881
40986  -23.749  -33.225  14.710 0.4000000060
40971  -25.697  -34.287  15.126 0.6000000238
39976  -27.032  -34.891  14.661 0.6999999881
41889  -25.984  -32.855  14.197 0.4000000060
39977  -27.457  -34.656  14.089 0.6999999881
38945  -27.507  -35.135  13.641 0.6999999881
37877  -27.221  -35.995  13.034 0.6999999881
43752  -24.659  -30.349  12.651 0.3000000119
133040  -27.598  -33.789  13.876 0.6000000238
39991  -28.236  -33.993  12.285 0.6999999881
38959  -27.510  -35.132  12.120 0.6999999881
40005  -27.575  -34.342  10.989 0.6999999881
41019  -28.526  -33.240  11.012 0.6999999881
41017  -27.333  -33.845  10.248 0.6999999881
41935  -27.812  -32.777  9.376 0.6999999881
41033  -24.756  -33.122  8.453 0.8000000119
41954  -24.877  -32.449  7.731 0.8000000119
41955  -25.914  -32.192  7.662 0.8000000119
43849  -26.684  -31.020  5.990 0.8000000119
42880  -24.605  -31.265  4.869 0.8000000119
43869  -26.067  -30.520  4.477 0.8000000119
42908  -24.920  -32.098  2.089 0.8000000119
42894  -24.110  -31.714  3.259 0.8000000119
134078  -24.996  -30.601  3.180 0.8000000119
125023  -24.584  -31.270  2.944 0.8000000119
43881  -28.751  -30.822  3.298 0.6000000238
42920  -25.885  -31.526  1.606 0.8000000119
43892  -27.412  -30.903  2.241 0.6000000238
123908  -26.227  -30.828  1.249 0.6999999881
43920  -26.524  -30.248  0.909 0.6999999881
134579  -24.559  -34.791  15.668 0.6000000238
40970  -24.737  -34.155  15.261 0.6000000238
126109  -25.106  -32.293  13.933 0.3000000119
40988  -26.989  -34.134  14.475 0.6000000238
42794  -24.719  -31.519  13.491 0.3000000119
121043  -25.999  -32.266  13.766 0.3000000119
41905  -26.989  -32.737  13.840 0.5000000000
42796  -26.502  -31.870  13.430 0.3000000119
41006  -28.181  -33.836  12.962 0.6999999881
44790  -24.309  -29.857  12.319 0.3000000119
44791  -25.421  -30.082  12.413 0.3000000119
126194  -28.322  -32.134  12.597 0.4000000060
41011  -28.389  -33.574  11.694 0.6999999881
45948  -23.737  -28.773  11.328 0.3000000119
41930  -28.859  -32.593  10.630 0.6000000238
42840  -28.257  -32.239  8.973 0.6000000238
41936  -28.592  -32.503  9.796 0.6000000238
41944  -27.334  -32.427  8.599 0.8000000119
42830  -28.970  -31.911  9.414 0.6000000238
42838  -26.894  -32.094  7.875 0.8000000119
42839  -27.803  -31.891  8.197 0.6999999881
131079  -28.747  -31.654  8.597 0.6999999881
128176  -26.534  -31.688  7.242 0.8000000119
42852  -27.416  -31.581  7.456 0.8000000119
42865  -27.970  -31.142  6.944 0.6999999881
42853  -28.388  -31.410  7.765 0.6999999881
43838  -28.901  -30.859  7.294 0.6999999881
43859  -26.352  -30.769  5.245 0.8000000119
43850  -27.575  -30.812  6.202 0.8000000119
43861  -28.118  -30.311  5.703 0.6999999881
43851  -28.510  -30.577  6.488 0.6999999881
43860  -27.221  -30.545  5.456 0.8000000119
44872  -28.566  -29.747  5.259 0.6999999881
42002  -23.917  -32.547  2.819 0.8000000119
42907  -24.474  -31.829  2.489 0.8000000119
43880  -25.784  -30.232  3.713 0.8000000119
44887  -27.363  -29.648  4.290 0.8000000119
43891  -24.665  -30.906  2.321 0.8000000119
44899  -25.428  -29.908  2.980 0.8000000119
44900  -26.163  -29.578  3.361 0.8000000119
41088  -24.271  -33.084  2.677 0.8000000119
42918  -24.760  -31.366  1.860 0.8000000119
139276  -24.822  -30.236  2.507 0.8000000119
44916  -25.657  -29.086  2.676 0.8000000119
42015  -25.506  -32.166  2.013 0.8000000119
42919  -25.248  -31.526  1.667 0.8000000119
43906  -25.456  -30.911  1.262 0.6999999881
43893  -28.248  -30.542  2.590 0.6000000238
124490  -28.452  -29.863  2.156 0.6000000238
43919  -25.716  -30.357  0.800 0.6999999881
44949  -26.361  -29.644  0.477 0.6999999881
41906  -27.911  -33.146  13.367 0.5000000000
43732  -25.258  -30.888  13.034 0.3000000119
42806  -26.830  -31.318  12.991 0.4000000060
138325  -28.606  -33.109  12.012 0.6000000238
44792  -26.369  -30.024  12.223 0.3000000119
41916  -28.751  -32.407  11.937 0.5000000000
122963  -28.733  -32.863  11.401 0.6000000238
44811  -25.794  -29.474  11.771 0.3000000119
44793  -27.238  -30.084  12.013 0.3000000119
42818  -29.378  -31.476  10.984 0.6000000238
139117  -29.340  -31.783  10.744 0.6000000238
45970  -24.311  -28.330  10.803 0.3000000119
134973  -25.989  -28.231  10.586 0.3000000119
43774  -27.557  -29.547  11.507 0.3000000119
45971  -25.265  -28.428  10.841 0.3000000119
42831  -29.372  -31.631  9.876 0.6000000238
47044  -23.951  -27.714  10.292 0.3000000119
42854  -29.300  -31.105  8.141 0.6999999881
43852  -29.511  -30.311  6.894 0.6999999881
46024  -26.547  -28.970  3.096 0.8000000119
46011  -27.797  -28.980  3.902 0.6999999881
44888  -28.278  -29.351  4.589 0.6999999881
44901  -26.985  -29.293  3.625 0.6999999881
46038  -26.497  -28.330  2.648 0.6999999881
44914  -24.522  -30.063  1.766 0.8000000119
46036  -24.342  -29.334  1.644 0.6999999881
44915  -24.818  -29.585  2.317 0.8000000119
47111  -25.452  -28.277  2.183 0.6000000238
128127  -30.033  -28.330  1.533 0.6000000238
43905  -24.889  -30.865  1.412 0.6999999881
43918  -24.879  -30.362  0.928 0.6999999881
44947  -24.294  -29.526  0.897 0.6999999881
44950  -27.167  -29.753  0.876 0.6999999881
44951  -27.936  -29.113  0.820 0.6999999881
44948  -25.196  -29.781  0.533 0.6999999881
49263  -25.079  -25.610  -0.610 0.5000000000
49264  -26.150  -25.754  -0.800 0.5000000000
42825  -29.505  -31.365  10.361 0.6000000238
129520  -29.686  -31.101  9.709 0.6000000238
43795  -29.831  -30.642  10.010 0.6000000238
43826  -30.321  -30.057  8.607 0.6000000238
43839  -29.771  -30.480  7.699 0.6999999881
44850  -30.242  -29.900  7.312 0.6999999881
44861  -29.163  -29.981  6.040 0.6999999881
48112  -22.317  -26.638  9.095 0.3000000119
142119  -28.843  -29.380  4.962 0.6999999881
44862  -29.991  -29.812  6.634 0.6999999881
44873  -29.448  -29.330  5.421 0.6999999881
46037  -24.680  -28.874  2.015 0.6999999881
46025  -27.383  -28.480  3.230 0.6999999881
126525  -28.182  -28.383  3.627 0.6000000238
43904  -24.688  -30.683  1.711 0.6999999881
44934  -24.086  -29.295  1.108 0.6999999881
46050  -23.903  -28.770  1.359 0.6999999881
47125  -24.240  -28.133  1.634 0.6000000238
44933  -23.800  -29.011  0.964 0.6999999881
44935  -28.566  -29.275  1.559 0.6000000238
46052  -29.329  -28.781  1.604 0.5000000000
46064  -25.820  -29.038  0.221 0.6999999881
46075  -25.395  -28.347  0.024 0.6999999881
46076  -26.408  -28.325  -0.116 0.6999999881
47150  -27.014  -27.589  -0.528 0.6000000238
43776  -29.530  -30.719  10.720 0.5000000000
44828  -29.927  -29.446  9.875 0.4000000060
43796  -30.126  -30.028  9.646 0.5000000000
43814  -30.331  -29.948  9.058 0.6000000238
44829  -30.273  -29.442  9.289 0.5000000000
44838  -30.480  -29.470  8.552 0.6000000238
44863  -30.530  -29.199  6.814 0.6000000238
48130  -22.760  -26.167  8.633 0.3000000119
48131  -23.624  -26.198  8.660 0.3000000119
129319  -29.979  -29.469  6.155 0.6999999881
44889  -29.162  -28.962  4.731 0.6000000238
45998  -30.034  -28.607  5.159 0.6000000238
46012  -28.648  -28.649  4.145 0.6000000238
47112  -26.355  -27.553  2.175 0.6000000238
47101  -28.236  -27.768  3.194 0.6000000238
46061  -23.467  -28.493  1.028 0.6999999881
47124  -23.379  -28.205  1.184 0.6999999881
133185  -23.287  -27.596  1.271 0.6000000238
46074  -24.472  -28.356  0.296 0.6999999881
46077  -27.334  -28.348  -0.125 0.6999999881
47135  -28.947  -27.867  -0.159 0.5000000000
124657  -27.797  -28.627  0.221 0.6000000238
46066  -28.442  -28.440  0.410 0.6000000238
132007  -24.835  -27.647  -0.100 0.6000000238
47151  -27.901  -27.594  -0.744 0.5000000000
47149  -25.968  -27.557  -0.343 0.5000000000
132876  -26.592  -26.694  -0.714 0.5000000000
47065  -29.774  -28.034  9.359 0.4000000060
45978  -30.389  -28.729  8.964 0.4000000060
47073  -30.444  -27.917  8.592 0.4000000060
47062  -26.959  -27.240  9.584 0.4000000060
45987  -30.840  -28.526  7.323 0.6000000238
143741  -24.758  -25.746  8.218 0.3000000119
48134  -26.304  -26.225  8.605 0.3000000119
44874  -30.380  -28.872  5.940 0.6000000238
50294  -23.989  -24.037  7.068 0.3000000119
46013  -29.668  -28.156  4.440 0.6000000238
47114  -28.462  -26.955  2.748 0.5000000000
46026  -28.937  -27.963  3.731 0.6000000238
47113  -27.431  -27.527  2.583 0.6000000238
47126  -25.355  -27.474  1.807 0.6000000238
131867  -24.345  -27.294  1.585 0.6000000238
129575  -26.176  -26.901  1.789 0.6000000238
48185  -23.688  -26.588  1.420 0.6000000238
47148  -23.813  -27.816  0.399 0.6999999881
48212  -25.319  -26.642  -0.453 0.5000000000
47064  -28.812  -27.592  9.592 0.4000000060
47072  -29.580  -27.164  8.941 0.4000000060
45981  -30.714  -28.679  8.140 0.5000000000
125994  -30.861  -27.877  7.752 0.4000000060
45990  -30.849  -28.298  6.522 0.5000000000
49195  -24.562  -25.205  7.754 0.3000000119
49196  -25.847  -25.092  7.594 0.3000000119
49180  -26.058  -25.640  8.106 0.4000000060
45999  -30.692  -28.114  5.694 0.4000000060
50296  -25.564  -24.006  6.889 0.3000000119
49197  -26.622  -25.206  7.659 0.4000000060
47103  -29.818  -27.390  3.941 0.5000000000
46014  -30.431  -27.968  5.012 0.6000000238
47102  -29.116  -27.199  3.331 0.5000000000
48175  -27.087  -26.702  1.962 0.6000000238
48176  -28.602  -26.113  2.427 0.5000000000
138729  -25.321  -26.542  1.588 0.6000000238
137530  -24.860  -25.840  1.454 0.6000000238
48195  -22.503  -26.900  1.003 0.6000000238
49241  -22.568  -26.124  1.146 0.6000000238
47147  -23.086  -27.034  0.477 0.5000000000
134010  -24.031  -26.993  -0.118 0.5000000000
48211  -24.312  -26.190  -0.367 0.5000000000
50362  -24.804  -24.863  -0.695 0.5000000000
49278  -25.681  -24.903  -0.899 0.5000000000
48119  -28.483  -27.014  9.240 0.4000000060
48138  -30.498  -27.143  8.125 0.4000000060
136505  -30.933  -27.210  7.412 0.4000000060
47079  -31.069  -27.717  6.993 0.4000000060
48137  -29.713  -26.424  8.273 0.4000000060
48150  -31.119  -26.884  6.749 0.4000000060
134364  -31.164  -26.630  5.880 0.4000000060
50295  -24.778  -23.842  6.872 0.3000000119
48168  -29.994  -26.582  3.623 0.4000000060
47091  -30.857  -27.374  5.389 0.5000000000
51326  -24.332  -23.322  6.668 0.3000000119
48177  -29.324  -26.341  2.963 0.4000000060
49233  -27.863  -25.979  1.974 0.5000000000
49234  -28.598  -25.226  2.092 0.4000000060
48186  -26.445  -26.148  1.630 0.6000000238
48187  -27.193  -25.865  1.696 0.5000000000
120694  -23.746  -25.484  1.296 0.6000000238
49242  -25.285  -24.964  1.342 0.5000000000
49243  -26.667  -25.259  1.502 0.5000000000
48209  -22.570  -26.179  0.438 0.5000000000
48208  -22.338  -26.058  0.792 0.6000000238
50335  -22.911  -25.077  1.024 0.6000000238
50334  -22.446  -24.939  0.460 0.6000000238
49262  -23.832  -25.313  -0.445 0.5000000000
50361  -24.018  -24.296  -0.660 0.5000000000
50378  -26.957  -24.302  -1.433 0.5000000000
50359  -22.364  -24.613  0.092 0.5000000000
54407  -23.873  -20.179  5.731 0.3000000119
54408  -24.776  -20.444  5.735 0.4000000060
55521  -25.391  -19.826  5.545 0.4000000060
50336  -23.784  -24.319  1.011 0.5000000000
56675  -23.667  -18.834  5.202 0.4000000060
50346  -22.639  -24.148  0.483 0.5000000000
51372  -26.228  -23.289  1.119 0.5000000000
121045  -27.304  -22.947  1.300 0.5000000000
51384  -22.577  -23.299  0.126 0.5000000000
51371  -25.070  -23.055  0.814 0.5000000000
50360  -22.870  -24.441  -0.309 0.5000000000
51398  -22.822  -23.024  -0.220 0.6000000238
51410  -26.278  -23.235  -1.420 0.5000000000
50377  -25.044  -24.163  -0.924 0.6000000238
51408  -23.968  -22.939  -1.134 0.5000000000
51409  -25.041  -23.241  -1.256 0.6000000238
52439  -26.070  -22.180  -1.624 0.4000000060
56677  -25.217  -19.118  5.301 0.4000000060
54409  -26.593  -20.642  5.551 0.4000000060
51385  -23.222  -23.410  0.538 0.5000000000
123940  -23.030  -22.783  0.185 0.5000000000
52427  -23.132  -22.495  -0.238 0.5000000000
53407  -23.282  -21.841  -0.112 0.5000000000
53408  -23.736  -21.586  -0.305 0.5000000000
51399  -23.233  -23.410  -0.511 0.5000000000
51407  -23.316  -22.564  -0.543 0.5000000000
53435  -25.717  -21.439  -2.022 0.4000000060
52438  -24.315  -22.161  -1.362 0.5000000000
123586  -25.348  -22.513  -1.505 0.5000000000
55537  -26.589  -19.127  5.080 0.4000000060
57805  -24.928  -17.780  4.441 0.4000000060
51386  -23.946  -22.801  0.531 0.5000000000
52402  -26.481  -22.408  0.989 0.4000000060
52437  -23.579  -21.880  -1.003 0.4000000060
53434  -23.954  -21.146  -1.562 0.4000000060
122599  -24.884  -21.683  -1.737 0.5000000000
128893  -25.692  -21.136  0.418 0.4000000060
53433  -23.814  -21.019  -1.212 0.4000000060
53442  -24.368  -20.631  -2.220 0.5000000000
133688  -25.331  -20.081  -3.165 0.4000000060
54506  -24.530  -19.875  -2.739 0.4000000060
54496  -24.127  -20.219  -1.722 0.4000000060
55620  -28.875  -19.951  -3.126 0.4000000060
53441  -24.126  -20.359  -1.961 0.4000000060
54519  -25.020  -19.423  -3.408 0.4000000060
55611  -24.994  -18.987  -2.039 0.4000000060
55631  -26.417  -19.163  -4.298 0.4000000060
54521  -27.550  -19.804  -3.622 0.4000000060
132360  -28.414  -19.458  -4.027 0.4000000060
54511  -29.837  -19.753  -2.989 0.4000000060
56766  -24.775  -18.790  -2.901 0.4000000060
55619  -24.561  -19.227  -2.902 0.3000000119
131930  -25.581  -19.130  -3.950 0.4000000060
56776  -25.486  -18.304  -3.521 0.4000000060
56767  -25.645  -18.488  -2.593 0.4000000060
56802  -26.246  -17.853  -4.682 0.3000000119
55643  -26.584  -18.394  -4.775 0.4000000060
55644  -27.445  -19.032  -4.586 0.4000000060
55632  -29.364  -19.434  -3.879 0.4000000060
55629  -25.129  -18.719  -3.638 0.3000000119
56803  -26.691  -17.720  -5.048 0.4000000060
55645  -28.557  -18.754  -4.811 0.5000000000
56787  -26.048  -17.727  -4.149 0.4000000060
57899  -26.305  -17.663  -4.589 0.4000000060
140258  -14.963  -46.586  7.186 0.6999999881
23830  -19.983  -49.985  11.205 0.6999999881
21751  -14.082  -52.602  14.617 0.6000000238
26743  -20.803  -47.166  10.731 0.8000000119
25761  -21.758  -48.196  12.645 0.8000000119
25705  -20.964  -48.336  16.018 0.6000000238
25721  -21.584  -48.240  15.539 0.6999999881
137337  -22.144  -44.578  11.560 0.8000000119
35868  -19.189  -38.358  5.713 0.8000000119
28685  -21.890  -45.686  16.870 0.6000000238
28706  -16.791  -45.601  14.306 0.5000000000
133752  -23.461  -41.048  12.002 0.8000000119
30766  -23.812  -44.235  16.073 0.8000000119
33732  -15.875  -40.693  13.197 0.4000000060
29723  -19.592  -43.906  16.069 0.6000000238
32717  -19.563  -41.476  15.700 0.6000000238
130020  -23.407  -41.842  17.388 0.6999999881
37906  -21.958  -36.164  9.929 0.6999999881
33705  -25.132  -40.262  16.196 0.6999999881
42861  -24.241  -31.698  6.281 0.8000000119
37851  -25.744  -36.640  16.032 0.6999999881
143790  -27.419  -33.276  9.655 0.6999999881
41934  -26.927  -32.935  9.009 0.6999999881
40998  -26.757  -33.384  14.297 0.6000000238
41018  -28.091  -33.803  11.017 0.6999999881
41026  -28.190  -33.193  10.263 0.6000000238
42797  -27.626  -32.192  13.193 0.5000000000
44821  -29.668  -29.899  10.396 0.4000000060
130150  -25.988  -24.133  -1.252 0.5000000000
54483  -23.867  -20.792  -1.076 0.4000000060
27801  -17.916  -46.897  5.916 0.5000000000
27787  -18.634  -46.347  6.355 0.5000000000
24873  -14.029  -49.066  6.477 0.6999999881
142109  -22.062  -43.489  6.773 0.5000000000
19603  -13.620  -54.602  14.347 0.5000000000
31860  -21.540  -42.702  6.274 0.6999999881
24822  -19.090  -49.959  10.000 0.6999999881
24844  -19.330  -49.210  9.696 0.6999999881
27758  -15.803  -45.478  7.815 0.6999999881
27759  -16.991  -46.121  8.212 0.6999999881
31834  -16.486  -42.172  7.967 0.6999999881
28779  -16.605  -45.217  8.283 0.6999999881
32847  -22.710  -40.921  5.402 0.6999999881
34816  -24.711  -39.763  7.849 0.5000000000
33829  -23.279  -40.308  5.730 0.6000000238
35849  -24.741  -38.760  6.812 0.5000000000
22782  -15.819  -51.744  15.520 0.6000000238
26759  -19.615  -47.430  9.556 0.6999999881
32855  -22.230  -40.499  4.622 0.6999999881
21733  -17.364  -52.499  15.257 0.6000000238
140816  -19.970  -46.748  9.873 0.6999999881
35828  -27.020  -38.405  9.498 0.4000000060
24791  -21.361  -49.099  12.761 0.8000000119
23755  -16.219  -50.832  15.586 0.6000000238
23765  -15.431  -50.236  15.249 0.6000000238
35880  -20.615  -39.000  4.855 0.8000000119
24754  -19.910  -49.670  15.633 0.6999999881
127443  -21.635  -47.591  11.943 0.6999999881
141110  -11.985  -50.205  12.689 0.5000000000
29777  -21.262  -44.489  10.709 0.8000000119
35851  -25.710  -37.886  7.550 0.5000000000
25748  -22.319  -47.845  14.326 0.6999999881
24762  -15.635  -49.413  14.821 0.6000000238
36888  -24.433  -37.123  7.238 0.6999999881
121199  -22.855  -46.663  14.454 0.6999999881
34814  -19.583  -39.582  8.082 0.8999999762
35857  -18.593  -38.149  6.731 0.8000000119
38989  -26.827  -35.887  8.162 0.6000000238
38992  -29.809  -35.751  8.716 0.4000000060
25759  -14.536  -47.407  12.107 0.3000000119
24770  -14.699  -48.985  13.604 0.5000000000
24769  -13.965  -48.944  13.117 0.5000000000
25758  -14.124  -48.040  12.144 0.4000000060
33783  -21.275  -40.601  9.555 0.8999999762
36901  -20.741  -37.222  6.538 0.8000000119
27646  -21.422  -46.513  16.620 0.6000000238
27645  -20.513  -46.622  16.622 0.6000000238
27647  -22.231  -46.408  16.378 0.6000000238
25745  -15.410  -48.173  13.296 0.4000000060
25746  -16.112  -47.729  13.714 0.5000000000
141961  -22.338  -40.072  10.611 0.8000000119
39006  -26.159  -35.761  7.870 0.6999999881
41042  -29.035  -33.669  7.250 0.6000000238
40054  -30.979  -34.224  7.244 0.4000000060
27684  -16.039  -46.188  13.757 0.5000000000
26686  -16.148  -46.936  13.579 0.5000000000
27659  -18.577  -46.401  15.701 0.5000000000
29750  -17.215  -44.178  14.540 0.5000000000
28707  -17.541  -45.016  14.624 0.5000000000
28699  -19.202  -45.527  16.116 0.5000000000
31752  -15.992  -42.385  14.333 0.6000000238
31753  -16.739  -42.685  14.335 0.6000000238
30764  -18.636  -43.843  15.220 0.6000000238
28698  -18.662  -45.293  15.570 0.5000000000
33735  -24.772  -40.862  13.911 0.6999999881
141279  -24.473  -40.771  13.265 0.6999999881
131807  -20.740  -37.819  9.516 0.8000000119
37917  -18.514  -35.971  7.568 0.8999999762
32725  -18.358  -41.698  14.707 0.5000000000
123511  -18.530  -43.019  14.937 0.6000000238
31741  -19.381  -42.235  15.566 0.6000000238
33726  -17.890  -40.357  14.399 0.4000000060
129578  -18.025  -41.134  14.447 0.4000000060
131063  -19.173  -41.003  15.382 0.5000000000
33718  -19.111  -40.305  15.397 0.5000000000
34746  -24.788  -40.217  13.511 0.6999999881
35760  -17.644  -38.627  14.745 0.4000000060
39018  -18.736  -35.200  6.958 0.8000000119
31713  -22.906  -42.572  17.413 0.6999999881
32702  -20.731  -41.828  16.604 0.6999999881
32701  -20.184  -41.225  16.214 0.6000000238
139734  -25.594  -39.116  14.180 0.6999999881
35749  -18.927  -38.465  15.666 0.5000000000
35783  -25.021  -38.597  12.741 0.6999999881
36809  -17.543  -37.559  14.932 0.4000000060
41048  -26.044  -33.483  5.861 0.8000000119
33685  -21.391  -40.130  16.952 0.6000000238
33703  -20.772  -40.048  16.604 0.6000000238
33701  -19.663  -40.718  15.804 0.6000000238
37848  -18.730  -36.715  15.644 0.3000000119
35782  -24.377  -38.213  12.028 0.6999999881
35771  -25.776  -38.132  13.267 0.6999999881
40068  -23.906  -33.818  5.452 0.8999999762
41061  -25.717  -33.326  4.950 0.8000000119
141899  -25.019  -33.478  4.603 0.8000000119
41075  -26.971  -32.805  4.699 0.6000000238
41969  -28.788  -32.557  5.493 0.6000000238
41992  -27.916  -32.047  3.977 0.6000000238
41977  -26.606  -32.714  3.767 0.8000000119
34707  -22.664  -39.493  17.428 0.6999999881
36772  -23.865  -38.159  17.289 0.6999999881
35735  -20.151  -38.048  16.421 0.5000000000
37832  -21.113  -36.594  16.462 0.4000000060
36833  -25.325  -37.132  11.763 0.6999999881
125348  -22.597  -34.913  9.425 0.8000000119
41059  -23.136  -33.522  4.201 0.8000000119
139303  -25.384  -33.335  4.038 0.8000000119
35739  -25.633  -38.881  15.614 0.6999999881
36802  -26.497  -37.184  14.618 0.6999999881
36825  -26.240  -37.366  12.970 0.6999999881
37883  -25.699  -36.540  11.509 0.6999999881
37884  -26.529  -36.285  11.948 0.6999999881
38958  -26.910  -35.589  11.643 0.6999999881
40014  -26.354  -34.093  9.818 0.6999999881
41031  -22.763  -33.274  8.282 0.8000000119
41032  -23.804  -33.252  8.396 0.8000000119
41940  -23.383  -32.775  7.886 0.8000000119
36801  -25.857  -37.483  15.840 0.6999999881
141555  -21.537  -34.776  15.606 0.3000000119
141429  -26.232  -37.548  15.135 0.6999999881
37868  -26.744  -36.738  14.035 0.6999999881
40967  -21.634  -34.126  15.313 0.3000000119
134243  -23.339  -34.979  15.843 0.5000000000
39958  -22.961  -34.485  15.530 0.4000000060
138343  -27.020  -36.349  13.495 0.6999999881
38951  -27.131  -35.844  12.414 0.6999999881
41884  -21.563  -32.497  14.377 0.3000000119
39997  -27.928  -34.356  11.746 0.6999999881
38926  -24.881  -35.423  16.001 0.6000000238
41887  -24.337  -32.740  14.335 0.3000000119
38952  -27.526  -35.309  12.955 0.6999999881
43730  -23.395  -30.984  13.260 0.3000000119
43731  -24.312  -30.904  13.133 0.3000000119
42921  -26.627  -31.252  1.843 0.6999999881
142965  -25.205  -33.700  14.870 0.6000000238
39975  -26.031  -33.651  14.668 0.6000000238
142134  -26.436  -34.408  14.851 0.6000000238
39984  -27.754  -34.567  13.369 0.6999999881
39990  -27.897  -34.553  12.580 0.6999999881
44886  -26.549  -29.948  4.018 0.8000000119
43907  -27.076  -30.471  1.456 0.6000000238
43908  -27.806  -29.773  1.492 0.6000000238
42795  -25.581  -31.661  13.473 0.3000000119
40987  -24.523  -33.435  14.786 0.5000000000
41915  -28.402  -32.952  12.675 0.5000000000
45949  -24.616  -28.878  11.373 0.3000000119
42817  -29.000  -31.612  11.601 0.5000000000
42841  -29.508  -31.248  9.071 0.6000000238
44871  -27.731  -30.023  4.964 0.6999999881
135057  -26.665  -28.914  0.182 0.6999999881
135119  -25.345  -28.996  11.419 0.3000000119
47045  -24.859  -27.786  10.328 0.3000000119
43813  -30.021  -30.519  9.235 0.6000000238
43825  -29.927  -30.571  8.482 0.6000000238
46063  -24.725  -29.049  0.427 0.6999999881
44851  -30.581  -29.394  7.763 0.6000000238
46062  -23.751  -28.724  0.831 0.6999999881
46051  -28.694  -28.742  1.060 0.5000000000
45973  -29.379  -29.019  10.291 0.4000000060
47123  -22.933  -27.707  1.046 0.6000000238
48184  -22.559  -26.969  1.080 0.6000000238
46078  -28.170  -28.093  -0.243 0.6000000238
48213  -27.591  -26.824  -1.086 0.4000000060
45976  -29.094  -28.281  9.992 0.4000000060
133988  -27.038  -26.303  8.648 0.4000000060
48133  -25.382  -26.118  8.525 0.3000000119
136770  -24.083  -24.701  7.460 0.3000000119
50279  -24.825  -24.472  7.269 0.3000000119
47095  -30.433  -27.412  4.623 0.5000000000
136428  -27.885  -26.681  2.321 0.5000000000
47134  -23.089  -27.860  0.959 0.5000000000
47083  -31.052  -27.484  6.228 0.4000000060
50281  -26.301  -24.506  7.190 0.4000000060
49227  -30.141  -25.593  3.396 0.4000000060
49244  -27.690  -25.272  1.684 0.5000000000
135020  -22.310  -24.054  0.136 0.6000000238
55522  -26.200  -19.893  5.466 0.4000000060
51370  -24.263  -23.479  0.818 0.5000000000
54505  -24.329  -19.858  -2.380 0.4000000060
55610  -24.466  -19.451  -2.373 0.4000000060
56777  -26.227  -17.918  -3.243 0.4000000060
56788  -29.824  -18.884  -4.513 0.3000000119
18711  -12.347  -55.687  8.207 0.5000000000
19725  -12.116  -54.319  6.729 0.5000000000
17748  -12.227  -56.511  10.469 0.4000000060
17770  -12.899  -56.294  9.930 0.5000000000
18693  -12.671  -56.034  9.079 0.5000000000
18712  -13.182  -55.393  8.572 0.5000000000
19704  -13.531  -54.588  8.100 0.6000000238
20802  -13.670  -53.676  7.704 0.6000000238
18677  -13.661  -56.067  10.267 0.5000000000
17750  -13.837  -56.342  11.202 0.5000000000
18695  -14.171  -55.398  9.776 0.5000000000
19683  -14.605  -54.604  9.379 0.5000000000
18663  -14.587  -56.058  11.502 0.5000000000
20789  -14.907  -53.749  9.002 0.6000000238
20804  -15.103  -52.938  8.711 0.6000000238
19705  -14.236  -54.173  8.529 0.6000000238
21857  -14.635  -52.426  8.129 0.6000000238
22876  -14.473  -51.602  7.744 0.6000000238
22877  -15.304  -51.418  8.281 0.6000000238
143021  -13.999  -50.985  7.272 0.6000000238
23876  -14.013  -49.807  6.918 0.6000000238
23877  -14.970  -49.989  7.581 0.6000000238
18679  -14.939  -55.513  10.939 0.5000000000
19684  -15.367  -54.203  9.906 0.5000000000
20790  -15.522  -53.317  9.427 0.6000000238
18645  -14.800  -56.171  12.406 0.5000000000
18664  -15.376  -55.565  11.729 0.5000000000
21846  -15.665  -52.625  9.140 0.6000000238
17697  -14.021  -56.212  13.482 0.5000000000
18646  -15.479  -55.755  12.809 0.5000000000
22878  -16.101  -51.276  8.710 0.6000000238
23863  -15.541  -50.702  8.137 0.6000000238
25842  -14.250  -48.354  6.676 0.6000000238
19667  -15.444  -54.917  10.773 0.5000000000
20770  -15.997  -53.505  10.123 0.5000000000
19637  -16.090  -55.174  12.362 0.5000000000
19656  -16.582  -54.362  11.810 0.5000000000
19668  -16.012  -54.246  10.772 0.5000000000
21847  -16.232  -52.400  9.535 0.6000000238
18629  -15.361  -55.615  13.687 0.5000000000
19638  -16.686  -54.751  12.935 0.5000000000
22865  -16.519  -51.745  9.316 0.6000000238
18628  -14.545  -55.806  13.949 0.5000000000
19619  -15.932  -55.082  14.031 0.5000000000
23864  -16.418  -50.581  8.550 0.6000000238
24874  -14.457  -49.115  7.101 0.6000000238
24875  -15.634  -49.411  7.679 0.6000000238
21830  -17.826  -52.196  10.927 0.5000000000
21829  -17.210  -52.504  10.608 0.6000000238
22853  -17.569  -51.843  10.325 0.6000000238
20738  -17.241  -54.025  12.620 0.5000000000
21828  -16.528  -52.874  10.222 0.6000000238
18612  -15.127  -55.187  14.367 0.5000000000
25824  -16.617  -48.859  7.877 0.6000000238
25844  -16.060  -48.047  7.550 0.6000000238
20739  -17.735  -53.584  13.268 0.5000000000
125894  -17.736  -53.310  12.348 0.5000000000
20754  -17.639  -52.793  11.448 0.5000000000
22854  -18.289  -51.597  10.756 0.6000000238
19606  -16.479  -54.441  14.263 0.5000000000
19605  -15.813  -54.621  14.508 0.5000000000
20704  -16.569  -53.782  14.798 0.6000000238
21788  -18.650  -52.405  12.553 0.6000000238
21787  -18.157  -52.752  12.167 0.5000000000
21808  -18.384  -52.142  11.600 0.5000000000
22836  -18.982  -51.362  11.331 0.6000000238
20725  -17.620  -53.590  14.059 0.6000000238
20726  -18.170  -53.094  13.766 0.6000000238
23829  -18.845  -50.767  10.486 0.6000000238
20683  -15.324  -53.205  15.141 0.5000000000
20685  -16.810  -53.112  15.169 0.5000000000
20705  -17.371  -53.289  14.702 0.6000000238
21750  -13.397  -52.900  14.119 0.4000000060
20706  -17.943  -53.076  14.345 0.6000000238
21772  -18.710  -52.525  13.441 0.6000000238
21789  -19.162  -52.062  13.037 0.6000000238
22818  -19.089  -51.758  12.220 0.5000000000
22837  -19.577  -51.079  11.979 0.6000000238
126724  -19.449  -50.188  10.647 0.6000000238
125638  -20.055  -50.736  12.465 0.6999999881
38990  -27.560  -35.636  8.352 0.5000000000
37835  -23.785  -36.500  16.697 0.5000000000
41034  -26.123  -33.097  8.819 0.6000000238
42911  -27.876  -31.239  2.930 0.5000000000
43894  -29.219  -30.077  2.850 0.5000000000
46065  -27.216  -29.094  0.376 0.5000000000
56806  -30.350  -18.363  -5.005 0.3000000119
56807  -31.165  -18.276  -4.701 0.3000000119
57904  -32.310  -17.407  -3.640 0.3000000119
17747  -11.232  -56.614  10.234 0.4000000060
134796  -10.825  -56.513  9.290 0.5000000000
17788  -11.760  -56.216  8.720 0.5000000000
20814  -12.982  -53.069  6.818 0.5000000000
17749  -13.043  -56.482  10.836 0.4000000060
20815  -13.602  -52.851  7.355 0.6000000238
21869  -13.867  -52.164  7.403 0.6000000238
142678  -13.331  -51.691  6.783 0.5000000000
122496  -13.686  -50.490  6.818 0.5000000000
17731  -12.226  -56.563  11.310 0.4000000060
17732  -14.067  -56.441  12.146 0.5000000000
17696  -13.065  -56.136  13.515 0.5000000000
17716  -14.278  -56.360  12.866 0.5000000000
18627  -13.786  -55.840  13.931 0.3000000119
19602  -12.607  -54.494  14.183 0.4000000060
20722  -11.357  -53.090  13.885 0.4000000060
37920  -28.045  -36.320  8.782 0.4000000060
38991  -29.090  -35.387  8.605 0.4000000060
39959  -23.856  -34.432  15.511 0.5000000000
134955  -24.039  -33.781  15.104 0.4000000060
140700  -29.922  -29.505  2.703 0.5000000000
44917  -29.262  -29.379  2.215 0.5000000000
133591  -30.694  -17.775  -5.391 0.3000000119
59010  -32.624  -16.693  -4.073 0.3000000119
132636  -11.527  -56.584  10.906 0.4000000060
22866  -17.255  -51.455  9.678 0.6000000238
20682  -14.652  -53.142  14.875 0.5000000000
19604  -14.533  -54.562  14.582 0.5000000000
20703  -15.749  -53.963  14.923 0.6000000238
127594  -29.703  -30.550  3.572 0.5000000000
18611  -14.139  -55.297  14.266 0.4000000060
19703  -12.764  -54.975  7.662 0.6000000238
17769  -12.019  -56.410  9.608 0.4000000060
18694  -13.455  -55.731  9.426 0.5000000000
19666  -14.835  -55.069  10.186 0.5000000000
132652  -13.104  -56.536  11.912 0.5000000000
20771  -16.557  -53.591  10.870 0.5000000000
20753  -17.154  -53.537  11.654 0.5000000000
19620  -16.472  -54.801  13.678 0.5000000000
19621  -17.110  -54.236  13.648 0.5000000000
56805  -29.239  -18.115  -5.299 0.4000000060
17714  -11.957  -56.484  12.217 0.4000000060
22884  -13.115  -51.479  6.313 0.4000000060
23886  -13.660  -49.877  6.270 0.4000000060
134673  -12.716  -56.412  12.793 0.4000000060
27683  -15.394  -46.538  13.300 0.4000000060
134555  -15.571  -46.735  13.256 0.4000000060
25760  -15.006  -47.380  12.522 0.4000000060
28705  -16.199  -45.155  14.443 0.4000000060
29746  -14.057  -43.757  15.744 0.4000000060
30773  -15.734  -43.400  14.955 0.4000000060
29749  -16.417  -44.021  14.707 0.4000000060
30771  -12.574  -42.782  15.215 0.3000000119
30772  -13.699  -42.708  15.335 0.3000000119
132355  -12.879  -42.084  14.624 0.4000000060
31751  -14.603  -42.327  14.928 0.5000000000
31750  -13.803  -41.909  14.533 0.4000000060
32723  -14.537  -41.772  14.275 0.4000000060
32735  -13.979  -41.403  13.594 0.4000000060
40969  -23.331  -33.827  15.122 0.3000000119
42808  -28.477  -31.560  12.238 0.3000000119
43754  -27.020  -30.685  12.526 0.3000000119
42807  -27.725  -31.424  12.694 0.3000000119
144034  -28.548  -30.956  11.922 0.3000000119
138777  -28.118  -30.257  11.796 0.3000000119
43775  -29.048  -30.711  11.408 0.3000000119
120288  -25.214  -23.895  1.083 0.4000000060
47048  -28.139  -27.957  10.122 0.3000000119
47063  -27.832  -27.384  9.610 0.3000000119
50337  -26.405  -24.305  1.334 0.4000000060
48118  -27.611  -26.704  9.068 0.3000000119
49181  -26.880  -25.772  8.213 0.3000000119
49245  -28.182  -24.702  1.715 0.4000000060
51373  -27.294  -23.783  1.395 0.3000000119
53409  -24.560  -21.466  0.176 0.4000000060
130715  -24.910  -20.836  -0.059 0.3000000119
48136  -28.665  -26.515  8.716 0.3000000119
48135  -27.826  -25.998  8.364 0.3000000119
49182  -28.850  -25.954  8.250 0.3000000119
49200  -29.561  -25.634  7.736 0.3000000119
48146  -30.591  -26.342  7.493 0.3000000119
50283  -28.101  -24.873  7.375 0.3000000119
140752  -28.945  -25.041  7.446 0.3000000119
50284  -29.775  -24.920  7.186 0.3000000119
50285  -30.588  -24.963  6.690 0.3000000119
49208  -31.048  -25.845  6.521 0.3000000119
48161  -30.898  -26.636  4.958 0.3000000119
50282  -27.204  -24.719  7.298 0.3000000119
47104  -30.440  -26.814  4.254 0.3000000119
122275  -26.336  -23.892  6.757 0.3000000119
51329  -26.876  -23.373  6.492 0.3000000119
51328  -25.978  -23.346  6.533 0.3000000119
52370  -25.959  -22.038  6.073 0.3000000119
49235  -29.391  -25.488  2.659 0.3000000119
50328  -29.449  -24.689  2.451 0.3000000119
50327  -28.872  -24.340  1.943 0.3000000119
130475  -23.946  -19.414  5.465 0.3000000119
55520  -24.618  -19.635  5.536 0.3000000119
51374  -28.168  -24.056  1.603 0.3000000119
56689  -25.099  -18.481  4.870 0.3000000119
56687  -23.416  -18.185  4.766 0.3000000119
52417  -25.643  -21.892  0.656 0.3000000119
134316  -24.583  -20.383  -0.773 0.3000000119
124542  -27.803  -24.257  6.939 0.3000000119
50298  -28.887  -24.389  6.951 0.3000000119
50300  -30.732  -24.463  6.016 0.3000000119
49216  -31.077  -25.630  5.369 0.3000000119
48169  -30.699  -25.963  4.325 0.3000000119
50297  -26.989  -24.103  6.848 0.3000000119
51330  -28.339  -23.743  6.562 0.3000000119
50299  -30.003  -24.309  6.590 0.3000000119
50309  -30.665  -24.104  5.205 0.3000000119
49222  -30.910  -24.878  4.890 0.3000000119
49228  -30.702  -25.114  4.174 0.3000000119
52357  -27.871  -23.065  6.284 0.3000000119
51331  -29.339  -23.715  6.387 0.3000000119
53336  -25.184  -22.023  6.125 0.3000000119
52355  -26.383  -22.676  6.281 0.3000000119
52356  -27.129  -22.655  6.214 0.3000000119
129811  -29.961  -24.937  2.920 0.3000000119
51365  -29.581  -23.905  2.381 0.3000000119
53357  -26.250  -21.361  5.779 0.3000000119
51364  -28.929  -23.430  1.861 0.3000000119
55536  -25.842  -19.314  5.303 0.3000000119
56690  -25.823  -18.734  4.974 0.3000000119
140177  -26.387  -18.467  4.698 0.3000000119
123660  -28.037  -23.387  1.512 0.3000000119
57806  -25.822  -18.032  4.508 0.3000000119
136751  -27.338  -22.098  1.233 0.3000000119
53410  -26.561  -21.614  0.825 0.3000000119
120775  -25.812  -20.449  0.039 0.3000000119
55598  -24.743  -19.707  -1.478 0.3000000119
51344  -29.584  -23.099  5.867 0.3000000119
51332  -30.265  -23.732  5.913 0.3000000119
51353  -30.475  -23.508  4.487 0.3000000119
52372  -27.774  -22.233  5.893 0.3000000119
52374  -29.727  -22.585  5.387 0.3000000119
51345  -30.260  -23.143  5.171 0.3000000119
50317  -30.641  -24.311  4.317 0.3000000119
52371  -26.841  -21.961  5.927 0.3000000119
121172  -26.931  -21.243  5.652 0.3000000119
53358  -27.627  -21.474  5.605 0.3000000119
141719  -30.071  -23.602  2.904 0.3000000119
52395  -29.275  -22.472  2.167 0.3000000119
52396  -29.736  -23.117  2.571 0.3000000119
55523  -27.132  -19.922  5.292 0.3000000119
52403  -28.276  -22.576  1.579 0.3000000119
56691  -27.132  -18.552  4.649 0.3000000119
57807  -26.686  -17.912  4.368 0.3000000119
139077  -27.488  -18.072  4.353 0.3000000119
53395  -27.412  -21.344  1.087 0.3000000119
53411  -26.697  -20.909  0.626 0.3000000119
129372  -25.467  -19.946  -0.631 0.3000000119
52384  -30.271  -22.880  4.500 0.3000000119
54411  -28.387  -20.928  5.288 0.3000000119
53372  -29.258  -21.199  5.019 0.3000000119
53373  -29.725  -21.679  4.495 0.3000000119
52390  -30.357  -23.062  4.002 0.3000000119
141184  -30.376  -23.749  3.619 0.3000000119
54410  -27.478  -20.707  5.420 0.3000000119
52389  -30.108  -22.377  3.974 0.3000000119
51359  -30.176  -23.007  3.345 0.3000000119
55524  -28.295  -20.067  5.059 0.3000000119
54424  -29.008  -20.555  4.925 0.3000000119
55538  -27.683  -19.237  4.883 0.3000000119
56692  -28.103  -18.564  4.487 0.3000000119
56693  -29.009  -18.460  4.107 0.3000000119
126878  -28.232  -21.123  1.449 0.3000000119
141471  -28.006  -21.770  1.435 0.3000000119
57822  -27.351  -17.528  4.007 0.3000000119
57808  -28.221  -17.900  4.113 0.3000000119
54470  -27.020  -20.345  0.363 0.3000000119
54484  -26.474  -19.911  -0.239 0.3000000119
55599  -25.866  -19.485  -1.085 0.3000000119
53382  -29.774  -21.440  3.562 0.3000000119
125081  -29.907  -22.312  3.013 0.3000000119
124168  -29.111  -20.088  4.583 0.3000000119
54425  -29.481  -20.744  4.318 0.3000000119
55539  -28.862  -19.309  4.486 0.3000000119
53396  -29.103  -20.890  2.035 0.3000000119
58950  -27.991  -16.380  3.123 0.3000000119
56702  -29.652  -18.380  3.484 0.3000000119
58929  -27.196  -16.849  3.565 0.3000000119
58930  -28.127  -17.206  3.657 0.3000000119
57823  -29.066  -17.732  3.682 0.3000000119
54456  -28.504  -20.422  1.334 0.3000000119
54455  -27.649  -20.710  0.923 0.3000000119
55585  -27.412  -19.851  0.121 0.3000000119
55612  -26.334  -18.905  -1.610 0.3000000119
53388  -29.481  -21.639  2.558 0.3000000119
55540  -29.488  -19.874  3.980 0.3000000119
54436  -29.608  -20.476  3.499 0.3000000119
140343  -29.566  -20.949  2.876 0.3000000119
55551  -29.565  -19.077  3.788 0.3000000119
55552  -29.709  -19.569  3.191 0.3000000119
54457  -29.221  -20.046  1.877 0.3000000119
55573  -28.824  -19.779  1.110 0.3000000119
125368  -29.002  -16.938  3.258 0.3000000119
57824  -29.858  -17.662  2.974 0.3000000119
56703  -30.042  -18.435  2.928 0.3000000119
131684  -29.887  -18.901  3.172 0.3000000119
54471  -27.982  -20.132  0.658 0.3000000119
55600  -27.242  -19.386  -0.650 0.3000000119
57890  -26.829  -17.381  -3.933 0.3000000119
56778  -27.483  -17.764  -2.788 0.3000000119
56768  -26.911  -18.382  -2.180 0.3000000119
54443  -29.541  -20.261  2.686 0.3000000119
140520  -28.821  -16.322  2.766 0.3000000119
130361  -29.942  -18.934  2.531 0.3000000119
55562  -29.653  -19.634  2.452 0.3000000119
58951  -29.583  -16.736  2.578 0.3000000119
55574  -29.579  -19.375  1.742 0.3000000119
56741  -29.075  -18.929  0.152 0.3000000119
55586  -28.346  -19.497  0.221 0.3000000119
56755  -28.440  -18.835  -0.671 0.3000000119
57882  -28.859  -17.639  -2.356 0.3000000119
56769  -28.128  -18.334  -1.735 0.3000000119
56754  -27.453  -18.801  -1.334 0.3000000119
57891  -27.955  -17.136  -3.555 0.3000000119
59974  -28.325  -15.754  2.473 0.3000000119
59975  -29.231  -15.928  2.208 0.3000000119
120486  -29.945  -16.403  1.817 0.3000000119
56729  -30.311  -17.900  1.621 0.3000000119
56743  -30.253  -17.956  0.936 0.3000000119
56728  -30.004  -18.599  1.542 0.3000000119
55587  -29.292  -19.157  0.886 0.3000000119
57868  -30.412  -17.316  0.281 0.3000000119
56742  -29.736  -18.547  0.588 0.3000000119
57883  -29.668  -17.544  -1.573 0.3000000119
56770  -29.151  -18.162  -1.205 0.3000000119
56756  -29.459  -18.419  -0.261 0.3000000119
57892  -28.943  -16.987  -3.244 0.3000000119
56813  -27.149  -17.314  -5.347 0.3000000119
57900  -26.582  -17.286  -4.789 0.3000000119
56814  -28.035  -17.654  -5.530 0.3000000119
59994  -29.595  -15.593  1.454 0.3000000119
58968  -30.319  -16.795  1.380 0.3000000119
58981  -30.438  -16.672  0.707 0.3000000119
127561  -30.085  -18.029  0.196 0.3000000119
57876  -30.020  -17.697  -0.629 0.3000000119
57902  -28.240  -16.463  -4.353 0.3000000119
59019  -28.017  -16.499  -5.669 0.3000000119
57914  -28.623  -16.988  -5.826 0.3000000119
59995  -30.202  -16.107  1.061 0.3000000119
24892  -14.013  -49.057  6.110 0.4000000060
30763  -13.129  -43.497  15.700 0.3000000119
126720  -16.865  -44.773  14.445 0.4000000060
126117  -14.898  -43.266  15.365 0.4000000060
32737  -15.777  -41.259  13.442 0.4000000060
31764  -15.244  -42.028  14.383 0.4000000060
44812  -28.503  -29.783  11.339 0.3000000119
49198  -27.485  -25.356  7.764 0.3000000119
49201  -30.388  -25.489  7.218 0.3000000119
50338  -27.434  -24.574  1.519 0.4000000060
53356  -25.595  -21.495  5.897 0.3000000119
120489  -25.673  -20.710  5.690 0.3000000119
56676  -24.481  -18.931  5.260 0.3000000119
56688  -24.282  -18.305  4.824 0.3000000119
129863  -30.942  -24.831  5.519 0.3000000119
143834  -13.511  -44.226  15.904 0.4000000060
29743  -14.116  -44.743  15.784 0.4000000060
29747  -14.880  -44.404  15.454 0.4000000060
29748  -15.694  -44.183  15.045 0.4000000060
49199  -28.427  -25.464  7.828 0.3000000119
139270  -27.547  -23.730  6.609 0.3000000119
51343  -28.777  -23.210  6.224 0.3000000119
50323  -30.384  -24.652  3.516 0.3000000119
52373  -28.831  -22.516  5.820 0.3000000119
143378  -26.178  -17.617  4.215 0.3000000119
52383  -30.022  -22.415  4.784 0.3000000119
53359  -28.575  -21.696  5.500 0.3000000119
53360  -29.471  -21.959  5.195 0.3000000119
53387  -28.760  -21.752  1.821 0.3000000119
57841  -30.234  -17.304  2.025 0.3000000119
56716  -30.214  -18.159  2.306 0.3000000119
57856  -30.389  -17.353  1.180 0.3000000119
57901  -27.266  -16.817  -4.731 0.3000000119
57877  -30.455  -16.946  -0.546 0.3000000119
131945  -12.791  -44.203  15.975 0.4000000060
36880  -28.590  -36.981  9.248 0.4000000060
21806  -9.704  -52.332  11.265 0.3000000119
21784  -10.003  -52.397  12.266 0.3000000119
22833  -10.023  -52.049  10.874 0.3000000119
21785  -11.022  -52.370  12.189 0.3000000119
31763  -13.143  -41.567  13.847 0.3000000119
137555  -13.332  -41.310  13.281 0.3000000119
27670  -14.988  -45.958  14.213 0.3000000119
28704  -15.427  -45.214  14.723 0.3000000119
28711  -15.569  -46.085  13.913 0.3000000119
28696  -13.922  -45.613  15.610 0.3000000119
28697  -14.630  -45.365  15.173 0.3000000119
36865  -28.178  -37.701  9.490 0.3000000119
17698  -14.786  -56.113  13.258 0.5000000000
17715  -13.572  -56.430  12.851 0.4000000060
18630  -16.058  -55.273  13.303 0.5000000000
18678  -14.357  -55.771  10.606 0.5000000000
19607  -17.075  -53.918  14.328 0.6000000238
19655  -15.940  -54.878  11.471 0.5000000000
19682  -13.950  -55.044  8.926 0.5000000000
19726  -12.911  -54.005  7.227 0.5000000000
20684  -16.115  -53.230  15.249 0.5000000000
20701  -14.059  -53.646  14.543 0.6000000238
20740  -18.265  -53.009  12.936 0.5000000000
20772  -16.999  -53.056  10.923 0.5000000000
20803  -14.362  -53.179  8.115 0.6000000238
21749  -10.412  -52.726  14.081 0.4000000060
21769  -11.250  -52.619  13.207 0.5000000000
21770  -12.316  -52.379  13.211 0.5000000000
21807  -10.477  -52.164  11.464 0.3000000119
21827  -9.275  -52.128  10.618 0.4000000060
21848  -16.871  -52.165  9.934 0.6000000238
21858  -15.207  -52.177  8.503 0.6000000238
21859  -15.860  -51.971  8.906 0.6000000238
21868  -13.059  -52.158  6.577 0.4000000060
22785  -18.481  -51.382  15.292 0.6000000238
22796  -19.538  -51.196  14.546 0.6000000238
22801  -12.920  -51.484  13.646 0.6000000238
22819  -19.683  -51.389  12.967 0.6000000238
22834  -10.496  -51.791  11.232 0.3000000119
22885  -13.544  -51.223  6.939 0.5000000000
22886  -14.535  -50.715  7.543 0.6000000238
23760  -20.329  -50.192  14.981 0.6999999881
23764  -14.732  -50.727  15.104 0.6000000238
23808  -19.488  -50.651  11.218 0.6999999881
23875  -13.420  -50.800  6.308 0.4000000060
23878  -15.880  -50.127  8.065 0.6000000238
24773  -21.417  -49.323  13.774 0.8000000119
24790  -20.783  -49.733  12.430 0.8000000119
24823  -19.695  -49.559  10.409 0.6000000238
24843  -18.638  -49.576  9.321 0.6999999881
24857  -17.450  -49.322  8.405 0.6999999881
25778  -20.823  -48.716  11.364 0.8000000119
25814  -20.244  -47.347  10.161 0.6999999881
25843  -15.074  -48.375  7.277 0.6999999881
25854  -14.091  -48.475  6.298 0.6999999881
25864  -14.238  -48.347  5.966 0.4000000060
26641  -20.152  -47.373  16.492 0.6000000238
26657  -22.069  -47.608  15.643 0.6999999881
26775  -18.383  -47.425  8.585 0.6999999881
26792  -14.430  -47.614  6.800 0.6999999881
26819  -14.459  -47.514  6.060 0.6000000238
27644  -19.763  -46.681  16.482 0.6000000238
27745  -19.453  -46.468  9.474 0.6999999881
27776  -15.004  -45.721  7.223 0.6999999881
28713  -23.480  -45.213  14.584 0.6999999881
28778  -15.765  -44.840  7.904 0.6999999881
28780  -17.763  -45.656  8.602 0.6999999881
28794  -14.844  -45.334  6.919 0.6999999881
28806  -16.569  -45.330  6.339 0.6999999881
29725  -21.175  -44.138  17.098 0.8000000119
29751  -23.583  -44.967  15.503 0.8000000119
29761  -23.146  -44.701  12.955 0.6999999881
29766  -21.692  -44.920  11.204 0.8000000119
29833  -19.619  -44.762  7.070 0.6999999881
30727  -21.761  -43.054  17.265 0.8000000119
30729  -23.288  -43.336  17.148 0.8000000119
30745  -23.470  -44.033  16.661 0.8000000119
30812  -21.417  -43.652  10.627 0.8000000119
30828  -20.207  -43.458  9.721 0.8000000119
30842  -15.656  -43.280  7.626 0.6999999881
30843  -16.204  -42.894  8.171 0.6999999881
30861  -15.657  -43.402  6.904 0.6999999881
31726  -21.269  -42.488  16.985 0.8000000119
31756  -24.508  -42.459  14.675 0.6999999881
31835  -17.623  -42.212  8.318 0.6999999881
31847  -16.428  -41.796  7.312 0.6999999881
31869  -21.469  -41.823  5.560 0.6999999881
31870  -22.016  -42.085  5.734 0.6999999881
32705  -25.073  -40.854  15.705 0.6999999881
32727  -24.983  -41.201  15.072 0.6999999881
32736  -15.023  -41.420  13.624 0.4000000060
32753  -13.501  -41.057  12.736 0.3000000119
32780  -21.816  -40.982  10.120 0.8000000119
32809  -17.558  -41.187  7.539 0.8000000119
32830  -17.499  -40.964  6.520 0.6999999881
32843  -19.230  -40.871  5.593 0.6999999881
32844  -20.480  -41.484  5.478 0.6999999881
33770  -22.285  -40.759  10.556 0.8000000119
33798  -19.776  -40.363  8.314 0.8000000119
33806  -17.352  -40.875  6.880 0.8000000119
33809  -24.289  -40.492  7.670 0.5000000000
33827  -20.732  -40.286  4.743 0.8000000119
34709  -24.379  -39.626  17.195 0.6999999881
34781  -22.523  -38.785  10.859 0.8000000119
34826  -18.783  -39.163  7.307 0.8000000119
34835  -23.793  -39.689  6.094 0.6000000238
34847  -22.652  -39.645  4.635 0.6999999881
34848  -23.295  -39.470  5.238 0.6999999881
34859  -21.173  -39.655  4.523 0.8000000119
34860  -22.035  -39.715  4.272 0.8000000119
35718  -22.264  -38.691  17.284 0.6000000238
35720  -23.923  -38.988  17.381 0.6999999881
35736  -20.832  -38.310  16.693 0.6000000238
35843  -26.120  -37.951  8.064 0.5000000000
35872  -23.386  -38.844  5.281 0.8000000119
36832  -24.560  -37.491  11.638 0.6999999881
36863  -21.030  -37.312  9.821 0.8000000119
36876  -18.959  -37.418  7.985 0.8000000119
36877  -19.598  -37.473  8.639 0.8000000119
36889  -25.501  -37.511  7.400 0.6000000238
36898  -18.618  -36.955  6.698 1.0000000000
36903  -23.827  -38.426  5.858 0.6999999881
37850  -20.136  -35.982  15.954 0.3000000119
37861  -26.745  -36.400  14.682 0.6999999881
37921  -29.064  -36.204  9.014 0.4000000060
37934  -25.181  -36.942  7.414 0.6999999881
37936  -26.455  -36.576  8.060 0.6000000238
37946  -18.883  -35.811  6.747 1.0000000000
37949  -21.180  -36.602  7.054 0.8000000119
38988  -19.836  -34.862  8.733 0.8000000119
39000  -18.564  -35.416  7.265 0.8000000119
40003  -26.001  -34.738  10.179 0.6999999881
40010  -23.160  -34.465  9.238 0.8000000119
40012  -24.711  -34.289  9.438 0.6999999881
40019  -20.092  -34.098  8.423 0.8000000119
40022  -28.205  -35.075  8.303 0.5000000000
40029  -18.698  -34.743  7.269 0.8000000119
40030  -18.933  -33.957  7.233 0.8000000119
40037  -28.562  -34.287  7.795 0.6000000238
40038  -29.556  -34.346  7.917 0.6000000238
40053  -26.447  -33.719  6.738 0.6999999881
41007  -28.397  -33.515  12.334 0.6000000238
41045  -19.277  -33.465  6.761 0.8000000119
41056  -20.308  -33.030  5.608 0.8000000119
41057  -20.984  -33.059  5.128 0.8000000119
41070  -22.531  -33.086  3.889 0.8000000119
41089  -24.717  -33.229  2.822 0.8000000119
41888  -25.170  -33.088  14.472 0.6000000238
41923  -29.167  -32.157  11.118 0.6000000238
41931  -29.268  -31.964  10.502 0.6000000238
41937  -29.083  -32.141  10.073 0.6000000238
41939  -22.619  -32.740  7.710 0.8000000119
41949  -19.486  -33.089  6.550 0.8000000119
41953  -23.922  -32.397  7.455 0.8000000119
41978  -27.461  -32.464  4.290 0.6999999881
41979  -28.298  -32.273  4.681 0.6000000238
41980  -29.183  -32.044  4.950 0.6000000238
41989  -25.378  -33.096  2.865 0.8000000119
41990  -26.034  -32.840  3.062 0.8000000119
42003  -24.508  -32.543  2.488 0.8000000119
42805  -26.042  -31.257  13.146 0.3000000119
42862  -25.242  -31.589  6.560 0.8000000119
42864  -27.064  -31.304  6.714 0.8000000119
42873  -30.091  -31.890  5.145 0.6000000238
42884  -31.595  -31.568  4.709 0.5000000000
43755  -27.878  -30.778  12.277 0.3000000119
43840  -30.317  -30.038  8.034 0.6000000238
43870  -26.884  -30.278  4.715 0.8000000119
43917  -24.555  -30.124  1.269 0.6999999881
44809  -24.044  -29.366  11.804 0.3000000119
44813  -29.239  -30.080  11.017 0.3000000119
45977  -29.887  -28.816  9.666 0.4000000060
48183  -22.357  -25.785  0.828 0.6000000238
48210  -23.278  -26.252  -0.107 0.5000000000
49250  -22.397  -25.430  0.581 0.6000000238
49260  -22.450  -25.502  0.238 0.5000000000
49261  -22.671  -25.406  -0.066 0.5000000000
50280  -25.556  -24.598  7.297 0.3000000119
50322  -30.065  -24.255  2.893 0.3000000119
50376  -24.260  -23.568  -0.895 0.6000000238
51397  -22.588  -23.184  0.016 0.5000000000
52354  -25.567  -22.682  6.339 0.3000000119
52401  -25.674  -22.590  0.818 0.5000000000
52414  -22.904  -22.645  -0.008 0.5000000000
52415  -23.571  -22.136  0.101 0.5000000000
52416  -24.749  -22.278  0.548 0.4000000060
52436  -23.417  -22.193  -0.595 0.4000000060
53423  -23.680  -21.391  -0.717 0.5000000000
53432  -23.520  -21.866  -0.664 0.4000000060
53443  -25.411  -20.692  -2.618 0.4000000060
54469  -24.100  -21.024  -0.478 0.4000000060
54509  -28.163  -20.378  -2.740 0.4000000060
55630  -25.863  -18.498  -4.285 0.4000000060
56786  -25.762  -18.078  -4.180 0.3000000119
56804  -27.357  -18.166  -5.146 0.4000000060
57903  -31.784  -17.892  -4.179 0.3000000119
57912  -26.596  -17.338  -5.026 0.4000000060
57913  -27.208  -16.905  -5.311 0.3000000119
57927  -27.672  -16.931  -5.653 0.3000000119
59007  -27.909  -16.396  -5.307 0.3000000119
119611  -15.247  -54.481  14.695 0.5000000000
120162  -27.766  -30.305  1.995 0.6000000238
122842  -13.489  -47.889  11.704 0.4000000060
124911  -31.026  -25.115  6.036 0.3000000119
125265  -25.809  -25.727  1.490 0.6000000238
125881  -23.747  -31.665  4.630 0.8000000119
126178  -22.878  -38.731  4.962 0.8000000119
126422  -17.474  -43.675  6.671 0.6999999881
126860  -26.548  -38.152  8.877 0.5000000000
127669  -18.513  -36.582  7.205 1.0000000000
127856  -21.752  -37.604  10.266 0.8000000119
127882  -19.151  -50.167  15.627 0.6999999881
129628  -23.117  -39.867  11.487 0.8000000119
129777  -22.458  -23.719  -0.080 0.6000000238
129875  -18.484  -52.492  14.310 0.6000000238
131044  -20.004  -48.053  9.953 0.6999999881
131146  -22.370  -24.881  0.323 0.5000000000
131440  -28.379  -35.701  8.619 0.4000000060
131861  -19.032  -38.916  5.677 0.8000000119
134793  -16.202  -44.523  8.173 0.6999999881
136075  -22.281  -26.407  0.999 0.6000000238
136757  -21.670  -48.662  14.991 0.6999999881
136949  -17.507  -39.178  14.447 0.4000000060
137251  -22.493  -42.843  11.401 0.8000000119
137586  -25.223  -24.978  7.559 0.3000000119
137894  -24.236  -20.099  -2.382 0.4000000060
138464  -24.624  -39.315  7.077 0.5000000000
139053  -30.441  -29.760  8.228 0.6000000238
139315  -27.291  -33.593  6.798 0.6999999881
140112  -16.232  -43.170  6.705 0.6999999881
140161  -20.129  -36.999  9.238 0.8000000119
140191  -17.787  -40.428  6.848 0.8000000119
140364  -21.926  -32.908  4.523 0.8000000119
140514  -16.096  -44.637  6.493 0.6999999881
140767  -18.077  -44.312  8.877 0.6999999881
141034  -15.317  -52.036  15.372 0.6000000238
141051  -24.872  -41.346  15.997 0.6999999881
141399  -28.332  -34.648  8.063 0.6000000238
142177  -16.174  -54.245  14.650 0.6000000238
142681  -30.890  -25.380  4.700 0.3000000119
142794  -27.571  -35.069  8.154 0.5000000000
142838  -18.596  -37.508  6.683 0.8000000119
143024  -23.985  -41.606  17.228 0.6999999881
143533  -15.992  -52.937  9.683 0.6000000238
143944  -15.198  -44.313  7.157 0.6999999881
