#!ascii label  , from subject sub-v1s5x0050755_ses-1 vox2ras=TkReg
674
48395  -21.467  -17.264  78.563 0.0000000000
55686  -45.678  -10.970  67.245 0.0000000000
59911  -47.341  -5.681  61.852 0.0000000000
61055  -48.144  -4.689  56.786 0.0000000000
51887  -43.183  -14.333  68.934 0.0000000000
130989  -47.776  -3.600  58.117 0.0000000000
64969  -52.703  -1.390  52.366 0.0000000000
66907  -57.224  1.057  50.348 0.0000000000
54735  -48.915  -11.828  66.824 0.0000000000
56815  -51.967  -8.325  63.403 0.0000000000
57802  -47.225  -7.242  64.639 0.0000000000
52800  -22.763  -13.438  80.964 0.0000000000
51703  -27.231  -15.312  79.852 0.0000000000
50577  -32.054  -15.744  78.832 0.0000000000
51743  -36.010  -14.820  76.930 0.0000000000
50636  -40.076  -15.643  74.196 0.0000000000
50666  -43.191  -15.848  71.994 0.0000000000
51874  -46.046  -14.586  69.142 0.0000000000
57866  -50.819  -8.899  58.280 0.0000000000
67940  -58.870  1.736  47.590 0.0000000000
55667  -47.293  -11.029  68.080 0.0000000000
56792  -48.723  -9.114  66.916 0.0000000000
56801  -46.219  -9.279  65.869 0.0000000000
51733  -22.209  -13.976  77.596 0.0000000000
115755  -25.152  -14.791  80.433 0.0000000000
51825  -39.709  -15.241  72.938 0.0000000000
50650  -41.448  -15.832  72.844 0.0000000000
125161  -41.808  -15.626  72.262 0.0000000000
52863  -44.424  -12.887  67.917 0.0000000000
121500  -44.740  -13.815  69.440 0.0000000000
53729  -46.134  -12.394  68.595 0.0000000000
52849  -47.907  -13.082  68.121 0.0000000000
59892  -50.059  -6.865  63.246 0.0000000000
56863  -53.402  -8.740  60.670 0.0000000000
58837  -49.948  -6.708  60.855 0.0000000000
61048  -47.861  -4.936  57.089 0.0000000000
57861  -46.679  -7.574  58.217 0.0000000000
58880  -47.206  -6.933  56.133 0.0000000000
109241  -48.296  -6.689  54.788 0.0000000000
65904  -56.258  -1.186  55.550 0.0000000000
63959  -52.709  -1.737  58.332 0.0000000000
50699  -41.882  -15.302  70.256 0.0000000000
125005  -46.324  -5.156  55.644 0.0000000000
65953  -54.859  -0.086  52.119 0.0000000000
64972  -58.141  -0.801  52.433 0.0000000000
66009  -59.006  -0.700  46.063 0.0000000000
54753  -47.762  -11.808  65.349 0.0000000000
56802  -49.764  -9.548  65.987 0.0000000000
58783  -49.178  -7.372  65.490 0.0000000000
50555  -21.981  -15.302  80.943 0.0000000000
48400  -28.733  -17.519  78.880 0.0000000000
50563  -29.936  -15.973  79.686 0.0000000000
48402  -30.432  -17.450  78.471 0.0000000000
48405  -32.965  -16.653  77.941 0.0000000000
49528  -35.139  -16.548  77.031 0.0000000000
48440  -37.009  -16.850  75.811 0.0000000000
51761  -37.890  -14.913  75.719 0.0000000000
113200  -40.585  -17.363  73.334 0.0000000000
51854  -43.775  -14.951  70.839 0.0000000000
50685  -45.088  -15.270  70.755 0.0000000000
49592  -45.497  -16.289  69.433 0.0000000000
50735  -47.495  -15.075  67.990 0.0000000000
52886  -47.921  -14.164  66.323 0.0000000000
58848  -47.645  -6.932  59.717 0.0000000000
62971  -49.565  -2.961  57.092 0.0000000000
61057  -49.216  -4.546  57.559 0.0000000000
49486  -20.832  -16.431  80.473 0.0000000000
54723  -46.600  -10.761  67.577 0.0000000000
56781  -46.973  -9.917  67.078 0.0000000000
55707  -46.038  -10.243  66.814 0.0000000000
108511  -40.061  -15.398  72.246 0.0000000000
50681  -41.024  -15.524  72.128 0.0000000000
109568  -41.026  -15.505  71.150 0.0000000000
53748  -44.867  -12.155  67.582 0.0000000000
52847  -45.566  -12.774  68.664 0.0000000000
54722  -46.114  -11.441  67.900 0.0000000000
53737  -46.464  -11.823  68.404 0.0000000000
59914  -50.676  -5.868  61.976 0.0000000000
59912  -48.958  -5.728  61.704 0.0000000000
61054  -47.762  -4.840  57.022 0.0000000000
111904  -47.834  -5.754  57.011 0.0000000000
59959  -48.161  -5.854  56.921 0.0000000000
58888  -47.453  -6.988  55.351 0.0000000000
59960  -48.238  -5.825  56.850 0.0000000000
64002  -56.265  -2.326  54.572 0.0000000000
63961  -55.508  -2.628  56.883 0.0000000000
62996  -54.758  -3.364  54.225 0.0000000000
65967  -54.343  -0.184  49.570 0.0000000000
66896  -56.379  0.704  50.771 0.0000000000
66873  -56.833  0.591  52.702 0.0000000000
66888  -57.867  0.707  51.743 0.0000000000
64997  -58.766  -0.990  50.678 0.0000000000
65969  -59.203  0.168  49.803 0.0000000000
65998  -59.575  0.011  46.652 0.0000000000
54754  -48.528  -11.886  66.208 0.0000000000
55724  -48.791  -10.642  65.490 0.0000000000
55725  -49.189  -10.366  66.113 0.0000000000
57792  -47.900  -7.828  65.605 0.0000000000
57785  -48.845  -8.418  66.279 0.0000000000
123474  -48.012  -6.535  65.469 0.0000000000
58803  -47.828  -5.361  65.094 0.0000000000
117284  -47.190  -5.688  64.435 0.0000000000
50556  -23.201  -15.102  80.975 0.0000000000
50546  -23.453  -14.390  81.127 0.0000000000
51712  -25.886  -14.809  80.017 0.0000000000
50575  -30.480  -15.349  78.540 0.0000000000
108702  -30.583  -15.728  79.043 0.0000000000
49493  -30.310  -16.481  79.219 0.0000000000
49494  -31.178  -16.428  79.033 0.0000000000
123550  -31.893  -17.187  77.517 0.0000000000
49506  -32.347  -16.296  78.731 0.0000000000
49519  -35.391  -15.997  77.365 0.0000000000
49529  -36.044  -16.534  77.006 0.0000000000
49521  -36.997  -15.813  77.079 0.0000000000
51792  -39.123  -15.046  74.174 0.0000000000
51779  -38.113  -14.852  75.097 0.0000000000
50622  -39.202  -15.420  75.018 0.0000000000
131160  -38.621  -16.393  75.114 0.0000000000
49546  -39.785  -16.250  74.471 0.0000000000
48473  -39.478  -17.092  74.190 0.0000000000
48474  -40.393  -16.884  74.036 0.0000000000
50651  -42.427  -15.935  72.788 0.0000000000
48496  -41.878  -17.062  72.949 0.0000000000
48512  -43.110  -16.814  72.214 0.0000000000
49564  -43.667  -16.349  71.812 0.0000000000
125818  -42.554  -15.035  70.192 0.0000000000
51871  -43.576  -14.443  69.683 0.0000000000
51873  -45.273  -14.249  69.385 0.0000000000
51856  -45.103  -14.816  70.199 0.0000000000
50701  -45.648  -15.279  70.159 0.0000000000
49581  -45.267  -15.748  70.366 0.0000000000
49593  -46.013  -15.726  69.817 0.0000000000
50720  -46.841  -14.832  68.507 0.0000000000
113128  -48.216  -11.991  67.425 0.0000000000
52865  -47.874  -13.281  67.358 0.0000000000
53755  -48.190  -12.585  66.425 0.0000000000
53773  -48.026  -12.602  65.884 0.0000000000
51708  -21.124  -13.560  80.058 0.0000000000
52793  -21.018  -13.547  81.329 0.0000000000
51695  -21.472  -13.889  82.116 0.0000000000
56825  -50.644  -9.166  63.606 0.0000000000
56840  -51.372  -9.446  62.674 0.0000000000
56870  -52.224  -9.232  59.009 0.0000000000
61983  -48.150  -2.827  59.335 0.0000000000
61034  -48.440  -2.902  60.288 0.0000000000
59941  -48.709  -3.699  59.003 0.0000000000
124306  -45.963  -8.419  57.274 0.0000000000
57862  -46.750  -8.255  58.524 0.0000000000
62954  -52.036  -2.139  59.200 0.0000000000
62972  -50.865  -2.542  56.638 0.0000000000
61993  -49.885  -3.003  59.101 0.0000000000
62006  -48.629  -3.720  58.041 0.0000000000
62007  -49.268  -3.921  58.474 0.0000000000
61067  -49.842  -5.566  55.732 0.0000000000
66919  -56.809  1.204  48.440 0.0000000000
67921  -58.538  1.376  49.030 0.0000000000
67938  -57.278  1.577  47.100 0.0000000000
109243  -58.712  2.023  46.052 0.0000000000
54724  -48.414  -11.202  67.277 0.0000000000
55689  -48.826  -10.329  67.064 0.0000000000
56782  -47.777  -9.957  67.377 0.0000000000
56790  -46.864  -9.285  66.333 0.0000000000
127160  -46.778  -8.842  65.757 0.0000000000
51710  -23.195  -13.632  79.969 0.0000000000
109957  -24.147  -13.780  80.906 0.0000000000
51723  -25.915  -14.719  79.426 0.0000000000
51793  -39.753  -15.321  73.940 0.0000000000
50637  -40.751  -15.777  73.678 0.0000000000
50649  -40.697  -15.636  73.234 0.0000000000
50664  -42.144  -15.761  72.532 0.0000000000
50665  -42.648  -15.792  72.429 0.0000000000
109861  -44.061  -13.429  68.297 0.0000000000
52835  -44.028  -13.903  69.058 0.0000000000
52846  -44.802  -13.270  68.720 0.0000000000
52836  -45.379  -13.380  69.001 0.0000000000
52837  -45.841  -13.474  68.946 0.0000000000
51888  -46.296  -13.831  68.350 0.0000000000
127581  -46.693  -12.167  68.517 0.0000000000
54711  -47.886  -11.807  67.888 0.0000000000
51732  -21.355  -13.928  77.899 0.0000000000
58804  -51.733  -7.423  63.236 0.0000000000
56841  -53.123  -8.923  62.540 0.0000000000
59905  -53.032  -6.401  61.898 0.0000000000
58839  -52.595  -6.945  60.546 0.0000000000
57838  -50.504  -7.670  59.982 0.0000000000
59953  -48.224  -4.749  58.230 0.0000000000
59947  -48.314  -4.930  58.148 0.0000000000
59952  -47.893  -5.926  57.164 0.0000000000
122853  -47.043  -6.806  57.245 0.0000000000
64955  -53.784  -1.305  54.310 0.0000000000
64000  -53.093  -1.803  55.181 0.0000000000
64942  -54.265  -1.745  57.092 0.0000000000
62955  -53.903  -2.182  58.414 0.0000000000
54721  -44.990  -11.390  67.024 0.0000000000
53747  -44.110  -12.497  67.114 0.0000000000
120085  -47.907  -3.948  61.462 0.0000000000
61047  -46.969  -4.622  57.277 0.0000000000
123033  -46.881  -4.804  56.755 0.0000000000
61063  -46.625  -5.010  56.440 0.0000000000
61064  -47.117  -4.713  56.829 0.0000000000
65939  -54.060  -0.535  52.204 0.0000000000
65925  -55.601  -0.124  53.777 0.0000000000
65927  -57.012  -0.842  54.234 0.0000000000
64025  -56.984  -1.795  52.109 0.0000000000
66921  -59.366  0.651  48.551 0.0000000000
65996  -58.381  -0.973  47.384 0.0000000000
54768  -48.102  -10.996  64.928 0.0000000000
55735  -49.348  -9.925  65.125 0.0000000000
56813  -50.516  -9.041  64.755 0.0000000000
56793  -49.207  -9.147  66.343 0.0000000000
57787  -49.956  -8.455  65.940 0.0000000000
58785  -50.691  -7.902  64.947 0.0000000000
59883  -49.774  -6.974  64.294 0.0000000000
59890  -48.006  -5.530  64.712 0.0000000000
55723  -45.076  -9.968  65.598 0.0000000000
56810  -45.541  -9.086  64.698 0.0000000000
57811  -45.927  -8.126  63.248 0.0000000000
49501  -21.894  -16.581  79.130 0.0000000000
49502  -22.735  -16.406  79.007 0.0000000000
48417  -29.020  -17.992  77.996 0.0000000000
50585  -25.965  -14.947  77.401 0.0000000000
50559  -27.397  -15.109  79.130 0.0000000000
50550  -28.610  -16.091  79.985 0.0000000000
48401  -29.590  -17.568  78.577 0.0000000000
48435  -33.069  -17.050  76.257 0.0000000000
118541  -34.185  -17.050  75.687 0.0000000000
51776  -35.747  -14.572  75.582 0.0000000000
51778  -37.302  -14.691  75.397 0.0000000000
51759  -36.744  -14.856  76.659 0.0000000000
49531  -37.345  -15.891  76.259 0.0000000000
48458  -38.281  -16.883  75.181 0.0000000000
48495  -41.128  -16.976  73.509 0.0000000000
127998  -41.673  -15.418  70.889 0.0000000000
51840  -43.126  -15.355  71.217 0.0000000000
50684  -43.639  -15.430  71.316 0.0000000000
51855  -44.344  -14.705  70.367 0.0000000000
51841  -44.266  -14.983  70.994 0.0000000000
50667  -43.775  -15.795  71.493 0.0000000000
49572  -44.173  -15.933  71.176 0.0000000000
48541  -44.228  -17.080  70.223 0.0000000000
50768  -47.157  -15.388  66.775 0.0000000000
51889  -47.082  -14.262  67.997 0.0000000000
50752  -47.699  -15.064  67.119 0.0000000000
50769  -47.570  -15.078  66.528 0.0000000000
52904  -47.628  -13.894  65.681 0.0000000000
49474  -21.156  -15.614  81.216 0.0000000000
59924  -48.520  -3.842  61.398 0.0000000000
57837  -49.403  -7.622  60.120 0.0000000000
57849  -48.881  -8.316  59.453 0.0000000000
112937  -46.918  -7.475  58.691 0.0000000000
57863  -47.481  -8.679  58.736 0.0000000000
56881  -49.176  -9.417  57.850 0.0000000000
61076  -46.621  -4.939  55.519 0.0000000000
61065  -47.470  -4.586  56.831 0.0000000000
63998  -51.286  -2.543  54.459 0.0000000000
62993  -50.400  -2.987  54.710 0.0000000000
62025  -48.108  -4.164  55.813 0.0000000000
62016  -48.586  -3.811  57.247 0.0000000000
61056  -48.748  -5.242  57.107 0.0000000000
59969  -48.804  -6.044  55.964 0.0000000000
48394  -20.814  -17.576  78.853 0.0000000000
126762  -39.538  -15.404  71.610 0.0000000000
109923  -40.224  -15.504  71.374 0.0000000000
113581  -45.443  -11.623  67.594 0.0000000000
110016  -47.947  -6.018  62.313 0.0000000000
108986  -48.453  -5.017  61.104 0.0000000000
64014  -55.629  -2.575  52.730 0.0000000000
64001  -55.484  -2.802  53.755 0.0000000000
66906  -56.161  0.655  49.792 0.0000000000
66897  -57.352  0.951  51.323 0.0000000000
66898  -58.159  0.995  50.817 0.0000000000
66899  -58.733  0.434  50.547 0.0000000000
66909  -58.624  0.941  49.866 0.0000000000
54755  -49.001  -11.216  66.411 0.0000000000
54736  -49.049  -10.977  66.652 0.0000000000
57791  -47.279  -8.149  65.320 0.0000000000
57803  -47.770  -6.988  65.293 0.0000000000
115675  -47.661  -5.552  65.277 0.0000000000
52789  -22.537  -13.681  82.007 0.0000000000
51696  -22.999  -13.599  81.672 0.0000000000
51702  -26.362  -15.461  80.095 0.0000000000
49476  -26.414  -16.078  80.508 0.0000000000
50576  -31.286  -15.517  78.737 0.0000000000
50564  -31.289  -15.837  79.030 0.0000000000
49495  -31.847  -16.242  79.007 0.0000000000
51742  -35.303  -14.932  77.331 0.0000000000
50591  -35.158  -15.378  77.824 0.0000000000
111698  -35.816  -15.308  77.315 0.0000000000
49520  -36.394  -15.965  77.026 0.0000000000
50592  -36.607  -15.353  77.084 0.0000000000
50635  -39.465  -15.363  74.557 0.0000000000
51780  -38.840  -15.091  74.795 0.0000000000
49540  -39.642  -15.619  74.845 0.0000000000
50652  -42.651  -15.964  72.579 0.0000000000
48497  -42.604  -16.358  72.845 0.0000000000
49563  -43.033  -16.243  72.326 0.0000000000
51870  -42.870  -14.711  69.621 0.0000000000
51857  -45.876  -14.876  69.878 0.0000000000
50702  -46.100  -15.263  69.757 0.0000000000
50719  -46.308  -15.215  69.107 0.0000000000
53749  -48.148  -12.585  67.084 0.0000000000
52799  -21.874  -13.377  80.973 0.0000000000
52788  -21.788  -13.553  81.903 0.0000000000
56826  -51.742  -8.808  63.255 0.0000000000
57867  -51.633  -8.808  58.663 0.0000000000
56883  -51.493  -9.502  58.386 0.0000000000
130711  -50.916  -9.615  57.842 0.0000000000
56882  -50.232  -9.460  57.711 0.0000000000
123977  -47.831  -3.177  58.801 0.0000000000
64013  -52.085  -1.899  52.872 0.0000000000
62009  -51.738  -3.505  57.817 0.0000000000
61994  -50.876  -2.442  59.486 0.0000000000
55668  -47.898  -11.157  67.981 0.0000000000
55688  -48.121  -10.460  67.489 0.0000000000
55687  -47.484  -10.509  67.717 0.0000000000
125242  -46.314  -9.676  66.436 0.0000000000
51720  -22.190  -13.718  78.658 0.0000000000
51736  -25.689  -14.763  78.306 0.0000000000
51808  -39.386  -15.105  73.528 0.0000000000
51809  -40.061  -15.386  73.407 0.0000000000
50663  -40.502  -15.476  72.839 0.0000000000
108497  -41.307  -15.659  72.635 0.0000000000
50683  -42.465  -15.593  71.950 0.0000000000
130830  -45.860  -12.890  68.714 0.0000000000
52838  -46.394  -12.818  68.592 0.0000000000
54710  -47.208  -11.635  68.224 0.0000000000
59893  -51.296  -6.825  62.755 0.0000000000
59894  -52.354  -6.787  62.539 0.0000000000
59904  -52.030  -6.213  62.048 0.0000000000
58825  -50.388  -5.976  61.674 0.0000000000
58826  -51.470  -6.125  61.572 0.0000000000
58838  -50.917  -6.830  60.726 0.0000000000
58850  -51.776  -7.556  59.900 0.0000000000
58873  -47.363  -6.603  56.689 0.0000000000
58872  -46.215  -7.720  56.909 0.0000000000
123042  -46.483  -7.448  56.266 0.0000000000
64943  -54.742  -1.161  55.339 0.0000000000
115795  -53.811  -1.544  55.742 0.0000000000
114850  -55.125  -1.580  56.206 0.0000000000
62973  -53.017  -3.216  57.786 0.0000000000
117055  -44.479  -11.876  66.860 0.0000000000
59967  -45.605  -5.499  55.136 0.0000000000
65959  -54.942  0.015  51.209 0.0000000000
109284  -53.916  -0.455  51.332 0.0000000000
64993  -53.068  -0.840  51.126 0.0000000000
65940  -54.766  -0.289  52.986 0.0000000000
65941  -55.904  0.240  53.074 0.0000000000
65943  -57.980  -0.147  52.704 0.0000000000
65942  -57.226  0.016  53.291 0.0000000000
64958  -57.621  -0.755  53.181 0.0000000000
111439  -57.358  -1.248  53.847 0.0000000000
64971  -57.816  -1.262  52.746 0.0000000000
64983  -56.469  -2.053  51.107 0.0000000000
64984  -57.653  -1.519  51.635 0.0000000000
65009  -58.938  -0.773  49.940 0.0000000000
67931  -58.896  1.471  48.308 0.0000000000
66910  -59.095  0.987  49.031 0.0000000000
67932  -59.197  1.160  48.348 0.0000000000
65997  -59.043  -0.501  47.012 0.0000000000
56812  -49.874  -9.425  65.130 0.0000000000
56783  -48.433  -9.797  67.114 0.0000000000
125735  -48.906  -9.559  67.034 0.0000000000
58776  -49.145  -7.749  65.916 0.0000000000
57786  -49.473  -8.420  66.099 0.0000000000
58777  -49.893  -7.955  66.068 0.0000000000
57794  -50.214  -8.265  65.306 0.0000000000
58784  -49.786  -7.608  65.229 0.0000000000
58793  -50.108  -7.402  64.492 0.0000000000
58792  -49.042  -6.542  65.037 0.0000000000
58802  -47.424  -5.425  65.038 0.0000000000
59881  -48.304  -5.746  65.021 0.0000000000
49488  -22.445  -15.846  79.996 0.0000000000
49489  -23.515  -15.802  80.107 0.0000000000
50548  -25.038  -15.856  80.628 0.0000000000
111271  -27.921  -17.450  78.990 0.0000000000
48416  -28.154  -17.973  78.093 0.0000000000
47312  -28.649  -18.381  77.314 0.0000000000
50586  -26.725  -15.080  77.385 0.0000000000
50571  -26.553  -14.948  78.443 0.0000000000
50561  -28.926  -15.897  79.614 0.0000000000
49479  -29.298  -16.203  79.919 0.0000000000
48387  -31.020  -17.045  78.986 0.0000000000
48386  -30.123  -17.149  79.088 0.0000000000
48418  -29.767  -17.869  77.787 0.0000000000
48419  -30.536  -17.680  77.507 0.0000000000
48404  -32.265  -16.962  78.247 0.0000000000
48421  -32.556  -17.000  77.148 0.0000000000
112368  -32.260  -17.256  76.149 0.0000000000
48422  -33.486  -16.787  77.186 0.0000000000
49518  -34.625  -16.219  77.651 0.0000000000
49527  -34.296  -16.652  77.104 0.0000000000
48436  -33.869  -16.940  76.316 0.0000000000
48437  -34.638  -16.851  76.336 0.0000000000
48438  -35.426  -16.822  76.249 0.0000000000
48439  -36.225  -16.812  76.022 0.0000000000
48456  -36.446  -17.143  75.120 0.0000000000
127623  -36.840  -14.715  76.022 0.0000000000
51760  -37.269  -14.871  76.072 0.0000000000
50606  -37.115  -15.374  76.557 0.0000000000
50607  -37.798  -15.259  76.035 0.0000000000
126013  -38.055  -17.437  74.617 0.0000000000
48494  -40.023  -17.616  73.812 0.0000000000
47369  -40.422  -18.001  73.055 0.0000000000
48475  -41.221  -16.298  73.231 0.0000000000
119997  -43.221  -14.893  70.427 0.0000000000
50700  -42.459  -15.332  70.984 0.0000000000
51872  -44.187  -14.270  69.790 0.0000000000
113699  -44.744  -14.245  69.960 0.0000000000
51842  -44.795  -14.943  70.882 0.0000000000
49573  -44.353  -15.381  71.066 0.0000000000
117392  -44.959  -15.690  71.044 0.0000000000
118091  -45.390  -16.253  70.009 0.0000000000
48557  -45.046  -16.858  69.895 0.0000000000
50734  -46.535  -15.401  68.323 0.0000000000
50751  -47.065  -15.445  67.569 0.0000000000
52848  -47.057  -13.348  68.184 0.0000000000
52864  -47.294  -13.814  67.430 0.0000000000
52887  -48.003  -13.421  66.631 0.0000000000
51906  -47.892  -14.312  66.825 0.0000000000
51924  -47.805  -14.761  66.609 0.0000000000
51938  -47.499  -14.688  65.892 0.0000000000
115910  -21.859  -14.645  81.983 0.0000000000
50537  -21.289  -14.488  81.946 0.0000000000
50544  -21.438  -15.014  81.959 0.0000000000
49487  -21.541  -16.153  80.110 0.0000000000
56853  -53.969  -8.470  61.575 0.0000000000
56851  -52.234  -9.651  61.925 0.0000000000
56862  -52.669  -9.765  60.782 0.0000000000
61027  -47.934  -2.966  61.128 0.0000000000
59934  -48.212  -5.123  59.906 0.0000000000
58835  -48.389  -5.855  60.587 0.0000000000
58849  -48.439  -7.345  60.106 0.0000000000
58859  -47.245  -6.587  58.571 0.0000000000
57864  -48.454  -8.870  58.743 0.0000000000
56880  -47.958  -9.408  58.159 0.0000000000
62015  -47.892  -4.313  56.056 0.0000000000
63979  -52.564  -1.840  56.786 0.0000000000
63999  -52.198  -2.148  54.390 0.0000000000
63978  -51.791  -2.287  55.916 0.0000000000
62992  -49.481  -3.402  54.963 0.0000000000
108429  -49.125  -3.473  53.541 0.0000000000
62991  -48.676  -3.810  55.267 0.0000000000
62970  -48.838  -3.474  56.960 0.0000000000
128407  -48.389  -3.852  56.947 0.0000000000
61066  -49.035  -5.013  57.228 0.0000000000
50682  -41.803  -15.515  71.650 0.0000000000
53735  -45.088  -12.646  68.268 0.0000000000
53736  -45.674  -12.114  68.212 0.0000000000
54709  -46.768  -11.312  68.150 0.0000000000
59902  -49.841  -6.221  62.374 0.0000000000
59903  -50.936  -6.175  62.161 0.0000000000
59913  -49.758  -5.790  62.039 0.0000000000
58824  -49.513  -5.710  61.795 0.0000000000
59968  -48.110  -6.441  55.811 0.0000000000
63983  -56.464  -1.647  55.358 0.0000000000
63962  -55.968  -2.056  56.215 0.0000000000
63981  -55.620  -2.852  55.264 0.0000000000
65968  -55.261  0.194  50.290 0.0000000000
65960  -55.764  0.414  51.182 0.0000000000
65954  -55.794  0.381  52.008 0.0000000000
66886  -56.596  0.712  51.707 0.0000000000
66874  -57.600  0.431  52.466 0.0000000000
64973  -58.327  -0.380  52.026 0.0000000000
64986  -58.622  -0.766  51.420 0.0000000000
66889  -58.488  0.205  51.393 0.0000000000
65961  -58.949  -0.344  50.679 0.0000000000
67950  -59.311  1.637  46.909 0.0000000000
126154  -59.578  1.073  47.378 0.0000000000
66940  -59.881  0.898  46.661 0.0000000000
66010  -59.801  0.070  45.949 0.0000000000
65054  -58.606  -1.065  45.180 0.0000000000
124250  -48.489  -11.296  65.708 0.0000000000
57784  -48.312  -8.570  66.280 0.0000000000
57793  -48.419  -7.663  65.743 0.0000000000
114049  -48.507  -6.834  65.433 0.0000000000
58791  -48.092  -5.725  65.230 0.0000000000
50545  -22.546  -14.511  81.274 0.0000000000
50557  -24.369  -15.381  80.933 0.0000000000
48384  -28.193  -17.062  79.549 0.0000000000
122694  -30.632  -15.938  79.243 0.0000000000
48403  -31.372  -17.226  78.231 0.0000000000
48388  -31.881  -16.753  78.824 0.0000000000
130254  -32.461  -16.596  78.476 0.0000000000
49530  -36.767  -16.294  76.390 0.0000000000
51791  -38.358  -14.829  74.351 0.0000000000
50621  -38.424  -15.291  75.311 0.0000000000
48459  -39.083  -16.743  74.940 0.0000000000
49554  -41.895  -16.323  73.035 0.0000000000
48511  -42.455  -17.225  72.398 0.0000000000
48527  -43.467  -17.203  71.417 0.0000000000
50718  -42.123  -15.081  69.554 0.0000000000
49608  -46.051  -15.825  68.972 0.0000000000
53739  -48.126  -12.621  68.037 0.0000000000
52905  -48.009  -13.388  66.113 0.0000000000
51718  -20.505  -13.960  79.201 0.0000000000
51707  -20.369  -13.835  80.600 0.0000000000
50538  -22.127  -14.003  82.016 0.0000000000
56871  -52.863  -8.549  59.729 0.0000000000
119430  -52.624  -9.436  59.799 0.0000000000
125904  -52.248  -9.830  59.343 0.0000000000
61978  -47.883  -2.653  60.315 0.0000000000
58866  -46.451  -7.683  57.578 0.0000000000
63942  -51.369  -1.772  59.159 0.0000000000
63958  -51.677  -1.733  58.090 0.0000000000
131237  -50.081  -2.380  58.226 0.0000000000
62952  -49.674  -2.398  58.904 0.0000000000
61992  -49.149  -3.029  58.893 0.0000000000
59970  -49.240  -5.835  55.658 0.0000000000
108604  -57.025  1.099  49.353 0.0000000000
66908  -58.024  1.338  49.798 0.0000000000
66920  -57.831  1.509  48.842 0.0000000000
67930  -58.441  1.631  48.205 0.0000000000
67939  -58.335  1.783  47.440 0.0000000000
67948  -58.070  1.843  46.645 0.0000000000
67949  -58.869  1.933  46.835 0.0000000000
108182  -59.273  2.020  45.952 0.0000000000
56791  -47.778  -9.314  66.790 0.0000000000
57783  -47.463  -8.695  66.041 0.0000000000
128334  -23.385  -13.642  81.074 0.0000000000
51711  -24.886  -14.169  80.564 0.0000000000
127119  -25.399  -14.547  80.015 0.0000000000
51713  -26.635  -14.925  79.674 0.0000000000
129960  -35.638  -14.649  76.316 0.0000000000
51807  -38.593  -14.849  73.612 0.0000000000
121642  -40.278  -15.541  73.723 0.0000000000
53738  -47.376  -12.487  68.209 0.0000000000
51719  -21.275  -13.720  78.871 0.0000000000
51709  -22.067  -13.461  79.835 0.0000000000
57804  -51.554  -8.155  63.691 0.0000000000
56827  -52.764  -8.543  63.058 0.0000000000
57812  -53.304  -8.239  62.996 0.0000000000
57813  -53.990  -8.209  62.455 0.0000000000
58828  -54.131  -7.329  61.533 0.0000000000
114376  -51.527  -6.030  61.877 0.0000000000
59927  -53.181  -6.436  61.303 0.0000000000
57840  -53.582  -7.886  60.433 0.0000000000
57839  -52.860  -7.709  59.903 0.0000000000
57851  -51.255  -8.305  59.065 0.0000000000
61043  -48.006  -3.659  58.169 0.0000000000
58867  -47.218  -6.508  57.852 0.0000000000
64954  -52.897  -1.604  53.537 0.0000000000
63980  -53.416  -1.658  57.176 0.0000000000
63931  -55.058  -2.167  58.025 0.0000000000
62943  -54.792  -1.954  57.740 0.0000000000
55706  -45.202  -10.570  66.403 0.0000000000
54734  -44.547  -11.268  66.321 0.0000000000
116376  -43.419  -13.863  68.243 0.0000000000
59923  -46.837  -4.074  61.306 0.0000000000
61025  -46.374  -3.971  60.951 0.0000000000
61026  -47.482  -2.934  60.978 0.0000000000
61038  -47.757  -3.575  58.331 0.0000000000
61042  -47.873  -3.936  57.640 0.0000000000
64982  -53.287  -0.902  51.865 0.0000000000
64970  -53.689  -0.924  52.958 0.0000000000
64956  -54.733  -0.659  53.942 0.0000000000
65913  -55.712  -0.479  54.630 0.0000000000
128594  -56.715  0.336  53.407 0.0000000000
65926  -56.516  -0.010  54.041 0.0000000000
65915  -56.603  -1.253  55.131 0.0000000000
64003  -56.868  -1.793  54.210 0.0000000000
64015  -56.834  -1.881  53.087 0.0000000000
64024  -56.022  -2.329  51.937 0.0000000000
64996  -58.276  -1.286  51.081 0.0000000000
65970  -59.379  0.246  48.969 0.0000000000
65977  -59.159  -0.500  48.950 0.0000000000
65988  -59.554  0.262  47.438 0.0000000000
65987  -59.117  -0.468  47.917 0.0000000000
55734  -48.593  -10.325  64.361 0.0000000000
123301  -49.270  -9.871  64.103 0.0000000000
113704  -49.869  -9.475  64.395 0.0000000000
56814  -51.055  -8.545  63.951 0.0000000000
55708  -49.132  -10.033  66.482 0.0000000000
56794  -49.900  -8.920  66.005 0.0000000000
56803  -50.103  -8.944  65.461 0.0000000000
56804  -50.638  -8.651  64.870 0.0000000000
57795  -50.983  -8.170  64.606 0.0000000000
58794  -51.101  -7.816  63.989 0.0000000000
59884  -50.660  -7.320  63.611 0.0000000000
59882  -49.163  -6.632  64.489 0.0000000000
59891  -48.911  -6.557  63.677 0.0000000000
56789  -45.698  -9.802  66.097 0.0000000000
56800  -45.618  -9.393  65.412 0.0000000000
56811  -46.384  -8.679  65.118 0.0000000000
57801  -46.252  -8.294  64.168 0.0000000000
58801  -46.722  -7.017  63.672 0.0000000000
59910  -46.639  -5.442  61.624 0.0000000000
51700  -23.410  -13.759  81.092 0.0000000000
110123  -27.847  -15.758  79.928 0.0000000000
130754  -28.889  -17.030  79.581 0.0000000000
48374  -29.785  -16.706  79.625 0.0000000000
48420  -31.286  -17.442  77.066 0.0000000000
109511  -33.131  -16.274  78.153 0.0000000000
48455  -35.597  -17.081  75.331 0.0000000000
110561  -36.292  -14.676  76.243 0.0000000000
51789  -36.635  -14.523  74.545 0.0000000000
51777  -36.456  -14.592  75.435 0.0000000000
49537  -37.635  -16.667  75.933 0.0000000000
49538  -38.144  -16.068  75.583 0.0000000000
48457  -37.389  -17.207  75.025 0.0000000000
49547  -40.643  -16.360  74.064 0.0000000000
115247  -41.487  -16.733  73.097 0.0000000000
47370  -41.348  -17.678  73.025 0.0000000000
51826  -42.950  -15.645  71.727 0.0000000000
118803  -43.802  -14.610  70.219 0.0000000000
113853  -44.047  -16.761  71.016 0.0000000000
48542  -44.544  -16.326  70.505 0.0000000000
115180  -47.402  -14.423  67.338 0.0000000000
120278  -47.658  -13.181  65.635 0.0000000000
112842  -52.307  -9.093  62.770 0.0000000000
59925  -48.824  -5.380  61.594 0.0000000000
58836  -49.105  -6.326  60.927 0.0000000000
57850  -50.056  -8.350  59.249 0.0000000000
57865  -49.637  -8.883  58.473 0.0000000000
59940  -47.832  -5.502  59.016 0.0000000000
58847  -47.333  -6.785  59.132 0.0000000000
57847  -47.107  -7.734  59.081 0.0000000000
57848  -47.843  -8.121  59.444 0.0000000000
123845  -51.529  -2.289  53.297 0.0000000000
63997  -50.769  -2.603  53.100 0.0000000000
63007  -49.959  -3.098  53.368 0.0000000000
62024  -47.653  -4.328  54.376 0.0000000000
62005  -48.073  -4.165  57.003 0.0000000000
59977  -48.803  -6.566  54.437 0.0000000000
49480  -29.676  -16.264  79.765 0.0000000000
52794  -22.477  -13.473  81.641 0.0000000000
55807  -51.891  -10.120  58.930 0.0000000000
56828  -53.499  -8.490  62.709 0.0000000000
56842  -53.870  -8.510  62.268 0.0000000000
56852  -53.306  -9.098  61.661 0.0000000000
57805  -52.470  -8.147  63.337 0.0000000000
57822  -54.299  -8.046  61.910 0.0000000000
57830  -54.156  -7.953  61.165 0.0000000000
57852  -52.177  -8.363  59.228 0.0000000000
58795  -51.954  -7.885  63.497 0.0000000000
58805  -52.711  -7.555  63.053 0.0000000000
58806  -53.499  -7.571  62.374 0.0000000000
58816  -54.112  -7.573  62.020 0.0000000000
58827  -53.852  -6.664  61.437 0.0000000000
58840  -53.475  -7.069  60.688 0.0000000000
58841  -54.032  -7.292  60.986 0.0000000000
59895  -53.145  -6.881  62.321 0.0000000000
59906  -53.828  -6.680  61.882 0.0000000000
59915  -52.525  -6.192  61.737 0.0000000000
59916  -53.429  -6.427  61.718 0.0000000000
59926  -52.369  -6.372  61.239 0.0000000000
61982  -47.937  -2.836  59.347 0.0000000000
62942  -50.636  -2.196  59.278 0.0000000000
62953  -50.612  -1.785  59.169 0.0000000000
63930  -54.779  -2.154  58.166 0.0000000000
63943  -55.101  -2.386  57.782 0.0000000000
63944  -55.201  -2.262  57.415 0.0000000000
63960  -54.117  -1.853  57.676 0.0000000000
63963  -56.276  -1.515  55.653 0.0000000000
63982  -56.247  -2.206  55.678 0.0000000000
64921  -54.748  -1.848  57.934 0.0000000000
64929  -54.567  -1.908  58.073 0.0000000000
64930  -55.048  -1.869  57.373 0.0000000000
64931  -55.676  -1.740  56.202 0.0000000000
64944  -55.740  -0.936  55.587 0.0000000000
64957  -56.943  -1.379  54.723 0.0000000000
64985  -58.298  -1.093  51.929 0.0000000000
65914  -56.335  -0.798  54.836 0.0000000000
65978  -59.447  0.092  48.322 0.0000000000
66875  -58.070  0.238  52.107 0.0000000000
66887  -57.325  0.743  52.048 0.0000000000
66931  -59.461  0.798  47.984 0.0000000000
67941  -59.181  1.422  47.756 0.0000000000
111571  -49.073  -2.909  57.936 0.0000000000
114328  -51.779  -6.768  60.739 0.0000000000
122423  -56.653  -1.831  54.954 0.0000000000
126568  -56.227  -2.324  53.605 0.0000000000
127342  -51.043  -2.244  59.105 0.0000000000
128817  -58.379  -0.850  51.940 0.0000000000
130636  -22.018  -13.769  82.032 0.0000000000
