#!ascii label  , from subject sub-v1s5x0050755_ses-1 vox2ras=TkReg
1453
65050  52.847  -0.894  58.546 0.0000000000
51812  31.654  -13.918  73.585 0.0000000000
126631  21.434  -15.878  76.265 0.0000000000
44228  24.425  -20.454  81.138 0.0000000000
53931  27.131  -10.857  79.022 0.0000000000
50792  23.812  -14.989  69.963 0.0000000000
132585  42.126  -6.624  58.183 0.0000000000
123775  44.013  -1.109  53.431 0.0000000000
60696  40.838  -5.736  66.392 0.0000000000
50854  35.254  -14.717  66.130 0.0000000000
47643  28.285  -17.174  67.363 0.0000000000
117782  21.001  -11.902  79.637 0.0000000000
116442  22.649  -18.681  78.839 0.0000000000
50645  21.272  -14.689  81.513 0.0000000000
55158  23.045  -10.899  76.749 0.0000000000
63915  43.549  -2.285  66.120 0.0000000000
114765  33.565  -12.204  77.181 0.0000000000
52889  36.746  -12.956  73.281 0.0000000000
54053  37.875  -11.980  69.422 0.0000000000
50771  33.925  -14.236  69.661 0.0000000000
50836  31.422  -14.855  66.750 0.0000000000
50790  29.092  -14.377  69.978 0.0000000000
45564  21.649  -19.279  68.293 0.0000000000
46692  23.390  -17.964  64.811 0.0000000000
61939  45.901  -3.743  55.487 0.0000000000
60903  46.613  -5.241  52.446 0.0000000000
44334  21.960  -20.530  72.637 0.0000000000
43216  23.687  -21.914  75.336 0.0000000000
50673  29.556  -14.758  78.175 0.0000000000
49604  27.274  -16.553  74.035 0.0000000000
51786  25.909  -13.967  75.746 0.0000000000
51819  22.220  -14.220  72.829 0.0000000000
128190  46.864  -5.117  58.811 0.0000000000
48487  19.108  -16.450  84.052 0.0000000000
113378  19.146  -19.407  80.462 0.0000000000
111641  44.834  -2.356  58.813 0.0000000000
65018  49.866  -1.208  62.297 0.0000000000
61837  46.014  -4.326  63.419 0.0000000000
60740  41.793  -5.482  62.208 0.0000000000
57570  38.317  -8.414  61.648 0.0000000000
119525  41.601  -7.316  69.876 0.0000000000
55304  38.284  -10.272  65.888 0.0000000000
115481  34.545  -13.434  62.138 0.0000000000
48716  31.463  -16.738  62.882 0.0000000000
47616  25.895  -17.740  69.013 0.0000000000
55090  20.467  -9.303  81.214 0.0000000000
52806  20.885  -13.064  80.926 0.0000000000
55086  19.050  -10.583  82.693 0.0000000000
56298  22.324  -9.094  79.711 0.0000000000
131459  32.923  -13.586  76.239 0.0000000000
112014  34.169  -13.872  73.502 0.0000000000
51841  35.314  -14.100  71.535 0.0000000000
51844  32.867  -13.772  71.780 0.0000000000
120452  31.454  -13.843  70.109 0.0000000000
51846  30.691  -13.845  71.535 0.0000000000
43278  22.256  -21.770  69.159 0.0000000000
43320  22.372  -21.774  67.333 0.0000000000
64024  49.990  -1.469  57.346 0.0000000000
63000  48.855  -3.269  55.456 0.0000000000
64036  52.390  -1.923  56.441 0.0000000000
118604  21.430  -17.854  74.410 0.0000000000
116240  22.793  -21.479  73.964 0.0000000000
45477  22.058  -19.672  75.426 0.0000000000
45434  24.218  -19.479  80.092 0.0000000000
43178  25.134  -21.523  78.520 0.0000000000
43165  26.468  -22.292  80.588 0.0000000000
41991  24.442  -22.028  81.175 0.0000000000
53927  29.568  -11.613  78.469 0.0000000000
51742  28.319  -13.431  78.418 0.0000000000
50701  27.654  -15.560  77.149 0.0000000000
52847  26.618  -12.435  77.431 0.0000000000
115199  21.752  -12.531  75.927 0.0000000000
52884  22.636  -12.438  74.634 0.0000000000
49597  21.502  -15.352  74.167 0.0000000000
47581  21.400  -17.547  72.250 0.0000000000
59720  44.357  -5.993  58.434 0.0000000000
60831  46.064  -6.116  56.814 0.0000000000
58709  43.991  -7.303  56.089 0.0000000000
46542  16.855  -19.053  80.771 0.0000000000
62918  48.324  -3.499  62.869 0.0000000000
63922  47.385  -2.058  65.130 0.0000000000
62881  41.662  -3.618  66.208 0.0000000000
62910  42.860  -4.014  63.910 0.0000000000
131214  40.820  -5.185  64.082 0.0000000000
58645  39.281  -7.354  61.772 0.0000000000
122605  39.796  -6.923  63.941 0.0000000000
51899  36.413  -13.756  67.911 0.0000000000
55275  38.362  -10.906  67.518 0.0000000000
52982  36.451  -12.925  65.746 0.0000000000
124525  36.653  -11.755  63.912 0.0000000000
51952  34.929  -14.076  63.878 0.0000000000
50899  33.057  -15.326  62.229 0.0000000000
49759  33.453  -15.492  64.059 0.0000000000
127980  29.965  -16.226  65.402 0.0000000000
48580  25.695  -17.038  72.898 0.0000000000
48588  26.406  -17.160  71.355 0.0000000000
48622  24.958  -16.863  69.988 0.0000000000
45611  25.626  -18.938  63.926 0.0000000000
67331  47.420  0.216  50.749 0.0000000000
65117  45.119  -1.277  51.161 0.0000000000
51744  21.348  -13.746  77.868 0.0000000000
47545  21.603  -17.439  77.440 0.0000000000
49546  21.492  -15.542  78.910 0.0000000000
48525  22.167  -17.037  80.112 0.0000000000
47506  23.283  -17.971  81.700 0.0000000000
56295  25.704  -9.012  79.150 0.0000000000
55137  25.038  -10.569  77.677 0.0000000000
56309  23.386  -9.450  78.840 0.0000000000
55122  22.099  -10.755  78.098 0.0000000000
64944  45.991  -0.904  66.588 0.0000000000
62867  41.813  -3.804  68.098 0.0000000000
52903  37.306  -12.681  71.749 0.0000000000
51869  36.381  -13.852  69.589 0.0000000000
50817  35.378  -14.724  67.902 0.0000000000
49704  33.357  -15.233  66.616 0.0000000000
50804  32.641  -14.596  67.966 0.0000000000
50806  30.164  -14.439  68.134 0.0000000000
50808  28.724  -14.907  68.666 0.0000000000
48623  22.326  -15.940  69.186 0.0000000000
49690  23.683  -15.813  67.668 0.0000000000
46669  22.043  -18.186  66.884 0.0000000000
61959  43.055  -3.995  54.352 0.0000000000
61984  43.358  -4.052  52.259 0.0000000000
134295  46.005  -4.759  54.312 0.0000000000
44275  23.165  -20.158  77.216 0.0000000000
51738  31.909  -13.303  77.935 0.0000000000
120770  30.521  -14.595  75.911 0.0000000000
50735  29.522  -14.536  73.437 0.0000000000
49581  28.647  -15.845  76.052 0.0000000000
116470  26.803  -16.368  75.315 0.0000000000
118410  25.194  -15.157  73.124 0.0000000000
53980  25.009  -11.898  75.858 0.0000000000
52890  23.664  -12.772  73.790 0.0000000000
51849  23.138  -13.973  71.862 0.0000000000
48609  21.701  -16.493  70.650 0.0000000000
129347  21.515  -19.377  70.693 0.0000000000
62954  49.647  -3.475  59.932 0.0000000000
62974  51.635  -3.135  57.875 0.0000000000
60805  47.500  -5.345  57.272 0.0000000000
49512  21.308  -15.883  82.940 0.0000000000
46510  22.113  -18.567  82.620 0.0000000000
46513  19.360  -18.369  82.402 0.0000000000
44231  21.754  -20.441  81.459 0.0000000000
62990  43.090  -2.974  56.045 0.0000000000
62987  45.429  -3.051  56.924 0.0000000000
65053  48.410  -1.350  59.034 0.0000000000
63989  50.935  -1.409  61.016 0.0000000000
62942  49.522  -3.304  61.233 0.0000000000
61869  45.963  -5.164  61.121 0.0000000000
60759  44.383  -5.554  60.546 0.0000000000
62886  45.272  -3.157  64.942 0.0000000000
61849  43.897  -4.783  62.832 0.0000000000
59694  42.250  -6.111  60.189 0.0000000000
59713  40.052  -6.843  59.842 0.0000000000
57598  37.545  -8.748  59.387 0.0000000000
59620  41.410  -6.340  68.002 0.0000000000
56401  39.716  -9.662  69.531 0.0000000000
57502  39.930  -8.727  67.505 0.0000000000
58572  39.940  -7.865  66.029 0.0000000000
56463  38.224  -9.337  63.829 0.0000000000
54201  36.354  -11.131  62.040 0.0000000000
134347  32.063  -15.756  64.587 0.0000000000
50748  28.591  -14.801  72.189 0.0000000000
49639  27.850  -15.306  70.045 0.0000000000
48632  26.862  -17.365  68.527 0.0000000000
48670  25.178  -17.111  66.681 0.0000000000
46679  26.102  -18.686  66.670 0.0000000000
56271  19.581  -9.343  82.141 0.0000000000
130403  19.222  -9.243  82.162 0.0000000000
51797  32.703  -13.800  74.640 0.0000000000
51796  33.505  -13.667  74.806 0.0000000000
112553  33.353  -13.769  74.036 0.0000000000
51829  33.924  -13.952  72.632 0.0000000000
112358  32.359  -13.825  73.004 0.0000000000
51845  31.488  -13.760  71.883 0.0000000000
51831  31.525  -13.845  72.727 0.0000000000
65062  51.184  -0.647  58.162 0.0000000000
64023  51.421  -1.031  57.293 0.0000000000
112308  53.479  -1.040  58.026 0.0000000000
125413  21.430  -16.896  75.456 0.0000000000
46589  21.530  -18.438  74.829 0.0000000000
47552  21.489  -17.332  76.145 0.0000000000
45406  24.280  -19.511  81.296 0.0000000000
44249  25.529  -21.256  80.155 0.0000000000
44227  25.231  -21.378  80.675 0.0000000000
41990  25.443  -22.366  81.249 0.0000000000
43147  23.997  -21.125  81.116 0.0000000000
56293  27.414  -9.337  79.022 0.0000000000
55106  27.670  -10.084  79.182 0.0000000000
53929  28.538  -11.165  79.053 0.0000000000
53930  27.756  -11.495  78.987 0.0000000000
52837  27.190  -12.539  77.920 0.0000000000
132095  26.743  -11.887  77.922 0.0000000000
50703  21.446  -14.101  76.163 0.0000000000
50715  21.507  -14.291  75.252 0.0000000000
48550  21.416  -16.001  75.493 0.0000000000
132902  21.419  -16.767  74.413 0.0000000000
59721  43.654  -6.193  58.418 0.0000000000
59739  44.227  -6.319  57.562 0.0000000000
59762  42.827  -6.948  56.953 0.0000000000
66105  46.799  -0.359  64.102 0.0000000000
64977  47.552  -1.626  64.645 0.0000000000
132367  47.036  -0.615  65.168 0.0000000000
61820  40.934  -4.894  65.960 0.0000000000
119189  41.397  -4.195  64.917 0.0000000000
60718  40.530  -5.664  64.634 0.0000000000
128738  40.122  -6.403  63.653 0.0000000000
59640  40.338  -6.442  65.285 0.0000000000
51908  35.855  -14.131  66.547 0.0000000000
51907  36.407  -13.338  66.527 0.0000000000
51920  36.052  -13.603  65.906 0.0000000000
53003  35.943  -13.406  65.080 0.0000000000
51934  35.315  -14.104  64.787 0.0000000000
120962  34.428  -14.731  64.004 0.0000000000
119961  34.586  -15.068  65.111 0.0000000000
49625  25.131  -16.925  71.685 0.0000000000
48608  25.646  -17.439  71.411 0.0000000000
49641  24.994  -16.996  70.870 0.0000000000
120811  45.670  -0.617  52.516 0.0000000000
65107  44.535  -1.275  52.520 0.0000000000
52838  21.298  -12.589  78.577 0.0000000000
50665  21.352  -14.462  78.580 0.0000000000
132365  21.202  -13.349  79.392 0.0000000000
51714  21.095  -13.938  80.957 0.0000000000
133373  21.511  -15.013  80.200 0.0000000000
48510  21.988  -16.111  81.226 0.0000000000
47507  22.769  -17.347  81.590 0.0000000000
48509  22.386  -16.699  81.884 0.0000000000
58415  25.039  -7.160  79.008 0.0000000000
112463  24.924  -8.776  79.373 0.0000000000
56296  23.957  -8.715  79.257 0.0000000000
55109  21.553  -10.361  79.345 0.0000000000
55121  22.094  -10.058  78.903 0.0000000000
113128  21.607  -10.877  78.774 0.0000000000
52849  21.476  -12.087  77.936 0.0000000000
51794  35.922  -13.137  74.482 0.0000000000
52879  37.035  -12.117  74.658 0.0000000000
54000  37.808  -11.735  73.419 0.0000000000
130933  37.993  -11.779  72.674 0.0000000000
52897  37.400  -12.420  72.731 0.0000000000
51843  34.337  -14.066  71.043 0.0000000000
51855  36.082  -13.901  71.155 0.0000000000
51871  35.321  -14.389  69.638 0.0000000000
50786  35.325  -14.592  68.802 0.0000000000
50787  34.567  -14.479  69.279 0.0000000000
50803  33.496  -14.675  68.256 0.0000000000
50788  33.722  -14.417  69.023 0.0000000000
51874  30.532  -13.974  69.821 0.0000000000
51888  31.194  -14.035  69.326 0.0000000000
51889  30.382  -14.173  68.986 0.0000000000
117015  29.311  -14.786  67.950 0.0000000000
115735  29.091  -14.504  69.286 0.0000000000
47630  21.708  -17.536  68.548 0.0000000000
47629  22.102  -16.866  67.903 0.0000000000
46670  21.771  -18.717  67.629 0.0000000000
61940  44.901  -3.949  55.260 0.0000000000
61958  44.670  -4.501  54.463 0.0000000000
130093  46.465  -3.971  55.092 0.0000000000
61937  48.193  -3.884  54.967 0.0000000000
43245  22.355  -21.490  71.804 0.0000000000
119876  22.657  -21.937  72.465 0.0000000000
46562  21.815  -17.924  77.934 0.0000000000
45462  22.198  -18.974  77.210 0.0000000000
45461  22.705  -19.464  77.619 0.0000000000
42022  25.653  -22.694  78.877 0.0000000000
43188  24.713  -21.745  77.569 0.0000000000
51740  29.563  -14.146  78.550 0.0000000000
112692  30.511  -12.945  78.127 0.0000000000
50671  30.852  -14.299  77.849 0.0000000000
50683  31.132  -14.341  77.466 0.0000000000
50700  29.711  -15.188  77.307 0.0000000000
134694  29.587  -15.094  75.626 0.0000000000
49560  29.036  -15.580  77.456 0.0000000000
131813  26.379  -14.364  76.280 0.0000000000
49584  26.777  -15.931  75.915 0.0000000000
50713  26.294  -15.006  75.825 0.0000000000
131891  25.749  -15.825  74.282 0.0000000000
50727  25.573  -14.792  74.463 0.0000000000
55138  24.171  -10.407  77.508 0.0000000000
53967  25.232  -11.606  76.547 0.0000000000
53968  23.696  -11.154  76.265 0.0000000000
51802  22.360  -13.164  74.116 0.0000000000
52883  23.223  -12.414  74.281 0.0000000000
51818  22.671  -13.530  73.163 0.0000000000
51835  23.187  -13.650  72.457 0.0000000000
50750  22.740  -13.965  72.254 0.0000000000
49627  22.392  -15.067  71.075 0.0000000000
49628  21.925  -15.476  71.638 0.0000000000
133621  21.412  -18.850  72.465 0.0000000000
46622  21.381  -18.138  71.662 0.0000000000
44348  21.763  -20.220  71.792 0.0000000000
61899  47.695  -4.660  58.918 0.0000000000
61898  48.921  -4.140  58.780 0.0000000000
60788  47.145  -5.146  58.131 0.0000000000
59759  46.428  -6.572  56.061 0.0000000000
47478  20.706  -16.442  83.598 0.0000000000
47490  22.280  -17.060  83.010 0.0000000000
46494  21.004  -17.587  83.179 0.0000000000
46525  18.133  -18.644  81.783 0.0000000000
116499  19.543  -19.231  81.270 0.0000000000
44221  21.324  -19.801  81.860 0.0000000000
44232  20.919  -20.203  81.141 0.0000000000
43155  21.831  -21.340  80.370 0.0000000000
44240  20.031  -20.215  79.931 0.0000000000
65085  42.943  -1.642  54.998 0.0000000000
62977  43.890  -2.619  57.283 0.0000000000
132031  45.818  -2.597  57.830 0.0000000000
64027  46.953  -2.315  57.668 0.0000000000
64014  46.565  -2.219  58.550 0.0000000000
111798  49.039  -1.157  61.873 0.0000000000
131748  49.582  -0.862  60.845 0.0000000000
111510  50.224  -1.247  61.912 0.0000000000
111608  50.640  -2.318  60.974 0.0000000000
62928  49.974  -2.472  62.670 0.0000000000
132302  46.759  -4.228  63.219 0.0000000000
61856  47.912  -4.103  62.125 0.0000000000
61858  45.735  -4.965  61.972 0.0000000000
60746  44.975  -5.304  61.345 0.0000000000
61859  45.014  -5.045  62.131 0.0000000000
64965  45.584  -1.404  66.472 0.0000000000
63913  45.869  -1.991  66.008 0.0000000000
63925  44.499  -2.652  65.487 0.0000000000
61840  42.111  -4.976  62.910 0.0000000000
128943  42.710  -4.544  63.290 0.0000000000
60739  42.759  -5.309  62.190 0.0000000000
60749  42.348  -5.673  61.516 0.0000000000
60750  41.452  -5.879  61.574 0.0000000000
59696  40.624  -6.518  60.414 0.0000000000
59687  40.376  -6.482  61.169 0.0000000000
58629  38.823  -7.894  62.132 0.0000000000
58655  38.747  -7.720  60.463 0.0000000000
57583  37.795  -8.656  60.294 0.0000000000
56516  36.801  -9.718  60.205 0.0000000000
59607  41.673  -6.548  68.735 0.0000000000
54036  38.405  -11.401  69.985 0.0000000000
131379  39.243  -10.452  70.529 0.0000000000
55253  38.805  -10.858  69.463 0.0000000000
55289  38.365  -10.536  66.683 0.0000000000
56420  38.934  -10.080  67.398 0.0000000000
56432  38.774  -9.801  66.420 0.0000000000
57512  39.785  -8.479  66.609 0.0000000000
56443  39.193  -9.123  66.045 0.0000000000
57520  38.916  -8.977  65.183 0.0000000000
131819  38.005  -10.040  64.662 0.0000000000
117150  35.657  -12.510  62.903 0.0000000000
54185  36.531  -11.342  62.848 0.0000000000
122866  35.427  -12.323  62.071 0.0000000000
134411  35.142  -11.830  60.332 0.0000000000
116980  34.609  -12.700  60.976 0.0000000000
52007  33.670  -13.730  60.568 0.0000000000
125584  32.649  -15.854  62.809 0.0000000000
49785  32.401  -15.736  60.939 0.0000000000
49705  32.446  -15.222  66.217 0.0000000000
49727  32.464  -15.529  65.241 0.0000000000
49706  31.485  -15.291  65.812 0.0000000000
47684  30.159  -16.862  64.684 0.0000000000
123090  28.794  -15.219  74.008 0.0000000000
122012  28.706  -14.929  73.070 0.0000000000
49603  28.036  -15.551  72.756 0.0000000000
48620  25.919  -17.593  69.887 0.0000000000
49640  27.221  -16.203  70.648 0.0000000000
48619  26.619  -17.141  69.402 0.0000000000
49673  27.482  -16.239  68.804 0.0000000000
47628  26.089  -18.031  68.379 0.0000000000
48672  23.686  -16.394  66.450 0.0000000000
49689  24.234  -15.967  67.525 0.0000000000
47673  24.319  -17.179  65.146 0.0000000000
46691  25.747  -18.205  65.748 0.0000000000
46667  26.522  -18.830  67.076 0.0000000000
60905  44.731  -5.364  52.367 0.0000000000
61999  44.260  -4.328  51.251 0.0000000000
61910  52.335  -3.365  57.215 0.0000000000
53921  20.775  -10.422  80.817 0.0000000000
52815  20.833  -12.350  80.355 0.0000000000
53922  20.548  -11.470  81.065 0.0000000000
52807  20.585  -12.366  81.695 0.0000000000
52798  20.265  -12.848  82.172 0.0000000000
55097  21.218  -9.126  80.905 0.0000000000
51769  33.499  -13.254  76.638 0.0000000000
52857  34.690  -12.607  76.944 0.0000000000
51781  34.570  -13.235  75.689 0.0000000000
114265  35.200  -13.527  74.282 0.0000000000
51810  35.747  -13.560  73.642 0.0000000000
51826  36.217  -13.489  73.012 0.0000000000
51828  34.797  -14.019  72.808 0.0000000000
51842  34.570  -14.087  72.019 0.0000000000
51859  33.131  -13.828  71.022 0.0000000000
130651  32.901  -13.913  70.252 0.0000000000
114703  32.252  -13.786  70.592 0.0000000000
51860  31.465  -13.728  71.032 0.0000000000
51847  29.914  -14.049  71.179 0.0000000000
44388  21.962  -20.862  68.750 0.0000000000
44406  21.791  -20.076  68.103 0.0000000000
43298  22.257  -21.723  68.287 0.0000000000
114071  47.262  -2.920  56.311 0.0000000000
125647  46.799  -3.509  55.614 0.0000000000
62986  48.363  -2.781  56.078 0.0000000000
62985  49.583  -2.636  55.899 0.0000000000
44320  21.662  -19.736  73.282 0.0000000000
44319  22.174  -20.628  73.589 0.0000000000
44307  21.863  -19.904  74.116 0.0000000000
44293  22.064  -20.000  74.810 0.0000000000
43204  23.122  -20.855  75.907 0.0000000000
45435  23.301  -19.098  79.366 0.0000000000
44262  24.206  -20.429  78.497 0.0000000000
44251  24.616  -20.188  79.507 0.0000000000
43167  25.533  -21.309  79.497 0.0000000000
40864  25.526  -23.185  81.107 0.0000000000
51730  28.926  -12.952  78.832 0.0000000000
50675  28.584  -14.459  78.266 0.0000000000
50687  28.071  -15.084  77.805 0.0000000000
51757  27.806  -14.155  77.977 0.0000000000
116952  26.693  -14.070  76.819 0.0000000000
51771  26.115  -13.474  76.289 0.0000000000
115855  22.367  -11.654  76.084 0.0000000000
52870  22.637  -11.838  75.428 0.0000000000
52871  22.131  -12.368  75.314 0.0000000000
51803  21.780  -13.617  74.593 0.0000000000
50739  21.726  -14.729  73.453 0.0000000000
129646  21.537  -15.943  72.739 0.0000000000
48570  21.452  -16.494  73.284 0.0000000000
46602  21.389  -17.956  73.588 0.0000000000
60790  45.611  -5.609  58.623 0.0000000000
60789  46.362  -5.425  58.325 0.0000000000
60808  44.986  -5.897  58.068 0.0000000000
59760  44.564  -6.747  56.551 0.0000000000
46526  17.202  -18.719  81.713 0.0000000000
45421  18.316  -19.236  80.330 0.0000000000
44253  19.646  -20.228  79.245 0.0000000000
45451  18.465  -19.762  78.820 0.0000000000
65005  48.963  -1.522  62.962 0.0000000000
62916  50.098  -1.947  62.847 0.0000000000
118875  48.671  -2.243  63.549 0.0000000000
62895  47.621  -3.009  63.985 0.0000000000
62906  46.822  -3.826  63.847 0.0000000000
63916  42.596  -2.581  66.505 0.0000000000
62888  43.205  -3.173  65.122 0.0000000000
62890  41.822  -3.631  65.333 0.0000000000
130360  41.324  -4.562  64.259 0.0000000000
60728  40.807  -5.554  63.306 0.0000000000
59675  40.241  -6.409  61.885 0.0000000000
59662  40.342  -6.121  63.117 0.0000000000
58628  39.324  -7.387  62.596 0.0000000000
58614  38.912  -7.990  62.996 0.0000000000
52927  37.420  -12.552  68.881 0.0000000000
54072  37.869  -11.847  68.569 0.0000000000
52943  37.401  -12.396  67.997 0.0000000000
54113  37.330  -11.898  66.363 0.0000000000
117238  37.544  -11.351  65.882 0.0000000000
54131  37.329  -11.286  65.023 0.0000000000
54152  36.815  -11.863  64.597 0.0000000000
53022  35.881  -12.727  63.703 0.0000000000
51967  34.709  -13.702  62.928 0.0000000000
51985  34.138  -14.107  62.359 0.0000000000
50885  34.328  -14.449  63.276 0.0000000000
49772  33.308  -15.437  63.213 0.0000000000
49760  32.778  -15.788  63.634 0.0000000000
50837  30.482  -14.852  66.871 0.0000000000
49729  30.590  -15.631  65.502 0.0000000000
49730  29.848  -15.685  66.025 0.0000000000
47671  29.727  -16.872  65.491 0.0000000000
46689  29.828  -17.517  65.771 0.0000000000
48567  26.556  -16.909  73.294 0.0000000000
49614  27.288  -16.380  72.559 0.0000000000
48589  25.963  -17.502  71.893 0.0000000000
48607  25.911  -17.536  70.982 0.0000000000
48621  25.548  -17.444  69.571 0.0000000000
46701  24.538  -18.238  64.076 0.0000000000
44489  25.246  -20.167  63.118 0.0000000000
114009  47.059  0.078  52.303 0.0000000000
66251  46.281  -0.413  51.230 0.0000000000
65130  45.235  -1.495  50.281 0.0000000000
50689  21.407  -14.727  76.820 0.0000000000
130163  21.490  -16.962  76.842 0.0000000000
119254  21.439  -15.769  77.467 0.0000000000
124830  21.487  -15.916  78.135 0.0000000000
47527  21.908  -17.104  79.149 0.0000000000
118976  21.430  -14.810  79.519 0.0000000000
48526  21.743  -16.330  79.528 0.0000000000
47526  22.327  -17.631  79.579 0.0000000000
46539  23.377  -18.433  80.662 0.0000000000
114693  23.815  -18.527  81.433 0.0000000000
45393  24.228  -19.069  82.009 0.0000000000
55108  26.028  -9.755  79.070 0.0000000000
55117  26.325  -10.490  78.799 0.0000000000
56307  25.236  -9.541  79.085 0.0000000000
55119  24.700  -10.028  78.331 0.0000000000
55139  23.304  -10.473  77.460 0.0000000000
56297  23.110  -8.798  79.553 0.0000000000
55120  22.808  -10.158  78.199 0.0000000000
55140  22.590  -10.821  77.393 0.0000000000
112841  21.625  -12.029  77.175 0.0000000000
51759  21.431  -13.167  77.255 0.0000000000
59742  41.590  -6.876  57.775 0.0000000000
59763  42.045  -7.096  56.956 0.0000000000
57641  41.058  -8.027  56.241 0.0000000000
67123  46.174  0.244  65.749 0.0000000000
64968  42.984  -1.815  66.989 0.0000000000
122297  42.413  -2.383  67.328 0.0000000000
62875  41.652  -3.672  67.083 0.0000000000
61813  41.464  -4.469  67.412 0.0000000000
54023  38.353  -11.513  71.455 0.0000000000
54037  37.821  -12.103  70.294 0.0000000000
52904  36.685  -13.353  71.505 0.0000000000
128056  36.610  -13.496  70.775 0.0000000000
52918  37.346  -12.664  69.768 0.0000000000
51885  36.446  -13.815  68.772 0.0000000000
51900  35.920  -14.308  67.476 0.0000000000
50833  35.398  -14.775  66.998 0.0000000000
50855  34.697  -15.100  65.759 0.0000000000
126784  34.131  -15.204  66.991 0.0000000000
50819  33.370  -14.966  67.461 0.0000000000
50820  31.748  -14.536  67.674 0.0000000000
51887  31.865  -14.131  69.049 0.0000000000
129329  32.025  -14.351  68.392 0.0000000000
50821  30.795  -14.547  67.500 0.0000000000
50822  29.905  -14.783  67.344 0.0000000000
49686  29.130  -15.331  67.208 0.0000000000
49687  28.459  -15.766  67.555 0.0000000000
50793  23.202  -14.999  69.969 0.0000000000
49675  23.530  -15.616  68.374 0.0000000000
49691  23.054  -15.882  67.901 0.0000000000
48673  22.923  -16.495  66.740 0.0000000000
112152  22.711  -18.485  65.480 0.0000000000
129374  22.165  -19.930  66.632 0.0000000000
45603  22.741  -19.539  65.312 0.0000000000
63020  42.657  -3.072  53.823 0.0000000000
64072  43.389  -2.609  52.390 0.0000000000
61970  43.225  -4.272  53.541 0.0000000000
60884  44.368  -5.247  52.946 0.0000000000
133622  45.705  -5.266  53.499 0.0000000000
61938  47.226  -3.915  55.044 0.0000000000
60863  47.199  -4.991  53.922 0.0000000000
45469  21.915  -18.871  76.520 0.0000000000
44285  22.940  -20.326  76.535 0.0000000000
43203  23.809  -21.509  76.185 0.0000000000
44274  23.854  -20.655  77.591 0.0000000000
43202  24.370  -21.914  76.695 0.0000000000
52846  32.658  -12.971  78.008 0.0000000000
133015  32.482  -13.723  76.618 0.0000000000
132861  31.790  -14.067  75.744 0.0000000000
51785  31.300  -14.178  75.257 0.0000000000
50724  30.192  -14.328  73.921 0.0000000000
50712  30.345  -14.465  74.873 0.0000000000
50726  28.778  -15.562  75.033 0.0000000000
49593  28.011  -16.115  74.559 0.0000000000
49571  27.947  -15.998  76.918 0.0000000000
49583  27.346  -16.312  75.761 0.0000000000
48558  26.590  -16.696  74.139 0.0000000000
48559  26.148  -16.501  74.241 0.0000000000
48569  25.194  -16.081  72.779 0.0000000000
50759  24.298  -14.590  71.487 0.0000000000
53956  26.201  -11.590  77.605 0.0000000000
52859  25.734  -12.471  76.347 0.0000000000
52868  25.456  -12.829  75.585 0.0000000000
53992  23.833  -11.791  75.064 0.0000000000
52882  23.975  -12.278  74.477 0.0000000000
51800  25.298  -13.681  74.546 0.0000000000
132032  24.488  -13.804  72.836 0.0000000000
51848  23.769  -13.912  71.944 0.0000000000
50775  23.333  -14.713  70.637 0.0000000000
50776  22.831  -14.919  70.503 0.0000000000
49660  22.120  -15.825  70.074 0.0000000000
124332  21.422  -18.030  69.968 0.0000000000
133214  21.445  -16.948  71.891 0.0000000000
119585  21.389  -18.040  70.820 0.0000000000
45554  21.501  -19.237  69.916 0.0000000000
43279  22.099  -21.176  69.579 0.0000000000
62953  50.994  -2.391  59.990 0.0000000000
62962  52.876  -2.152  58.264 0.0000000000
61897  50.076  -3.682  58.315 0.0000000000
60806  46.619  -5.606  57.473 0.0000000000
59758  47.344  -6.442  55.915 0.0000000000
58723  42.592  -7.771  56.022 0.0000000000
55092  18.580  -10.153  81.691 0.0000000000
55079  18.679  -11.077  82.339 0.0000000000
51697  19.917  -13.202  83.063 0.0000000000
119576  20.132  -14.235  82.836 0.0000000000
49522  21.357  -15.450  82.156 0.0000000000
130156  22.528  -17.020  82.784 0.0000000000
119868  22.792  -18.234  82.274 0.0000000000
45394  23.747  -19.306  81.990 0.0000000000
47492  19.877  -17.218  83.409 0.0000000000
46511  20.895  -18.292  82.781 0.0000000000
45396  21.768  -19.306  82.385 0.0000000000
44230  22.624  -20.598  81.729 0.0000000000
41992  23.028  -21.161  81.348 0.0000000000
66214  44.497  -0.398  54.091 0.0000000000
64055  42.677  -2.574  54.446 0.0000000000
63012  42.973  -3.619  55.023 0.0000000000
63004  44.046  -3.600  55.926 0.0000000000
64041  43.468  -2.357  56.704 0.0000000000
62989  43.518  -3.016  56.550 0.0000000000
63003  45.142  -3.496  56.074 0.0000000000
132649  47.300  -2.463  57.033 0.0000000000
65063  49.791  -1.152  58.041 0.0000000000
65052  50.571  -0.654  58.959 0.0000000000
64002  47.516  -1.691  59.196 0.0000000000
121098  49.728  -0.794  59.571 0.0000000000
65039  52.059  -1.013  59.464 0.0000000000
61884  48.827  -3.893  60.305 0.0000000000
61885  47.854  -4.463  59.891 0.0000000000
116254  49.053  -3.306  62.436 0.0000000000
112754  47.541  -4.468  61.275 0.0000000000
60757  46.269  -5.195  60.160 0.0000000000
60774  45.480  -5.507  59.494 0.0000000000
60775  44.645  -5.652  59.721 0.0000000000
59709  43.296  -6.066  59.240 0.0000000000
63911  46.933  -1.638  65.597 0.0000000000
62897  46.176  -3.260  64.746 0.0000000000
126309  45.534  -4.066  63.768 0.0000000000
62899  43.569  -3.565  64.448 0.0000000000
61839  44.376  -4.451  63.253 0.0000000000
60737  44.576  -4.843  62.637 0.0000000000
134492  43.872  -5.351  61.756 0.0000000000
60777  43.022  -5.939  60.037 0.0000000000
59710  42.485  -6.234  59.420 0.0000000000
59724  40.898  -6.832  58.471 0.0000000000
59725  40.195  -6.947  58.971 0.0000000000
58654  39.285  -7.296  60.972 0.0000000000
58666  38.777  -7.678  59.572 0.0000000000
60682  41.470  -5.431  67.843 0.0000000000
60683  41.151  -6.037  67.218 0.0000000000
57489  40.734  -8.353  69.631 0.0000000000
55264  38.795  -10.573  68.206 0.0000000000
56411  39.665  -9.533  68.667 0.0000000000
115169  40.567  -8.325  68.762 0.0000000000
58554  40.687  -7.557  67.594 0.0000000000
113027  40.593  -7.172  66.848 0.0000000000
59631  40.436  -6.855  66.138 0.0000000000
58588  39.692  -7.768  65.212 0.0000000000
57542  39.073  -8.153  63.888 0.0000000000
56476  38.069  -9.169  62.966 0.0000000000
55338  37.452  -10.457  63.751 0.0000000000
55358  37.304  -10.294  62.961 0.0000000000
56496  37.381  -9.634  61.746 0.0000000000
55393  36.529  -10.250  60.657 0.0000000000
50914  32.934  -15.093  61.299 0.0000000000
115098  32.289  -16.312  59.785 0.0000000000
50856  34.124  -15.366  65.356 0.0000000000
49745  32.783  -15.701  64.394 0.0000000000
112513  32.108  -15.998  63.968 0.0000000000
49747  30.624  -16.118  64.832 0.0000000000
48695  30.734  -16.518  64.271 0.0000000000
51814  30.065  -14.211  72.828 0.0000000000
50756  29.244  -14.377  71.667 0.0000000000
50772  29.164  -14.350  70.810 0.0000000000
49624  27.226  -16.303  71.620 0.0000000000
49623  27.849  -15.331  70.956 0.0000000000
50791  28.504  -14.813  69.573 0.0000000000
49655  27.968  -15.397  69.146 0.0000000000
49688  27.803  -16.310  68.002 0.0000000000
48649  27.598  -17.158  67.775 0.0000000000
49674  24.210  -15.785  68.128 0.0000000000
48651  24.723  -16.353  67.919 0.0000000000
48650  25.277  -17.175  67.705 0.0000000000
47672  25.147  -17.400  65.615 0.0000000000
47663  25.687  -17.965  66.663 0.0000000000
131391  25.980  -18.248  67.940 0.0000000000
47645  26.374  -18.379  67.625 0.0000000000
63046  43.565  -3.400  51.762 0.0000000000
63058  44.318  -3.182  50.657 0.0000000000
63069  44.858  -3.147  50.025 0.0000000000
62973  53.603  -2.739  57.320 0.0000000000
51798  31.878  -13.937  74.465 0.0000000000
51811  32.517  -13.826  73.826 0.0000000000
112124  52.682  -0.624  58.031 0.0000000000
119361  21.484  -17.801  75.352 0.0000000000
111720  21.457  -16.551  76.179 0.0000000000
44237  24.919  -20.244  80.528 0.0000000000
43146  25.054  -21.636  81.168 0.0000000000
55107  26.835  -9.942  79.055 0.0000000000
116714  27.924  -10.771  78.980 0.0000000000
53942  27.201  -11.718  78.436 0.0000000000
53943  26.549  -11.240  78.320 0.0000000000
49573  21.427  -15.102  75.973 0.0000000000
59722  42.716  -6.406  58.485 0.0000000000
59740  43.251  -6.547  57.641 0.0000000000
59741  42.425  -6.737  57.662 0.0000000000
66081  46.921  -0.472  64.572 0.0000000000
67157  46.460  0.163  64.676 0.0000000000
60705  40.643  -5.595  65.518 0.0000000000
51921  35.568  -14.133  65.633 0.0000000000
50869  35.044  -14.692  65.333 0.0000000000
49626  24.604  -15.603  71.096 0.0000000000
114295  24.476  -15.596  70.255 0.0000000000
118932  45.049  -0.714  53.138 0.0000000000
65108  43.899  -1.838  52.421 0.0000000000
120654  21.299  -11.803  78.851 0.0000000000
115460  21.273  -13.393  78.738 0.0000000000
52826  21.122  -12.694  79.360 0.0000000000
50652  21.424  -14.824  80.795 0.0000000000
49532  21.610  -15.454  81.370 0.0000000000
49531  21.963  -16.101  82.017 0.0000000000
58423  25.034  -6.955  78.799 0.0000000000
57406  24.405  -7.932  79.068 0.0000000000
113713  23.983  -7.045  79.071 0.0000000000
53932  21.172  -11.031  79.614 0.0000000000
52880  36.593  -12.746  74.122 0.0000000000
115379  36.389  -12.505  74.912 0.0000000000
52888  37.210  -12.305  73.758 0.0000000000
51857  34.545  -14.244  70.081 0.0000000000
51872  33.200  -14.114  69.630 0.0000000000
51862  29.836  -14.090  70.331 0.0000000000
51875  29.731  -14.218  69.520 0.0000000000
46652  21.613  -18.427  68.401 0.0000000000
43246  22.106  -20.885  71.977 0.0000000000
119121  22.334  -21.258  72.378 0.0000000000
47536  22.152  -17.948  78.773 0.0000000000
46571  22.266  -18.658  77.999 0.0000000000
45449  22.955  -19.295  78.471 0.0000000000
42023  25.202  -22.295  78.103 0.0000000000
50672  30.196  -14.332  78.150 0.0000000000
50684  30.187  -14.736  77.743 0.0000000000
50685  29.454  -15.164  77.815 0.0000000000
50714  25.755  -14.493  75.176 0.0000000000
55157  23.704  -10.724  76.930 0.0000000000
50751  22.370  -14.446  72.102 0.0000000000
50762  22.245  -14.854  71.712 0.0000000000
112427  21.835  -15.109  72.477 0.0000000000
45513  21.533  -19.470  72.388 0.0000000000
127499  20.049  -15.803  83.261 0.0000000000
49506  20.166  -16.346  83.608 0.0000000000
48486  20.218  -16.627  83.657 0.0000000000
45409  18.670  -19.010  81.116 0.0000000000
45408  19.041  -18.689  81.799 0.0000000000
45407  20.418  -19.526  81.551 0.0000000000
45420  20.028  -19.824  80.657 0.0000000000
44239  20.654  -20.517  80.377 0.0000000000
65084  43.684  -0.382  55.733 0.0000000000
123677  43.653  -0.453  56.237 0.0000000000
64028  44.193  -1.542  58.259 0.0000000000
62976  44.530  -2.649  57.836 0.0000000000
134276  45.721  -2.468  58.534 0.0000000000
117451  50.085  -0.898  61.549 0.0000000000
62941  50.479  -1.859  62.049 0.0000000000
65017  50.152  -1.545  62.361 0.0000000000
61847  46.311  -4.602  62.662 0.0000000000
61848  45.452  -4.732  62.711 0.0000000000
64966  44.732  -1.296  66.687 0.0000000000
63914  44.837  -1.973  66.152 0.0000000000
127453  41.333  -5.357  62.858 0.0000000000
59686  41.101  -6.208  60.980 0.0000000000
60751  40.769  -6.157  61.591 0.0000000000
57582  38.261  -8.287  60.794 0.0000000000
57571  37.701  -8.960  61.107 0.0000000000
56515  37.300  -9.198  60.222 0.0000000000
58518  41.399  -7.276  69.029 0.0000000000
134133  38.905  -10.820  70.122 0.0000000000
54052  38.358  -11.382  69.086 0.0000000000
133050  37.958  -10.825  66.134 0.0000000000
56444  38.599  -9.634  65.565 0.0000000000
55319  38.123  -10.123  65.144 0.0000000000
53036  35.074  -12.991  62.522 0.0000000000
53050  34.845  -12.809  61.718 0.0000000000
51984  34.269  -13.321  61.325 0.0000000000
48715  32.002  -16.353  62.438 0.0000000000
127594  31.514  -16.863  62.191 0.0000000000
50736  28.080  -15.783  73.622 0.0000000000
132414  27.450  -16.317  73.291 0.0000000000
48606  26.462  -17.104  70.344 0.0000000000
48633  26.093  -17.717  69.076 0.0000000000
132068  23.728  -17.348  65.030 0.0000000000
47674  23.694  -16.911  65.600 0.0000000000
60904  45.668  -5.387  52.379 0.0000000000
55091  20.174  -9.769  81.807 0.0000000000
55085  19.589  -10.407  82.199 0.0000000000
125282  20.211  -10.715  81.545 0.0000000000
53914  20.084  -11.452  81.938 0.0000000000
119512  20.028  -12.118  82.096 0.0000000000
56276  20.760  -8.458  81.061 0.0000000000
51768  34.288  -13.075  76.404 0.0000000000
51782  33.714  -13.443  75.693 0.0000000000
112980  34.037  -13.732  74.245 0.0000000000
51795  34.421  -13.510  74.839 0.0000000000
122807  34.617  -13.731  74.073 0.0000000000
114404  35.072  -13.841  73.537 0.0000000000
51827  35.569  -13.834  72.901 0.0000000000
51830  33.047  -13.823  72.446 0.0000000000
111953  33.655  -13.927  71.822 0.0000000000
114093  32.244  -13.725  71.416 0.0000000000
51861  30.646  -13.847  70.671 0.0000000000
42145  22.441  -22.473  68.775 0.0000000000
64040  48.058  -2.383  56.821 0.0000000000
64039  49.072  -2.198  56.644 0.0000000000
65072  52.476  -1.049  57.116 0.0000000000
64038  50.300  -1.981  56.532 0.0000000000
64037  51.515  -1.832  56.452 0.0000000000
64048  52.193  -2.527  56.011 0.0000000000
46596  21.450  -18.570  74.071 0.0000000000
45488  21.542  -19.218  73.845 0.0000000000
119269  21.702  -18.793  75.600 0.0000000000
44292  22.523  -20.444  75.284 0.0000000000
125714  22.504  -20.076  76.015 0.0000000000
45433  24.886  -19.975  80.319 0.0000000000
43166  26.134  -21.884  79.995 0.0000000000
42010  25.981  -22.423  79.470 0.0000000000
42009  26.240  -22.825  79.854 0.0000000000
41998  26.514  -22.919  80.528 0.0000000000
42000  24.028  -22.898  80.456 0.0000000000
55116  28.854  -10.346  78.185 0.0000000000
52825  28.180  -11.977  78.963 0.0000000000
52824  28.805  -12.008  78.959 0.0000000000
51741  29.065  -13.875  78.631 0.0000000000
51758  27.106  -13.477  77.458 0.0000000000
52858  26.389  -13.025  76.874 0.0000000000
53970  21.910  -11.874  76.511 0.0000000000
126775  22.101  -11.993  75.819 0.0000000000
50728  21.609  -14.477  74.341 0.0000000000
113790  21.994  -13.880  73.706 0.0000000000
49606  21.534  -15.634  73.368 0.0000000000
47567  21.400  -17.143  73.946 0.0000000000
60791  44.856  -5.754  58.918 0.0000000000
59761  43.663  -6.823  56.803 0.0000000000
59783  44.895  -7.289  55.864 0.0000000000
46541  17.801  -18.967  81.013 0.0000000000
116944  17.588  -19.187  80.284 0.0000000000
45437  18.746  -19.536  79.642 0.0000000000
45438  17.863  -19.421  79.476 0.0000000000
116939  49.096  -1.867  63.155 0.0000000000
64990  47.820  -1.391  63.358 0.0000000000
63933  47.798  -2.088  64.422 0.0000000000
63934  47.576  -2.421  64.672 0.0000000000
62896  46.903  -3.220  64.508 0.0000000000
62880  42.182  -3.155  66.038 0.0000000000
62889  42.486  -3.253  65.433 0.0000000000
60727  41.331  -4.973  63.507 0.0000000000
59663  39.802  -6.764  63.072 0.0000000000
126027  39.402  -7.471  63.463 0.0000000000
52928  36.923  -13.139  68.355 0.0000000000
52944  36.817  -13.005  67.361 0.0000000000
52962  36.894  -12.561  66.452 0.0000000000
54132  36.993  -12.081  65.564 0.0000000000
119834  36.455  -12.594  64.913 0.0000000000
116852  35.582  -13.418  64.194 0.0000000000
131766  36.060  -12.902  64.398 0.0000000000
51951  35.308  -13.234  63.345 0.0000000000
50871  34.150  -15.199  64.527 0.0000000000
50886  33.915  -15.053  63.667 0.0000000000
50838  29.828  -15.223  66.667 0.0000000000
49708  29.335  -15.709  66.555 0.0000000000
47661  29.406  -16.916  66.277 0.0000000000
46677  29.617  -17.589  66.581 0.0000000000
48579  26.017  -17.359  72.713 0.0000000000
114649  25.588  -17.454  70.534 0.0000000000
66238  45.690  -0.727  51.660 0.0000000000
66252  45.691  -0.858  50.725 0.0000000000
65131  44.703  -1.987  50.639 0.0000000000
50676  21.389  -14.548  77.611 0.0000000000
126630  21.413  -15.159  77.341 0.0000000000
48531  21.616  -16.452  78.619 0.0000000000
51721  21.103  -13.381  80.060 0.0000000000
48519  21.903  -16.226  80.398 0.0000000000
49539  21.616  -15.578  79.879 0.0000000000
46540  22.698  -17.799  80.332 0.0000000000
47517  23.170  -17.906  81.178 0.0000000000
46538  24.262  -18.953  81.542 0.0000000000
46524  23.805  -18.625  81.712 0.0000000000
134263  25.893  -7.890  78.903 0.0000000000
57414  26.211  -8.576  79.014 0.0000000000
56294  26.520  -9.256  78.991 0.0000000000
56308  24.369  -9.422  79.030 0.0000000000
56318  23.756  -9.948  78.184 0.0000000000
57408  22.565  -8.034  80.007 0.0000000000
56310  22.707  -9.551  78.961 0.0000000000
53959  21.935  -11.426  77.394 0.0000000000
118164  21.347  -12.929  77.970 0.0000000000
125471  21.488  -12.548  77.425 0.0000000000
125638  21.400  -13.929  77.027 0.0000000000
58694  41.233  -7.344  56.852 0.0000000000
64947  42.642  -1.493  68.022 0.0000000000
119482  42.189  -2.892  68.629 0.0000000000
62874  42.027  -3.005  67.646 0.0000000000
51767  35.057  -12.766  76.227 0.0000000000
54012  37.905  -12.019  71.991 0.0000000000
54024  37.802  -12.128  71.151 0.0000000000
114963  38.236  -11.630  70.733 0.0000000000
51840  36.034  -13.789  72.130 0.0000000000
124648  36.230  -13.915  70.352 0.0000000000
52912  36.796  -13.342  70.077 0.0000000000
52919  36.914  -13.245  69.234 0.0000000000
51886  35.962  -14.338  68.344 0.0000000000
50818  34.779  -15.056  67.429 0.0000000000
50835  32.501  -14.896  67.115 0.0000000000
51873  32.308  -13.974  69.729 0.0000000000
131507  31.723  -13.980  69.566 0.0000000000
50805  31.162  -14.271  68.423 0.0000000000
50823  28.713  -15.230  67.885 0.0000000000
49659  22.755  -15.335  69.698 0.0000000000
49676  22.901  -15.636  68.735 0.0000000000
47647  22.338  -17.147  66.914 0.0000000000
122111  22.508  -17.785  66.139 0.0000000000
45583  21.947  -20.046  67.312 0.0000000000
115579  22.230  -20.747  66.903 0.0000000000
44420  22.476  -20.383  66.002 0.0000000000
44435  22.862  -20.439  65.139 0.0000000000
63032  42.942  -3.738  53.112 0.0000000000
128456  42.822  -3.695  53.872 0.0000000000
60865  45.417  -4.975  53.985 0.0000000000
61968  44.501  -4.985  53.644 0.0000000000
60864  46.266  -5.121  53.818 0.0000000000
63001  47.744  -3.371  55.588 0.0000000000
61955  47.631  -4.474  54.485 0.0000000000
44333  22.487  -21.334  73.044 0.0000000000
132573  21.541  -17.632  76.773 0.0000000000
46572  21.765  -18.251  77.172 0.0000000000
45468  22.471  -19.626  76.752 0.0000000000
44284  23.538  -20.824  76.750 0.0000000000
44273  24.527  -21.101  78.017 0.0000000000
42035  24.680  -22.386  77.202 0.0000000000
55103  29.453  -11.037  78.011 0.0000000000
52835  30.497  -12.069  78.028 0.0000000000
116676  30.939  -13.706  77.969 0.0000000000
52834  31.330  -12.791  78.070 0.0000000000
123870  32.700  -13.406  77.063 0.0000000000
51755  32.138  -13.494  77.547 0.0000000000
50698  31.382  -14.247  76.369 0.0000000000
49582  27.965  -16.284  75.500 0.0000000000
49561  28.339  -15.643  77.411 0.0000000000
49594  27.195  -16.553  74.910 0.0000000000
49595  26.595  -16.491  74.746 0.0000000000
50737  25.389  -14.993  73.736 0.0000000000
49605  25.608  -16.308  73.595 0.0000000000
53944  25.829  -10.894  78.035 0.0000000000
53957  25.455  -11.258  77.256 0.0000000000
132382  24.523  -11.402  76.230 0.0000000000
53982  23.362  -11.539  75.511 0.0000000000
53993  23.223  -11.948  74.830 0.0000000000
52881  24.929  -12.789  74.759 0.0000000000
51801  24.579  -13.017  74.051 0.0000000000
51815  25.097  -13.912  73.833 0.0000000000
51816  24.320  -13.383  73.297 0.0000000000
51834  23.969  -13.556  72.595 0.0000000000
50760  23.522  -14.312  71.328 0.0000000000
49643  21.982  -15.709  70.886 0.0000000000
49642  22.428  -15.312  70.425 0.0000000000
48624  21.812  -16.570  69.733 0.0000000000
47604  21.516  -17.297  70.321 0.0000000000
48581  21.472  -16.642  72.427 0.0000000000
49615  21.645  -15.895  72.167 0.0000000000
45542  21.411  -18.760  71.176 0.0000000000
46638  21.427  -18.683  70.390 0.0000000000
44374  21.823  -20.435  69.532 0.0000000000
111699  21.675  -19.978  70.169 0.0000000000
62964  50.079  -3.376  59.199 0.0000000000
61913  48.051  -4.752  57.978 0.0000000000
60804  48.438  -4.989  57.123 0.0000000000
60807  45.787  -5.776  57.735 0.0000000000
60830  46.980  -5.963  56.606 0.0000000000
58711  41.865  -7.629  56.345 0.0000000000
129955  42.488  -7.356  56.495 0.0000000000
55098  18.594  -10.249  80.896 0.0000000000
53908  18.530  -11.265  81.812 0.0000000000
53902  18.692  -11.869  82.140 0.0000000000
52791  19.501  -12.549  82.369 0.0000000000
113353  20.650  -15.335  83.058 0.0000000000
50637  20.961  -14.985  82.907 0.0000000000
49511  21.900  -16.206  82.576 0.0000000000
48495  22.065  -16.602  82.763 0.0000000000
46493  22.386  -17.710  82.981 0.0000000000
46509  23.552  -18.643  82.041 0.0000000000
45395  22.705  -19.137  82.097 0.0000000000
122321  18.946  -17.995  82.881 0.0000000000
47493  18.977  -17.422  83.584 0.0000000000
46496  19.605  -17.866  82.934 0.0000000000
46495  20.332  -17.757  83.021 0.0000000000
46512  20.137  -18.374  82.526 0.0000000000
44220  22.213  -19.992  82.070 0.0000000000
43148  22.214  -21.015  81.099 0.0000000000
112780  43.329  -1.342  54.280 0.0000000000
64049  42.756  -2.507  55.176 0.0000000000
63006  42.844  -3.097  55.411 0.0000000000
63005  43.254  -3.413  55.667 0.0000000000
65073  43.628  -1.244  57.042 0.0000000000
62988  44.271  -3.172  56.806 0.0000000000
62975  46.497  -2.724  56.939 0.0000000000
64013  47.652  -1.811  58.349 0.0000000000
64026  47.889  -2.041  57.586 0.0000000000
64012  48.885  -1.375  58.385 0.0000000000
65042  48.747  -1.177  60.017 0.0000000000
65041  50.274  -0.763  60.693 0.0000000000
65040  51.273  -0.800  60.104 0.0000000000
63988  51.298  -1.116  60.430 0.0000000000
129704  51.379  -1.415  60.333 0.0000000000
120289  49.660  -3.351  60.620 0.0000000000
61867  48.224  -4.207  60.768 0.0000000000
62917  49.497  -2.586  63.066 0.0000000000
61857  46.762  -4.712  61.837 0.0000000000
61868  46.725  -4.889  60.956 0.0000000000
114072  47.229  -4.729  60.421 0.0000000000
60758  45.285  -5.430  60.398 0.0000000000
60776  43.823  -5.793  59.886 0.0000000000
66031  46.129  -0.418  66.367 0.0000000000
127913  46.708  -0.490  65.893 0.0000000000
64964  46.602  -1.069  66.087 0.0000000000
63936  46.140  -2.804  65.219 0.0000000000
117956  45.460  -3.688  64.283 0.0000000000
62900  42.564  -3.541  64.772 0.0000000000
61850  43.147  -4.889  62.772 0.0000000000
113545  43.530  -4.457  63.281 0.0000000000
60747  44.370  -5.223  61.916 0.0000000000
60738  43.723  -5.162  62.243 0.0000000000
60762  41.912  -6.001  60.884 0.0000000000
60761  42.740  -5.822  60.799 0.0000000000
59711  41.799  -6.345  59.655 0.0000000000
59723  41.792  -6.542  58.791 0.0000000000
115758  39.474  -7.271  59.281 0.0000000000
58679  39.639  -7.364  58.389 0.0000000000
59676  39.734  -6.843  62.216 0.0000000000
59688  39.760  -6.844  61.448 0.0000000000
57597  38.204  -8.180  59.916 0.0000000000
57614  38.176  -8.156  58.940 0.0000000000
126942  41.771  -5.953  68.501 0.0000000000
59621  41.011  -6.808  67.451 0.0000000000
55240  39.285  -10.337  69.847 0.0000000000
56390  39.744  -9.766  70.526 0.0000000000
56400  40.242  -9.081  70.051 0.0000000000
54071  38.338  -11.218  68.318 0.0000000000
56419  39.553  -9.417  67.835 0.0000000000
55263  39.249  -10.005  68.211 0.0000000000
57495  40.088  -8.867  68.313 0.0000000000
57494  40.432  -8.221  67.990 0.0000000000
57511  40.292  -7.791  66.784 0.0000000000
128686  40.279  -7.408  66.289 0.0000000000
58587  40.120  -7.259  65.621 0.0000000000
57531  38.704  -8.820  64.311 0.0000000000
57543  38.559  -8.653  63.416 0.0000000000
54151  37.098  -11.183  64.086 0.0000000000
54171  36.706  -11.437  63.486 0.0000000000
55359  36.845  -10.694  62.507 0.0000000000
55375  37.195  -10.143  62.267 0.0000000000
116101  36.793  -10.345  61.613 0.0000000000
55376  36.171  -10.919  61.156 0.0000000000
53064  34.696  -12.344  60.322 0.0000000000
118190  33.497  -14.618  61.865 0.0000000000
48727  31.704  -17.145  60.796 0.0000000000
48736  32.082  -16.420  60.421 0.0000000000
113972  34.128  -15.324  66.165 0.0000000000
49726  33.372  -15.427  65.744 0.0000000000
47683  30.266  -17.705  64.229 0.0000000000
112367  30.546  -17.098  63.883 0.0000000000
126725  30.127  -14.271  73.354 0.0000000000
50747  29.337  -14.449  72.528 0.0000000000
50757  28.506  -14.751  71.307 0.0000000000
48578  26.391  -17.135  72.318 0.0000000000
50773  28.461  -14.746  70.426 0.0000000000
47627  26.796  -17.901  67.978 0.0000000000
116257  24.095  -15.557  68.751 0.0000000000
48671  24.548  -16.371  67.000 0.0000000000
48634  25.419  -17.397  68.662 0.0000000000
46700  25.214  -18.279  64.210 0.0000000000
47685  24.796  -17.679  64.667 0.0000000000
113457  25.383  -17.947  64.942 0.0000000000
120033  25.709  -17.946  67.566 0.0000000000
46668  26.051  -18.427  67.370 0.0000000000
45582  27.098  -19.356  67.031 0.0000000000
47644  27.450  -17.977  67.575 0.0000000000
112663  48.141  0.502  51.104 0.0000000000
62017  43.972  -3.666  51.121 0.0000000000
62016  44.547  -3.699  50.614 0.0000000000
62961  53.734  -1.820  57.635 0.0000000000
56277  20.022  -8.942  81.774 0.0000000000
56272  19.193  -9.876  82.389 0.0000000000
51783  32.871  -13.719  75.450 0.0000000000
112013  33.225  -13.846  73.236 0.0000000000
112197  32.253  -13.763  72.207 0.0000000000
51832  30.738  -13.941  72.381 0.0000000000
47559  21.415  -17.180  74.726 0.0000000000
45418  24.510  -19.455  80.854 0.0000000000
43153  26.232  -21.918  80.815 0.0000000000
41988  26.407  -22.414  81.074 0.0000000000
43145  25.937  -22.137  81.089 0.0000000000
55105  28.481  -10.260  79.033 0.0000000000
117046  28.964  -10.701  78.514 0.0000000000
52836  27.777  -12.435  78.450 0.0000000000
51743  27.642  -13.237  78.028 0.0000000000
51772  21.498  -13.249  76.428 0.0000000000
51787  21.623  -13.310  75.489 0.0000000000
49585  21.449  -15.183  74.996 0.0000000000
126694  21.428  -15.861  74.728 0.0000000000
112981  21.413  -16.495  74.830 0.0000000000
46543  15.803  -19.163  80.840 0.0000000000
64989  48.026  -1.848  63.887 0.0000000000
66080  47.415  -1.151  64.287 0.0000000000
66056  47.403  -1.025  64.850 0.0000000000
63921  47.381  -1.842  65.060 0.0000000000
61825  41.300  -4.196  65.625 0.0000000000
61826  40.905  -4.827  64.975 0.0000000000
119450  40.462  -5.859  63.834 0.0000000000
59650  40.197  -6.381  64.341 0.0000000000
59651  39.939  -7.070  64.795 0.0000000000
133838  36.303  -13.739  67.161 0.0000000000
50870  34.748  -14.690  64.615 0.0000000000
117083  25.291  -16.782  72.342 0.0000000000
48590  25.731  -17.354  72.189 0.0000000000
67294  46.855  0.055  53.083 0.0000000000
66239  45.095  -1.031  52.099 0.0000000000
65118  44.456  -1.759  51.600 0.0000000000
125764  21.271  -13.945  79.399 0.0000000000
50658  21.318  -14.314  80.148 0.0000000000
119102  21.680  -15.534  80.638 0.0000000000
48518  22.300  -16.788  81.020 0.0000000000
47518  22.600  -17.373  80.851 0.0000000000
58422  25.641  -7.348  79.003 0.0000000000
57405  25.474  -8.027  79.043 0.0000000000
56299  21.686  -9.588  79.767 0.0000000000
53945  21.653  -11.368  78.189 0.0000000000
52867  35.779  -12.696  75.485 0.0000000000
52865  36.677  -11.907  75.062 0.0000000000
54011  38.385  -11.202  73.147 0.0000000000
51856  35.428  -14.181  70.540 0.0000000000
122287  35.897  -14.206  69.872 0.0000000000
51870  35.941  -14.302  69.183 0.0000000000
50802  34.496  -14.777  68.370 0.0000000000
50789  32.746  -14.282  68.861 0.0000000000
50807  29.548  -14.448  68.741 0.0000000000
48637  21.952  -16.663  68.807 0.0000000000
48636  22.507  -16.149  68.290 0.0000000000
47648  21.838  -17.787  67.679 0.0000000000
61941  43.755  -4.024  54.982 0.0000000000
113905  43.776  -4.523  54.047 0.0000000000
61957  45.719  -4.339  54.757 0.0000000000
132255  24.929  -22.881  77.595 0.0000000000
51728  29.857  -12.590  78.600 0.0000000000
51739  30.092  -13.570  78.422 0.0000000000
51756  31.551  -13.973  77.885 0.0000000000
50699  30.504  -14.708  76.935 0.0000000000
115518  29.936  -15.031  76.506 0.0000000000
49569  29.260  -15.529  76.678 0.0000000000
49570  28.491  -15.911  76.884 0.0000000000
50702  26.892  -15.210  76.619 0.0000000000
49596  26.182  -15.779  75.041 0.0000000000
53958  24.519  -10.972  76.878 0.0000000000
52891  22.936  -12.860  73.819 0.0000000000
51817  23.384  -13.253  73.170 0.0000000000
50761  22.826  -14.433  71.414 0.0000000000
125267  21.389  -18.355  72.400 0.0000000000
123316  21.407  -18.834  71.938 0.0000000000
45529  21.525  -19.459  71.498 0.0000000000
44359  21.731  -20.136  70.976 0.0000000000
43256  22.064  -20.892  71.321 0.0000000000
115993  48.518  -4.195  59.538 0.0000000000
115135  45.493  -6.686  56.265 0.0000000000
59782  45.885  -7.292  55.666 0.0000000000
49505  20.796  -16.106  83.545 0.0000000000
48496  21.341  -16.586  83.132 0.0000000000
113769  21.564  -17.329  83.069 0.0000000000
125319  21.642  -18.086  82.983 0.0000000000
46515  17.523  -18.367  82.669 0.0000000000
45398  19.888  -18.899  81.975 0.0000000000
44238  21.405  -20.783  80.760 0.0000000000
43156  21.109  -21.100  80.060 0.0000000000
65079  43.256  -1.475  56.010 0.0000000000
64042  43.047  -2.443  55.983 0.0000000000
118977  43.779  -2.319  57.282 0.0000000000
65030  48.628  -1.239  60.964 0.0000000000
112411  50.763  -1.163  61.139 0.0000000000
133967  49.615  -3.017  62.036 0.0000000000
62919  47.540  -3.677  63.367 0.0000000000
61846  47.253  -4.246  62.695 0.0000000000
119473  44.073  -5.449  61.297 0.0000000000
63912  46.460  -1.608  66.033 0.0000000000
63924  45.551  -2.523  65.570 0.0000000000
118424  41.961  -4.433  63.692 0.0000000000
59695  41.457  -6.289  60.278 0.0000000000
59697  39.869  -6.824  60.670 0.0000000000
58646  38.762  -7.806  61.301 0.0000000000
59608  41.248  -7.068  68.203 0.0000000000
130771  38.793  -11.001  70.846 0.0000000000
56431  39.376  -9.274  66.957 0.0000000000
57519  39.469  -8.434  65.643 0.0000000000
56453  38.361  -9.565  64.698 0.0000000000
56454  37.894  -9.954  64.168 0.0000000000
53021  36.280  -12.003  63.330 0.0000000000
54186  36.000  -11.822  62.472 0.0000000000
54202  35.772  -11.618  61.623 0.0000000000
54223  35.596  -11.426  60.733 0.0000000000
53049  35.166  -12.149  61.134 0.0000000000
52006  34.123  -12.997  60.257 0.0000000000
50930  33.169  -14.331  59.900 0.0000000000
131951  32.699  -15.498  61.603 0.0000000000
49773  32.452  -15.894  61.924 0.0000000000
48726  31.866  -16.547  61.445 0.0000000000
49728  31.433  -15.676  65.036 0.0000000000
46698  30.014  -17.571  65.002 0.0000000000
49656  27.305  -16.159  69.705 0.0000000000
48652  23.306  -16.117  67.193 0.0000000000
49710  23.922  -15.994  67.115 0.0000000000
48684  24.479  -16.764  66.007 0.0000000000
133988  26.099  -19.276  64.368 0.0000000000
46699  25.855  -18.637  64.812 0.0000000000
60906  43.986  -5.061  52.458 0.0000000000
60929  43.764  -4.610  51.967 0.0000000000
61911  50.464  -3.909  57.440 0.0000000000
126962  20.843  -11.482  80.234 0.0000000000
51715  20.791  -13.283  81.698 0.0000000000
51705  20.998  -13.999  81.724 0.0000000000
57398  22.105  -7.540  80.141 0.0000000000
56284  21.643  -8.415  80.229 0.0000000000
111719  21.258  -10.128  80.028 0.0000000000
51753  34.017  -12.826  77.002 0.0000000000
51780  35.209  -13.172  75.184 0.0000000000
51793  36.260  -13.231  73.693 0.0000000000
133388  35.287  -14.042  72.279 0.0000000000
51858  33.664  -14.032  70.276 0.0000000000
113454  21.671  -19.911  68.872 0.0000000000
44387  22.044  -20.878  67.767 0.0000000000
123440  22.456  -22.514  67.966 0.0000000000
41043  22.515  -23.234  67.641 0.0000000000
45478  21.684  -19.219  74.674 0.0000000000
44306  22.409  -20.640  74.465 0.0000000000
125787  23.085  -21.260  74.993 0.0000000000
131635  23.450  -21.407  75.588 0.0000000000
45448  23.803  -19.740  78.982 0.0000000000
44261  24.932  -20.854  78.994 0.0000000000
44250  25.241  -20.592  79.927 0.0000000000
43177  25.632  -21.956  79.082 0.0000000000
41989  25.961  -22.726  81.072 0.0000000000
40863  25.977  -23.529  81.212 0.0000000000
53928  29.199  -11.372  78.898 0.0000000000
52823  29.432  -12.270  78.863 0.0000000000
51729  29.502  -13.278  78.741 0.0000000000
50674  29.164  -14.535  78.381 0.0000000000
50686  28.902  -15.187  78.027 0.0000000000
50688  27.348  -14.672  77.340 0.0000000000
53969  22.439  -11.326  76.682 0.0000000000
113217  22.875  -11.346  76.081 0.0000000000
132979  21.821  -12.753  75.379 0.0000000000
52885  21.978  -12.871  74.867 0.0000000000
48560  21.445  -16.254  74.115 0.0000000000
47573  21.411  -17.324  73.074 0.0000000000
129060  21.371  -18.004  72.897 0.0000000000
45499  21.408  -18.763  73.121 0.0000000000
60773  46.250  -5.319  59.159 0.0000000000
59738  45.173  -6.233  57.135 0.0000000000
45436  19.447  -19.795  79.824 0.0000000000
45450  19.095  -19.843  79.143 0.0000000000
125744  17.148  -19.559  79.123 0.0000000000
65004  49.835  -1.651  62.727 0.0000000000
63942  49.466  -2.102  63.299 0.0000000000
62905  48.567  -2.774  63.460 0.0000000000
63943  48.374  -2.251  63.874 0.0000000000
63926  43.640  -2.805  65.457 0.0000000000
63927  42.881  -2.820  65.758 0.0000000000
61832  41.884  -3.966  64.449 0.0000000000
60741  40.793  -5.861  62.367 0.0000000000
129292  40.157  -6.381  62.531 0.0000000000
57555  38.429  -8.521  62.524 0.0000000000
57482  41.217  -7.924  70.287 0.0000000000
54091  37.858  -11.636  67.720 0.0000000000
113161  37.365  -12.143  67.116 0.0000000000
55290  37.832  -11.333  66.777 0.0000000000
55305  37.802  -10.711  65.447 0.0000000000
53002  36.376  -12.316  64.123 0.0000000000
132819  34.211  -13.699  61.867 0.0000000000
120242  33.731  -14.859  62.783 0.0000000000
49761  32.073  -16.214  63.257 0.0000000000
49707  30.583  -15.192  66.238 0.0000000000
48669  29.413  -16.237  66.201 0.0000000000
46702  23.797  -18.417  64.215 0.0000000000
47686  24.077  -17.693  64.553 0.0000000000
46712  24.271  -18.917  63.681 0.0000000000
46711  24.992  -18.783  63.612 0.0000000000
45623  25.422  -19.480  63.479 0.0000000000
118476  25.821  -20.096  63.397 0.0000000000
45622  26.039  -19.659  63.813 0.0000000000
67313  47.579  0.300  51.737 0.0000000000
66224  46.376  -0.317  52.264 0.0000000000
67314  46.890  -0.009  51.519 0.0000000000
125605  46.306  -0.507  50.348 0.0000000000
65145  44.976  -2.124  49.970 0.0000000000
60902  47.489  -5.065  52.547 0.0000000000
49562  21.416  -15.484  76.792 0.0000000000
48543  21.436  -16.212  76.870 0.0000000000
48538  21.514  -16.573  77.662 0.0000000000
49553  21.428  -15.235  78.009 0.0000000000
47537  21.708  -17.246  78.271 0.0000000000
46553  22.810  -18.372  79.661 0.0000000000
46552  23.564  -18.894  80.168 0.0000000000
45419  24.132  -18.963  80.958 0.0000000000
44218  24.144  -19.642  82.004 0.0000000000
126649  26.859  -8.848  79.146 0.0000000000
55118  25.566  -10.191  78.643 0.0000000000
57407  23.399  -7.760  79.350 0.0000000000
52860  21.587  -12.533  76.770 0.0000000000
66004  45.487  -0.217  66.948 0.0000000000
64945  45.062  -0.714  66.931 0.0000000000
64967  43.881  -1.492  66.710 0.0000000000
64946  43.518  -0.858  67.567 0.0000000000
63904  42.012  -3.049  66.793 0.0000000000
61819  41.319  -4.285  66.504 0.0000000000
60695  41.130  -5.122  66.889 0.0000000000
55228  38.912  -10.859  71.833 0.0000000000
52898  36.751  -13.170  72.404 0.0000000000
52911  37.211  -12.837  70.754 0.0000000000
50834  34.794  -15.126  66.567 0.0000000000
132820  34.067  -14.996  67.720 0.0000000000
49658  23.478  -15.288  69.226 0.0000000000
48653  22.685  -16.366  67.445 0.0000000000
47664  22.965  -16.915  66.094 0.0000000000
129544  23.117  -17.495  65.448 0.0000000000
45584  21.795  -19.459  67.653 0.0000000000
45594  22.000  -19.180  66.907 0.0000000000
43335  22.490  -21.461  66.415 0.0000000000
45593  22.343  -19.340  66.081 0.0000000000
46703  23.167  -18.875  64.689 0.0000000000
65095  43.253  -1.945  53.201 0.0000000000
64073  42.846  -2.816  53.119 0.0000000000
61985  43.460  -4.492  52.733 0.0000000000
61969  43.804  -4.865  53.215 0.0000000000
113228  46.038  -5.426  53.092 0.0000000000
61956  46.641  -4.519  54.525 0.0000000000
43236  22.883  -21.970  73.253 0.0000000000
46581  21.586  -18.126  76.268 0.0000000000
129785  22.091  -19.420  76.078 0.0000000000
45460  23.438  -19.969  78.049 0.0000000000
43189  24.176  -21.314  77.106 0.0000000000
117492  24.099  -22.099  76.010 0.0000000000
52845  32.998  -12.385  78.020 0.0000000000
51754  33.212  -12.914  77.167 0.0000000000
51770  31.972  -13.889  77.068 0.0000000000
51784  32.241  -13.876  76.105 0.0000000000
112843  32.137  -13.916  75.271 0.0000000000
51799  30.995  -14.104  74.223 0.0000000000
50725  29.532  -14.786  74.455 0.0000000000
118866  27.934  -16.218  76.352 0.0000000000
49572  27.431  -15.985  76.494 0.0000000000
48568  26.085  -16.991  73.500 0.0000000000
50758  24.850  -15.726  71.958 0.0000000000
50774  24.031  -14.759  70.709 0.0000000000
52848  25.999  -12.025  76.945 0.0000000000
128293  25.502  -13.511  75.153 0.0000000000
53981  24.174  -11.565  75.643 0.0000000000
52869  24.577  -12.117  75.186 0.0000000000
50738  24.912  -14.197  73.177 0.0000000000
50749  24.685  -14.466  72.406 0.0000000000
47617  21.603  -17.371  69.420 0.0000000000
46649  21.510  -18.182  69.184 0.0000000000
48591  21.618  -16.340  71.565 0.0000000000
47588  21.452  -17.260  71.313 0.0000000000
128250  21.454  -18.635  69.705 0.0000000000
124022  21.502  -19.058  69.111 0.0000000000
124180  21.605  -19.724  69.506 0.0000000000
43266  22.030  -20.887  70.382 0.0000000000
43265  22.329  -21.904  70.102 0.0000000000
42125  22.430  -22.443  69.503 0.0000000000
64001  52.014  -1.604  59.302 0.0000000000
65049  53.042  -1.226  58.452 0.0000000000
62963  51.221  -2.714  58.903 0.0000000000
61912  49.129  -4.401  57.762 0.0000000000
60829  48.010  -5.681  56.381 0.0000000000
58710  43.163  -7.339  56.325 0.0000000000
58722  43.414  -7.805  55.794 0.0000000000
56286  18.967  -9.297  81.630 0.0000000000
53907  19.311  -11.459  82.339 0.0000000000
51706  20.431  -13.715  82.161 0.0000000000
51698  19.571  -13.276  83.046 0.0000000000
50646  20.814  -14.568  82.150 0.0000000000
48501  22.347  -16.669  82.570 0.0000000000
47499  22.771  -17.263  82.370 0.0000000000
46492  22.760  -17.425  82.816 0.0000000000
47498  23.104  -17.969  81.911 0.0000000000
128811  20.568  -17.140  83.471 0.0000000000
130262  21.456  -18.717  82.647 0.0000000000
45397  20.835  -19.055  82.302 0.0000000000
44219  23.250  -19.887  82.008 0.0000000000
44229  23.541  -20.491  81.430 0.0000000000
133365  23.506  -21.667  81.024 0.0000000000
43154  22.689  -21.649  80.564 0.0000000000
44252  20.380  -20.779  79.487 0.0000000000
64060  42.770  -2.231  53.932 0.0000000000
63013  42.721  -3.262  54.578 0.0000000000
63002  46.195  -3.258  56.208 0.0000000000
64025  48.843  -1.794  57.438 0.0000000000
65051  52.036  -0.683  58.990 0.0000000000
127146  45.642  -2.388  59.190 0.0000000000
61886  46.999  -4.948  59.555 0.0000000000
62929  48.622  -3.820  61.630 0.0000000000
60792  44.096  -5.890  59.111 0.0000000000
131952  46.543  0.070  65.262 0.0000000000
66030  47.009  -1.212  65.562 0.0000000000
128024  47.219  -1.884  65.265 0.0000000000
119559  47.011  -2.028  65.501 0.0000000000
63935  46.915  -2.568  65.130 0.0000000000
62907  46.155  -3.812  64.149 0.0000000000
62887  44.150  -3.177  64.947 0.0000000000
62898  44.599  -3.615  64.331 0.0000000000
62909  44.004  -4.000  63.778 0.0000000000
62908  44.888  -4.034  63.747 0.0000000000
61838  45.153  -4.432  63.270 0.0000000000
60748  43.305  -5.503  61.503 0.0000000000
60760  43.552  -5.675  60.673 0.0000000000
59712  40.957  -6.568  59.498 0.0000000000
58665  39.354  -7.249  60.148 0.0000000000
61805  41.678  -4.688  68.152 0.0000000000
57488  41.207  -7.744  69.558 0.0000000000
118402  38.701  -10.876  68.808 0.0000000000
55252  39.200  -10.296  68.959 0.0000000000
56410  40.194  -8.975  69.150 0.0000000000
58519  40.969  -7.868  69.078 0.0000000000
58536  40.888  -7.702  68.448 0.0000000000
57501  40.263  -8.160  67.299 0.0000000000
122404  40.764  -6.496  66.706 0.0000000000
118985  40.578  -6.230  66.012 0.0000000000
58600  39.521  -7.624  64.351 0.0000000000
57530  39.247  -8.315  64.771 0.0000000000
57556  37.890  -9.033  62.084 0.0000000000
55320  37.662  -10.529  64.614 0.0000000000
55339  36.986  -10.906  63.279 0.0000000000
56464  37.741  -9.813  63.381 0.0000000000
56477  37.588  -9.673  62.557 0.0000000000
56497  37.086  -9.674  60.928 0.0000000000
126732  33.836  -13.965  61.507 0.0000000000
50913  33.288  -14.439  60.905 0.0000000000
50931  32.754  -15.035  60.330 0.0000000000
49793  32.407  -15.713  59.972 0.0000000000
49744  33.449  -15.520  64.885 0.0000000000
49746  31.358  -16.071  64.380 0.0000000000
48704  31.275  -16.523  63.667 0.0000000000
51813  30.742  -14.074  73.280 0.0000000000
51833  29.993  -14.118  72.020 0.0000000000
49613  27.910  -15.400  71.876 0.0000000000
49672  28.168  -15.579  68.288 0.0000000000
49657  24.315  -15.568  69.429 0.0000000000
48635  24.755  -16.331  68.874 0.0000000000
47646  25.832  -17.921  68.311 0.0000000000
64086  43.866  -2.537  51.658 0.0000000000
62000  43.703  -4.095  51.621 0.0000000000
64100  43.924  -3.118  51.146 0.0000000000
64099  44.261  -2.574  50.932 0.0000000000
64115  44.689  -2.661  50.246 0.0000000000
64114  45.199  -2.611  49.446 0.0000000000
112565  46.311  -4.945  51.694 0.0000000000
64022  53.532  -1.703  56.825 0.0000000000
62982  53.601  -2.574  56.460 0.0000000000
44471  26.429  -20.566  63.758 0.0000000000
44472  25.813  -20.804  63.103 0.0000000000
46680  22.282  -18.590  66.279 0.0000000000
47491  20.898  -16.862  83.540 0.0000000000
51731  28.362  -12.586  78.658 0.0000000000
55087  18.614  -10.434  82.137 0.0000000000
57392  20.189  -8.747  81.255 0.0000000000
60883  45.163  -5.385  53.138 0.0000000000
62971  53.391  -2.217  56.492 0.0000000000
62972  54.039  -2.205  57.096 0.0000000000
63031  43.163  -3.380  52.507 0.0000000000
63923  46.436  -2.286  65.621 0.0000000000
64962  47.301  -1.394  65.124 0.0000000000
64963  47.211  -1.632  65.266 0.0000000000
65061  53.695  -1.429  57.447 0.0000000000
65071  53.062  -1.288  56.951 0.0000000000
120791  53.268  -0.947  57.599 0.0000000000
131443  26.488  -19.962  64.502 0.0000000000
