#!ascii label  , from subject sub-v1s5x0050754_ses-1 vox2ras=TkReg
1359
130868  -50.898  28.938  30.316 0.0000000000
103737  -46.956  42.627  16.899 0.0000000000
127812  -44.974  37.573  23.351 0.0000000000
93237  -48.232  24.699  12.501 0.0000000000
103243  -48.906  41.445  9.836 0.0000000000
98027  -47.095  33.394  10.478 0.0000000000
97421  -45.632  32.636  9.062 0.0000000000
141537  -41.814  30.448  15.340 0.0000000000
93091  -43.552  26.326  33.983 0.0000000000
95203  -46.554  29.786  32.547 0.0000000000
105999  -36.724  46.431  17.314 0.0000000000
105463  -40.829  45.958  12.758 0.0000000000
107658  -46.194  50.035  9.939 0.0000000000
96002  -47.941  31.222  22.845 0.0000000000
100039  -43.066  37.105  16.180 0.0000000000
96732  -48.920  31.306  16.595 0.0000000000
94598  -53.187  27.287  21.029 0.0000000000
95312  -46.038  29.379  20.699 0.0000000000
93891  -40.121  28.085  21.091 0.0000000000
93842  -49.022  27.345  27.772 0.0000000000
103257  -48.994  41.311  7.824 0.0000000000
100101  -49.471  36.235  8.111 0.0000000000
100088  -45.948  36.782  8.864 0.0000000000
98015  -43.248  33.788  11.367 0.0000000000
94467  -44.646  29.580  35.738 0.0000000000
94492  -43.156  28.895  32.658 0.0000000000
107599  -38.817  49.633  19.261 0.0000000000
106574  -43.445  47.872  11.616 0.0000000000
95985  -45.011  31.125  24.763 0.0000000000
98579  -47.008  35.291  22.607 0.0000000000
104824  -46.378  45.637  19.485 0.0000000000
128281  -45.206  39.971  16.633 0.0000000000
95395  -47.858  28.000  11.221 0.0000000000
96089  -46.527  30.778  13.178 0.0000000000
94642  -50.802  27.284  14.090 0.0000000000
96054  -51.758  30.144  17.641 0.0000000000
94624  -51.924  26.316  17.329 0.0000000000
95328  -48.982  28.711  20.761 0.0000000000
94621  -48.128  28.177  16.191 0.0000000000
119480  -41.297  31.691  18.835 0.0000000000
102658  -46.387  40.759  13.340 0.0000000000
101407  -48.052  39.134  14.065 0.0000000000
100768  -50.179  37.150  11.452 0.0000000000
97424  -49.594  32.177  8.275 0.0000000000
94687  -46.426  28.261  9.651 0.0000000000
119878  -44.927  28.122  13.908 0.0000000000
96098  -43.100  30.203  12.262 0.0000000000
97384  -40.754  31.618  13.564 0.0000000000
93048  -46.933  26.447  35.654 0.0000000000
95151  -48.396  29.433  35.871 0.0000000000
95887  -49.193  30.612  31.428 0.0000000000
105962  -39.325  45.983  21.051 0.0000000000
105993  -40.890  46.646  18.579 0.0000000000
104836  -42.560  45.553  17.424 0.0000000000
104304  -42.224  43.355  14.394 0.0000000000
104911  -44.953  44.203  11.812 0.0000000000
105508  -47.223  45.447  10.620 0.0000000000
134067  -48.072  45.606  7.376 0.0000000000
136711  -46.779  49.835  7.868 0.0000000000
95254  -44.230  29.982  28.870 0.0000000000
120543  -47.308  30.558  27.843 0.0000000000
95278  -49.314  29.780  26.151 0.0000000000
125124  -43.508  35.451  19.216 0.0000000000
98653  -45.077  34.971  13.208 0.0000000000
97980  -45.301  33.353  16.546 0.0000000000
98604  -47.047  34.599  20.083 0.0000000000
97941  -51.177  34.762  21.267 0.0000000000
96011  -50.338  30.258  21.931 0.0000000000
93867  -52.198  26.367  25.163 0.0000000000
92462  -49.999  24.859  23.581 0.0000000000
92490  -47.129  24.902  21.749 0.0000000000
92499  -44.915  24.746  19.828 0.0000000000
119022  -45.154  30.583  17.242 0.0000000000
95323  -43.179  29.002  20.502 0.0000000000
93205  -42.375  25.303  18.571 0.0000000000
94494  -50.654  29.281  32.575 0.0000000000
94505  -49.599  28.107  31.087 0.0000000000
93832  -49.256  27.760  29.545 0.0000000000
102698  -47.176  40.089  8.308 0.0000000000
101461  -47.495  38.565  8.062 0.0000000000
101448  -45.791  38.406  9.267 0.0000000000
100766  -44.293  36.824  9.945 0.0000000000
99272  -46.759  36.415  23.115 0.0000000000
104275  -47.752  43.191  17.712 0.0000000000
93947  -48.124  25.670  10.974 0.0000000000
94652  -48.897  27.570  12.830 0.0000000000
93941  -50.286  25.273  13.242 0.0000000000
94633  -52.029  26.576  15.589 0.0000000000
93220  -50.779  24.756  14.875 0.0000000000
94622  -49.113  27.733  16.553 0.0000000000
93922  -48.353  26.752  14.963 0.0000000000
102671  -46.839  40.947  11.534 0.0000000000
102068  -49.281  38.742  12.519 0.0000000000
101428  -50.339  38.524  11.738 0.0000000000
98696  -47.688  34.535  7.724 0.0000000000
124019  -49.810  34.486  8.411 0.0000000000
127823  -47.645  31.861  7.795 0.0000000000
96125  -47.815  29.686  8.246 0.0000000000
96117  -45.879  29.939  9.476 0.0000000000
95404  -44.416  29.443  11.182 0.0000000000
96781  -44.941  31.351  10.050 0.0000000000
98001  -41.929  32.773  13.141 0.0000000000
95187  -45.702  29.656  33.952 0.0000000000
94446  -46.460  29.358  36.150 0.0000000000
95188  -46.746  29.762  33.765 0.0000000000
95870  -48.895  30.287  33.773 0.0000000000
95886  -47.811  30.302  31.846 0.0000000000
107066  -36.767  48.241  18.556 0.0000000000
106520  -39.084  47.459  18.567 0.0000000000
106002  -39.589  46.441  17.857 0.0000000000
126919  -42.225  46.298  17.814 0.0000000000
105419  -39.360  45.025  16.669 0.0000000000
105451  -39.462  45.560  13.675 0.0000000000
104313  -40.929  44.025  14.213 0.0000000000
104880  -41.569  44.413  13.336 0.0000000000
104330  -43.968  43.336  12.696 0.0000000000
105466  -43.166  44.840  12.361 0.0000000000
107100  -44.804  48.918  11.405 0.0000000000
136301  -45.285  46.466  11.488 0.0000000000
106051  -46.798  47.409  10.590 0.0000000000
105522  -48.393  45.981  8.465 0.0000000000
106590  -47.799  48.181  8.109 0.0000000000
106068  -47.787  46.999  7.445 0.0000000000
107659  -47.060  49.771  8.709 0.0000000000
139771  -40.009  31.325  25.946 0.0000000000
95263  -39.877  29.965  27.879 0.0000000000
123941  -41.216  30.020  27.763 0.0000000000
95236  -42.785  29.568  29.232 0.0000000000
122685  -43.074  30.364  26.944 0.0000000000
96658  -46.305  31.608  23.549 0.0000000000
95975  -46.000  30.635  25.867 0.0000000000
95977  -47.404  30.568  25.619 0.0000000000
95944  -48.681  30.505  27.558 0.0000000000
95292  -48.766  29.906  25.160 0.0000000000
100709  -41.678  38.049  17.265 0.0000000000
100015  -41.745  36.842  19.001 0.0000000000
99312  -43.019  36.059  17.159 0.0000000000
100072  -46.899  36.433  11.705 0.0000000000
100733  -45.737  37.588  13.519 0.0000000000
99353  -45.801  35.107  12.089 0.0000000000
139402  -48.079  30.689  15.214 0.0000000000
96739  -46.166  32.072  14.990 0.0000000000
96731  -47.129  32.156  16.716 0.0000000000
97959  -46.121  33.378  18.205 0.0000000000
135112  -48.653  33.131  18.614 0.0000000000
97948  -49.052  34.713  20.098 0.0000000000
97345  -50.706  33.054  18.842 0.0000000000
95343  -52.666  28.406  19.309 0.0000000000
96688  -52.176  30.703  20.314 0.0000000000
95317  -53.122  28.353  21.355 0.0000000000
94569  -50.849  28.492  23.579 0.0000000000
93885  -53.028  26.572  22.602 0.0000000000
93159  -52.162  25.600  24.532 0.0000000000
94577  -52.215  26.558  22.276 0.0000000000
95327  -47.716  29.260  20.453 0.0000000000
93881  -47.482  27.461  21.946 0.0000000000
119637  -46.642  27.706  21.679 0.0000000000
92501  -46.079  24.851  20.628 0.0000000000
93892  -45.115  26.753  21.103 0.0000000000
95363  -43.655  29.241  14.449 0.0000000000
95365  -45.301  29.286  15.234 0.0000000000
118825  -44.006  30.380  15.814 0.0000000000
96019  -41.237  30.273  20.342 0.0000000000
96032  -42.510  30.678  19.821 0.0000000000
94592  -41.930  28.516  20.506 0.0000000000
133064  -42.892  26.492  19.889 0.0000000000
93198  -41.435  26.535  19.700 0.0000000000
92515  -40.861  25.135  18.140 0.0000000000
94429  -50.221  28.097  36.434 0.0000000000
93850  -47.383  26.849  26.774 0.0000000000
102692  -49.526  41.491  9.011 0.0000000000
101450  -50.301  38.713  9.897 0.0000000000
101463  -49.302  38.923  8.024 0.0000000000
122401  -47.434  36.178  7.923 0.0000000000
98694  -45.781  34.518  8.767 0.0000000000
97413  -44.743  32.871  9.806 0.0000000000
99374  -44.527  35.172  9.612 0.0000000000
93788  -44.151  27.567  35.354 0.0000000000
94443  -43.287  29.400  35.874 0.0000000000
95201  -44.884  29.406  33.097 0.0000000000
107055  -35.170  48.923  18.857 0.0000000000
106568  -41.814  47.145  12.088 0.0000000000
108242  -44.189  51.296  10.899 0.0000000000
108252  -45.058  51.510  10.070 0.0000000000
135800  -43.251  31.107  25.106 0.0000000000
97291  -45.323  32.722  23.309 0.0000000000
97301  -47.147  33.097  22.305 0.0000000000
101389  -43.744  38.263  15.667 0.0000000000
96783  -47.489  31.330  10.090 0.0000000000
96772  -45.956  32.053  12.024 0.0000000000
95394  -47.242  29.487  12.515 0.0000000000
95375  -47.919  29.799  13.988 0.0000000000
96072  -49.867  30.169  15.674 0.0000000000
129587  -50.705  31.559  17.526 0.0000000000
95358  -51.704  29.003  16.085 0.0000000000
124476  -52.355  27.332  17.145 0.0000000000
95342  -52.537  27.714  19.227 0.0000000000
95329  -51.882  27.617  20.208 0.0000000000
95350  -50.007  28.296  18.141 0.0000000000
95349  -48.531  28.921  17.760 0.0000000000
96046  -47.158  29.840  18.257 0.0000000000
142827  -42.354  31.349  16.662 0.0000000000
100671  -42.447  37.671  22.413 0.0000000000
103203  -46.741  41.328  15.169 0.0000000000
102037  -48.587  40.807  16.197 0.0000000000
102047  -49.432  40.250  14.814 0.0000000000
100745  -48.388  38.182  12.668 0.0000000000
98675  -48.196  34.681  10.268 0.0000000000
100089  -50.411  36.636  9.817 0.0000000000
98686  -49.760  33.774  9.261 0.0000000000
97415  -48.692  32.348  9.379 0.0000000000
96119  -48.414  29.195  8.716 0.0000000000
94680  -47.873  27.793  9.562 0.0000000000
93247  -46.515  25.641  11.396 0.0000000000
93929  -46.118  26.613  13.327 0.0000000000
93945  -44.764  26.820  11.817 0.0000000000
94668  -43.451  28.343  12.369 0.0000000000
95382  -41.984  29.347  13.506 0.0000000000
129420  -43.437  32.382  11.667 0.0000000000
96754  -41.791  30.900  13.014 0.0000000000
93768  -45.329  28.425  36.066 0.0000000000
119094  -46.797  28.907  36.386 0.0000000000
93755  -49.054  28.275  36.718 0.0000000000
95152  -49.451  29.376  35.552 0.0000000000
124249  -50.400  30.054  33.130 0.0000000000
137634  -50.690  30.009  31.210 0.0000000000
105384  -39.798  45.488  20.523 0.0000000000
105967  -39.791  46.461  20.026 0.0000000000
104813  -41.659  45.484  20.254 0.0000000000
105979  -43.483  46.393  19.474 0.0000000000
105410  -45.186  46.571  18.585 0.0000000000
104852  -44.175  44.302  17.309 0.0000000000
105417  -37.633  45.471  16.224 0.0000000000
104848  -39.821  44.476  16.094 0.0000000000
104285  -42.070  43.756  16.037 0.0000000000
142542  -43.823  42.623  15.529 0.0000000000
103765  -44.342  42.144  13.526 0.0000000000
103777  -45.144  42.181  12.402 0.0000000000
103790  -46.705  42.781  10.944 0.0000000000
138342  -44.360  46.324  11.668 0.0000000000
104912  -45.806  44.324  11.385 0.0000000000
103796  -47.839  42.987  10.257 0.0000000000
104358  -48.912  43.646  8.676 0.0000000000
104371  -48.341  43.560  7.789 0.0000000000
132193  -46.606  45.189  8.065 0.0000000000
106064  -46.721  46.925  7.836 0.0000000000
108261  -46.284  51.606  8.337 0.0000000000
140357  -43.488  29.213  30.781 0.0000000000
95221  -44.707  29.636  30.459 0.0000000000
95961  -44.789  30.533  26.494 0.0000000000
95923  -45.764  30.412  28.442 0.0000000000
95896  -46.769  30.380  30.099 0.0000000000
95908  -48.045  30.602  29.393 0.0000000000
95927  -49.540  30.528  28.707 0.0000000000
95269  -51.048  29.113  28.284 0.0000000000
99285  -43.535  36.020  20.702 0.0000000000
101397  -46.456  39.033  14.835 0.0000000000
101396  -45.043  38.358  14.841 0.0000000000
99327  -43.929  36.027  15.043 0.0000000000
97387  -45.457  32.841  13.359 0.0000000000
97994  -44.915  33.903  14.188 0.0000000000
98636  -43.943  34.979  16.021 0.0000000000
138360  -44.278  34.448  17.533 0.0000000000
124964  -44.870  34.589  19.309 0.0000000000
122392  -46.245  35.711  21.472 0.0000000000
98596  -48.023  35.894  21.963 0.0000000000
98587  -49.577  35.644  21.810 0.0000000000
97310  -49.072  33.100  21.574 0.0000000000
136763  -51.845  33.095  20.030 0.0000000000
97312  -51.556  33.315  21.089 0.0000000000
96010  -49.287  30.943  22.004 0.0000000000
136759  -49.720  29.148  24.262 0.0000000000
94557  -51.256  28.015  25.817 0.0000000000
93844  -51.087  27.824  27.661 0.0000000000
93133  -51.222  26.627  26.463 0.0000000000
93147  -49.354  25.968  25.412 0.0000000000
93146  -48.085  25.970  25.148 0.0000000000
94576  -49.859  27.378  22.099 0.0000000000
92476  -48.216  24.725  22.693 0.0000000000
139545  -46.289  26.024  24.682 0.0000000000
93167  -45.570  25.508  23.233 0.0000000000
141565  -44.777  25.149  22.283 0.0000000000
94639  -46.362  27.620  14.318 0.0000000000
95366  -46.474  29.258  16.089 0.0000000000
96044  -45.637  30.519  18.482 0.0000000000
96715  -43.222  31.409  17.754 0.0000000000
96034  -44.446  30.605  19.526 0.0000000000
95324  -44.712  29.389  20.592 0.0000000000
93901  -44.153  27.204  20.765 0.0000000000
92511  -43.724  24.703  19.087 0.0000000000
94520  -50.541  28.724  31.083 0.0000000000
94506  -50.186  28.490  31.837 0.0000000000
139058  -50.205  28.365  30.510 0.0000000000
94519  -49.325  27.916  30.315 0.0000000000
94533  -50.309  28.249  29.773 0.0000000000
102691  -46.752  40.916  8.552 0.0000000000
133357  -46.207  39.356  9.027 0.0000000000
133474  -45.623  39.980  9.561 0.0000000000
99975  -46.343  37.065  23.763 0.0000000000
99995  -46.290  36.629  22.923 0.0000000000
103738  -48.013  42.524  17.552 0.0000000000
103746  -47.712  42.308  17.237 0.0000000000
93249  -48.013  24.930  11.678 0.0000000000
93948  -48.842  25.011  11.786 0.0000000000
92548  -49.601  24.651  12.994 0.0000000000
93228  -50.482  24.700  14.174 0.0000000000
93227  -49.656  24.636  13.725 0.0000000000
93932  -49.057  25.348  14.297 0.0000000000
93226  -48.600  24.876  13.326 0.0000000000
103236  -47.703  40.677  10.922 0.0000000000
134036  -48.153  39.954  11.497 0.0000000000
102088  -49.442  39.584  10.885 0.0000000000
98042  -47.144  32.993  8.020 0.0000000000
98043  -47.897  32.751  7.567 0.0000000000
97422  -46.679  31.872  8.380 0.0000000000
96792  -47.594  30.696  8.007 0.0000000000
96791  -46.245  31.394  8.780 0.0000000000
96116  -45.099  30.558  10.130 0.0000000000
96790  -45.261  31.900  9.590 0.0000000000
93068  -44.291  26.676  34.445 0.0000000000
141662  -46.173  29.668  33.225 0.0000000000
95204  -47.421  30.007  32.808 0.0000000000
139718  -47.161  29.995  32.178 0.0000000000
105989  -37.318  46.914  17.961 0.0000000000
105990  -38.351  46.958  18.091 0.0000000000
106001  -38.646  46.352  17.716 0.0000000000
133515  -39.964  45.802  17.436 0.0000000000
105406  -38.010  45.653  17.060 0.0000000000
106032  -39.862  47.258  12.806 0.0000000000
126827  -39.053  46.297  13.496 0.0000000000
106029  -39.893  46.320  13.114 0.0000000000
105452  -41.070  44.971  13.212 0.0000000000
105464  -41.509  45.471  12.708 0.0000000000
104894  -41.914  44.831  12.828 0.0000000000
105465  -42.171  45.569  12.442 0.0000000000
107101  -45.799  49.007  10.900 0.0000000000
106579  -46.304  48.206  10.756 0.0000000000
106581  -47.688  47.480  9.325 0.0000000000
107103  -46.769  49.098  9.777 0.0000000000
107104  -47.417  49.020  8.340 0.0000000000
97273  -40.544  32.169  25.127 0.0000000000
95970  -41.225  31.242  25.633 0.0000000000
120664  -40.479  30.659  26.703 0.0000000000
95958  -41.266  30.693  26.391 0.0000000000
95940  -42.417  30.261  27.243 0.0000000000
96659  -47.173  31.477  23.125 0.0000000000
95976  -46.601  30.704  25.325 0.0000000000
120538  -47.192  30.751  24.751 0.0000000000
95988  -47.993  30.454  24.973 0.0000000000
124728  -47.789  30.690  24.133 0.0000000000
138116  -42.476  37.740  16.643 0.0000000000
100025  -42.452  36.541  17.682 0.0000000000
100032  -42.644  36.812  16.878 0.0000000000
98674  -46.951  34.431  10.810 0.0000000000
99354  -46.593  35.415  11.434 0.0000000000
98017  -46.338  33.549  11.208 0.0000000000
96740  -48.299  31.074  15.948 0.0000000000
120648  -47.359  31.613  16.006 0.0000000000
120129  -48.059  31.645  16.688 0.0000000000
96717  -47.941  32.209  17.398 0.0000000000
97359  -48.766  32.491  17.984 0.0000000000
97344  -49.630  33.051  18.667 0.0000000000
97360  -49.969  32.154  17.921 0.0000000000
95337  -53.167  27.799  20.243 0.0000000000
95330  -53.256  28.283  20.936 0.0000000000
135379  -53.289  27.680  21.145 0.0000000000
95316  -53.055  28.031  22.067 0.0000000000
94587  -52.838  27.080  22.154 0.0000000000
121064  -53.130  26.911  21.500 0.0000000000
95326  -46.781  29.639  20.213 0.0000000000
95313  -46.884  29.053  20.981 0.0000000000
94583  -46.095  28.437  21.357 0.0000000000
93893  -45.976  27.066  21.514 0.0000000000
94582  -45.317  27.959  21.296 0.0000000000
96078  -42.226  29.682  14.500 0.0000000000
96068  -43.190  29.947  15.014 0.0000000000
96067  -42.368  30.310  15.221 0.0000000000
94591  -40.463  28.983  21.006 0.0000000000
95321  -41.578  29.448  20.490 0.0000000000
93898  -40.979  28.224  20.734 0.0000000000
93899  -41.860  27.380  20.353 0.0000000000
142418  -40.899  27.435  20.539 0.0000000000
93197  -40.424  26.494  19.819 0.0000000000
93190  -40.241  27.069  20.550 0.0000000000
93793  -50.245  28.616  35.184 0.0000000000
93837  -47.985  27.392  28.453 0.0000000000
93841  -47.663  27.143  27.627 0.0000000000
103259  -49.463  41.205  8.439 0.0000000000
102107  -49.541  39.774  8.274 0.0000000000
102106  -48.977  39.661  7.700 0.0000000000
100792  -47.091  37.732  8.221 0.0000000000
100099  -46.759  36.902  8.342 0.0000000000
99386  -47.052  35.367  8.057 0.0000000000
99385  -46.085  35.311  8.621 0.0000000000
99375  -45.268  35.245  9.139 0.0000000000
100087  -45.596  36.036  9.002 0.0000000000
129080  -44.040  35.858  10.008 0.0000000000
94442  -42.488  29.290  35.976 0.0000000000
94480  -44.208  29.597  34.089 0.0000000000
94493  -43.970  29.150  32.863 0.0000000000
107597  -35.624  49.531  19.198 0.0000000000
108241  -43.360  51.013  11.553 0.0000000000
108251  -43.817  51.517  10.608 0.0000000000
108259  -42.706  51.369  10.016 0.0000000000
98578  -46.150  34.769  22.868 0.0000000000
97923  -45.633  33.676  22.946 0.0000000000
97924  -46.312  34.095  22.621 0.0000000000
97300  -46.212  33.119  22.715 0.0000000000
97925  -46.936  34.137  22.344 0.0000000000
104823  -44.852  45.700  20.121 0.0000000000
102034  -44.187  39.128  15.925 0.0000000000
95406  -47.479  28.985  11.158 0.0000000000
96108  -47.179  29.953  10.903 0.0000000000
94641  -49.491  28.238  13.709 0.0000000000
95385  -48.353  28.863  13.429 0.0000000000
95376  -48.931  29.287  14.291 0.0000000000
95377  -50.268  28.701  14.550 0.0000000000
95369  -50.945  29.340  15.429 0.0000000000
94632  -51.451  27.671  14.937 0.0000000000
93925  -51.870  25.630  15.921 0.0000000000
136016  -52.284  26.585  16.520 0.0000000000
93912  -52.196  26.520  17.345 0.0000000000
94618  -52.396  27.151  17.812 0.0000000000
94617  -52.193  26.787  17.844 0.0000000000
95341  -51.688  27.533  18.681 0.0000000000
94616  -50.945  27.286  17.735 0.0000000000
94615  -49.411  28.127  17.326 0.0000000000
95357  -48.058  28.713  16.919 0.0000000000
119141  -47.957  29.419  18.302 0.0000000000
95348  -47.501  29.407  17.602 0.0000000000
103212  -45.730  41.209  13.831 0.0000000000
102646  -47.410  40.899  14.732 0.0000000000
102647  -48.196  40.436  14.207 0.0000000000
100760  -49.865  37.698  12.058 0.0000000000
100746  -49.377  38.359  12.423 0.0000000000
100074  -49.216  36.997  11.508 0.0000000000
100080  -48.401  36.227  11.005 0.0000000000
100081  -49.669  36.384  10.833 0.0000000000
100102  -49.798  37.110  8.554 0.0000000000
140723  -50.632  37.947  10.166 0.0000000000
127100  -50.096  36.199  8.955 0.0000000000
98708  -49.598  32.944  7.946 0.0000000000
98687  -49.963  33.645  8.860 0.0000000000
98035  -49.730  32.894  8.818 0.0000000000
98034  -49.324  32.996  9.257 0.0000000000
97423  -49.337  31.940  8.602 0.0000000000
132195  -48.726  31.323  9.147 0.0000000000
96793  -49.031  30.669  8.380 0.0000000000
95423  -46.713  28.974  9.071 0.0000000000
94688  -47.764  28.228  8.933 0.0000000000
94679  -47.263  27.533  9.608 0.0000000000
93958  -47.022  26.098  10.609 0.0000000000
93966  -46.571  26.883  10.356 0.0000000000
93957  -45.876  26.358  11.210 0.0000000000
93956  -45.341  27.237  11.046 0.0000000000
95403  -43.541  29.300  11.926 0.0000000000
136446  -44.057  28.581  11.622 0.0000000000
95383  -42.642  28.713  13.035 0.0000000000
98026  -44.289  33.720  10.074 0.0000000000
97412  -44.179  32.986  10.531 0.0000000000
127365  -43.639  33.040  11.225 0.0000000000
127730  -41.173  32.585  13.596 0.0000000000
97386  -42.275  31.987  12.852 0.0000000000
93767  -44.508  28.493  35.995 0.0000000000
93789  -44.897  27.433  35.274 0.0000000000
94445  -44.979  29.211  36.087 0.0000000000
95150  -47.296  29.570  35.728 0.0000000000
94447  -47.436  29.178  36.293 0.0000000000
93770  -47.911  28.610  36.523 0.0000000000
119828  -48.299  28.945  36.445 0.0000000000
94448  -49.084  28.909  36.280 0.0000000000
95173  -49.135  29.801  35.098 0.0000000000
95878  -49.265  30.472  32.863 0.0000000000
95191  -49.863  30.270  33.659 0.0000000000
95879  -50.083  30.420  32.555 0.0000000000
95889  -50.369  30.270  31.792 0.0000000000
122988  -50.108  30.474  30.935 0.0000000000
105961  -39.300  45.963  21.460 0.0000000000
134913  -38.998  45.549  20.781 0.0000000000
105966  -39.579  45.942  20.715 0.0000000000
107059  -39.081  49.336  19.581 0.0000000000
107058  -38.820  48.736  19.006 0.0000000000
106521  -39.556  47.059  18.663 0.0000000000
106508  -39.573  47.136  19.282 0.0000000000
105976  -40.171  46.739  19.184 0.0000000000
130624  -40.441  46.124  20.072 0.0000000000
105978  -42.065  45.978  19.895 0.0000000000
105394  -42.968  45.645  20.202 0.0000000000
105994  -42.022  46.538  18.944 0.0000000000
105409  -43.673  46.497  18.168 0.0000000000
104837  -43.992  45.763  17.733 0.0000000000
104838  -45.755  45.593  18.103 0.0000000000
104851  -42.795  44.447  16.930 0.0000000000
104847  -38.986  44.689  15.739 0.0000000000
104858  -38.969  44.795  14.942 0.0000000000
104303  -41.509  43.666  14.569 0.0000000000
104294  -41.483  43.648  15.281 0.0000000000
104295  -42.093  43.410  15.183 0.0000000000
127752  -42.759  43.291  15.777 0.0000000000
103745  -42.961  42.908  15.201 0.0000000000
103755  -43.809  42.436  15.060 0.0000000000
103754  -42.997  42.860  14.304 0.0000000000
104896  -44.205  44.082  12.236 0.0000000000
103776  -44.505  42.609  12.731 0.0000000000
103788  -45.043  42.892  12.108 0.0000000000
103789  -45.705  42.667  11.643 0.0000000000
104341  -45.368  43.521  11.703 0.0000000000
106573  -42.581  47.555  11.777 0.0000000000
106041  -43.452  46.264  11.840 0.0000000000
130948  -43.955  47.070  11.647 0.0000000000
106043  -46.551  45.894  11.034 0.0000000000
130706  -45.723  45.789  11.369 0.0000000000
104913  -46.893  44.454  10.813 0.0000000000
104349  -47.232  43.633  10.613 0.0000000000
143730  -47.653  44.214  10.370 0.0000000000
131019  -48.752  43.236  9.459 0.0000000000
104926  -48.108  44.836  9.999 0.0000000000
105528  -48.156  46.176  7.417 0.0000000000
104940  -48.589  44.083  8.023 0.0000000000
104949  -48.079  44.600  7.571 0.0000000000
103811  -47.785  42.748  7.855 0.0000000000
104370  -47.544  43.723  7.831 0.0000000000
133044  -47.739  45.430  7.474 0.0000000000
106597  -47.424  47.853  7.697 0.0000000000
107111  -47.083  48.923  7.753 0.0000000000
106589  -46.166  47.740  8.192 0.0000000000
142315  -46.474  49.241  7.901 0.0000000000
108260  -45.637  52.143  9.041 0.0000000000
94532  -41.155  28.969  29.972 0.0000000000
95253  -43.365  29.881  28.680 0.0000000000
95219  -42.970  29.316  30.095 0.0000000000
95220  -43.895  29.490  30.237 0.0000000000
95209  -44.175  29.323  31.054 0.0000000000
95238  -44.469  29.802  29.655 0.0000000000
140178  -43.866  31.496  24.572 0.0000000000
95973  -44.066  30.712  25.785 0.0000000000
95974  -45.065  30.764  25.584 0.0000000000
119374  -46.196  30.551  26.701 0.0000000000
95942  -45.482  30.482  27.069 0.0000000000
120735  -46.301  30.519  27.638 0.0000000000
95895  -46.122  30.358  29.356 0.0000000000
95924  -46.772  30.529  28.530 0.0000000000
95897  -47.730  30.561  30.076 0.0000000000
95925  -47.831  30.575  28.618 0.0000000000
95267  -49.514  30.106  27.158 0.0000000000
95926  -48.703  30.605  28.298 0.0000000000
95945  -49.583  30.395  27.944 0.0000000000
95255  -50.421  29.985  28.422 0.0000000000
95268  -50.455  29.657  27.731 0.0000000000
100010  -42.416  36.312  19.370 0.0000000000
123423  -42.908  36.621  21.300 0.0000000000
102046  -49.097  40.271  15.438 0.0000000000
102045  -48.034  40.007  15.931 0.0000000000
101398  -48.325  39.570  15.024 0.0000000000
100050  -45.318  36.502  13.199 0.0000000000
100725  -45.411  37.997  14.203 0.0000000000
100049  -44.713  36.055  13.784 0.0000000000
100044  -44.349  36.429  14.436 0.0000000000
99328  -44.408  35.459  14.389 0.0000000000
134915  -46.192  31.263  12.619 0.0000000000
97394  -45.674  32.819  12.444 0.0000000000
96756  -46.056  31.532  13.238 0.0000000000
97375  -46.211  32.311  15.626 0.0000000000
97995  -45.182  33.276  14.697 0.0000000000
97988  -45.131  33.387  15.639 0.0000000000
98637  -44.375  34.477  15.489 0.0000000000
97979  -44.778  33.796  16.354 0.0000000000
98628  -43.934  34.763  16.932 0.0000000000
120423  -44.932  33.726  17.004 0.0000000000
97946  -46.293  33.917  19.168 0.0000000000
97958  -45.311  33.957  18.523 0.0000000000
98603  -45.606  34.335  19.419 0.0000000000
98594  -45.576  34.965  20.302 0.0000000000
123106  -46.225  34.575  19.971 0.0000000000
98595  -46.987  35.465  21.193 0.0000000000
138157  -48.004  35.449  21.154 0.0000000000
97949  -50.189  34.744  20.295 0.0000000000
98597  -49.557  35.688  21.824 0.0000000000
97932  -50.310  35.395  21.642 0.0000000000
97931  -49.149  34.809  21.951 0.0000000000
97933  -51.081  34.634  21.441 0.0000000000
96720  -51.243  31.425  17.776 0.0000000000
96703  -51.335  32.097  18.545 0.0000000000
96704  -51.643  31.181  18.454 0.0000000000
96025  -52.219  30.005  21.168 0.0000000000
96687  -51.778  31.600  20.752 0.0000000000
96677  -51.401  31.648  21.166 0.0000000000
96676  -50.145  31.275  21.501 0.0000000000
96004  -49.677  30.104  22.492 0.0000000000
95305  -49.111  30.035  23.180 0.0000000000
95306  -50.332  29.220  22.994 0.0000000000
94564  -52.098  27.110  25.336 0.0000000000
94563  -51.207  27.985  24.519 0.0000000000
94549  -51.193  28.224  26.779 0.0000000000
94558  -51.873  27.252  26.207 0.0000000000
93853  -51.207  27.284  27.077 0.0000000000
93861  -51.847  26.834  26.316 0.0000000000
135491  -51.455  25.101  23.976 0.0000000000
93158  -50.805  25.391  24.735 0.0000000000
93157  -49.100  25.210  24.379 0.0000000000
123197  -49.919  28.585  20.293 0.0000000000
94585  -49.463  28.042  21.537 0.0000000000
121750  -47.909  26.079  22.257 0.0000000000
93182  -47.769  24.817  22.158 0.0000000000
92460  -47.634  24.862  23.275 0.0000000000
93168  -46.561  25.352  23.404 0.0000000000
93155  -45.491  26.033  24.367 0.0000000000
92474  -46.511  24.790  22.050 0.0000000000
92500  -45.430  24.784  20.271 0.0000000000
92488  -45.483  24.614  21.056 0.0000000000
133620  -45.072  24.582  20.416 0.0000000000
92487  -44.285  24.919  21.654 0.0000000000
119132  -44.317  24.555  20.293 0.0000000000
94650  -45.046  27.148  13.161 0.0000000000
93930  -46.940  26.691  13.884 0.0000000000
142996  -45.619  27.658  13.896 0.0000000000
96069  -44.849  29.946  15.742 0.0000000000
95354  -45.696  29.624  16.002 0.0000000000
96059  -45.418  30.168  16.577 0.0000000000
96052  -46.034  30.328  17.872 0.0000000000
143627  -45.522  30.535  17.770 0.0000000000
96700  -41.766  31.721  18.195 0.0000000000
96701  -42.644  31.472  18.429 0.0000000000
96021  -42.843  29.928  20.256 0.0000000000
96033  -43.466  30.485  19.854 0.0000000000
139745  -43.523  29.755  20.323 0.0000000000
96022  -44.186  29.999  20.245 0.0000000000
121408  -43.972  29.150  20.547 0.0000000000
94595  -44.551  28.278  20.934 0.0000000000
122177  -43.299  27.883  20.591 0.0000000000
93199  -42.654  25.876  19.229 0.0000000000
93200  -43.534  25.310  19.165 0.0000000000
93206  -43.165  24.907  18.653 0.0000000000
92510  -43.335  24.393  19.162 0.0000000000
94481  -50.437  28.771  33.489 0.0000000000
93808  -49.895  28.229  32.679 0.0000000000
93813  -48.977  27.703  31.878 0.0000000000
131591  -47.963  41.115  7.813 0.0000000000
102105  -47.983  39.436  7.782 0.0000000000
102098  -47.024  39.188  8.380 0.0000000000
101449  -46.571  38.479  8.647 0.0000000000
100777  -46.150  37.596  8.835 0.0000000000
100775  -45.221  36.857  9.390 0.0000000000
100776  -45.459  37.642  9.391 0.0000000000
98571  -46.045  35.593  23.329 0.0000000000
123918  -46.841  35.959  23.133 0.0000000000
104839  -48.018  44.608  18.932 0.0000000000
103730  -47.867  42.698  18.153 0.0000000000
102619  -46.848  41.007  17.512 0.0000000000
94659  -48.242  26.782  10.866 0.0000000000
94660  -48.684  26.495  11.809 0.0000000000
93940  -49.474  25.825  12.445 0.0000000000
94653  -49.992  26.773  13.283 0.0000000000
135856  -50.917  25.923  13.850 0.0000000000
93221  -51.333  24.857  14.946 0.0000000000
93924  -51.199  25.250  15.565 0.0000000000
94623  -50.566  26.957  16.971 0.0000000000
93916  -50.241  26.417  16.147 0.0000000000
94631  -48.821  27.246  15.785 0.0000000000
94630  -47.698  27.895  15.534 0.0000000000
103223  -46.141  41.139  12.280 0.0000000000
102659  -47.271  40.262  12.867 0.0000000000
102672  -47.606  40.069  11.989 0.0000000000
102077  -49.863  38.844  11.868 0.0000000000
100761  -50.419  37.868  11.846 0.0000000000
99387  -48.160  35.385  7.644 0.0000000000
99388  -49.277  35.377  7.850 0.0000000000
98697  -48.993  34.374  7.624 0.0000000000
98049  -48.779  32.662  7.525 0.0000000000
97431  -48.730  31.762  7.616 0.0000000000
96127  -48.894  30.364  8.117 0.0000000000
96801  -48.664  30.773  7.808 0.0000000000
96124  -46.775  29.736  8.755 0.0000000000
95405  -45.084  28.355  10.817 0.0000000000
95415  -45.404  29.442  10.160 0.0000000000
96107  -44.609  30.259  10.802 0.0000000000
131679  -43.937  30.348  11.522 0.0000000000
97401  -43.093  33.032  11.882 0.0000000000
93070  -46.063  26.428  35.115 0.0000000000
95170  -45.215  29.713  35.253 0.0000000000
94468  -45.533  29.496  35.938 0.0000000000
95171  -46.285  29.692  35.335 0.0000000000
118840  -47.283  29.780  34.735 0.0000000000
95172  -48.317  29.868  34.803 0.0000000000
95189  -47.841  30.035  33.791 0.0000000000
95877  -48.324  30.313  32.864 0.0000000000
142307  -48.508  30.516  31.549 0.0000000000
106502  -39.028  46.720  20.823 0.0000000000
107057  -37.807  48.869  18.806 0.0000000000
106507  -39.011  48.060  18.867 0.0000000000
106519  -38.149  47.579  18.349 0.0000000000
105991  -39.212  46.914  18.225 0.0000000000
105992  -39.993  46.787  18.327 0.0000000000
106004  -41.641  46.565  18.027 0.0000000000
106003  -40.546  46.504  17.944 0.0000000000
105408  -41.042  46.085  17.636 0.0000000000
104835  -41.375  45.307  17.192 0.0000000000
106028  -38.335  46.326  13.809 0.0000000000
104868  -39.688  44.668  14.454 0.0000000000
104879  -40.393  44.578  13.871 0.0000000000
124562  -41.103  44.334  13.672 0.0000000000
104314  -41.670  43.879  13.828 0.0000000000
104329  -43.268  43.156  13.334 0.0000000000
104328  -42.740  43.821  13.070 0.0000000000
104895  -43.361  44.012  12.607 0.0000000000
105467  -43.806  44.631  12.212 0.0000000000
106575  -44.386  47.989  11.558 0.0000000000
131923  -44.848  47.196  11.544 0.0000000000
106576  -45.316  48.088  11.376 0.0000000000
127744  -45.787  47.304  11.274 0.0000000000
106052  -47.311  46.493  10.386 0.0000000000
105509  -48.084  45.812  9.732 0.0000000000
106053  -48.127  46.704  8.999 0.0000000000
106069  -48.047  46.888  7.436 0.0000000000
105527  -48.009  46.278  7.284 0.0000000000
106598  -47.831  47.586  7.755 0.0000000000
107112  -47.458  48.509  7.936 0.0000000000
107670  -46.960  49.645  7.934 0.0000000000
97282  -40.522  32.818  24.796 0.0000000000
96634  -39.891  31.851  25.562 0.0000000000
96625  -39.350  31.443  26.098 0.0000000000
95937  -40.035  30.374  27.253 0.0000000000
95235  -41.346  29.383  29.114 0.0000000000
95251  -41.646  29.743  28.427 0.0000000000
95266  -43.030  30.147  27.854 0.0000000000
95921  -43.970  30.185  28.107 0.0000000000
96648  -45.474  31.449  24.165 0.0000000000
95986  -45.759  30.903  24.992 0.0000000000
120229  -46.808  30.552  26.185 0.0000000000
120481  -47.017  30.545  27.034 0.0000000000
95943  -47.853  30.539  27.277 0.0000000000
95963  -47.634  30.524  26.476 0.0000000000
95978  -48.251  30.374  25.860 0.0000000000
100024  -41.836  36.997  18.175 0.0000000000
100016  -42.391  36.375  18.510 0.0000000000
99307  -42.953  35.855  18.016 0.0000000000
100744  -47.124  37.758  12.694 0.0000000000
100734  -46.821  38.183  13.336 0.0000000000
100059  -46.503  36.863  12.281 0.0000000000
100058  -45.821  36.442  12.581 0.0000000000
130160  -45.415  34.877  12.628 0.0000000000
96080  -47.500  30.636  14.525 0.0000000000
122698  -46.222  31.525  13.842 0.0000000000
96748  -46.959  31.247  14.749 0.0000000000
138175  -46.725  32.045  16.015 0.0000000000
96730  -46.338  32.479  16.377 0.0000000000
97356  -45.862  32.928  16.838 0.0000000000
97357  -46.515  32.630  17.124 0.0000000000
131937  -46.992  33.382  18.640 0.0000000000
97960  -48.081  33.720  19.133 0.0000000000
134981  -48.005  34.629  20.073 0.0000000000
97961  -49.308  33.852  19.314 0.0000000000
97963  -51.173  33.799  19.705 0.0000000000
96047  -52.124  29.868  18.712 0.0000000000
96696  -52.037  30.737  19.467 0.0000000000
96038  -52.819  29.191  20.127 0.0000000000
96026  -52.592  29.650  20.825 0.0000000000
96012  -51.937  29.412  21.820 0.0000000000
95315  -51.211  29.172  22.388 0.0000000000
95300  -52.524  27.639  22.643 0.0000000000
94570  -52.617  26.989  23.304 0.0000000000
125341  -52.448  26.466  24.231 0.0000000000
131761  -52.591  25.829  24.117 0.0000000000
93874  -52.788  26.011  23.277 0.0000000000
93873  -52.028  25.486  23.197 0.0000000000
93184  -50.423  25.443  22.911 0.0000000000
95334  -48.649  29.180  19.920 0.0000000000
94584  -48.240  27.947  21.805 0.0000000000
95314  -47.924  28.666  21.246 0.0000000000
93894  -46.889  26.602  21.796 0.0000000000
92489  -46.576  24.809  21.145 0.0000000000
93180  -46.491  25.378  21.192 0.0000000000
125005  -45.956  25.741  21.002 0.0000000000
93192  -45.801  25.112  20.406 0.0000000000
94638  -44.200  28.622  14.077 0.0000000000
143245  -44.944  28.835  14.562 0.0000000000
95374  -44.532  29.347  14.885 0.0000000000
95364  -44.069  29.796  15.213 0.0000000000
119889  -44.661  30.527  16.534 0.0000000000
96031  -41.658  30.856  19.905 0.0000000000
96694  -42.027  31.335  19.204 0.0000000000
96020  -42.033  30.102  20.231 0.0000000000
95322  -42.350  29.264  20.433 0.0000000000
94593  -42.641  28.488  20.498 0.0000000000
121487  -42.665  27.578  20.434 0.0000000000
92516  -42.026  24.723  17.996 0.0000000000
93204  -41.293  25.755  18.787 0.0000000000
92507  -40.001  25.985  19.278 0.0000000000
93044  -50.690  27.038  37.484 0.0000000000
102685  -49.820  39.753  10.160 0.0000000000
102099  -49.924  39.711  9.356 0.0000000000
101464  -49.866  39.064  8.776 0.0000000000
100794  -49.093  37.975  7.861 0.0000000000
101462  -48.523  38.732  7.720 0.0000000000
100793  -48.139  37.850  7.747 0.0000000000
100100  -48.512  36.242  7.674 0.0000000000
98695  -46.667  34.559  8.250 0.0000000000
98033  -45.620  33.678  8.908 0.0000000000
98032  -44.896  33.666  9.475 0.0000000000
98683  -44.388  34.438  9.789 0.0000000000
98673  -43.863  34.420  10.314 0.0000000000
100086  -44.790  35.992  9.498 0.0000000000
99364  -43.915  35.085  10.104 0.0000000000
93067  -43.324  27.183  34.857 0.0000000000
93766  -43.623  28.509  35.990 0.0000000000
94444  -44.158  29.312  35.968 0.0000000000
95149  -42.721  29.654  35.561 0.0000000000
95168  -43.302  29.707  35.493 0.0000000000
95169  -44.404  29.782  35.123 0.0000000000
124958  -44.889  29.674  34.312 0.0000000000
95202  -45.713  29.583  32.738 0.0000000000
107598  -37.165  49.599  19.102 0.0000000000
107056  -36.291  48.888  18.897 0.0000000000
107065  -35.592  48.305  18.514 0.0000000000
106518  -35.957  47.643  18.159 0.0000000000
133178  -41.171  46.779  12.379 0.0000000000
133959  -43.818  48.980  11.585 0.0000000000
107646  -43.264  50.344  11.847 0.0000000000
107647  -44.332  49.903  11.494 0.0000000000
107657  -44.979  50.661  10.758 0.0000000000
108827  -44.683  52.005  9.756 0.0000000000
97917  -44.954  33.440  23.316 0.0000000000
96656  -44.849  32.044  23.822 0.0000000000
97292  -45.979  32.278  23.173 0.0000000000
96664  -46.676  32.191  22.816 0.0000000000
96665  -47.613  32.048  22.376 0.0000000000
101383  -43.131  38.683  16.202 0.0000000000
100715  -43.160  37.820  16.047 0.0000000000
97405  -46.699  32.601  10.738 0.0000000000
96773  -46.460  31.844  11.171 0.0000000000
96099  -46.688  30.283  12.142 0.0000000000
94651  -48.040  28.218  12.363 0.0000000000
95384  -47.620  29.400  13.203 0.0000000000
96090  -47.188  30.239  13.581 0.0000000000
96081  -48.440  30.112  14.781 0.0000000000
96071  -48.920  30.419  15.514 0.0000000000
96060  -49.402  30.769  16.164 0.0000000000
96719  -49.957  31.252  16.911 0.0000000000
96061  -50.465  30.404  16.192 0.0000000000
139267  -51.212  29.945  16.172 0.0000000000
96062  -51.710  29.605  16.709 0.0000000000
94634  -51.939  27.894  15.729 0.0000000000
95359  -52.106  28.531  16.707 0.0000000000
95351  -52.244  28.413  17.568 0.0000000000
135479  -52.288  28.873  18.330 0.0000000000
95336  -53.063  27.373  20.179 0.0000000000
123315  -51.879  27.594  19.378 0.0000000000
95335  -49.941  28.684  19.584 0.0000000000
133703  -48.545  29.308  19.027 0.0000000000
141724  -47.586  29.712  18.805 0.0000000000
137090  -46.658  30.010  19.573 0.0000000000
96727  -42.261  30.933  15.995 0.0000000000
96726  -40.615  31.121  16.185 0.0000000000
96713  -41.279  31.745  17.151 0.0000000000
121040  -41.144  31.384  19.494 0.0000000000
96030  -40.860  30.985  20.108 0.0000000000
96018  -40.470  30.444  20.565 0.0000000000
94581  -39.682  29.090  21.399 0.0000000000
103202  -46.250  41.653  15.575 0.0000000000
103191  -48.149  41.935  16.482 0.0000000000
102637  -48.453  41.408  16.030 0.0000000000
102638  -48.886  40.644  15.497 0.0000000000
102056  -49.492  39.858  14.750 0.0000000000
102067  -48.920  39.305  13.561 0.0000000000
101408  -49.106  39.450  13.993 0.0000000000
101419  -48.006  38.651  13.295 0.0000000000
100758  -47.507  37.305  12.090 0.0000000000
99355  -47.399  36.077  11.260 0.0000000000
124419  -47.714  33.947  10.238 0.0000000000
102089  -50.234  38.996  10.705 0.0000000000
100769  -50.585  37.326  10.904 0.0000000000
100082  -50.230  36.449  10.629 0.0000000000
99389  -49.940  35.410  8.696 0.0000000000
99377  -50.178  35.770  9.715 0.0000000000
99367  -49.897  35.600  10.141 0.0000000000
98676  -49.504  34.713  9.802 0.0000000000
98685  -48.808  33.884  9.785 0.0000000000
97414  -47.631  32.410  9.950 0.0000000000
96118  -47.907  29.926  9.733 0.0000000000
95416  -48.156  28.726  9.596 0.0000000000
95433  -48.338  29.366  8.507 0.0000000000
95417  -48.088  28.395  8.958 0.0000000000
94670  -47.971  26.964  10.086 0.0000000000
93959  -47.897  26.242  10.546 0.0000000000
93257  -47.489  25.504  11.062 0.0000000000
93236  -47.187  24.988  12.108 0.0000000000
93939  -47.265  25.374  13.017 0.0000000000
93235  -46.358  25.479  11.938 0.0000000000
93938  -45.586  26.240  12.419 0.0000000000
93937  -44.669  26.857  12.356 0.0000000000
94669  -44.270  27.655  11.728 0.0000000000
94658  -43.997  27.512  12.357 0.0000000000
94649  -44.039  27.701  13.131 0.0000000000
94648  -43.331  28.545  13.498 0.0000000000
120840  -42.582  29.132  13.940 0.0000000000
139762  -41.779  29.386  13.991 0.0000000000
97403  -44.549  32.115  10.323 0.0000000000
97402  -43.972  32.214  11.094 0.0000000000
96770  -43.515  31.402  11.789 0.0000000000
97393  -42.964  32.163  12.286 0.0000000000
96761  -42.674  31.115  12.564 0.0000000000
93790  -45.745  27.316  35.383 0.0000000000
138694  -46.500  27.141  35.574 0.0000000000
123250  -45.847  29.107  36.278 0.0000000000
93769  -46.235  28.247  36.188 0.0000000000
120287  -47.344  27.700  36.250 0.0000000000
93049  -48.641  27.661  36.759 0.0000000000
93043  -49.817  27.421  37.239 0.0000000000
94428  -49.637  28.342  36.534 0.0000000000
94449  -49.840  28.775  36.015 0.0000000000
95153  -50.089  29.178  35.273 0.0000000000
95190  -49.323  30.090  34.422 0.0000000000
95174  -49.897  29.823  34.627 0.0000000000
138130  -50.239  29.945  33.898 0.0000000000
140983  -50.542  30.069  32.379 0.0000000000
95213  -50.733  29.701  31.779 0.0000000000
135829  -50.957  29.263  29.940 0.0000000000
106505  -39.347  46.801  20.208 0.0000000000
133651  -39.301  47.476  19.370 0.0000000000
133971  -40.011  45.797  20.446 0.0000000000
105385  -40.612  45.521  20.369 0.0000000000
104812  -41.097  45.256  20.408 0.0000000000
104821  -42.119  45.331  20.367 0.0000000000
105395  -44.357  46.044  20.032 0.0000000000
105396  -45.563  46.303  19.543 0.0000000000
106005  -42.982  46.576  18.359 0.0000000000
105402  -44.542  46.797  18.774 0.0000000000
105397  -46.815  46.016  19.049 0.0000000000
135703  -47.600  44.830  18.491 0.0000000000
104274  -45.860  44.099  17.638 0.0000000000
104286  -44.996  43.355  17.010 0.0000000000
105405  -37.151  45.874  16.807 0.0000000000
105418  -38.458  45.147  16.420 0.0000000000
104849  -40.729  44.472  16.412 0.0000000000
104860  -40.364  44.142  15.499 0.0000000000
104284  -41.127  43.933  15.831 0.0000000000
104850  -41.682  44.472  16.636 0.0000000000
122146  -43.274  43.600  16.485 0.0000000000
103736  -44.009  42.855  16.100 0.0000000000
103189  -45.234  42.268  16.033 0.0000000000
103201  -44.975  41.893  15.267 0.0000000000
103211  -45.001  41.612  14.355 0.0000000000
103775  -43.931  42.690  13.242 0.0000000000
103221  -44.874  41.740  13.246 0.0000000000
103222  -45.497  41.404  12.831 0.0000000000
103234  -45.650  41.839  12.064 0.0000000000
103235  -46.302  41.893  11.455 0.0000000000
103242  -47.445  41.885  10.616 0.0000000000
106035  -42.536  46.433  12.066 0.0000000000
105485  -43.843  45.424  11.958 0.0000000000
105486  -44.470  44.820  11.889 0.0000000000
140966  -44.818  45.632  11.653 0.0000000000
104342  -46.246  43.571  11.204 0.0000000000
103797  -48.721  42.517  9.675 0.0000000000
103805  -49.136  42.887  8.765 0.0000000000
103258  -49.141  42.192  8.375 0.0000000000
104927  -48.674  44.492  8.800 0.0000000000
104359  -48.804  43.186  8.173 0.0000000000
127746  -48.474  42.014  7.844 0.0000000000
103256  -47.344  41.769  8.174 0.0000000000
105526  -47.271  46.147  7.584 0.0000000000
108253  -45.942  51.164  9.478 0.0000000000
107669  -46.685  50.568  8.521 0.0000000000
107680  -46.559  50.730  7.941 0.0000000000
120205  -42.693  28.732  31.790 0.0000000000
94517  -42.080  28.963  30.421 0.0000000000
94518  -42.827  28.948  30.963 0.0000000000
94504  -43.561  29.003  31.691 0.0000000000
95210  -44.458  29.236  31.989 0.0000000000
119018  -44.964  29.514  31.307 0.0000000000
95211  -45.864  29.709  31.670 0.0000000000
125295  -43.181  30.639  26.079 0.0000000000
95960  -43.916  30.474  26.709 0.0000000000
95941  -44.601  30.380  27.422 0.0000000000
95962  -45.521  30.567  26.349 0.0000000000
135307  -45.410  30.425  27.775 0.0000000000
95922  -44.852  30.282  28.284 0.0000000000
95239  -45.309  29.978  29.891 0.0000000000
140217  -46.000  30.150  30.166 0.0000000000
95223  -46.365  30.077  30.839 0.0000000000
95885  -47.284  30.347  30.884 0.0000000000
119173  -48.336  30.570  30.898 0.0000000000
95898  -48.713  30.669  29.954 0.0000000000
127368  -48.058  30.557  27.924 0.0000000000
95909  -48.702  30.635  29.067 0.0000000000
95899  -49.565  30.596  30.187 0.0000000000
95911  -50.249  30.370  29.957 0.0000000000
95240  -50.785  29.688  29.639 0.0000000000
94534  -51.049  28.946  29.479 0.0000000000
140531  -42.620  37.055  21.760 0.0000000000
99994  -43.762  36.559  21.694 0.0000000000
118974  -44.478  36.742  22.261 0.0000000000
102628  -48.464  41.479  16.910 0.0000000000
102044  -45.971  39.295  15.462 0.0000000000
101406  -46.631  38.624  14.065 0.0000000000
102035  -45.550  39.567  16.066 0.0000000000
100717  -44.167  37.795  15.147 0.0000000000
100723  -43.941  36.906  15.032 0.0000000000
100040  -43.527  36.578  15.639 0.0000000000
97404  -46.062  32.764  11.607 0.0000000000
98009  -45.382  33.661  12.846 0.0000000000
98002  -45.081  34.190  13.429 0.0000000000
97380  -45.532  32.679  14.199 0.0000000000
124445  -45.243  33.241  14.003 0.0000000000
98649  -44.756  34.729  13.925 0.0000000000
98643  -44.514  34.584  14.702 0.0000000000
99321  -44.121  35.196  15.221 0.0000000000
99320  -43.654  35.752  15.777 0.0000000000
99313  -43.503  35.523  16.605 0.0000000000
98620  -43.882  34.830  17.744 0.0000000000
99301  -43.584  35.231  18.416 0.0000000000
97971  -45.460  33.465  17.460 0.0000000000
139404  -44.369  34.547  18.349 0.0000000000
98613  -44.091  35.024  19.201 0.0000000000
124422  -44.294  35.610  20.593 0.0000000000
99278  -44.772  36.179  21.661 0.0000000000
118927  -45.876  36.065  21.853 0.0000000000
99279  -46.827  36.214  22.486 0.0000000000
99273  -47.166  36.106  22.752 0.0000000000
98585  -47.587  35.865  22.294 0.0000000000
98605  -48.904  35.436  21.088 0.0000000000
98586  -48.432  35.584  22.075 0.0000000000
98580  -47.581  35.216  22.368 0.0000000000
97930  -47.793  34.349  22.085 0.0000000000
97309  -48.074  33.204  21.881 0.0000000000
96674  -48.382  32.276  21.851 0.0000000000
97346  -51.418  33.023  19.271 0.0000000000
97329  -51.543  33.946  20.471 0.0000000000
97330  -51.866  32.046  20.144 0.0000000000
97320  -51.747  33.254  20.709 0.0000000000
138010  -51.460  34.178  21.089 0.0000000000
97311  -50.439  32.863  21.365 0.0000000000
96675  -49.160  31.909  21.610 0.0000000000
96003  -48.721  30.751  22.653 0.0000000000
95299  -48.729  30.009  24.154 0.0000000000
140783  -49.152  29.577  24.665 0.0000000000
95293  -49.778  29.038  25.183 0.0000000000
95287  -50.403  28.916  26.150 0.0000000000
95280  -51.062  28.675  27.594 0.0000000000
94542  -51.108  28.357  27.965 0.0000000000
94539  -50.731  28.419  29.071 0.0000000000
93839  -50.759  28.016  28.469 0.0000000000
93843  -50.467  27.548  27.831 0.0000000000
93852  -50.194  27.025  27.152 0.0000000000
93149  -51.822  26.104  25.558 0.0000000000
93132  -49.697  26.533  26.349 0.0000000000
93851  -48.637  26.955  26.960 0.0000000000
93131  -48.308  26.506  26.096 0.0000000000
121674  -47.205  26.484  25.882 0.0000000000
94586  -52.007  26.983  21.764 0.0000000000
93883  -50.183  26.619  22.485 0.0000000000
93882  -48.633  27.149  22.270 0.0000000000
122346  -49.078  26.191  22.532 0.0000000000
92477  -49.073  24.733  22.962 0.0000000000
93156  -47.880  25.355  24.195 0.0000000000
132108  -47.087  26.024  24.963 0.0000000000
93145  -46.306  26.437  25.662 0.0000000000
93144  -45.469  26.357  25.427 0.0000000000
92473  -45.592  24.914  22.136 0.0000000000
93166  -44.724  25.593  23.218 0.0000000000
93931  -47.848  26.058  14.040 0.0000000000
94640  -47.263  27.346  14.688 0.0000000000
94628  -45.694  28.498  14.673 0.0000000000
94629  -46.671  28.437  15.294 0.0000000000
95367  -47.295  28.715  16.164 0.0000000000
95356  -46.986  29.351  16.852 0.0000000000
96045  -46.441  30.207  18.360 0.0000000000
96036  -46.163  30.281  19.133 0.0000000000
96728  -43.021  31.260  16.779 0.0000000000
96695  -42.989  31.111  19.253 0.0000000000
96702  -43.488  31.264  18.590 0.0000000000
96051  -44.903  30.870  18.050 0.0000000000
143987  -44.963  30.769  18.850 0.0000000000
96023  -45.018  30.124  20.099 0.0000000000
95325  -45.400  29.628  20.473 0.0000000000
93191  -44.963  25.344  20.016 0.0000000000
93900  -43.730  26.293  20.087 0.0000000000
93201  -44.317  24.941  19.432 0.0000000000
135477  -44.309  24.772  19.557 0.0000000000
92461  -48.629  24.760  23.402 0.0000000000
92475  -47.396  24.799  22.421 0.0000000000
92536  -49.855  24.625  13.425 0.0000000000
92542  -48.976  24.713  12.423 0.0000000000
92543  -49.226  24.571  13.013 0.0000000000
93148  -50.655  26.079  25.759 0.0000000000
93169  -49.784  24.834  23.080 0.0000000000
93170  -50.989  25.111  23.436 0.0000000000
93171  -52.276  25.471  23.770 0.0000000000
93181  -47.154  25.041  21.586 0.0000000000
93183  -48.804  24.851  22.706 0.0000000000
93193  -46.291  24.983  20.680 0.0000000000
93219  -50.098  24.752  14.458 0.0000000000
93238  -50.139  24.725  13.419 0.0000000000
93239  -50.946  24.959  14.065 0.0000000000
93248  -47.077  25.160  11.614 0.0000000000
93250  -49.580  24.807  12.680 0.0000000000
93756  -50.088  27.753  37.014 0.0000000000
93833  -50.148  27.924  29.121 0.0000000000
93884  -52.211  26.041  22.710 0.0000000000
93917  -51.659  25.907  16.519 0.0000000000
93918  -52.171  25.981  16.857 0.0000000000
93923  -49.801  25.683  15.242 0.0000000000
93933  -51.596  25.870  14.767 0.0000000000
93946  -45.535  26.144  11.860 0.0000000000
93967  -47.648  26.929  10.089 0.0000000000
94450  -50.179  28.491  35.794 0.0000000000
94466  -43.893  29.660  35.621 0.0000000000
94482  -50.521  29.547  33.512 0.0000000000
94507  -50.729  29.077  31.668 0.0000000000
94521  -50.824  29.345  31.083 0.0000000000
94540  -51.036  28.762  28.691 0.0000000000
94550  -51.307  27.704  27.083 0.0000000000
94594  -43.793  28.340  20.676 0.0000000000
94596  -45.295  28.897  20.951 0.0000000000
94597  -51.311  27.710  21.068 0.0000000000
94599  -53.224  27.344  21.427 0.0000000000
94604  -53.229  27.496  20.841 0.0000000000
94609  -51.578  27.304  18.262 0.0000000000
94610  -52.384  27.506  18.074 0.0000000000
94611  -52.422  27.702  18.446 0.0000000000
94657  -43.398  28.126  12.815 0.0000000000
94678  -46.104  27.631  10.228 0.0000000000
95212  -46.837  30.022  31.634 0.0000000000
95222  -45.523  29.820  30.699 0.0000000000
95224  -50.779  29.745  30.440 0.0000000000
95237  -43.614  29.665  29.457 0.0000000000
95252  -42.517  29.814  28.517 0.0000000000
95256  -50.886  29.445  28.932 0.0000000000
95265  -42.079  30.040  27.827 0.0000000000
95279  -50.421  29.305  26.961 0.0000000000
95311  -39.985  29.857  21.069 0.0000000000
95320  -40.807  29.636  20.684 0.0000000000
95333  -47.521  29.670  19.543 0.0000000000
95340  -48.867  29.007  18.404 0.0000000000
95347  -46.585  29.918  17.560 0.0000000000
95355  -46.163  29.800  16.735 0.0000000000
95368  -49.560  29.715  15.059 0.0000000000
95392  -42.138  29.301  13.104 0.0000000000
95407  -48.079  27.827  9.702 0.0000000000
95424  -47.805  28.924  8.537 0.0000000000
95425  -48.165  28.765  8.684 0.0000000000
95888  -49.904  30.535  31.775 0.0000000000
95906  -45.116  30.177  29.079 0.0000000000
95907  -47.222  30.533  29.328 0.0000000000
95910  -49.521  30.587  29.488 0.0000000000
95928  -50.326  30.225  29.163 0.0000000000
95938  -40.845  30.334  27.150 0.0000000000
95939  -41.668  30.296  27.129 0.0000000000
95957  -39.784  30.892  26.574 0.0000000000
95964  -48.522  30.400  26.750 0.0000000000
95987  -46.397  31.058  24.439 0.0000000000
95994  -47.058  31.081  23.881 0.0000000000
95995  -48.280  30.640  23.407 0.0000000000
96024  -45.926  30.044  19.994 0.0000000000
96035  -45.365  30.447  19.376 0.0000000000
96037  -46.953  30.080  18.941 0.0000000000
96042  -43.759  30.980  19.240 0.0000000000
96043  -44.296  31.036  18.731 0.0000000000
96053  -51.090  30.757  16.853 0.0000000000
96057  -43.159  30.710  15.894 0.0000000000
96070  -47.467  31.180  15.284 0.0000000000
96079  -46.754  31.014  14.076 0.0000000000
96126  -48.679  29.930  8.368 0.0000000000
96133  -48.545  29.987  8.103 0.0000000000
96626  -40.542  31.040  26.117 0.0000000000
96635  -40.572  31.577  25.556 0.0000000000
96647  -44.575  31.524  24.382 0.0000000000
96657  -45.560  31.987  23.575 0.0000000000
96666  -48.456  31.497  22.201 0.0000000000
96718  -48.903  31.798  17.266 0.0000000000
96747  -45.937  32.089  14.380 0.0000000000
96755  -45.781  32.087  13.646 0.0000000000
96762  -45.796  32.023  12.810 0.0000000000
96763  -46.392  31.167  11.757 0.0000000000
96771  -44.360  31.215  10.842 0.0000000000
96782  -45.774  30.800  9.343 0.0000000000
96784  -48.749  30.181  8.891 0.0000000000
96794  -49.278  31.322  8.044 0.0000000000
97272  -39.800  32.517  25.165 0.0000000000
97281  -39.798  33.203  24.809 0.0000000000
97342  -46.735  32.882  17.883 0.0000000000
97343  -47.714  32.821  18.176 0.0000000000
97347  -51.625  32.150  19.283 0.0000000000
97358  -47.192  32.519  17.463 0.0000000000
97361  -50.966  32.259  18.262 0.0000000000
97368  -45.726  32.847  16.010 0.0000000000
97374  -45.664  32.652  15.075 0.0000000000
97385  -41.508  31.809  13.278 0.0000000000
97425  -49.726  32.887  8.401 0.0000000000
97432  -49.586  32.351  7.999 0.0000000000
97437  -49.358  32.006  7.828 0.0000000000
97940  -50.678  35.185  21.527 0.0000000000
97947  -47.231  33.961  19.366 0.0000000000
97950  -51.059  34.550  20.490 0.0000000000
97962  -50.448  33.905  19.499 0.0000000000
97970  -44.774  34.010  17.652 0.0000000000
97972  -46.092  33.019  17.494 0.0000000000
97987  -44.747  33.896  15.069 0.0000000000
98003  -45.206  33.558  13.567 0.0000000000
98008  -42.531  32.898  12.552 0.0000000000
98016  -45.772  33.589  11.996 0.0000000000
98025  -43.753  33.752  10.684 0.0000000000
98028  -48.056  33.201  9.805 0.0000000000
98041  -46.427  33.751  8.399 0.0000000000
98050  -49.353  32.643  7.750 0.0000000000
98588  -50.206  35.458  21.693 0.0000000000
98602  -44.574  35.140  20.019 0.0000000000
98606  -49.868  35.385  21.185 0.0000000000
98607  -50.744  35.196  21.296 0.0000000000
98621  -44.481  34.152  16.961 0.0000000000
98629  -44.344  34.340  16.239 0.0000000000
98654  -45.287  34.395  12.881 0.0000000000
98664  -45.586  34.329  12.337 0.0000000000
98665  -46.089  34.406  11.625 0.0000000000
98684  -45.034  34.465  9.285 0.0000000000
98698  -49.697  33.587  8.140 0.0000000000
98706  -48.240  33.592  7.530 0.0000000000
98707  -49.172  33.326  7.652 0.0000000000
99264  -46.474  36.537  23.399 0.0000000000
99286  -45.120  35.523  20.934 0.0000000000
99287  -47.248  36.057  22.179 0.0000000000
99288  -47.589  36.026  22.027 0.0000000000
99300  -42.982  35.812  18.873 0.0000000000
99308  -43.462  35.358  17.481 0.0000000000
99335  -44.777  35.369  13.717 0.0000000000
99336  -45.037  35.691  13.309 0.0000000000
99342  -45.455  35.642  12.696 0.0000000000
99365  -47.647  35.416  10.811 0.0000000000
99366  -48.946  35.525  10.436 0.0000000000
99376  -50.043  34.706  9.352 0.0000000000
99987  -43.526  37.395  22.598 0.0000000000
100033  -43.205  36.307  16.349 0.0000000000
100071  -46.088  35.986  12.072 0.0000000000
100073  -47.915  36.814  11.518 0.0000000000
100098  -46.439  36.103  8.465 0.0000000000
100702  -42.028  37.264  17.416 0.0000000000
100716  -43.562  37.401  15.594 0.0000000000
100724  -44.542  37.376  14.549 0.0000000000
100732  -44.903  36.970  13.898 0.0000000000
100743  -46.111  37.235  12.866 0.0000000000
100759  -48.773  37.602  12.081 0.0000000000
100778  -50.431  37.399  9.647 0.0000000000
100795  -49.930  38.160  8.846 0.0000000000
101390  -44.621  38.691  15.420 0.0000000000
101420  -48.853  38.886  13.203 0.0000000000
101427  -49.955  38.231  12.229 0.0000000000
101435  -50.633  38.213  11.134 0.0000000000
102027  -42.916  39.520  16.546 0.0000000000
102036  -48.088  40.637  16.598 0.0000000000
102057  -49.374  39.941  14.282 0.0000000000
102076  -48.977  39.395  11.682 0.0000000000
102648  -48.912  40.224  13.990 0.0000000000
102660  -48.526  39.839  13.259 0.0000000000
102683  -48.660  40.220  10.718 0.0000000000
102684  -49.463  40.545  9.847 0.0000000000
102693  -49.710  40.663  9.175 0.0000000000
102699  -48.509  40.395  7.725 0.0000000000
102700  -49.246  40.556  7.949 0.0000000000
102701  -49.658  40.476  8.586 0.0000000000
103179  -48.468  41.962  17.269 0.0000000000
103190  -47.623  42.237  16.673 0.0000000000
103717  -47.981  43.273  18.717 0.0000000000
103764  -43.916  42.297  14.197 0.0000000000
103798  -49.312  42.223  9.008 0.0000000000
103812  -48.606  42.792  7.938 0.0000000000
104248  -45.611  44.735  19.736 0.0000000000
104249  -47.135  44.674  19.344 0.0000000000
104264  -48.095  44.101  18.950 0.0000000000
104276  -48.114  43.703  18.714 0.0000000000
104302  -40.877  43.825  14.948 0.0000000000
104315  -42.468  43.504  13.658 0.0000000000
104340  -44.659  43.456  12.201 0.0000000000
104350  -48.356  43.903  9.792 0.0000000000
104822  -43.453  45.507  20.409 0.0000000000
104825  -47.702  45.132  19.020 0.0000000000
104828  -47.563  45.328  18.915 0.0000000000
104859  -39.643  44.447  15.193 0.0000000000
104869  -40.287  44.244  14.642 0.0000000000
104878  -40.235  45.361  13.420 0.0000000000
104881  -42.149  44.139  13.226 0.0000000000
105403  -45.757  46.699  19.051 0.0000000000
105407  -38.950  45.629  17.237 0.0000000000
105411  -46.696  46.051  18.818 0.0000000000
105420  -40.344  45.140  16.951 0.0000000000
105427  -36.907  45.831  16.005 0.0000000000
105487  -45.314  44.989  11.552 0.0000000000
105488  -46.236  45.160  11.175 0.0000000000
105968  -41.154  45.832  20.170 0.0000000000
105977  -41.095  46.301  19.533 0.0000000000
105995  -44.945  46.625  19.379 0.0000000000
106000  -37.651  46.305  17.532 0.0000000000
106034  -41.671  46.190  12.395 0.0000000000
106036  -42.936  45.576  12.194 0.0000000000
106040  -43.182  46.986  11.735 0.0000000000
106042  -46.241  46.558  11.138 0.0000000000
106065  -48.259  46.719  7.780 0.0000000000
106504  -38.549  47.376  20.883 0.0000000000
106530  -36.322  47.010  17.757 0.0000000000
106580  -47.256  48.306  9.553 0.0000000000
106591  -48.113  47.398  7.893 0.0000000000
107064  -34.667  48.521  18.346 0.0000000000
107067  -38.037  48.223  18.575 0.0000000000
107648  -45.230  49.692  11.044 0.0000000000
120059  -41.702  31.329  16.472 0.0000000000
120425  -37.043  47.562  18.280 0.0000000000
120639  -48.550  39.531  12.439 0.0000000000
120700  -46.437  31.612  14.558 0.0000000000
120884  -49.621  29.449  23.617 0.0000000000
121214  -46.736  31.715  15.326 0.0000000000
121460  -44.281  31.041  24.951 0.0000000000
121872  -45.976  29.092  15.474 0.0000000000
122125  -48.783  37.090  7.760 0.0000000000
122742  -47.740  37.010  7.843 0.0000000000
123559  -47.112  28.303  21.551 0.0000000000
126035  -39.050  47.633  19.942 0.0000000000
126411  -45.171  29.427  32.125 0.0000000000
126461  -42.094  29.546  28.995 0.0000000000
126531  -48.839  35.789  21.886 0.0000000000
126597  -49.962  39.197  11.099 0.0000000000
127047  -49.987  28.602  18.866 0.0000000000
127097  -48.753  30.501  32.108 0.0000000000
127241  -42.085  29.287  29.638 0.0000000000
128100  -48.400  45.163  7.912 0.0000000000
129346  -41.184  28.866  20.680 0.0000000000
129364  -49.481  30.548  32.138 0.0000000000
129385  -47.295  33.721  7.881 0.0000000000
129914  -42.621  44.433  12.739 0.0000000000
131801  -46.455  32.823  8.436 0.0000000000
132680  -46.166  24.707  21.261 0.0000000000
133245  -45.290  34.323  23.178 0.0000000000
133274  -50.058  34.237  21.590 0.0000000000
133425  -48.492  45.270  9.035 0.0000000000
133981  -46.178  37.559  23.986 0.0000000000
135388  -43.725  30.317  27.433 0.0000000000
135783  -46.262  40.220  8.964 0.0000000000
136545  -39.759  44.992  13.897 0.0000000000
136615  -44.645  33.953  15.749 0.0000000000
136993  -45.821  30.266  17.284 0.0000000000
137060  -46.959  30.892  10.759 0.0000000000
137288  -49.179  30.650  30.666 0.0000000000
137396  -52.191  27.912  16.365 0.0000000000
137621  -48.021  26.357  10.492 0.0000000000
138314  -51.097  30.529  21.525 0.0000000000
138992  -45.681  37.217  9.133 0.0000000000
139821  -47.039  25.559  24.116 0.0000000000
139890  -42.540  45.033  12.504 0.0000000000
139973  -47.637  31.024  23.476 0.0000000000
140593  -44.038  36.948  22.355 0.0000000000
140882  -46.454  25.600  12.448 0.0000000000
141049  -41.469  28.293  20.603 0.0000000000
141366  -49.487  31.897  7.989 0.0000000000
141419  -45.408  36.900  22.849 0.0000000000
141653  -43.932  50.805  11.499 0.0000000000
141769  -52.449  29.534  19.410 0.0000000000
142011  -46.803  30.431  8.548 0.0000000000
142483  -46.042  31.660  12.328 0.0000000000
142735  -39.558  30.240  27.557 0.0000000000
142939  -52.963  28.918  21.144 0.0000000000
143150  -39.015  48.474  19.401 0.0000000000
