#!ascii label  , from subject sub-v1s5x0050733_ses-1 vox2ras=TkReg
544
69415  -23.205  -3.812  -10.691 0.0000000000
115701  -18.752  -9.082  -9.125 0.0000000000
63552  -26.187  -10.418  -11.011 0.0000000000
60099  -21.973  -14.633  -7.687 0.0000000000
81289  -24.670  10.659  -19.058 0.0000000000
77838  -27.428  6.769  -15.807 0.0000000000
115187  -20.937  0.852  -12.856 0.0000000000
55590  -20.836  -19.185  -4.136 0.0000000000
110721  -20.814  -11.981  -8.726 0.0000000000
60916  -18.436  -13.630  -6.672 0.0000000000
80453  -26.127  9.281  -17.537 0.0000000000
77813  -24.705  6.219  -12.787 0.0000000000
68605  -18.805  -4.163  -11.177 0.0000000000
124818  -17.192  -1.009  -10.646 0.0000000000
71105  -21.180  -1.564  -12.239 0.0000000000
121180  -25.313  1.517  -11.215 0.0000000000
71097  -26.781  -1.369  -11.558 0.0000000000
68610  -26.783  -4.822  -11.693 0.0000000000
67714  -17.419  -5.992  -8.991 0.0000000000
66909  -20.972  -6.686  -10.991 0.0000000000
66897  -25.220  -6.992  -10.321 0.0000000000
64382  -22.869  -9.423  -9.474 0.0000000000
61787  -24.236  -12.597  -9.070 0.0000000000
58270  -25.599  -16.839  -8.287 0.0000000000
74500  -21.113  2.974  -13.506 0.0000000000
75297  -25.544  4.176  -11.781 0.0000000000
121509  -27.573  3.496  -15.712 0.0000000000
59129  -18.098  -15.755  -5.386 0.0000000000
58253  -21.253  -16.703  -6.319 0.0000000000
61768  -18.116  -12.134  -7.219 0.0000000000
61738  -16.830  -12.914  -5.734 0.0000000000
78707  -23.924  7.282  -13.915 0.0000000000
76951  -23.203  5.887  -13.566 0.0000000000
69430  -20.742  -3.916  -11.853 0.0000000000
69444  -20.027  -2.795  -12.154 0.0000000000
123440  -22.111  -2.605  -11.539 0.0000000000
120684  -24.140  -1.036  -10.887 0.0000000000
70266  -24.572  -2.446  -10.593 0.0000000000
70268  -26.796  -3.151  -11.469 0.0000000000
69416  -24.923  -3.965  -10.457 0.0000000000
65225  -18.383  -7.694  -9.539 0.0000000000
66907  -18.725  -6.541  -10.500 0.0000000000
65240  -19.562  -7.868  -10.252 0.0000000000
65243  -21.691  -8.149  -10.229 0.0000000000
64380  -20.962  -9.532  -9.814 0.0000000000
60951  -21.581  -13.356  -8.295 0.0000000000
61785  -22.318  -12.403  -8.794 0.0000000000
60112  -22.966  -14.109  -8.258 0.0000000000
60113  -24.844  -14.633  -8.576 0.0000000000
59150  -23.489  -15.717  -7.830 0.0000000000
82029  -23.650  10.978  -17.050 0.0000000000
126956  -22.182  11.198  -17.601 0.0000000000
82062  -23.482  11.717  -19.473 0.0000000000
82815  -21.823  12.819  -22.103 0.0000000000
81309  -24.230  10.243  -21.104 0.0000000000
79622  -26.951  8.022  -15.923 0.0000000000
124976  -18.365  0.010  -11.997 0.0000000000
72814  -18.536  0.888  -12.366 0.0000000000
73674  -20.457  1.602  -13.175 0.0000000000
75294  -22.499  3.271  -12.670 0.0000000000
74489  -22.738  2.480  -12.038 0.0000000000
72819  -27.426  0.997  -12.699 0.0000000000
75299  -27.398  3.105  -12.985 0.0000000000
74506  -27.607  2.172  -14.905 0.0000000000
65233  -25.378  -8.905  -10.554 0.0000000000
122979  -26.199  -7.789  -11.472 0.0000000000
57336  -18.927  -17.916  -4.067 0.0000000000
58234  -19.058  -16.821  -5.059 0.0000000000
58245  -19.558  -16.398  -5.605 0.0000000000
56494  -20.883  -18.080  -5.304 0.0000000000
64364  -18.471  -9.678  -8.619 0.0000000000
118095  -19.831  -10.019  -9.267 0.0000000000
62652  -19.050  -11.292  -8.325 0.0000000000
61770  -19.462  -12.687  -7.858 0.0000000000
60097  -19.887  -14.144  -7.249 0.0000000000
81259  -24.100  10.312  -15.899 0.0000000000
81290  -25.176  10.272  -18.526 0.0000000000
80425  -25.152  9.342  -14.858 0.0000000000
79600  -25.931  8.153  -14.062 0.0000000000
77826  -26.389  6.818  -13.422 0.0000000000
69413  -17.349  -2.953  -10.137 0.0000000000
70259  -18.205  -2.248  -11.163 0.0000000000
71091  -19.057  -1.290  -12.054 0.0000000000
132875  -21.477  -0.407  -12.208 0.0000000000
73662  -23.266  1.116  -11.477 0.0000000000
71929  -23.546  -0.414  -11.184 0.0000000000
123341  -25.734  0.007  -11.069 0.0000000000
119207  -27.455  0.007  -13.127 0.0000000000
71106  -27.323  -2.024  -13.618 0.0000000000
129684  -21.892  -20.253  -3.296 0.0000000000
55584  -22.147  -19.810  -3.927 0.0000000000
132130  -17.915  -4.494  -10.305 0.0000000000
113052  -19.794  -5.057  -11.536 0.0000000000
67740  -21.689  -5.030  -11.152 0.0000000000
132998  -23.895  -4.940  -10.379 0.0000000000
66894  -22.720  -6.855  -10.149 0.0000000000
66093  -23.665  -7.854  -9.878 0.0000000000
64383  -24.142  -9.956  -9.754 0.0000000000
63532  -21.731  -10.782  -9.370 0.0000000000
63534  -23.306  -10.667  -9.290 0.0000000000
62668  -24.866  -11.601  -9.756 0.0000000000
60965  -25.606  -13.382  -9.472 0.0000000000
114972  -26.513  -14.902  -8.570 0.0000000000
80467  -25.443  9.190  -20.054 0.0000000000
76089  -23.392  4.774  -12.824 0.0000000000
76942  -24.887  5.572  -12.279 0.0000000000
76952  -26.955  5.407  -13.075 0.0000000000
73664  -25.618  2.388  -11.392 0.0000000000
75305  -27.152  3.939  -12.774 0.0000000000
121507  -27.585  5.098  -14.970 0.0000000000
67745  -26.082  -5.435  -10.790 0.0000000000
123609  -26.984  -6.352  -12.477 0.0000000000
60903  -16.433  -13.539  -5.177 0.0000000000
60081  -18.377  -14.394  -6.296 0.0000000000
59141  -19.670  -15.228  -6.458 0.0000000000
59143  -21.343  -15.845  -6.786 0.0000000000
55598  -22.064  -19.072  -5.303 0.0000000000
56502  -22.532  -18.064  -6.285 0.0000000000
121534  -23.306  -17.232  -7.162 0.0000000000
76950  -22.253  5.424  -13.877 0.0000000000
68609  -21.590  -4.144  -11.455 0.0000000000
111598  -21.481  -3.264  -11.741 0.0000000000
69431  -22.391  -3.423  -11.203 0.0000000000
70265  -23.602  -2.441  -10.819 0.0000000000
69433  -24.097  -3.265  -10.539 0.0000000000
70251  -25.256  -3.118  -10.543 0.0000000000
113313  -23.993  -4.218  -10.453 0.0000000000
127911  -18.432  -8.386  -9.201 0.0000000000
119463  -17.927  -7.920  -8.882 0.0000000000
66105  -18.874  -7.451  -10.141 0.0000000000
65226  -19.024  -8.357  -9.708 0.0000000000
65228  -20.599  -8.769  -10.100 0.0000000000
64378  -19.455  -9.240  -9.465 0.0000000000
60938  -21.405  -14.081  -7.840 0.0000000000
60952  -22.486  -13.485  -8.396 0.0000000000
60100  -22.601  -14.573  -7.926 0.0000000000
60101  -23.271  -14.839  -8.091 0.0000000000
59149  -22.566  -15.270  -7.620 0.0000000000
124628  -23.805  11.203  -17.791 0.0000000000
82054  -24.059  11.292  -18.705 0.0000000000
82070  -23.626  11.519  -20.498 0.0000000000
81300  -24.624  10.445  -20.043 0.0000000000
78732  -27.268  7.347  -16.395 0.0000000000
78737  -26.897  7.855  -17.673 0.0000000000
111629  -27.252  7.117  -17.379 0.0000000000
116413  -27.532  6.020  -16.539 0.0000000000
72815  -19.168  0.266  -12.546 0.0000000000
72803  -17.928  0.784  -11.872 0.0000000000
124115  -19.242  0.979  -12.761 0.0000000000
73673  -19.624  1.609  -13.061 0.0000000000
73675  -21.362  1.793  -12.949 0.0000000000
73676  -22.158  1.741  -12.353 0.0000000000
72826  -27.583  0.510  -13.858 0.0000000000
74501  -27.649  1.987  -13.988 0.0000000000
64388  -25.731  -9.696  -10.774 0.0000000000
65244  -26.126  -9.101  -11.386 0.0000000000
64389  -26.289  -9.845  -11.417 0.0000000000
56474  -20.061  -18.855  -3.894 0.0000000000
56473  -19.297  -18.568  -3.732 0.0000000000
56485  -19.724  -18.201  -4.318 0.0000000000
57350  -18.569  -17.219  -4.465 0.0000000000
57351  -19.371  -17.501  -4.667 0.0000000000
57362  -19.829  -17.116  -5.243 0.0000000000
56486  -20.589  -18.547  -4.614 0.0000000000
63529  -18.130  -10.165  -8.091 0.0000000000
63530  -18.798  -10.495  -8.487 0.0000000000
63517  -18.422  -10.964  -7.961 0.0000000000
61752  -18.296  -12.871  -6.945 0.0000000000
61769  -18.805  -12.425  -7.612 0.0000000000
60935  -18.980  -13.168  -7.270 0.0000000000
60936  -19.630  -13.437  -7.510 0.0000000000
60917  -19.160  -14.013  -6.874 0.0000000000
80424  -24.268  9.335  -14.961 0.0000000000
80436  -24.644  9.913  -15.362 0.0000000000
77824  -24.379  6.786  -13.364 0.0000000000
79599  -25.229  8.144  -13.975 0.0000000000
78709  -25.772  7.573  -13.618 0.0000000000
78719  -26.539  7.619  -14.166 0.0000000000
77825  -25.403  6.797  -13.127 0.0000000000
69414  -18.149  -3.226  -10.859 0.0000000000
70279  -20.579  -2.187  -12.298 0.0000000000
70278  -19.709  -1.923  -12.247 0.0000000000
71104  -20.433  -1.291  -12.477 0.0000000000
115869  -19.709  -0.955  -12.472 0.0000000000
71927  -21.754  -0.935  -11.928 0.0000000000
130062  -21.938  -0.179  -11.903 0.0000000000
71928  -22.580  -0.630  -11.529 0.0000000000
71096  -25.840  -1.383  -10.855 0.0000000000
71931  -25.529  -0.644  -10.911 0.0000000000
71932  -26.288  -0.656  -11.241 0.0000000000
71941  -26.680  0.075  -11.606 0.0000000000
133538  -26.921  -0.697  -11.790 0.0000000000
112218  -27.366  -0.970  -13.424 0.0000000000
71098  -27.144  -2.063  -12.313 0.0000000000
69434  -26.662  -3.960  -11.368 0.0000000000
70269  -27.108  -2.885  -12.241 0.0000000000
68611  -27.062  -4.600  -12.466 0.0000000000
54684  -21.330  -20.471  -2.869 0.0000000000
52777  -22.617  -22.173  -2.281 0.0000000000
68581  -17.013  -5.004  -8.759 0.0000000000
133425  -17.415  -4.446  -9.622 0.0000000000
67727  -17.556  -5.350  -9.504 0.0000000000
66908  -19.491  -6.391  -11.015 0.0000000000
67739  -18.937  -5.743  -10.953 0.0000000000
66920  -20.298  -6.161  -11.288 0.0000000000
67756  -20.349  -5.368  -11.522 0.0000000000
67757  -21.064  -5.773  -11.318 0.0000000000
114524  -22.570  -6.039  -10.408 0.0000000000
117892  -21.842  -6.670  -10.613 0.0000000000
65229  -21.993  -8.768  -9.890 0.0000000000
65230  -22.428  -8.196  -9.943 0.0000000000
131251  -23.334  -9.020  -9.598 0.0000000000
113795  -24.025  -9.279  -9.784 0.0000000000
64365  -23.443  -9.827  -9.479 0.0000000000
62654  -20.167  -11.424  -8.783 0.0000000000
63544  -20.296  -10.671  -9.179 0.0000000000
62667  -20.931  -11.201  -9.159 0.0000000000
61786  -23.520  -12.813  -8.835 0.0000000000
62656  -22.749  -11.849  -9.022 0.0000000000
62657  -23.609  -12.029  -9.032 0.0000000000
62658  -23.990  -11.227  -9.324 0.0000000000
61796  -24.875  -12.397  -9.500 0.0000000000
61797  -25.585  -12.849  -9.781 0.0000000000
60964  -24.874  -13.090  -9.301 0.0000000000
59156  -24.856  -15.442  -8.380 0.0000000000
126643  -25.574  -14.977  -8.494 0.0000000000
59157  -25.862  -15.807  -8.366 0.0000000000
59158  -27.096  -15.688  -8.504 0.0000000000
80452  -25.626  9.815  -17.996 0.0000000000
80458  -25.598  9.583  -19.009 0.0000000000
80459  -26.057  9.123  -18.561 0.0000000000
71078  -16.557  -1.317  -9.979 0.0000000000
132120  -19.948  3.109  -13.451 0.0000000000
74499  -20.463  3.192  -13.541 0.0000000000
76087  -22.014  3.996  -13.414 0.0000000000
75296  -24.122  3.675  -11.650 0.0000000000
118164  -23.709  4.233  -12.212 0.0000000000
76091  -25.149  4.900  -11.901 0.0000000000
76944  -26.290  5.421  -12.539 0.0000000000
76092  -26.033  4.802  -12.101 0.0000000000
73663  -24.240  1.323  -11.166 0.0000000000
73678  -24.513  2.209  -11.262 0.0000000000
115991  -27.611  3.320  -14.685 0.0000000000
131751  -27.576  3.952  -14.328 0.0000000000
76110  -27.524  4.507  -14.126 0.0000000000
76117  -27.579  4.333  -15.965 0.0000000000
116643  -25.005  -6.168  -10.270 0.0000000000
67744  -25.305  -5.473  -10.423 0.0000000000
112870  -25.731  -6.203  -10.597 0.0000000000
66921  -26.735  -7.251  -12.190 0.0000000000
59117  -17.516  -16.156  -4.674 0.0000000000
59128  -17.175  -15.345  -5.046 0.0000000000
60067  -16.846  -14.382  -5.316 0.0000000000
118489  -17.600  -14.145  -5.989 0.0000000000
60068  -17.768  -14.911  -5.716 0.0000000000
58246  -20.432  -16.721  -5.799 0.0000000000
134088  -19.152  -15.234  -6.202 0.0000000000
128588  -20.693  -16.149  -6.345 0.0000000000
59142  -20.478  -15.499  -6.623 0.0000000000
55592  -22.465  -19.539  -4.756 0.0000000000
58255  -22.655  -17.309  -6.714 0.0000000000
62638  -17.954  -11.377  -7.362 0.0000000000
62619  -17.424  -11.753  -6.674 0.0000000000
61751  -17.548  -12.539  -6.512 0.0000000000
60915  -17.682  -13.406  -6.311 0.0000000000
79597  -23.516  7.631  -14.492 0.0000000000
78706  -23.065  6.995  -14.467 0.0000000000
77823  -23.504  6.592  -13.786 0.0000000000
77812  -23.955  6.231  -13.224 0.0000000000
115518  -19.984  -3.973  -11.850 0.0000000000
69428  -19.677  -3.362  -11.819 0.0000000000
69429  -20.233  -3.423  -12.001 0.0000000000
70263  -21.340  -2.421  -12.010 0.0000000000
71092  -21.910  -1.802  -11.743 0.0000000000
121443  -23.198  -1.184  -11.217 0.0000000000
71093  -22.808  -1.965  -11.268 0.0000000000
131487  -24.146  -2.052  -10.740 0.0000000000
70267  -25.581  -2.293  -10.661 0.0000000000
117846  -26.620  -2.282  -11.265 0.0000000000
70252  -26.210  -3.071  -10.828 0.0000000000
68595  -26.342  -4.678  -10.980 0.0000000000
66081  -17.495  -7.399  -8.463 0.0000000000
66091  -17.804  -6.983  -9.187 0.0000000000
66892  -18.010  -6.117  -9.846 0.0000000000
66893  -18.341  -6.972  -9.890 0.0000000000
66106  -19.432  -7.132  -10.614 0.0000000000
116778  -20.135  -6.908  -10.913 0.0000000000
66108  -21.369  -7.447  -10.565 0.0000000000
65242  -20.980  -8.147  -10.428 0.0000000000
128618  -21.295  -8.786  -10.091 0.0000000000
133429  -21.625  -9.284  -9.810 0.0000000000
60950  -20.752  -12.789  -8.376 0.0000000000
118665  -22.128  -12.951  -8.569 0.0000000000
111600  -22.785  -12.941  -8.678 0.0000000000
60953  -23.306  -13.492  -8.579 0.0000000000
60955  -25.018  -13.803  -8.924 0.0000000000
123180  -23.927  -14.207  -8.543 0.0000000000
59155  -24.079  -15.117  -8.297 0.0000000000
58269  -24.855  -16.225  -8.206 0.0000000000
130216  -22.361  9.614  -16.458 0.0000000000
82053  -23.060  11.706  -18.490 0.0000000000
82807  -22.709  12.354  -20.489 0.0000000000
81318  -23.557  9.908  -22.563 0.0000000000
79627  -26.596  8.624  -16.259 0.0000000000
79638  -26.451  8.629  -18.122 0.0000000000
131983  -26.663  8.285  -17.824 0.0000000000
73651  -16.793  1.590  -10.843 0.0000000000
73660  -17.942  1.746  -11.926 0.0000000000
74487  -20.800  2.412  -13.398 0.0000000000
75293  -21.705  3.150  -13.256 0.0000000000
118294  -21.975  2.494  -12.792 0.0000000000
126581  -22.973  3.099  -12.038 0.0000000000
74490  -23.632  2.919  -11.550 0.0000000000
73679  -27.053  1.756  -12.081 0.0000000000
74479  -26.568  2.490  -11.807 0.0000000000
73680  -27.416  1.818  -12.728 0.0000000000
75306  -27.636  2.794  -13.878 0.0000000000
117225  -27.568  2.759  -15.553 0.0000000000
66095  -25.066  -8.009  -10.325 0.0000000000
132078  -25.690  -7.606  -10.731 0.0000000000
66110  -25.813  -8.298  -10.950 0.0000000000
66111  -26.297  -8.452  -11.693 0.0000000000
128112  -17.782  -16.900  -4.261 0.0000000000
58233  -18.298  -16.514  -4.893 0.0000000000
132872  -18.670  -15.715  -5.673 0.0000000000
58244  -18.793  -16.170  -5.448 0.0000000000
57364  -21.108  -17.459  -5.819 0.0000000000
65215  -18.066  -8.823  -8.624 0.0000000000
64377  -19.141  -9.902  -8.962 0.0000000000
63531  -19.551  -10.786  -8.778 0.0000000000
62653  -19.603  -11.556  -8.474 0.0000000000
62639  -18.625  -11.725  -7.835 0.0000000000
61782  -19.246  -12.001  -8.147 0.0000000000
61783  -19.989  -12.208  -8.364 0.0000000000
61771  -20.085  -13.049  -8.034 0.0000000000
60937  -20.751  -13.538  -7.987 0.0000000000
123333  -21.339  -14.653  -7.479 0.0000000000
80434  -21.884  8.919  -16.409 0.0000000000
81258  -23.258  10.074  -16.090 0.0000000000
81271  -24.236  10.599  -16.522 0.0000000000
121181  -24.366  10.767  -17.260 0.0000000000
81272  -24.836  10.450  -16.819 0.0000000000
80445  -25.497  9.945  -16.862 0.0000000000
80437  -25.522  9.627  -15.700 0.0000000000
79611  -24.694  8.728  -14.434 0.0000000000
79612  -25.563  8.669  -14.443 0.0000000000
80438  -26.182  9.087  -15.738 0.0000000000
79621  -26.487  8.565  -15.404 0.0000000000
78726  -26.830  7.940  -15.058 0.0000000000
78720  -27.166  7.251  -14.887 0.0000000000
71084  -17.712  -1.589  -10.943 0.0000000000
70260  -18.683  -2.730  -11.383 0.0000000000
71090  -18.368  -1.451  -11.511 0.0000000000
123151  -18.544  -0.790  -11.850 0.0000000000
71939  -20.289  -0.409  -12.660 0.0000000000
113888  -20.735  0.098  -12.714 0.0000000000
73661  -22.410  1.046  -11.911 0.0000000000
132164  -21.983  0.458  -12.010 0.0000000000
72804  -22.779  0.259  -11.550 0.0000000000
72806  -24.996  0.647  -11.028 0.0000000000
71930  -24.691  -0.275  -10.905 0.0000000000
72807  -26.052  0.831  -11.277 0.0000000000
72818  -26.887  0.969  -11.797 0.0000000000
118149  -27.233  0.342  -12.257 0.0000000000
71948  -27.468  -0.563  -14.336 0.0000000000
71114  -27.509  -1.667  -14.766 0.0000000000
62675  -26.617  -11.875  -10.853 0.0000000000
55583  -21.274  -19.807  -3.593 0.0000000000
134015  -21.093  -18.963  -4.613 0.0000000000
123713  -17.668  -3.782  -10.222 0.0000000000
68591  -18.190  -4.116  -10.661 0.0000000000
66906  -18.384  -5.723  -10.473 0.0000000000
67738  -18.451  -4.934  -10.739 0.0000000000
68607  -20.248  -4.624  -11.710 0.0000000000
68608  -20.948  -4.843  -11.620 0.0000000000
68592  -22.405  -4.360  -10.902 0.0000000000
68593  -23.202  -4.644  -10.514 0.0000000000
67741  -22.469  -5.210  -10.635 0.0000000000
66910  -23.417  -6.271  -10.151 0.0000000000
66895  -23.533  -7.093  -9.959 0.0000000000
66109  -22.154  -7.498  -10.248 0.0000000000
66092  -22.920  -7.620  -9.901 0.0000000000
66896  -24.355  -7.445  -10.040 0.0000000000
66094  -24.296  -8.126  -10.017 0.0000000000
64384  -24.834  -9.658  -10.200 0.0000000000
63551  -25.441  -10.416  -10.464 0.0000000000
129500  -20.446  -10.007  -9.483 0.0000000000
63546  -21.673  -9.932  -9.591 0.0000000000
62655  -21.788  -11.707  -9.013 0.0000000000
114871  -22.578  -11.094  -9.225 0.0000000000
63535  -23.879  -10.448  -9.502 0.0000000000
63547  -24.603  -10.627  -9.901 0.0000000000
62674  -26.027  -11.092  -10.662 0.0000000000
62670  -26.200  -12.472  -10.309 0.0000000000
60966  -26.636  -13.434  -10.073 0.0000000000
60130  -26.896  -14.278  -9.291 0.0000000000
81301  -25.154  10.019  -19.535 0.0000000000
81310  -24.833  9.628  -20.582 0.0000000000
80468  -25.865  8.881  -19.466 0.0000000000
126696  -21.809  4.798  -13.749 0.0000000000
76940  -23.087  5.244  -13.337 0.0000000000
76941  -23.916  5.568  -12.833 0.0000000000
120872  -22.891  4.092  -12.789 0.0000000000
132762  -26.002  6.461  -12.953 0.0000000000
77827  -27.035  6.114  -13.561 0.0000000000
122778  -27.439  6.022  -14.425 0.0000000000
123629  -22.777  1.685  -11.799 0.0000000000
74491  -24.810  3.059  -11.385 0.0000000000
131117  -25.009  3.724  -11.533 0.0000000000
75298  -26.862  3.250  -12.218 0.0000000000
115422  -26.456  4.042  -12.145 0.0000000000
76104  -27.285  4.628  -13.311 0.0000000000
76953  -27.389  5.327  -13.840 0.0000000000
117825  -27.560  5.968  -15.481 0.0000000000
76961  -27.574  5.196  -16.239 0.0000000000
114966  -24.675  -4.801  -10.396 0.0000000000
68594  -25.603  -4.676  -10.535 0.0000000000
67758  -26.631  -5.482  -11.535 0.0000000000
122978  -26.392  -6.263  -11.329 0.0000000000
67759  -27.064  -5.488  -12.602 0.0000000000
60904  -17.033  -13.697  -5.726 0.0000000000
133875  -18.018  -13.920  -6.347 0.0000000000
60069  -18.614  -15.222  -5.952 0.0000000000
60082  -19.096  -14.788  -6.436 0.0000000000
60084  -20.201  -14.796  -6.952 0.0000000000
59147  -20.955  -15.048  -7.100 0.0000000000
59148  -21.708  -15.222  -7.323 0.0000000000
56487  -21.320  -18.748  -5.064 0.0000000000
56495  -21.734  -18.297  -5.759 0.0000000000
56496  -22.596  -18.752  -5.847 0.0000000000
57374  -21.886  -17.417  -6.294 0.0000000000
58254  -22.127  -16.552  -6.805 0.0000000000
131624  -22.841  -16.753  -7.126 0.0000000000
58260  -22.756  -16.107  -7.352 0.0000000000
58261  -23.401  -16.548  -7.494 0.0000000000
53771  -22.546  -21.460  -2.517 0.0000000000
54676  -22.066  -20.890  -2.730 0.0000000000
55591  -21.599  -19.322  -4.527 0.0000000000
57363  -20.150  -17.796  -4.906 0.0000000000
57375  -23.225  -17.884  -6.725 0.0000000000
58252  -20.005  -15.946  -6.138 0.0000000000
59130  -19.217  -15.693  -5.923 0.0000000000
59144  -22.102  -15.805  -7.187 0.0000000000
59151  -24.256  -15.777  -8.120 0.0000000000
60083  -19.600  -14.594  -6.796 0.0000000000
60098  -20.669  -14.271  -7.469 0.0000000000
60114  -25.824  -14.353  -8.758 0.0000000000
60129  -25.983  -13.818  -9.292 0.0000000000
60939  -22.171  -14.036  -8.059 0.0000000000
60954  -24.147  -13.328  -8.839 0.0000000000
61784  -21.540  -12.533  -8.637 0.0000000000
62669  -25.725  -11.714  -10.286 0.0000000000
63533  -22.569  -10.146  -9.387 0.0000000000
63545  -20.987  -10.388  -9.482 0.0000000000
63555  -26.791  -10.444  -11.873 0.0000000000
64363  -17.936  -9.474  -8.212 0.0000000000
64379  -20.180  -9.379  -9.703 0.0000000000
64381  -22.244  -9.397  -9.631 0.0000000000
65227  -19.837  -8.632  -9.965 0.0000000000
65231  -23.841  -8.547  -9.808 0.0000000000
65232  -24.562  -8.756  -10.127 0.0000000000
65241  -20.276  -8.071  -10.361 0.0000000000
66107  -20.630  -7.462  -10.666 0.0000000000
66911  -24.300  -6.596  -10.101 0.0000000000
66912  -26.047  -7.004  -10.997 0.0000000000
66919  -19.652  -5.658  -11.348 0.0000000000
67737  -17.932  -5.188  -10.126 0.0000000000
67742  -23.285  -5.448  -10.343 0.0000000000
67743  -24.281  -5.657  -10.269 0.0000000000
68606  -19.571  -4.472  -11.546 0.0000000000
69417  -25.910  -3.875  -10.653 0.0000000000
69427  -18.989  -3.350  -11.424 0.0000000000
69432  -23.203  -3.107  -10.844 0.0000000000
70250  -17.575  -2.333  -10.583 0.0000000000
70261  -19.327  -2.707  -11.790 0.0000000000
70262  -20.741  -3.016  -12.080 0.0000000000
70264  -22.808  -2.704  -11.142 0.0000000000
71094  -23.750  -1.717  -10.919 0.0000000000
71095  -24.722  -1.677  -10.671 0.0000000000
71937  -19.088  -0.508  -12.303 0.0000000000
71938  -19.684  -0.214  -12.602 0.0000000000
71940  -21.044  -0.637  -12.469 0.0000000000
71942  -27.252  -0.404  -12.390 0.0000000000
72805  -23.908  0.444  -11.130 0.0000000000
72816  -21.364  0.158  -12.426 0.0000000000
72817  -21.683  1.004  -12.432 0.0000000000
73665  -26.321  1.669  -11.539 0.0000000000
73672  -18.797  1.728  -12.573 0.0000000000
73677  -23.498  1.972  -11.471 0.0000000000
73687  -27.592  1.470  -13.487 0.0000000000
74486  -19.501  3.200  -13.152 0.0000000000
74488  -21.391  2.562  -13.220 0.0000000000
74492  -27.198  2.467  -12.449 0.0000000000
74493  -27.535  2.291  -13.214 0.0000000000
75286  -25.905  3.320  -11.631 0.0000000000
75295  -23.258  3.579  -12.127 0.0000000000
75304  -21.145  3.640  -13.652 0.0000000000
76088  -22.584  4.712  -13.352 0.0000000000
76090  -24.249  4.905  -12.238 0.0000000000
76103  -26.768  4.715  -12.627 0.0000000000
76113  -27.592  4.145  -14.935 0.0000000000
76943  -25.614  5.366  -12.227 0.0000000000
77814  -25.630  6.028  -12.612 0.0000000000
77833  -27.075  6.785  -14.144 0.0000000000
77834  -27.412  6.594  -14.902 0.0000000000
77843  -27.422  6.690  -16.743 0.0000000000
78708  -24.832  7.476  -13.601 0.0000000000
78727  -27.192  7.473  -15.624 0.0000000000
79598  -24.295  7.976  -14.160 0.0000000000
79613  -26.257  8.391  -14.625 0.0000000000
79620  -25.929  9.050  -15.038 0.0000000000
79628  -27.017  7.980  -16.809 0.0000000000
79633  -26.598  8.598  -17.233 0.0000000000
80435  -22.929  9.400  -15.892 0.0000000000
80446  -26.146  9.256  -16.530 0.0000000000
81257  -22.495  10.241  -16.746 0.0000000000
81260  -24.848  10.272  -16.092 0.0000000000
81270  -23.460  10.580  -16.494 0.0000000000
81279  -24.532  10.779  -18.107 0.0000000000
81280  -25.052  10.397  -17.574 0.0000000000
82042  -22.989  11.325  -17.614 0.0000000000
112670  -27.511  3.770  -13.679 0.0000000000
114618  -21.815  -5.832  -10.846 0.0000000000
115120  -22.679  -8.839  -9.661 0.0000000000
115728  -25.432  -12.207  -9.909 0.0000000000
118681  -24.578  4.298  -11.786 0.0000000000
119443  -24.323  -11.959  -9.267 0.0000000000
120084  -26.420  6.061  -12.975 0.0000000000
120338  -23.139  -8.329  -9.734 0.0000000000
121293  -18.890  -2.065  -11.687 0.0000000000
122742  -19.413  -3.873  -11.563 0.0000000000
123638  -20.040  0.571  -12.900 0.0000000000
123674  -25.292  -11.092  -10.246 0.0000000000
123881  -24.992  -0.984  -10.749 0.0000000000
127131  -20.488  -17.433  -5.409 0.0000000000
127257  -19.176  -5.030  -11.264 0.0000000000
127507  -17.188  -1.701  -10.413 0.0000000000
127839  -23.257  -11.372  -9.156 0.0000000000
128189  -27.212  -1.241  -12.459 0.0000000000
130878  -20.195  -13.670  -7.658 0.0000000000
131207  -19.996  -7.507  -10.605 0.0000000000
132546  -22.432  -1.306  -11.530 0.0000000000
132978  -22.992  -12.421  -8.875 0.0000000000
133682  -21.387  -6.249  -10.966 0.0000000000
