#!ascii label  , from subject sub-v1s5x0050733_ses-1 vox2ras=TkReg
446
13595  -28.056  -67.774  -1.852 0.6999999881
13615  -27.696  -67.410  -3.483 0.6000000238
14447  -28.035  -67.196  -4.209 0.6000000238
14460  -29.855  -66.489  -4.845 0.4000000060
15206  -26.086  -65.501  3.301 0.6999999881
15221  -25.588  -64.608  2.066 0.6999999881
14389  -26.458  -66.015  2.633 0.6999999881
15212  -25.875  -65.264  2.289 0.6000000238
125589  -26.598  -66.516  1.856 0.6999999881
121079  -26.248  -65.727  1.739 0.6000000238
14399  -26.439  -66.111  1.036 0.6000000238
13563  -26.956  -67.633  0.870 0.6000000238
119513  -26.461  -65.948  0.190 0.6000000238
15244  -26.639  -65.813  -0.638 0.5000000000
13573  -26.917  -67.328  -0.560 0.5000000000
14427  -26.852  -67.024  -1.996 0.6000000238
13593  -27.184  -67.380  -2.380 0.6000000238
14436  -26.894  -67.115  -2.886 0.6000000238
14446  -26.929  -67.120  -3.725 0.6000000238
14457  -26.989  -67.035  -4.606 0.6000000238
15211  -25.502  -64.740  2.826 0.6000000238
16108  -25.739  -64.196  1.604 0.6000000238
16109  -26.168  -64.568  0.854 0.6000000238
16122  -26.665  -64.364  0.073 0.6000000238
122242  -26.226  -65.338  0.775 0.6000000238
15235  -26.413  -65.131  0.093 0.6000000238
16131  -26.806  -64.873  -0.631 0.6000000238
16138  -26.904  -65.321  -1.238 0.6000000238
113169  -26.807  -66.118  -1.555 0.6000000238
15251  -27.118  -65.315  -2.032 0.6999999881
15263  -27.150  -65.344  -2.985 0.6000000238
111915  -26.850  -66.385  -3.585 0.6000000238
14458  -27.470  -66.986  -4.954 0.5000000000
14465  -27.754  -66.612  -5.959 0.5000000000
16086  -25.050  -64.208  3.330 0.6000000238
16096  -25.301  -63.991  2.442 0.6000000238
131528  -26.094  -63.131  1.843 0.6000000238
16933  -26.186  -63.514  1.381 0.6000000238
16944  -26.486  -63.865  0.714 0.6000000238
16934  -27.189  -63.124  0.895 0.6000000238
16945  -27.270  -63.606  0.097 0.6000000238
16953  -27.920  -63.222  -0.639 0.6000000238
16132  -27.320  -64.047  -0.689 0.6000000238
16139  -27.287  -64.581  -1.438 0.6999999881
111550  -26.704  -65.910  -4.534 0.6000000238
14456  -26.798  -66.582  -4.587 0.6000000238
123908  -28.551  -66.493  -6.263 0.4000000060
17722  -25.465  -62.864  3.059 0.6000000238
16919  -25.398  -63.340  2.566 0.6000000238
16920  -26.033  -62.863  2.396 0.6000000238
116726  -27.958  -62.538  0.775 0.5000000000
17748  -27.925  -62.856  0.164 0.6000000238
16954  -28.146  -62.703  -1.292 0.6999999881
16978  -27.114  -63.834  -3.569 0.6000000238
16144  -27.440  -64.369  -2.510 0.6000000238
16152  -27.194  -64.643  -3.444 0.6000000238
16151  -26.948  -65.311  -3.974 0.6000000238
15274  -26.479  -65.921  -6.066 0.6000000238
14463  -26.731  -66.454  -5.478 0.6000000238
15279  -27.695  -66.007  -7.097 0.4000000060
14472  -27.225  -66.321  -6.500 0.5000000000
111912  -25.077  -62.878  3.581 0.5000000000
17723  -26.275  -62.460  3.183 0.6000000238
17724  -27.143  -62.269  2.763 0.6000000238
17741  -26.878  -62.819  1.795 0.5000000000
18518  -27.792  -62.154  1.950 0.5000000000
17742  -27.674  -62.541  1.327 0.5000000000
18528  -28.442  -61.556  -0.318 0.6000000238
19368  -28.306  -60.983  -0.963 0.6000000238
17754  -28.280  -62.393  -0.493 0.6999999881
114422  -27.982  -62.918  -2.022 0.6999999881
16962  -27.788  -63.591  -1.606 0.6999999881
18548  -26.427  -62.089  -3.436 0.6000000238
16970  -27.591  -63.379  -2.662 0.6999999881
17774  -26.758  -62.925  -3.588 0.6000000238
121329  -26.654  -64.372  -4.374 0.6000000238
16158  -26.482  -65.078  -4.961 0.6000000238
15275  -26.837  -66.001  -6.600 0.5000000000
16171  -27.048  -65.471  -6.784 0.4000000060
17714  -25.807  -62.373  3.907 0.6000000238
112375  -26.925  -61.904  3.784 0.6000000238
18508  -28.006  -61.627  2.646 0.6000000238
18519  -28.311  -61.434  1.857 0.5000000000
115629  -28.458  -61.258  1.197 0.6000000238
19355  -28.515  -60.797  0.824 0.5000000000
18523  -28.489  -61.406  0.526 0.6000000238
19367  -27.552  -60.484  -1.603 0.5000000000
18533  -27.830  -61.330  -1.778 0.6000000238
19366  -26.693  -60.127  -2.179 0.5000000000
19376  -26.908  -60.844  -2.425 0.5000000000
17758  -27.982  -62.182  -1.930 0.6000000238
19375  -25.771  -60.324  -3.078 0.4000000060
18542  -27.227  -61.684  -2.613 0.6999999881
134345  -25.554  -61.767  -3.909 0.5000000000
17773  -25.650  -62.338  -4.397 0.6000000238
17772  -25.205  -61.677  -4.735 0.5000000000
17779  -25.423  -62.472  -4.978 0.6000000238
17778  -25.191  -61.993  -4.965 0.5000000000
16982  -26.110  -64.043  -5.228 0.6000000238
16997  -27.332  -64.809  -6.750 0.5000000000
128748  -25.738  -63.199  -5.131 0.6000000238
16990  -26.104  -63.828  -5.455 0.6000000238
16991  -26.594  -64.635  -6.235 0.6000000238
132720  -27.641  -61.646  3.305 0.5000000000
18509  -28.391  -60.876  2.503 0.5000000000
19349  -28.497  -60.600  1.603 0.4000000060
20136  -28.097  -59.644  0.059 0.4000000060
19361  -28.451  -60.640  -0.002 0.5000000000
19360  -27.935  -60.087  -0.771 0.5000000000
20937  -25.541  -58.940  -2.954 0.4000000060
20142  -26.140  -59.438  -2.345 0.4000000060
20147  -25.551  -59.654  -3.252 0.4000000060
19374  -25.303  -60.195  -3.789 0.5000000000
18547  -25.221  -61.081  -3.978 0.5000000000
20153  -25.515  -59.850  -4.259 0.5000000000
18546  -25.165  -61.084  -4.624 0.5000000000
18555  -25.336  -61.010  -4.877 0.5000000000
17788  -27.652  -63.076  -5.688 0.5000000000
118226  -27.364  -64.041  -6.329 0.5000000000
17786  -25.614  -62.736  -5.132 0.6000000238
17787  -26.431  -63.526  -5.718 0.5000000000
20135  -27.465  -59.226  -0.686 0.5000000000
20134  -26.709  -58.921  -1.411 0.5000000000
20931  -26.035  -58.591  -2.113 0.5000000000
20146  -25.450  -59.530  -3.788 0.4000000060
19390  -25.663  -60.283  -4.595 0.5000000000
132323  -27.559  -62.232  -5.148 0.5000000000
20154  -25.927  -59.001  -4.099 0.5000000000
19391  -26.310  -60.696  -4.743 0.5000000000
132386  -26.258  -62.365  -5.348 0.5000000000
20924  -26.396  -58.194  -1.358 0.4000000060
20930  -25.619  -58.126  -2.682 0.4000000060
130278  -25.908  -57.971  -1.970 0.4000000060
21742  -25.754  -57.622  -3.378 0.4000000060
21735  -25.497  -57.538  -2.993 0.4000000060
20947  -25.967  -58.178  -3.722 0.4000000060
21743  -26.040  -57.100  -3.536 0.4000000060
20948  -26.629  -58.278  -3.864 0.5000000000
18557  -28.255  -61.670  -4.528 0.4000000060
17780  -28.701  -62.410  -4.903 0.4000000060
115947  -26.928  -61.556  -4.953 0.5000000000
20155  -26.791  -59.097  -4.058 0.5000000000
19381  -27.213  -60.023  -4.195 0.5000000000
22598  -26.646  -56.285  -3.531 0.4000000060
21744  -26.508  -57.595  -3.709 0.4000000060
18549  -28.877  -61.165  -3.783 0.4000000060
19382  -27.740  -60.916  -4.318 0.5000000000
22599  -27.507  -56.619  -3.479 0.4000000060
20157  -28.994  -59.855  -2.957 0.4000000060
19383  -29.436  -60.585  -3.245 0.3000000119
21745  -27.519  -57.508  -3.528 0.5000000000
20949  -27.672  -58.536  -3.562 0.5000000000
20156  -27.986  -59.482  -3.557 0.5000000000
119874  -27.462  -55.973  -3.461 0.4000000060
20149  -29.561  -59.305  -2.550 0.3000000119
22590  -28.097  -56.839  -3.228 0.4000000060
20148  -28.658  -58.975  -2.961 0.5000000000
21736  -28.401  -57.319  -3.005 0.4000000060
20938  -28.460  -58.048  -3.028 0.5000000000
23415  -28.438  -55.255  -3.053 0.4000000060
20940  -30.186  -58.799  -2.190 0.3000000119
20932  -30.824  -58.171  -1.937 0.3000000119
122476  -28.156  -56.083  -3.196 0.4000000060
21737  -29.121  -57.560  -2.394 0.4000000060
125206  -28.725  -55.856  -2.679 0.4000000060
24268  -28.058  -54.591  -3.361 0.5000000000
21738  -29.907  -58.030  -1.968 0.3000000119
21732  -30.946  -57.279  -1.678 0.4000000060
22592  -31.745  -56.893  -1.874 0.4000000060
21739  -31.633  -57.707  -2.112 0.4000000060
23416  -29.011  -55.195  -2.485 0.4000000060
22583  -29.391  -56.916  -2.066 0.5000000000
22584  -30.127  -56.805  -1.654 0.4000000060
22591  -28.737  -56.669  -2.640 0.5000000000
23408  -29.349  -56.067  -2.039 0.5000000000
23409  -30.221  -55.808  -1.528 0.4000000060
23410  -31.164  -55.409  -1.358 0.4000000060
22586  -31.931  -56.075  -1.671 0.4000000060
22593  -32.549  -56.481  -2.357 0.3000000119
24259  -28.722  -54.447  -2.952 0.5000000000
24260  -29.303  -54.416  -2.325 0.5000000000
122813  -31.853  -54.087  -1.161 0.4000000060
25069  -32.807  -53.881  -1.564 0.3000000119
116782  -29.391  -52.827  -2.899 0.5000000000
24253  -30.854  -54.387  -1.275 0.4000000060
24254  -31.695  -54.777  -1.335 0.4000000060
23417  -32.723  -55.106  -2.046 0.4000000060
24261  -33.093  -54.616  -2.214 0.3000000119
25067  -29.151  -53.579  -2.843 0.5000000000
24252  -29.921  -54.387  -1.672 0.5000000000
124511  -30.307  -55.015  -1.461 0.5000000000
25068  -29.701  -53.119  -2.254 0.5000000000
25061  -32.076  -53.294  -0.929 0.4000000060
25062  -32.831  -52.955  -1.202 0.4000000060
26779  -29.723  -51.602  -3.045 0.5000000000
122354  -33.478  -54.107  -2.422 0.3000000119
25937  -29.778  -52.352  -2.561 0.5000000000
25938  -30.429  -52.645  -1.631 0.5000000000
118738  -30.210  -53.611  -1.613 0.5000000000
25060  -31.127  -53.447  -1.115 0.5000000000
25930  -32.699  -52.119  -0.854 0.4000000060
118832  -29.917  -50.880  -3.200 0.5000000000
26770  -31.441  -51.064  -1.162 0.5000000000
25931  -33.510  -52.421  -1.521 0.3000000119
25070  -33.641  -53.334  -2.189 0.3000000119
27672  -30.203  -51.063  -2.827 0.5000000000
26769  -30.699  -50.876  -1.983 0.5000000000
26780  -30.273  -51.710  -2.210 0.5000000000
13606  -27.504  -67.471  -2.748 0.6000000238
14448  -29.122  -66.626  -3.997 0.5000000000
113536  -26.718  -66.934  0.332 0.6000000238
15269  -26.530  -65.861  -5.331 0.6000000238
16166  -26.349  -64.983  -5.755 0.6000000238
17767  -27.453  -62.524  -2.711 0.6999999881
18541  -26.056  -61.263  -3.282 0.5000000000
16977  -25.975  -63.295  -4.705 0.6000000238
20143  -27.134  -59.685  -1.495 0.5000000000
18556  -25.838  -61.479  -5.103 0.5000000000
20936  -25.588  -58.422  -3.416 0.4000000060
20946  -25.703  -59.044  -3.919 0.5000000000
20939  -29.295  -58.464  -2.453 0.4000000060
22585  -31.026  -56.400  -1.491 0.4000000060
121636  -32.668  -55.715  -2.192 0.3000000119
25928  -30.970  -51.791  -1.340 0.5000000000
116147  -27.656  -73.260  -0.132 0.5000000000
9400  -29.229  -72.659  -0.609 0.5000000000
8619  -28.468  -73.019  -0.553 0.5000000000
10240  -30.682  -71.757  -2.328 0.5000000000
9427  -29.389  -72.485  -2.150 0.5000000000
9414  -28.885  -72.777  -1.375 0.4000000060
8600  -27.630  -73.135  0.728 0.5000000000
9401  -29.805  -72.247  -0.181 0.6000000238
124304  -29.157  -72.687  0.169 0.6000000238
9415  -30.189  -72.096  -1.778 0.5000000000
122200  -29.672  -72.397  -1.155 0.5000000000
10242  -31.844  -71.146  -2.708 0.4000000060
128978  -27.623  -72.177  3.195 0.6999999881
9350  -28.113  -72.234  2.644 0.6999999881
9367  -28.758  -72.263  1.861 0.6999999881
9386  -30.035  -71.737  0.475 0.5000000000
115131  -29.066  -72.577  1.011 0.6999999881
10231  -31.359  -70.876  -1.316 0.5000000000
10220  -30.886  -71.137  -0.558 0.5000000000
126524  -30.357  -71.638  -0.145 0.5000000000
11052  -32.211  -69.815  -1.766 0.5000000000
11063  -31.822  -70.607  -1.938 0.5000000000
9308  -25.598  -71.894  4.986 0.5000000000
9319  -26.250  -72.149  4.335 0.6999999881
10963  -27.319  -71.232  4.125 0.6999999881
9334  -26.948  -72.274  3.628 0.6999999881
10142  -27.454  -71.824  3.691 0.6999999881
9366  -27.970  -72.626  2.105 0.6000000238
10203  -30.064  -71.078  0.908 0.6999999881
9368  -29.558  -71.898  1.246 0.6000000238
11040  -31.303  -70.432  -0.694 0.5000000000
10204  -30.509  -71.069  0.264 0.6000000238
11051  -31.697  -70.122  -1.227 0.5000000000
12784  -32.806  -68.601  -2.246 0.5000000000
10112  -25.660  -71.008  5.470 0.5000000000
10125  -26.323  -71.477  4.809 0.6999999881
9335  -27.996  -71.771  3.190 0.6999999881
10979  -28.148  -71.029  3.236 0.6999999881
118968  -27.615  -70.555  3.808 0.6999999881
10182  -29.154  -71.563  1.877 0.8000000119
10160  -29.023  -70.871  2.118 0.6999999881
11912  -30.341  -69.726  0.580 0.6000000238
11028  -29.934  -70.266  1.108 0.6999999881
11925  -31.370  -68.968  -0.577 0.6999999881
11924  -30.876  -69.166  -0.014 0.6000000238
11939  -32.409  -69.093  -1.753 0.6000000238
11938  -31.854  -69.200  -1.161 0.6000000238
13599  -32.353  -67.747  -2.059 0.6000000238
124824  -25.107  -70.233  5.936 0.5000000000
124690  -26.027  -69.025  5.695 0.6000000238
11826  -26.077  -69.919  5.591 0.5000000000
11844  -26.849  -69.924  4.857 0.6000000238
115119  -27.113  -70.597  4.468 0.6999999881
11882  -27.723  -69.356  2.828 0.6999999881
11865  -27.551  -69.663  3.634 0.6000000238
11000  -28.497  -70.609  2.667 0.6999999881
11883  -28.192  -69.808  2.462 0.6999999881
10183  -29.565  -70.952  1.539 0.6999999881
13585  -30.995  -67.842  -0.785 0.6999999881
12775  -32.153  -68.445  -1.541 0.6999999881
123656  -31.703  -67.845  -1.362 0.6999999881
11825  -25.278  -69.258  5.981 0.5000000000
126617  -26.786  -68.506  4.805 0.6000000238
12700  -27.151  -69.168  4.353 0.6000000238
12719  -27.386  -68.835  3.421 0.6000000238
11899  -28.409  -69.576  1.838 0.8000000119
12742  -27.963  -68.973  1.295 0.5000000000
12731  -27.445  -68.643  2.496 0.6000000238
11911  -29.622  -69.494  0.990 0.6999999881
12752  -29.074  -68.786  0.616 0.6999999881
13597  -30.611  -67.333  -1.306 0.6999999881
13584  -29.906  -67.648  -0.721 0.6999999881
13609  -31.902  -67.018  -2.589 0.5000000000
13598  -31.609  -67.300  -1.843 0.6999999881
14450  -31.196  -66.544  -3.269 0.5000000000
11824  -24.386  -68.873  6.040 0.5000000000
12679  -25.582  -68.381  5.833 0.5000000000
14349  -26.070  -67.025  5.329 0.6000000238
12680  -26.320  -68.407  5.377 0.6000000238
13516  -26.610  -67.666  4.868 0.6000000238
12718  -27.117  -68.202  4.140 0.6000000238
13533  -26.936  -67.260  3.923 0.6000000238
13534  -27.199  -67.965  3.162 0.6000000238
13550  -26.881  -67.024  2.752 0.6000000238
12763  -27.699  -68.240  -0.151 0.6000000238
12750  -27.497  -68.371  0.730 0.5000000000
112410  -26.910  -67.334  1.710 0.5000000000
13583  -28.626  -67.902  -0.748 0.6000000238
12764  -28.267  -68.368  -0.115 0.6000000238
13596  -29.812  -67.167  -1.523 0.6000000238
124959  -29.034  -67.480  -1.279 0.6000000238
14449  -30.177  -66.462  -3.620 0.5000000000
12678  -24.765  -68.065  6.019 0.5000000000
14374  -26.580  -66.320  3.637 0.6000000238
12741  -27.497  -68.547  1.630 0.5000000000
13562  -26.691  -66.915  1.168 0.5000000000
13582  -27.759  -67.889  -1.039 0.4000000060
120005  -27.376  -67.801  -0.682 0.5000000000
13574  -27.162  -67.843  0.035 0.5000000000
132490  -28.940  -67.007  -2.637 0.6000000238
13491  -23.988  -67.315  5.889 0.5000000000
14348  -25.340  -66.691  5.603 0.6000000238
14360  -25.899  -66.153  5.108 0.6000000238
15196  -26.134  -65.774  4.301 0.6000000238
13581  -27.172  -67.516  -1.444 0.5000000000
124544  -23.415  -66.755  5.716 0.5000000000
14347  -24.385  -66.486  5.742 0.5000000000
15181  -25.095  -65.840  5.412 0.6000000238
128051  -23.652  -66.042  5.665 0.5000000000
15194  -24.712  -65.031  5.106 0.6000000238
15205  -25.514  -65.011  3.802 0.6000000238
14346  -22.808  -66.130  5.594 0.5000000000
112140  -23.230  -65.299  5.530 0.5000000000
111783  -23.919  -64.744  5.281 0.5000000000
16078  -24.322  -64.231  4.707 0.6000000238
16079  -24.931  -64.560  4.282 0.6000000238
15179  -22.204  -65.485  5.502 0.5000000000
16068  -22.413  -64.714  5.493 0.5000000000
16085  -24.677  -63.820  3.945 0.5000000000
16069  -23.174  -64.378  5.365 0.5000000000
111480  -21.749  -64.171  5.519 0.5000000000
111648  -22.502  -63.924  5.451 0.5000000000
16896  -23.750  -63.922  5.021 0.5000000000
16900  -24.723  -63.215  3.956 0.4000000060
16894  -21.927  -63.513  5.593 0.5000000000
16895  -23.171  -63.527  5.329 0.5000000000
17704  -23.856  -63.011  5.039 0.4000000060
16899  -24.291  -63.512  4.546 0.4000000060
113138  -22.498  -63.117  5.576 0.4000000060
125351  -23.904  -62.269  5.536 0.4000000060
17705  -24.652  -62.294  5.148 0.4000000060
14438  -29.497  -66.667  -3.054 0.5000000000
116668  -30.746  -66.487  -4.190 0.4000000060
129905  -27.178  -67.995  1.400 0.6000000238
17713  -24.976  -62.642  4.283 0.4000000060
18485  -25.575  -62.014  4.839 0.4000000060
10159  -28.582  -71.566  2.552 0.6999999881
127618  -29.226  -70.072  1.644 0.6999999881
12766  -30.411  -68.353  -0.211 0.6999999881
12753  -30.033  -68.907  0.423 0.6999999881
11898  -27.811  -69.164  2.034 0.6000000238
14430  -31.059  -67.109  -1.707 0.6999999881
12751  -28.120  -68.688  0.569 0.6999999881
12765  -29.415  -68.279  -0.026 0.6999999881
14429  -30.507  -66.899  -1.911 0.6000000238
14440  -31.162  -66.804  -2.276 0.6000000238
8601  -28.447  -72.962  0.459 0.6000000238
9320  -26.893  -71.758  4.229 0.6999999881
9349  -27.351  -72.510  2.786 0.6999999881
9402  -30.336  -71.890  -0.869 0.5000000000
10230  -30.827  -71.525  -1.489 0.5000000000
10241  -31.308  -71.264  -2.083 0.5000000000
10962  -26.530  -70.700  5.029 0.5000000000
10999  -28.008  -70.143  3.151 0.6999999881
11018  -28.681  -70.195  2.177 0.6999999881
11029  -30.377  -70.459  0.605 0.6999999881
11039  -30.909  -70.247  0.026 0.6000000238
11845  -27.289  -69.982  4.238 0.6999999881
11910  -28.765  -69.235  1.244 0.6999999881
11952  -32.735  -69.512  -2.270 0.5000000000
12767  -31.072  -68.522  -0.465 0.6999999881
12774  -31.555  -68.433  -0.933 0.6999999881
13492  -24.725  -67.289  5.892 0.5000000000
13493  -25.456  -67.523  5.755 0.5000000000
13494  -26.067  -67.779  5.500 0.6000000238
13551  -27.191  -67.911  2.186 0.6000000238
13594  -27.533  -67.607  -1.948 0.6000000238
13605  -27.108  -67.294  -3.082 0.6000000238
13607  -28.138  -67.511  -2.711 0.6999999881
13608  -28.913  -67.213  -1.989 0.6000000238
13614  -27.183  -67.280  -3.624 0.6000000238
13624  -27.378  -67.256  -4.158 0.5000000000
14361  -26.452  -66.654  4.602 0.6000000238
14420  -26.769  -66.785  -1.096 0.6000000238
14428  -29.701  -66.830  -2.257 0.6000000238
14437  -28.486  -67.129  -3.362 0.6000000238
14439  -30.419  -66.588  -2.683 0.6000000238
14459  -28.592  -66.720  -5.168 0.5000000000
14464  -27.014  -66.673  -5.663 0.5000000000
15180  -24.212  -65.571  5.508 0.5000000000
15195  -25.462  -65.366  4.756 0.6000000238
15222  -25.871  -65.013  1.442 0.6000000238
15257  -26.905  -66.277  -2.495 0.6000000238
16067  -21.542  -64.889  5.468 0.5000000000
16167  -26.581  -65.455  -6.340 0.6000000238
16908  -25.030  -63.481  3.203 0.6000000238
16932  -25.662  -63.501  1.986 0.6000000238
17703  -23.213  -62.671  5.552 0.4000000060
17712  -24.430  -62.921  4.540 0.4000000060
17743  -28.240  -61.948  1.141 0.6000000238
17749  -28.310  -62.128  0.298 0.5000000000
18534  -28.321  -61.861  -1.137 0.6999999881
18563  -25.332  -61.821  -5.055 0.5000000000
19377  -29.953  -60.052  -2.704 0.3000000119
19380  -25.250  -60.432  -4.240 0.5000000000
19389  -25.275  -60.608  -4.511 0.5000000000
20163  -26.030  -59.729  -4.442 0.5000000000
21728  -25.656  -57.443  -2.288 0.4000000060
21730  -29.762  -57.401  -1.885 0.4000000060
21731  -30.321  -57.556  -1.764 0.3000000119
23411  -32.124  -55.310  -1.592 0.4000000060
23424  -27.778  -55.362  -3.397 0.4000000060
24255  -32.398  -54.633  -1.585 0.3000000119
25059  -29.605  -53.808  -2.107 0.5000000000
25947  -29.365  -52.287  -3.127 0.5000000000
26781  -34.078  -51.936  -1.804 0.3000000119
119164  -26.808  -57.003  -3.647 0.4000000060
121047  -28.424  -60.377  -3.605 0.5000000000
122141  -31.228  -67.476  -1.371 0.6999999881
122461  -29.634  -55.143  -1.796 0.5000000000
122867  -27.729  -71.305  3.639 0.6999999881
123287  -26.581  -69.153  5.173 0.6000000238
123846  -31.381  -69.676  -0.560 0.6999999881
126425  -24.341  -67.694  5.950 0.5000000000
126627  -29.552  -72.280  0.579 0.5000000000
130033  -25.089  -61.522  -4.896 0.5000000000
131093  -26.867  -71.166  4.571 0.6999999881
132127  -26.068  -64.049  1.133 0.6000000238
133312  -26.765  -66.313  -6.150 0.5000000000
133325  -26.190  -65.523  1.223 0.6000000238
134022  -26.657  -66.560  -0.350 0.6000000238
134453  -25.006  -68.640  6.059 0.5000000000
