#!ascii label  , from subject sub-v1s5x0050733_ses-1 vox2ras=TkReg
1479
34838  10.469  -37.723  78.510 0.0000000000
58135  38.512  -12.490  52.621 0.0000000000
41121  27.682  -31.008  65.866 0.0000000000
45796  34.969  -24.888  70.229 0.0000000000
37745  20.555  -34.500  67.152 0.0000000000
37579  18.716  -34.071  77.121 0.0000000000
64319  47.361  -5.336  46.917 0.0000000000
61522  45.292  -7.766  55.481 0.0000000000
50577  35.289  -20.436  58.378 0.0000000000
66107  52.150  -3.784  38.423 0.0000000000
37661  28.502  -34.738  71.610 0.0000000000
36693  13.682  -35.297  77.740 0.0000000000
62494  46.815  -7.803  51.801 0.0000000000
61575  42.968  -7.829  49.892 0.0000000000
54426  39.237  -16.617  55.996 0.0000000000
57250  42.522  -13.351  57.311 0.0000000000
52377  35.809  -18.033  54.958 0.0000000000
113538  32.297  -26.514  62.792 0.0000000000
43897  30.262  -27.690  67.410 0.0000000000
37631  25.112  -34.836  73.083 0.0000000000
115593  23.556  -35.198  77.367 0.0000000000
36776  19.794  -35.321  72.255 0.0000000000
121406  14.104  -35.093  72.030 0.0000000000
38566  24.212  -33.313  66.635 0.0000000000
65148  51.195  -3.433  48.511 0.0000000000
64254  50.586  -4.800  53.953 0.0000000000
59778  41.903  -9.726  53.742 0.0000000000
54365  33.397  -15.708  60.274 0.0000000000
48728  35.982  -22.605  64.823 0.0000000000
65199  49.637  -4.913  42.892 0.0000000000
65195  53.832  -3.370  43.714 0.0000000000
65222  56.698  -3.636  41.118 0.0000000000
36733  29.183  -35.617  75.267 0.0000000000
35816  11.906  -36.600  77.638 0.0000000000
115238  13.845  -35.124  81.148 0.0000000000
35767  12.496  -36.542  81.427 0.0000000000
63440  42.731  -6.568  47.919 0.0000000000
55375  38.503  -15.587  58.675 0.0000000000
56327  39.716  -14.431  58.756 0.0000000000
32908  5.928  -39.434  82.227 0.0000000000
55432  35.657  -15.918  52.210 0.0000000000
42053  27.197  -28.939  63.692 0.0000000000
113907  28.625  -27.816  64.186 0.0000000000
42018  29.264  -29.062  66.751 0.0000000000
130830  22.525  -35.067  70.098 0.0000000000
36774  22.346  -35.694  72.298 0.0000000000
37708  19.631  -35.025  69.805 0.0000000000
37743  22.240  -34.210  66.950 0.0000000000
117094  24.815  -34.437  70.235 0.0000000000
37587  20.641  -34.744  77.031 0.0000000000
109301  49.703  -4.599  47.483 0.0000000000
113232  52.059  -4.187  51.064 0.0000000000
64280  49.487  -5.892  50.195 0.0000000000
63397  45.837  -6.940  54.390 0.0000000000
63380  47.101  -6.232  54.723 0.0000000000
59825  38.073  -10.283  50.843 0.0000000000
60673  40.219  -9.696  51.083 0.0000000000
58940  40.126  -11.095  53.180 0.0000000000
109528  32.343  -18.809  56.897 0.0000000000
54414  31.672  -16.010  57.329 0.0000000000
52338  34.686  -18.252  59.736 0.0000000000
45830  33.704  -25.841  66.632 0.0000000000
46813  34.227  -24.535  63.441 0.0000000000
47728  35.608  -23.606  67.305 0.0000000000
64348  46.742  -5.464  44.001 0.0000000000
65215  47.666  -4.736  42.012 0.0000000000
64346  48.694  -5.486  44.895 0.0000000000
64326  51.254  -5.146  46.147 0.0000000000
110504  56.432  -4.183  39.378 0.0000000000
123241  54.526  -4.460  40.410 0.0000000000
66079  55.516  -3.128  42.659 0.0000000000
65226  52.398  -4.477  40.846 0.0000000000
38511  29.035  -33.664  68.992 0.0000000000
40214  30.560  -31.837  68.693 0.0000000000
37658  31.477  -34.501  71.609 0.0000000000
37592  15.780  -34.349  76.511 0.0000000000
109170  18.604  -32.957  80.019 0.0000000000
110637  16.664  -33.072  80.545 0.0000000000
64321  45.658  -5.694  46.383 0.0000000000
63421  47.748  -6.474  50.034 0.0000000000
63437  44.992  -6.029  48.685 0.0000000000
62503  45.280  -7.902  50.417 0.0000000000
61549  44.144  -8.235  53.115 0.0000000000
56354  38.980  -14.504  54.341 0.0000000000
57268  40.888  -13.445  54.472 0.0000000000
55399  40.988  -15.017  56.165 0.0000000000
48840  34.455  -22.447  57.548 0.0000000000
110460  36.670  -22.898  70.955 0.0000000000
33863  8.453  -38.917  78.660 0.0000000000
34800  10.590  -38.067  81.942 0.0000000000
33835  8.307  -38.785  82.576 0.0000000000
58151  36.742  -13.131  51.261 0.0000000000
55424  37.349  -15.279  53.485 0.0000000000
53396  37.344  -17.720  55.810 0.0000000000
54395  36.497  -15.887  57.932 0.0000000000
43975  29.397  -27.219  61.169 0.0000000000
44863  31.312  -27.089  64.690 0.0000000000
44819  32.459  -26.821  68.389 0.0000000000
41984  31.327  -29.695  69.963 0.0000000000
42867  32.095  -27.945  71.038 0.0000000000
37600  26.905  -34.749  75.188 0.0000000000
36687  26.911  -35.599  78.280 0.0000000000
112644  24.166  -35.339  75.166 0.0000000000
111357  21.916  -35.684  74.915 0.0000000000
37619  19.106  -34.836  74.468 0.0000000000
37710  17.166  -33.794  69.879 0.0000000000
110391  17.000  -33.986  72.330 0.0000000000
37622  16.526  -34.318  74.541 0.0000000000
36741  14.428  -35.051  74.714 0.0000000000
35832  12.374  -36.196  75.250 0.0000000000
34883  9.991  -37.526  75.434 0.0000000000
41156  25.723  -30.510  63.257 0.0000000000
39442  24.111  -32.084  63.913 0.0000000000
39391  26.452  -32.308  66.570 0.0000000000
128503  26.532  -33.765  69.409 0.0000000000
37646  26.727  -34.620  72.813 0.0000000000
65103  52.086  -3.976  54.439 0.0000000000
63405  48.592  -6.543  52.791 0.0000000000
60698  40.261  -8.209  49.876 0.0000000000
60671  42.643  -9.645  52.103 0.0000000000
60632  43.542  -8.867  54.566 0.0000000000
58111  42.189  -12.205  54.516 0.0000000000
58902  44.334  -10.786  55.936 0.0000000000
52389  32.921  -17.630  54.180 0.0000000000
54412  34.408  -15.591  57.190 0.0000000000
56308  34.773  -14.070  60.610 0.0000000000
47816  34.782  -23.566  60.375 0.0000000000
126131  36.661  -21.745  61.279 0.0000000000
123539  37.175  -21.895  68.522 0.0000000000
50501  37.641  -20.400  65.868 0.0000000000
52309  37.197  -19.019  62.195 0.0000000000
127150  36.323  -16.614  63.480 0.0000000000
55314  36.100  -15.073  63.339 0.0000000000
65237  50.293  -4.310  40.551 0.0000000000
65197  51.641  -4.567  43.608 0.0000000000
124040  53.332  -3.838  46.294 0.0000000000
35831  29.889  -36.276  75.964 0.0000000000
34855  11.135  -37.166  77.912 0.0000000000
35789  12.298  -36.507  79.919 0.0000000000
35790  11.737  -37.074  80.258 0.0000000000
56316  37.392  -14.248  59.905 0.0000000000
56315  38.373  -13.979  59.692 0.0000000000
32924  4.488  -39.474  80.396 0.0000000000
127852  27.146  -30.000  64.372 0.0000000000
42027  28.402  -29.192  65.479 0.0000000000
130302  28.511  -30.119  66.220 0.0000000000
37724  21.649  -34.851  68.530 0.0000000000
36814  20.973  -35.395  70.062 0.0000000000
113660  19.609  -34.846  68.845 0.0000000000
38568  21.709  -33.968  66.196 0.0000000000
37744  21.412  -34.430  67.016 0.0000000000
37723  22.548  -34.635  68.387 0.0000000000
109657  19.950  -34.521  76.978 0.0000000000
37568  19.877  -33.910  78.259 0.0000000000
64304  48.379  -4.990  48.003 0.0000000000
64286  49.397  -4.702  48.972 0.0000000000
64293  48.587  -5.035  48.770 0.0000000000
62460  45.303  -7.266  54.418 0.0000000000
62445  46.153  -6.961  55.549 0.0000000000
58957  38.395  -11.363  51.554 0.0000000000
58956  39.129  -11.048  51.880 0.0000000000
58941  39.461  -11.430  52.709 0.0000000000
51484  33.977  -20.284  56.909 0.0000000000
51475  34.086  -19.636  57.480 0.0000000000
52359  32.886  -18.243  57.955 0.0000000000
52347  35.037  -18.980  59.195 0.0000000000
45806  34.380  -25.363  68.267 0.0000000000
46777  34.723  -24.686  66.982 0.0000000000
46770  34.921  -24.750  68.557 0.0000000000
111425  47.165  -5.532  46.024 0.0000000000
64347  47.926  -5.427  44.294 0.0000000000
64318  48.045  -5.389  46.308 0.0000000000
64317  49.496  -5.080  46.877 0.0000000000
65266  53.434  -4.378  38.410 0.0000000000
65249  52.774  -4.513  39.455 0.0000000000
109419  53.606  -4.392  40.955 0.0000000000
109361  52.089  -4.474  39.913 0.0000000000
120364  28.960  -34.325  70.256 0.0000000000
37698  30.183  -34.011  69.920 0.0000000000
37660  29.909  -34.775  71.100 0.0000000000
37593  14.963  -34.627  76.894 0.0000000000
38463  16.333  -33.677  78.574 0.0000000000
37557  14.975  -34.235  79.162 0.0000000000
117135  14.288  -34.722  83.133 0.0000000000
38423  15.538  -33.685  83.109 0.0000000000
64322  44.832  -5.838  46.165 0.0000000000
63447  45.305  -5.697  47.951 0.0000000000
63462  44.175  -5.965  46.846 0.0000000000
62521  43.017  -6.773  48.821 0.0000000000
122657  44.109  -7.240  49.672 0.0000000000
62505  43.650  -7.719  49.935 0.0000000000
61558  44.476  -8.821  52.073 0.0000000000
109962  44.100  -8.913  51.116 0.0000000000
55415  39.497  -15.214  54.908 0.0000000000
55414  40.212  -14.801  54.967 0.0000000000
55400  40.465  -15.623  56.580 0.0000000000
64332  45.504  -5.749  45.488 0.0000000000
33845  8.896  -38.954  80.856 0.0000000000
127455  7.694  -39.344  80.446 0.0000000000
57294  36.064  -13.701  51.023 0.0000000000
56376  37.099  -14.098  52.352 0.0000000000
56369  36.604  -14.753  52.280 0.0000000000
53419  36.059  -17.575  53.814 0.0000000000
54437  36.809  -17.234  54.167 0.0000000000
117250  36.407  -17.912  55.531 0.0000000000
53372  37.187  -17.280  57.169 0.0000000000
53373  36.356  -17.204  56.857 0.0000000000
109237  27.740  -27.407  60.970 0.0000000000
43911  29.605  -27.834  66.213 0.0000000000
43924  29.907  -27.466  65.048 0.0000000000
44840  30.767  -27.211  66.192 0.0000000000
44839  31.720  -26.952  66.535 0.0000000000
44820  31.631  -27.127  68.152 0.0000000000
122815  31.972  -32.052  70.611 0.0000000000
41093  30.707  -30.932  68.954 0.0000000000
40200  32.088  -31.118  70.902 0.0000000000
41954  32.365  -29.181  71.910 0.0000000000
43845  33.026  -27.218  71.937 0.0000000000
122688  26.166  -34.760  74.533 0.0000000000
37601  26.002  -34.797  75.420 0.0000000000
36753  24.312  -35.197  73.584 0.0000000000
36775  20.553  -35.559  72.107 0.0000000000
109791  22.004  -35.803  74.001 0.0000000000
115647  20.540  -35.506  73.864 0.0000000000
36739  20.502  -35.359  74.701 0.0000000000
112569  18.918  -34.816  73.256 0.0000000000
124852  17.183  -33.550  68.489 0.0000000000
36804  14.302  -34.736  70.502 0.0000000000
125346  15.680  -33.977  71.154 0.0000000000
37671  15.650  -34.209  71.914 0.0000000000
37635  16.469  -34.185  73.102 0.0000000000
37636  15.704  -34.429  73.584 0.0000000000
37624  15.077  -34.694  74.144 0.0000000000
111757  14.233  -35.124  72.943 0.0000000000
112412  11.195  -36.787  74.985 0.0000000000
42065  25.421  -29.320  62.042 0.0000000000
41167  24.708  -30.473  62.289 0.0000000000
38584  23.319  -33.137  65.449 0.0000000000
39411  24.597  -32.527  65.396 0.0000000000
39427  25.111  -32.030  64.892 0.0000000000
38565  25.061  -33.053  66.897 0.0000000000
38545  26.253  -33.103  67.860 0.0000000000
38527  25.669  -33.519  68.419 0.0000000000
37665  24.653  -34.753  71.457 0.0000000000
117535  25.916  -34.338  71.180 0.0000000000
37647  25.994  -34.629  72.897 0.0000000000
37617  26.682  -34.759  74.132 0.0000000000
36688  25.436  -35.114  78.315 0.0000000000
34787  9.994  -37.160  84.407 0.0000000000
35760  11.151  -36.754  84.117 0.0000000000
66010  52.212  -3.199  49.729 0.0000000000
64264  51.607  -4.677  52.723 0.0000000000
65124  52.337  -4.158  52.260 0.0000000000
64253  51.480  -4.393  53.790 0.0000000000
64241  50.409  -4.593  54.817 0.0000000000
63422  47.051  -6.941  50.215 0.0000000000
62492  48.519  -7.039  51.349 0.0000000000
62480  48.173  -7.136  52.176 0.0000000000
64244  47.827  -5.826  55.422 0.0000000000
59794  41.155  -10.253  53.220 0.0000000000
128263  41.409  -10.111  52.015 0.0000000000
60648  41.805  -9.788  53.470 0.0000000000
131199  42.691  -8.926  53.577 0.0000000000
60633  42.578  -9.116  54.076 0.0000000000
57262  41.930  -13.661  55.461 0.0000000000
58112  41.326  -12.620  54.368 0.0000000000
58107  42.680  -12.788  55.379 0.0000000000
52390  31.769  -17.603  54.482 0.0000000000
54397  32.516  -15.743  58.888 0.0000000000
113382  32.394  -15.564  57.435 0.0000000000
55380  32.888  -15.010  58.509 0.0000000000
55378  34.851  -14.829  58.534 0.0000000000
55366  33.805  -14.583  59.891 0.0000000000
44917  30.735  -26.753  60.221 0.0000000000
44902  32.092  -26.197  61.060 0.0000000000
47760  34.956  -23.837  64.387 0.0000000000
113722  34.213  -24.370  61.924 0.0000000000
114015  35.264  -23.339  62.028 0.0000000000
47815  35.419  -22.998  60.523 0.0000000000
48757  36.380  -22.200  62.996 0.0000000000
48658  36.874  -22.670  70.002 0.0000000000
51385  38.272  -19.067  66.325 0.0000000000
116155  37.722  -19.896  64.192 0.0000000000
52282  37.769  -18.431  64.776 0.0000000000
52299  36.856  -18.220  62.699 0.0000000000
130285  37.570  -17.563  65.028 0.0000000000
65214  48.407  -4.789  42.105 0.0000000000
112317  49.664  -4.486  41.024 0.0000000000
65211  51.433  -4.452  42.016 0.0000000000
65198  50.635  -4.838  43.324 0.0000000000
65170  51.558  -4.617  46.969 0.0000000000
64315  52.054  -4.769  46.284 0.0000000000
65157  52.405  -3.726  47.511 0.0000000000
66032  53.193  -2.752  48.049 0.0000000000
110020  56.437  -3.842  40.276 0.0000000000
66080  54.816  -3.162  42.618 0.0000000000
66061  55.357  -2.759  44.481 0.0000000000
66062  54.737  -2.852  44.732 0.0000000000
122433  29.249  -35.345  73.175 0.0000000000
36770  29.717  -35.303  72.539 0.0000000000
36731  30.177  -35.829  74.457 0.0000000000
36694  12.956  -35.810  77.502 0.0000000000
37559  14.125  -34.831  79.334 0.0000000000
36682  12.961  -35.755  78.868 0.0000000000
114138  13.183  -35.821  81.248 0.0000000000
36630  13.747  -35.064  84.081 0.0000000000
62535  41.872  -6.772  47.927 0.0000000000
120384  41.260  -7.067  48.420 0.0000000000
54407  39.288  -16.600  57.425 0.0000000000
55391  39.764  -15.962  57.786 0.0000000000
55374  39.367  -15.416  58.446 0.0000000000
56314  39.249  -13.602  59.394 0.0000000000
32922  6.456  -39.549  80.493 0.0000000000
32923  5.488  -39.590  80.518 0.0000000000
109591  4.791  -39.597  82.195 0.0000000000
119995  35.477  -15.015  51.463 0.0000000000
53420  35.243  -17.690  53.487 0.0000000000
43965  27.611  -27.775  62.985 0.0000000000
42953  27.722  -28.498  64.072 0.0000000000
42939  28.713  -28.308  65.282 0.0000000000
42909  29.723  -28.305  67.195 0.0000000000
37666  23.840  -35.051  71.666 0.0000000000
36773  23.216  -35.479  72.362 0.0000000000
36786  22.795  -35.452  71.531 0.0000000000
36788  21.000  -35.591  71.505 0.0000000000
36803  19.680  -35.189  70.673 0.0000000000
36790  13.249  -35.511  71.588 0.0000000000
36806  12.411  -35.609  70.601 0.0000000000
115422  22.470  -33.515  65.621 0.0000000000
38548  23.605  -33.816  67.212 0.0000000000
37721  24.259  -34.091  68.667 0.0000000000
37722  23.414  -34.333  68.343 0.0000000000
114607  23.959  -34.680  69.999 0.0000000000
36692  22.140  -35.116  77.336 0.0000000000
128665  50.609  -3.769  48.103 0.0000000000
65131  51.596  -3.824  50.019 0.0000000000
65139  50.728  -4.186  49.434 0.0000000000
114553  50.892  -5.542  51.148 0.0000000000
63413  50.320  -6.078  51.383 0.0000000000
62482  46.406  -7.511  52.725 0.0000000000
62470  46.810  -6.842  53.353 0.0000000000
63396  46.487  -6.583  54.200 0.0000000000
63352  46.805  -6.597  56.072 0.0000000000
60699  39.350  -8.728  50.143 0.0000000000
59812  39.508  -10.265  51.390 0.0000000000
59795  40.546  -10.602  52.840 0.0000000000
59780  40.716  -10.735  53.478 0.0000000000
58102  43.120  -12.773  57.166 0.0000000000
53412  30.957  -17.680  55.466 0.0000000000
53401  30.891  -16.946  55.797 0.0000000000
52360  32.012  -17.525  57.621 0.0000000000
53360  32.549  -16.778  58.784 0.0000000000
54381  33.470  -16.578  60.048 0.0000000000
44861  32.971  -26.242  64.463 0.0000000000
113512  33.251  -25.581  62.893 0.0000000000
45851  33.992  -25.162  65.000 0.0000000000
129150  34.803  -24.273  65.378 0.0000000000
47737  35.585  -23.378  66.297 0.0000000000
64365  46.479  -5.228  43.271 0.0000000000
65216  46.799  -4.597  41.886 0.0000000000
64364  47.389  -5.297  43.488 0.0000000000
64363  48.264  -5.255  43.534 0.0000000000
64362  49.060  -5.238  43.698 0.0000000000
64361  49.890  -5.198  43.986 0.0000000000
112002  49.477  -5.457  45.322 0.0000000000
64316  50.383  -5.045  46.712 0.0000000000
65282  54.999  -4.541  37.874 0.0000000000
65247  55.428  -4.396  39.880 0.0000000000
65235  55.535  -3.813  40.837 0.0000000000
66084  56.270  -3.348  41.836 0.0000000000
109420  54.684  -3.817  41.367 0.0000000000
65225  54.067  -3.845  41.768 0.0000000000
125820  53.129  -3.962  42.329 0.0000000000
39389  28.041  -32.088  67.028 0.0000000000
40222  29.468  -31.649  67.685 0.0000000000
38523  29.695  -33.187  68.578 0.0000000000
38508  31.218  -33.359  70.207 0.0000000000
131249  31.950  -33.893  71.561 0.0000000000
37591  17.017  -33.967  76.663 0.0000000000
38468  18.158  -33.678  77.859 0.0000000000
38462  17.123  -33.461  78.695 0.0000000000
38453  17.335  -32.908  80.279 0.0000000000
125881  15.149  -33.956  80.708 0.0000000000
38432  16.705  -32.982  82.531 0.0000000000
64320  46.487  -5.523  46.632 0.0000000000
64294  47.764  -5.289  48.536 0.0000000000
63446  46.119  -5.542  48.095 0.0000000000
63429  45.759  -6.243  49.325 0.0000000000
62511  46.311  -6.850  49.966 0.0000000000
63438  44.286  -6.271  48.708 0.0000000000
62512  45.505  -7.075  49.921 0.0000000000
127663  46.366  -8.009  51.269 0.0000000000
61547  45.961  -8.183  52.088 0.0000000000
62484  44.668  -7.699  53.535 0.0000000000
62461  44.712  -7.618  54.346 0.0000000000
57274  38.806  -13.376  53.647 0.0000000000
58124  39.376  -12.584  53.615 0.0000000000
57273  39.377  -13.313  53.974 0.0000000000
55407  40.856  -14.706  55.410 0.0000000000
122267  41.488  -14.531  56.498 0.0000000000
55390  40.432  -15.550  57.365 0.0000000000
56334  41.473  -14.410  57.352 0.0000000000
57251  41.896  -13.679  57.820 0.0000000000
49735  35.176  -21.226  58.131 0.0000000000
128362  35.878  -23.872  70.382 0.0000000000
64379  45.252  -5.020  43.067 0.0000000000
64349  45.926  -5.479  43.967 0.0000000000
111996  46.325  -5.649  45.751 0.0000000000
66934  51.997  -2.639  37.050 0.0000000000
114269  51.364  -2.591  37.496 0.0000000000
34823  9.825  -38.282  78.913 0.0000000000
34809  10.446  -38.184  80.455 0.0000000000
33844  9.692  -38.708  80.648 0.0000000000
33834  9.355  -38.633  82.333 0.0000000000
34796  8.548  -37.872  84.092 0.0000000000
33836  7.461  -38.968  82.422 0.0000000000
58958  37.694  -11.611  51.194 0.0000000000
58165  36.972  -11.789  50.786 0.0000000000
58136  37.899  -12.934  52.270 0.0000000000
57281  37.702  -13.778  52.794 0.0000000000
55423  37.968  -14.962  53.940 0.0000000000
54435  38.246  -16.423  54.841 0.0000000000
126326  36.689  -15.883  53.154 0.0000000000
54436  37.538  -16.855  54.502 0.0000000000
54427  38.533  -16.944  55.627 0.0000000000
53371  38.126  -17.307  57.186 0.0000000000
54394  37.343  -16.146  58.165 0.0000000000
55363  36.992  -14.922  59.287 0.0000000000
44904  30.772  -26.978  61.795 0.0000000000
121809  29.220  -27.364  62.938 0.0000000000
43951  30.050  -27.310  63.343 0.0000000000
122391  31.773  -26.926  64.057 0.0000000000
44849  32.401  -26.748  65.727 0.0000000000
116464  33.131  -26.433  66.912 0.0000000000
45798  34.039  -25.907  69.027 0.0000000000
41100  29.898  -30.988  68.003 0.0000000000
41996  30.259  -29.151  68.369 0.0000000000
42881  30.774  -28.684  69.028 0.0000000000
41077  32.462  -30.109  72.022 0.0000000000
109288  31.455  -28.836  70.224 0.0000000000
43869  31.449  -27.695  69.348 0.0000000000
43868  31.978  -27.263  69.856 0.0000000000
44800  33.363  -26.440  70.605 0.0000000000
45787  34.507  -25.480  70.615 0.0000000000
36712  28.213  -35.365  76.495 0.0000000000
36701  27.157  -35.142  77.503 0.0000000000
36714  25.523  -34.931  76.332 0.0000000000
36704  24.075  -35.241  76.697 0.0000000000
36755  22.871  -35.713  73.750 0.0000000000
128671  23.099  -35.610  75.081 0.0000000000
115562  22.582  -35.344  76.724 0.0000000000
36706  21.059  -35.198  76.214 0.0000000000
37602  20.075  -34.826  76.173 0.0000000000
37589  18.497  -34.394  76.115 0.0000000000
37726  18.563  -34.409  68.693 0.0000000000
119153  18.721  -34.628  69.605 0.0000000000
37688  18.054  -34.325  70.879 0.0000000000
38516  15.881  -33.517  69.443 0.0000000000
37689  17.215  -33.891  70.733 0.0000000000
123819  17.886  -34.321  72.385 0.0000000000
109475  17.375  -34.246  73.115 0.0000000000
37621  17.363  -34.352  74.726 0.0000000000
37605  17.381  -34.277  75.504 0.0000000000
37607  15.908  -34.410  75.705 0.0000000000
110543  15.136  -34.663  76.010 0.0000000000
122985  13.866  -35.331  76.136 0.0000000000
36759  13.559  -35.490  73.499 0.0000000000
36723  13.024  -35.810  74.894 0.0000000000
127118  13.029  -35.809  75.891 0.0000000000
35823  12.234  -36.319  76.088 0.0000000000
35817  11.385  -36.877  77.045 0.0000000000
34856  10.670  -37.353  77.087 0.0000000000
34857  9.743  -37.904  77.065 0.0000000000
33877  8.226  -38.709  77.296 0.0000000000
42064  25.991  -29.135  62.489 0.0000000000
41165  26.195  -29.798  63.088 0.0000000000
40250  27.059  -31.130  65.326 0.0000000000
40294  25.202  -31.207  63.532 0.0000000000
40251  25.854  -31.755  65.146 0.0000000000
40240  26.995  -31.696  66.018 0.0000000000
38544  27.293  -32.967  67.926 0.0000000000
38512  28.070  -33.715  69.199 0.0000000000
37681  28.193  -34.333  70.550 0.0000000000
37703  25.354  -34.059  69.709 0.0000000000
37663  26.767  -34.329  71.316 0.0000000000
108972  27.907  -34.694  72.225 0.0000000000
37628  27.758  -34.891  73.645 0.0000000000
37599  27.780  -34.985  75.471 0.0000000000
35768  11.873  -37.136  81.970 0.0000000000
35758  12.383  -36.366  83.519 0.0000000000
65123  52.905  -3.445  51.799 0.0000000000
63427  48.589  -6.151  50.015 0.0000000000
62491  49.484  -6.555  51.575 0.0000000000
64266  49.958  -5.593  53.203 0.0000000000
63394  48.217  -6.118  53.667 0.0000000000
64256  48.823  -5.527  54.336 0.0000000000
64242  49.563  -4.990  54.973 0.0000000000
62523  40.444  -7.331  48.394 0.0000000000
61576  42.140  -7.923  49.843 0.0000000000
60686  40.166  -8.981  50.512 0.0000000000
61566  41.786  -8.647  50.366 0.0000000000
110413  42.667  -8.584  50.395 0.0000000000
60660  42.967  -8.979  52.945 0.0000000000
61540  44.000  -7.936  54.022 0.0000000000
61523  44.832  -8.216  55.337 0.0000000000
58123  39.957  -12.078  53.811 0.0000000000
58912  41.344  -11.396  54.192 0.0000000000
58911  42.184  -11.069  54.361 0.0000000000
118191  43.284  -12.486  56.142 0.0000000000
131590  43.293  -12.016  55.358 0.0000000000
59764  43.123  -9.911  54.543 0.0000000000
59753  43.979  -10.008  55.098 0.0000000000
60619  44.743  -9.038  55.698 0.0000000000
52412  33.790  -17.744  52.876 0.0000000000
52388  34.522  -17.908  54.521 0.0000000000
53399  32.875  -16.528  55.474 0.0000000000
53387  33.789  -16.359  55.987 0.0000000000
53386  34.811  -17.088  55.898 0.0000000000
54396  35.401  -15.564  57.688 0.0000000000
55364  35.760  -14.726  59.117 0.0000000000
56307  35.603  -13.908  60.653 0.0000000000
45885  33.180  -25.226  61.097 0.0000000000
128223  34.805  -23.031  58.936 0.0000000000
48831  35.546  -22.230  59.243 0.0000000000
50566  36.146  -20.626  59.536 0.0000000000
117841  35.926  -23.517  68.608 0.0000000000
47727  36.163  -23.039  67.855 0.0000000000
127754  36.449  -22.284  66.724 0.0000000000
49615  37.502  -21.023  67.550 0.0000000000
49648  36.782  -21.609  65.415 0.0000000000
49670  37.283  -21.059  63.053 0.0000000000
50529  37.384  -20.269  61.862 0.0000000000
51451  36.103  -19.816  59.753 0.0000000000
52323  35.718  -18.475  60.709 0.0000000000
110231  35.069  -17.643  61.018 0.0000000000
53317  34.318  -16.678  61.159 0.0000000000
54304  37.513  -16.158  65.288 0.0000000000
54311  36.449  -15.897  63.803 0.0000000000
55339  34.646  -14.862  61.980 0.0000000000
56285  35.307  -14.164  62.188 0.0000000000
66109  50.708  -3.309  38.723 0.0000000000
65250  51.345  -4.148  39.655 0.0000000000
109752  51.275  -4.376  40.444 0.0000000000
65210  52.356  -4.290  41.758 0.0000000000
65196  52.899  -3.989  43.910 0.0000000000
65186  51.872  -4.670  44.592 0.0000000000
65185  52.836  -4.177  45.032 0.0000000000
65184  53.807  -3.369  44.603 0.0000000000
118641  54.187  -3.019  46.247 0.0000000000
35821  28.955  -36.900  77.218 0.0000000000
35820  29.813  -37.032  76.693 0.0000000000
34837  11.175  -37.333  78.945 0.0000000000
35805  11.760  -36.894  79.420 0.0000000000
34821  11.224  -37.491  79.823 0.0000000000
41133  27.557  -30.558  65.343 0.0000000000
41132  28.137  -30.140  65.772 0.0000000000
41120  28.342  -30.741  66.389 0.0000000000
109949  21.081  -34.735  67.824 0.0000000000
114632  20.700  -34.939  68.648 0.0000000000
130007  20.134  -34.710  67.937 0.0000000000
37578  19.527  -34.168  77.440 0.0000000000
38467  19.162  -33.727  78.114 0.0000000000
111426  48.191  -5.192  47.200 0.0000000000
64305  47.554  -5.221  47.768 0.0000000000
62446  45.413  -7.306  55.000 0.0000000000
62431  45.867  -7.348  55.814 0.0000000000
58942  38.786  -11.766  52.255 0.0000000000
50586  34.686  -20.573  57.533 0.0000000000
51466  34.741  -19.723  58.085 0.0000000000
118740  34.678  -19.130  58.616 0.0000000000
51465  35.269  -19.664  58.740 0.0000000000
124603  34.581  -25.280  68.962 0.0000000000
46764  34.981  -24.812  69.367 0.0000000000
65267  52.794  -4.282  38.717 0.0000000000
65268  52.084  -4.179  39.172 0.0000000000
111241  28.994  -34.635  70.927 0.0000000000
36785  29.368  -34.969  71.715 0.0000000000
126508  14.118  -35.095  76.925 0.0000000000
37570  14.873  -34.474  78.277 0.0000000000
37571  14.247  -34.818  78.461 0.0000000000
63472  43.998  -5.983  45.947 0.0000000000
62514  42.534  -7.272  49.336 0.0000000000
62513  43.325  -7.190  49.447 0.0000000000
61565  43.524  -8.438  50.417 0.0000000000
55408  39.627  -15.947  55.624 0.0000000000
55401  39.849  -16.136  56.316 0.0000000000
33853  7.688  -39.311  79.778 0.0000000000
57307  35.276  -13.345  50.289 0.0000000000
56377  36.041  -14.530  51.557 0.0000000000
53408  36.313  -17.833  54.631 0.0000000000
43910  30.186  -27.543  66.619 0.0000000000
43909  30.807  -27.307  67.048 0.0000000000
44829  31.447  -27.086  67.422 0.0000000000
43896  30.926  -27.419  67.835 0.0000000000
39344  32.196  -32.493  71.089 0.0000000000
122112  32.366  -31.748  71.400 0.0000000000
37618  25.246  -34.913  74.274 0.0000000000
123829  20.427  -35.539  72.948 0.0000000000
36757  19.940  -35.326  73.574 0.0000000000
113918  19.544  -35.156  73.044 0.0000000000
37672  14.836  -34.544  71.393 0.0000000000
37651  15.657  -34.354  72.761 0.0000000000
37652  14.909  -34.668  72.395 0.0000000000
37637  14.985  -34.710  73.280 0.0000000000
38583  24.019  -33.023  65.848 0.0000000000
39393  24.805  -32.784  66.147 0.0000000000
38546  25.354  -33.280  67.653 0.0000000000
38547  24.505  -33.533  67.410 0.0000000000
37648  24.745  -34.827  72.153 0.0000000000
131032  25.483  -34.666  72.367 0.0000000000
37630  25.949  -34.738  73.707 0.0000000000
36689  24.514  -35.028  77.863 0.0000000000
35754  9.880  -36.357  85.582 0.0000000000
35753  10.701  -36.339  85.049 0.0000000000
66021  52.014  -3.020  48.971 0.0000000000
66009  52.985  -2.659  49.578 0.0000000000
64265  50.812  -5.216  52.989 0.0000000000
65104  51.319  -4.281  54.709 0.0000000000
62502  46.950  -7.570  50.875 0.0000000000
62493  47.620  -7.433  51.538 0.0000000000
60647  42.328  -9.276  53.679 0.0000000000
57257  42.369  -13.557  56.217 0.0000000000
52400  31.320  -18.107  54.011 0.0000000000
54382  32.952  -15.740  59.629 0.0000000000
112763  32.853  -15.173  59.221 0.0000000000
54366  33.220  -15.078  59.787 0.0000000000
55353  33.640  -14.998  60.464 0.0000000000
44903  31.540  -26.631  61.443 0.0000000000
44916  31.484  -26.471  60.644 0.0000000000
44888  32.184  -26.370  61.899 0.0000000000
47766  35.333  -23.306  63.897 0.0000000000
47781  35.321  -23.279  62.969 0.0000000000
48742  35.799  -22.759  63.424 0.0000000000
48758  35.889  -22.703  62.338 0.0000000000
48741  36.243  -22.252  64.004 0.0000000000
51391  38.100  -18.786  65.566 0.0000000000
52273  37.874  -17.920  65.579 0.0000000000
124151  49.049  -4.804  42.190 0.0000000000
121025  48.976  -4.621  41.508 0.0000000000
65213  49.712  -4.655  41.808 0.0000000000
65212  50.540  -4.648  42.339 0.0000000000
65158  51.274  -3.729  47.848 0.0000000000
65147  52.054  -3.107  48.329 0.0000000000
65234  56.793  -3.778  40.302 0.0000000000
125072  57.055  -3.878  40.606 0.0000000000
65221  57.174  -4.075  41.253 0.0000000000
66070  54.309  -3.202  43.180 0.0000000000
66069  55.222  -2.978  43.489 0.0000000000
118073  54.540  -3.024  44.004 0.0000000000
66051  55.476  -2.584  45.310 0.0000000000
36751  28.538  -35.138  73.464 0.0000000000
110544  29.307  -35.512  74.142 0.0000000000
128069  12.435  -36.228  77.379 0.0000000000
129832  13.137  -35.666  78.179 0.0000000000
35815  12.532  -36.168  78.153 0.0000000000
35774  12.223  -36.686  80.633 0.0000000000
36652  12.734  -36.167  80.521 0.0000000000
36639  13.049  -35.985  82.189 0.0000000000
36634  13.558  -35.484  82.888 0.0000000000
62536  41.175  -6.848  47.439 0.0000000000
54392  38.991  -16.246  58.135 0.0000000000
42968  26.685  -28.885  63.083 0.0000000000
42967  27.296  -28.277  63.429 0.0000000000
42019  28.707  -29.529  66.128 0.0000000000
42924  28.985  -28.654  65.999 0.0000000000
42923  29.402  -28.244  66.498 0.0000000000
42008  29.744  -29.084  67.566 0.0000000000
36800  23.240  -35.025  70.658 0.0000000000
36801  22.274  -35.399  70.761 0.0000000000
37707  20.421  -35.143  69.454 0.0000000000
36802  21.426  -35.502  70.777 0.0000000000
119293  20.594  -35.449  70.763 0.0000000000
36789  20.141  -35.435  71.463 0.0000000000
38585  21.568  -33.607  65.314 0.0000000000
37756  22.519  -33.842  66.393 0.0000000000
38549  22.901  -33.934  66.891 0.0000000000
128948  23.468  -34.086  67.766 0.0000000000
37742  22.882  -34.249  67.596 0.0000000000
108902  22.273  -34.929  69.297 0.0000000000
37686  23.116  -34.817  69.700 0.0000000000
37586  21.451  -34.959  77.203 0.0000000000
37576  22.013  -34.731  78.197 0.0000000000
65159  49.988  -4.110  48.073 0.0000000000
65149  50.489  -3.896  48.660 0.0000000000
65150  49.831  -4.328  48.562 0.0000000000
64285  50.051  -5.036  49.635 0.0000000000
64279  50.315  -5.716  50.587 0.0000000000
62471  45.961  -7.038  53.706 0.0000000000
63366  46.572  -6.616  55.429 0.0000000000
60688  38.229  -9.541  50.496 0.0000000000
60687  38.853  -9.264  50.497 0.0000000000
59824  38.778  -9.851  50.906 0.0000000000
59796  39.874  -10.823  52.315 0.0000000000
52380  31.051  -18.365  55.744 0.0000000000
52371  30.877  -17.604  56.186 0.0000000000
52370  31.512  -17.812  56.987 0.0000000000
52348  34.135  -18.348  58.991 0.0000000000
52349  33.189  -17.887  58.560 0.0000000000
53359  33.334  -17.486  59.104 0.0000000000
53351  32.966  -16.623  59.427 0.0000000000
53350  33.832  -17.495  59.627 0.0000000000
112435  33.397  -25.889  65.125 0.0000000000
45852  33.559  -25.554  64.334 0.0000000000
45842  33.849  -25.528  65.804 0.0000000000
129989  35.129  -24.227  67.355 0.0000000000
46785  34.745  -24.527  66.327 0.0000000000
46794  35.044  -24.053  65.859 0.0000000000
47748  35.383  -23.506  65.532 0.0000000000
124369  48.668  -5.384  44.196 0.0000000000
64345  49.316  -5.394  44.516 0.0000000000
64302  50.527  -4.277  47.533 0.0000000000
109418  54.376  -4.676  39.448 0.0000000000
109360  54.190  -4.595  38.566 0.0000000000
109232  53.268  -4.150  41.717 0.0000000000
65209  53.988  -3.564  42.395 0.0000000000
39365  28.753  -32.762  67.832 0.0000000000
38524  28.969  -33.191  68.283 0.0000000000
37679  30.399  -34.378  70.629 0.0000000000
38502  30.831  -33.901  70.322 0.0000000000
37678  31.009  -34.324  70.895 0.0000000000
38501  31.474  -33.795  70.872 0.0000000000
37580  16.424  -33.981  77.063 0.0000000000
120012  17.246  -33.828  77.359 0.0000000000
125466  16.743  -33.748  77.900 0.0000000000
38454  15.944  -33.616  79.371 0.0000000000
126343  16.806  -33.302  79.455 0.0000000000
38441  17.630  -32.783  81.332 0.0000000000
38442  17.223  -32.802  81.968 0.0000000000
114855  13.987  -34.913  80.242 0.0000000000
37558  14.751  -34.354  80.124 0.0000000000
37549  14.769  -34.293  81.223 0.0000000000
64306  46.695  -5.388  47.506 0.0000000000
64307  45.854  -5.572  47.265 0.0000000000
128128  45.680  -5.782  48.610 0.0000000000
117464  42.834  -6.411  47.050 0.0000000000
63449  43.515  -6.226  47.437 0.0000000000
63439  43.615  -6.367  48.337 0.0000000000
115406  44.807  -7.373  49.935 0.0000000000
112342  46.134  -7.618  50.531 0.0000000000
61563  45.729  -8.286  51.165 0.0000000000
61557  45.280  -8.525  51.809 0.0000000000
61548  45.025  -8.231  52.584 0.0000000000
62473  44.613  -7.527  54.064 0.0000000000
122775  44.066  -7.873  53.791 0.0000000000
56360  39.004  -13.870  54.062 0.0000000000
56345  41.446  -14.385  55.796 0.0000000000
55373  40.178  -15.150  58.144 0.0000000000
56326  40.500  -14.139  58.463 0.0000000000
56325  41.242  -13.889  58.178 0.0000000000
57245  41.590  -12.814  58.772 0.0000000000
48848  34.215  -22.184  56.893 0.0000000000
49742  34.082  -21.593  56.554 0.0000000000
49741  34.604  -21.573  57.334 0.0000000000
115837  45.037  -5.417  43.802 0.0000000000
64366  45.732  -5.246  43.396 0.0000000000
33862  9.137  -38.574  78.394 0.0000000000
34810  9.817  -38.513  79.800 0.0000000000
33851  9.137  -38.751  79.216 0.0000000000
33842  8.669  -38.933  81.671 0.0000000000
33841  9.492  -38.771  81.453 0.0000000000
33825  8.968  -38.368  83.204 0.0000000000
32914  6.265  -39.537  81.254 0.0000000000
32907  6.924  -39.303  81.894 0.0000000000
33837  6.732  -38.995  82.724 0.0000000000
58970  37.354  -10.903  50.681 0.0000000000
58152  36.114  -12.844  50.610 0.0000000000
58166  36.240  -12.037  50.385 0.0000000000
131290  36.710  -12.442  50.878 0.0000000000
58150  37.364  -12.500  51.410 0.0000000000
57292  37.288  -13.420  51.952 0.0000000000
56368  37.234  -14.583  52.893 0.0000000000
56362  37.816  -14.417  53.452 0.0000000000
55417  37.794  -15.827  54.169 0.0000000000
55441  35.922  -15.261  51.943 0.0000000000
54453  36.051  -16.313  52.796 0.0000000000
53407  37.113  -17.654  54.972 0.0000000000
54428  37.829  -17.284  55.298 0.0000000000
53395  38.027  -17.487  55.970 0.0000000000
53382  38.570  -17.207  56.485 0.0000000000
53383  37.692  -17.553  56.532 0.0000000000
123389  37.042  -16.614  57.704 0.0000000000
55377  36.747  -15.410  58.583 0.0000000000
43974  30.274  -27.002  61.011 0.0000000000
121808  29.968  -27.170  61.666 0.0000000000
43952  28.469  -27.641  63.405 0.0000000000
43964  28.418  -27.449  62.533 0.0000000000
126848  29.224  -27.521  63.804 0.0000000000
44864  30.564  -27.283  64.633 0.0000000000
43938  29.971  -27.403  64.228 0.0000000000
44876  30.920  -27.158  63.859 0.0000000000
44862  32.239  -26.785  64.756 0.0000000000
44828  32.344  -26.830  67.375 0.0000000000
44838  32.603  -26.694  66.487 0.0000000000
44827  33.130  -26.483  67.773 0.0000000000
45807  33.769  -25.972  68.052 0.0000000000
44818  33.239  -26.428  68.685 0.0000000000
40221  30.039  -31.843  68.161 0.0000000000
41107  29.390  -30.795  67.495 0.0000000000
129801  30.294  -31.206  68.459 0.0000000000
41092  31.238  -30.664  69.621 0.0000000000
41099  30.271  -30.344  68.482 0.0000000000
41985  30.788  -29.762  69.161 0.0000000000
119484  31.052  -28.995  69.631 0.0000000000
42855  32.379  -28.322  71.686 0.0000000000
41969  31.939  -28.737  71.051 0.0000000000
42880  31.206  -28.302  69.560 0.0000000000
42868  31.705  -27.949  70.270 0.0000000000
43858  32.231  -27.394  70.675 0.0000000000
44791  33.419  -26.568  71.547 0.0000000000
44799  33.997  -26.034  71.058 0.0000000000
36713  27.352  -34.967  76.396 0.0000000000
36700  27.860  -35.484  77.334 0.0000000000
130356  26.701  -34.816  75.882 0.0000000000
117255  24.947  -35.045  75.253 0.0000000000
36715  24.538  -35.172  76.007 0.0000000000
36703  25.039  -35.016  77.148 0.0000000000
125146  22.777  -35.686  72.924 0.0000000000
36754  23.485  -35.479  73.185 0.0000000000
36737  22.651  -35.697  74.631 0.0000000000
36717  22.683  -35.574  75.571 0.0000000000
36718  21.851  -35.493  75.864 0.0000000000
112446  21.167  -35.470  75.223 0.0000000000
36720  19.740  -34.962  75.155 0.0000000000
37603  19.292  -34.669  75.863 0.0000000000
124476  18.809  -34.647  75.250 0.0000000000
38515  17.164  -33.716  69.105 0.0000000000
37709  17.892  -34.105  69.328 0.0000000000
115450  17.927  -34.201  70.124 0.0000000000
125630  18.511  -34.562  70.338 0.0000000000
37711  15.426  -33.817  69.891 0.0000000000
37670  16.503  -33.878  71.490 0.0000000000
37690  16.182  -33.692  70.367 0.0000000000
37669  17.487  -34.091  71.577 0.0000000000
111721  16.281  -34.308  73.881 0.0000000000
109476  16.956  -34.257  73.863 0.0000000000
37606  16.706  -34.268  75.396 0.0000000000
129235  16.050  -34.399  75.019 0.0000000000
37608  15.261  -34.644  75.078 0.0000000000
36721  14.475  -35.004  75.585 0.0000000000
36722  13.749  -35.433  75.267 0.0000000000
36778  12.616  -35.853  72.276 0.0000000000
36777  13.420  -35.501  72.593 0.0000000000
35851  12.128  -36.226  73.815 0.0000000000
36743  12.936  -35.845  74.049 0.0000000000
35844  12.452  -36.114  74.525 0.0000000000
114644  12.668  -36.024  76.757 0.0000000000
117609  10.523  -37.147  74.862 0.0000000000
35824  11.546  -36.732  76.281 0.0000000000
35834  10.889  -37.044  75.696 0.0000000000
35825  10.967  -37.081  76.488 0.0000000000
34870  10.299  -37.492  76.306 0.0000000000
34871  9.349  -37.899  76.045 0.0000000000
33893  8.757  -38.354  76.679 0.0000000000
33876  9.031  -38.443  77.566 0.0000000000
41166  25.467  -29.987  62.557 0.0000000000
124637  26.286  -30.314  63.616 0.0000000000
41144  26.630  -30.475  64.176 0.0000000000
40280  26.012  -30.915  63.909 0.0000000000
40282  23.876  -31.797  63.198 0.0000000000
40295  24.457  -31.211  62.812 0.0000000000
40281  24.506  -31.622  63.512 0.0000000000
39410  25.358  -32.279  65.640 0.0000000000
39409  26.144  -32.044  65.842 0.0000000000
127341  26.500  -31.564  65.397 0.0000000000
39375  27.509  -32.490  67.300 0.0000000000
39376  26.776  -32.621  67.276 0.0000000000
38526  26.629  -33.455  68.688 0.0000000000
38525  27.625  -33.395  68.644 0.0000000000
38513  27.214  -33.708  69.302 0.0000000000
37701  27.669  -33.971  69.907 0.0000000000
37702  26.854  -33.916  69.965 0.0000000000
37704  24.541  -34.273  69.462 0.0000000000
37720  25.094  -33.869  68.955 0.0000000000
111868  26.202  -34.508  72.048 0.0000000000
109697  27.128  -34.520  72.109 0.0000000000
37662  27.707  -34.476  71.354 0.0000000000
124312  28.039  -34.876  72.930 0.0000000000
37645  27.425  -34.723  72.878 0.0000000000
37616  27.406  -34.851  74.435 0.0000000000
38461  17.953  -33.346  78.836 0.0000000000
38460  18.907  -33.324  79.060 0.0000000000
38450  19.574  -33.286  80.515 0.0000000000
34805  10.735  -38.012  81.169 0.0000000000
34804  11.259  -37.645  81.536 0.0000000000
34799  11.252  -37.556  82.428 0.0000000000
35752  11.505  -36.146  84.835 0.0000000000
35759  11.729  -36.639  83.826 0.0000000000
35751  12.211  -35.947  84.596 0.0000000000
36631  12.935  -35.616  84.343 0.0000000000
36626  12.815  -35.427  85.503 0.0000000000
65117  52.315  -3.959  53.511 0.0000000000
63435  47.174  -5.586  48.970 0.0000000000
63428  47.933  -5.679  49.330 0.0000000000
62479  48.891  -6.868  52.058 0.0000000000
63420  49.075  -6.569  50.744 0.0000000000
63404  49.402  -6.326  52.535 0.0000000000
63395  47.311  -6.309  53.916 0.0000000000
63379  47.937  -5.862  54.564 0.0000000000
64243  48.734  -5.392  55.168 0.0000000000
64255  49.723  -5.218  54.121 0.0000000000
65092  50.263  -4.568  55.529 0.0000000000
61592  39.956  -7.772  49.065 0.0000000000
61577  40.803  -7.604  49.178 0.0000000000
117493  41.246  -8.023  49.851 0.0000000000
60674  39.478  -9.437  50.755 0.0000000000
115550  41.797  -9.842  51.665 0.0000000000
60685  41.441  -9.346  50.884 0.0000000000
60684  42.324  -9.377  51.030 0.0000000000
60683  43.210  -9.193  51.138 0.0000000000
61531  43.334  -8.464  54.006 0.0000000000
61530  44.062  -8.076  54.346 0.0000000000
60631  44.311  -8.441  54.951 0.0000000000
58114  39.758  -12.761  53.926 0.0000000000
58113  40.325  -12.626  54.105 0.0000000000
58106  42.953  -11.770  54.770 0.0000000000
58895  44.212  -11.486  56.886 0.0000000000
113806  43.768  -11.724  55.981 0.0000000000
58903  43.590  -11.109  55.062 0.0000000000
52413  33.012  -17.833  52.933 0.0000000000
122793  33.638  -17.856  53.488 0.0000000000
52398  34.588  -17.921  53.814 0.0000000000
127857  33.902  -17.872  54.105 0.0000000000
54423  31.486  -16.168  56.580 0.0000000000
53400  31.725  -16.578  55.508 0.0000000000
54429  31.988  -16.185  55.949 0.0000000000
54421  33.491  -15.684  56.789 0.0000000000
54420  34.651  -16.387  56.484 0.0000000000
54411  35.529  -16.459  56.949 0.0000000000
55365  34.517  -14.513  59.418 0.0000000000
56318  35.113  -14.213  59.936 0.0000000000
46814  33.694  -25.216  63.530 0.0000000000
45870  33.239  -25.366  62.015 0.0000000000
46827  33.818  -24.851  62.585 0.0000000000
46841  34.341  -24.134  61.066 0.0000000000
46859  33.658  -24.665  60.646 0.0000000000
46858  34.129  -24.108  60.092 0.0000000000
47834  33.889  -24.045  59.220 0.0000000000
47833  34.629  -23.490  59.514 0.0000000000
48801  36.103  -22.239  60.614 0.0000000000
48819  35.631  -22.538  59.845 0.0000000000
49708  36.029  -21.561  59.635 0.0000000000
115806  36.592  -21.302  60.526 0.0000000000
129428  36.213  -23.478  70.853 0.0000000000
47716  35.922  -23.735  69.534 0.0000000000
47710  36.343  -23.304  70.155 0.0000000000
48672  36.944  -22.368  69.084 0.0000000000
48679  36.738  -22.397  68.208 0.0000000000
48689  36.575  -22.344  67.409 0.0000000000
48678  37.087  -21.769  67.827 0.0000000000
51379  37.966  -19.896  66.484 0.0000000000
50486  37.923  -20.214  67.308 0.0000000000
50495  37.561  -20.740  66.693 0.0000000000
49632  37.168  -21.209  66.052 0.0000000000
49647  37.310  -20.891  65.257 0.0000000000
49660  36.960  -21.334  64.680 0.0000000000
123115  37.435  -20.645  64.441 0.0000000000
51414  37.479  -19.657  62.438 0.0000000000
50519  37.519  -20.350  62.687 0.0000000000
51423  37.231  -19.670  61.679 0.0000000000
121005  36.529  -19.917  60.298 0.0000000000
51424  36.791  -19.634  60.954 0.0000000000
51435  36.220  -19.266  60.424 0.0000000000
52322  36.378  -18.819  61.143 0.0000000000
53294  36.466  -17.393  63.121 0.0000000000
53303  36.091  -17.643  62.354 0.0000000000
53304  35.143  -16.950  61.929 0.0000000000
54333  35.765  -16.721  62.795 0.0000000000
54303  37.954  -16.363  66.120 0.0000000000
54310  37.043  -15.985  64.526 0.0000000000
54318  35.799  -15.837  63.121 0.0000000000
55329  35.361  -14.958  62.690 0.0000000000
56276  35.862  -14.254  62.901 0.0000000000
66126  50.730  -2.764  38.128 0.0000000000
65230  47.470  -4.379  41.281 0.0000000000
109183  50.686  -4.169  40.022 0.0000000000
66095  50.539  -3.775  39.456 0.0000000000
111077  52.332  -4.221  42.776 0.0000000000
64343  51.057  -5.200  45.252 0.0000000000
65187  50.847  -5.026  44.276 0.0000000000
65177  52.777  -4.414  45.925 0.0000000000
65178  51.976  -4.814  45.572 0.0000000000
65176  53.529  -3.642  45.570 0.0000000000
66031  54.376  -2.250  47.865 0.0000000000
65265  56.400  -4.375  38.397 0.0000000000
65281  56.241  -4.393  37.396 0.0000000000
66085  55.778  -3.240  41.995 0.0000000000
113348  11.821  -36.726  78.512 0.0000000000
35804  12.383  -36.321  79.077 0.0000000000
55362  37.975  -14.936  59.288 0.0000000000
42042  27.451  -29.295  64.271 0.0000000000
42028  27.700  -29.797  64.978 0.0000000000
41119  28.832  -30.027  66.615 0.0000000000
36813  21.786  -35.292  70.046 0.0000000000
37706  21.300  -35.128  69.332 0.0000000000
109218  21.982  -34.566  67.697 0.0000000000
37577  21.127  -34.479  78.043 0.0000000000
117363  20.278  -34.296  77.745 0.0000000000
37567  20.674  -33.939  79.026 0.0000000000
64303  48.961  -4.949  47.420 0.0000000000
64292  49.216  -4.571  48.198 0.0000000000
64287  48.991  -5.388  49.437 0.0000000000
63367  45.918  -6.948  54.934 0.0000000000
59813  38.647  -10.621  51.269 0.0000000000
51485  33.254  -19.421  57.017 0.0000000000
52369  32.591  -18.514  57.362 0.0000000000
51476  33.389  -18.986  57.589 0.0000000000
52358  33.915  -18.891  58.168 0.0000000000
45829  34.295  -25.138  66.455 0.0000000000
45817  34.183  -25.418  67.343 0.0000000000
127209  34.780  -24.746  67.756 0.0000000000
46776  35.342  -24.063  68.073 0.0000000000
64331  46.943  -5.571  45.284 0.0000000000
109618  47.162  -5.518  44.605 0.0000000000
64330  47.841  -5.511  45.307 0.0000000000
64329  48.770  -5.464  45.766 0.0000000000
109619  48.855  -5.269  46.623 0.0000000000
65248  53.480  -4.612  39.052 0.0000000000
109417  53.563  -4.685  39.908 0.0000000000
65236  52.826  -4.615  40.177 0.0000000000
37700  28.544  -34.031  69.762 0.0000000000
37699  29.407  -34.042  69.724 0.0000000000
37680  29.656  -34.400  70.395 0.0000000000
37659  30.707  -34.747  71.324 0.0000000000
116080  15.687  -34.259  77.183 0.0000000000
37581  15.984  -33.953  77.783 0.0000000000
37582  15.261  -34.382  77.705 0.0000000000
37569  15.544  -34.031  78.452 0.0000000000
38455  15.623  -33.690  80.328 0.0000000000
37538  14.388  -34.680  82.048 0.0000000000
37537  14.962  -33.989  82.260 0.0000000000
63461  45.017  -5.753  47.085 0.0000000000
63448  44.387  -5.965  47.893 0.0000000000
62520  43.827  -6.689  49.080 0.0000000000
62504  44.378  -8.088  50.311 0.0000000000
61564  44.956  -8.617  51.081 0.0000000000
117065  40.292  -15.426  55.707 0.0000000000
64333  44.652  -5.837  45.309 0.0000000000
33852  8.385  -39.067  79.479 0.0000000000
109195  9.065  -38.903  80.047 0.0000000000
121506  8.323  -39.156  80.276 0.0000000000
33846  8.118  -39.207  81.012 0.0000000000
32906  7.796  -39.122  81.761 0.0000000000
57293  36.657  -13.940  51.734 0.0000000000
55430  36.824  -15.191  52.897 0.0000000000
54445  35.738  -17.115  53.090 0.0000000000
54444  36.451  -16.774  53.430 0.0000000000
53384  36.813  -17.690  56.413 0.0000000000
54410  36.371  -16.562  57.374 0.0000000000
43976  28.383  -27.360  61.594 0.0000000000
43925  29.290  -27.814  65.435 0.0000000000
43939  29.246  -27.649  64.618 0.0000000000
115568  30.003  -27.485  65.856 0.0000000000
44851  30.668  -27.251  65.339 0.0000000000
44850  31.542  -26.998  65.529 0.0000000000
122976  31.358  -32.538  69.859 0.0000000000
40213  31.093  -31.683  69.328 0.0000000000
40207  31.632  -31.422  70.096 0.0000000000
41085  31.687  -30.453  70.434 0.0000000000
42843  32.756  -28.740  72.464 0.0000000000
43846  32.512  -27.605  71.439 0.0000000000
36735  24.296  -35.280  74.451 0.0000000000
110631  21.372  -35.717  72.407 0.0000000000
109983  22.102  -35.809  73.120 0.0000000000
36756  21.284  -35.725  73.426 0.0000000000
36738  21.231  -35.634  74.331 0.0000000000
36740  19.860  -35.203  74.254 0.0000000000
37633  18.595  -34.711  73.847 0.0000000000
130737  16.539  -33.588  69.538 0.0000000000
37712  14.703  -34.263  69.784 0.0000000000
37691  15.172  -34.101  70.533 0.0000000000
112349  16.288  -34.062  72.305 0.0000000000
37623  15.803  -34.441  74.371 0.0000000000
36758  14.327  -35.080  73.829 0.0000000000
131305  11.579  -36.504  74.026 0.0000000000
35845  11.790  -36.463  74.619 0.0000000000
35846  11.010  -36.782  74.234 0.0000000000
41178  24.962  -29.820  61.955 0.0000000000
127680  25.126  -30.703  62.880 0.0000000000
39429  23.553  -32.563  64.447 0.0000000000
39428  24.364  -32.298  64.654 0.0000000000
39392  25.618  -32.545  66.377 0.0000000000
39377  25.902  -32.802  67.127 0.0000000000
38514  25.898  -33.752  69.193 0.0000000000
120808  25.110  -34.528  70.967 0.0000000000
37664  25.351  -34.583  71.693 0.0000000000
37629  27.089  -34.744  73.558 0.0000000000
127170  26.495  -34.707  73.408 0.0000000000
115250  10.522  -37.796  82.931 0.0000000000
34794  11.221  -37.262  83.328 0.0000000000
34786  10.621  -37.236  83.864 0.0000000000
64272  51.558  -4.924  51.554 0.0000000000
65091  51.068  -4.337  55.425 0.0000000000
62501  47.738  -7.133  50.739 0.0000000000
63365  47.367  -6.125  55.958 0.0000000000
59810  41.012  -10.262  52.363 0.0000000000
60672  40.989  -9.887  51.450 0.0000000000
60661  41.713  -9.913  52.710 0.0000000000
119556  42.308  -9.352  53.257 0.0000000000
61532  42.805  -8.838  53.826 0.0000000000
57267  41.555  -13.442  54.811 0.0000000000
57266  42.035  -13.046  54.824 0.0000000000
52399  32.427  -17.842  53.635 0.0000000000
53361  32.017  -16.074  58.136 0.0000000000
54413  32.424  -15.450  58.188 0.0000000000
123465  33.201  -15.237  57.654 0.0000000000
55392  34.009  -14.974  58.033 0.0000000000
55379  33.619  -14.765  59.039 0.0000000000
56296  34.092  -14.392  60.584 0.0000000000
128359  34.530  -24.290  64.085 0.0000000000
46826  34.435  -24.198  62.666 0.0000000000
47767  34.796  -23.864  63.460 0.0000000000
47782  34.882  -23.705  62.617 0.0000000000
47795  35.010  -23.453  61.186 0.0000000000
47794  35.662  -22.870  61.341 0.0000000000
48780  36.210  -22.360  61.500 0.0000000000
48779  36.553  -22.054  62.084 0.0000000000
122692  37.223  -22.225  70.751 0.0000000000
48657  37.374  -21.985  69.876 0.0000000000
48671  37.479  -21.617  69.136 0.0000000000
51392  37.979  -19.569  65.677 0.0000000000
50508  37.717  -20.112  65.042 0.0000000000
51400  37.908  -19.323  64.870 0.0000000000
52288  37.718  -19.150  64.040 0.0000000000
52298  37.461  -18.907  63.140 0.0000000000
124540  37.492  -18.454  63.978 0.0000000000
52289  37.086  -17.964  63.514 0.0000000000
130112  36.789  -17.231  63.735 0.0000000000
65228  50.613  -4.489  41.267 0.0000000000
111994  51.302  -4.545  42.818 0.0000000000
65169  52.655  -4.278  46.677 0.0000000000
65168  53.577  -3.191  47.075 0.0000000000
65246  56.895  -3.938  39.729 0.0000000000
65233  57.206  -4.194  39.968 0.0000000000
66060  55.779  -2.655  45.106 0.0000000000
36771  28.741  -35.046  72.485 0.0000000000
36750  29.982  -35.606  73.455 0.0000000000
36732  29.789  -35.833  75.028 0.0000000000
36681  13.590  -35.297  78.666 0.0000000000
36667  13.470  -35.394  79.503 0.0000000000
36668  12.841  -35.910  79.686 0.0000000000
36651  13.339  -35.574  80.361 0.0000000000
36638  13.696  -35.357  82.063 0.0000000000
62522  42.169  -6.905  48.648 0.0000000000
54419  39.328  -16.719  56.745 0.0000000000
54406  39.948  -16.224  57.031 0.0000000000
55361  38.860  -14.704  59.049 0.0000000000
32921  7.057  -39.475  80.130 0.0000000000
32931  6.199  -39.511  79.663 0.0000000000
129681  5.410  -39.601  81.460 0.0000000000
32902  5.109  -39.302  83.066 0.0000000000
52387  35.449  -17.945  54.291 0.0000000000
42966  27.947  -27.955  63.801 0.0000000000
42041  28.049  -28.810  64.775 0.0000000000
42952  28.285  -28.153  64.514 0.0000000000
43940  28.805  -27.923  64.823 0.0000000000
42938  29.153  -28.113  65.925 0.0000000000
128404  29.819  -27.877  66.804 0.0000000000
36772  24.106  -35.143  72.667 0.0000000000
36787  21.872  -35.625  71.536 0.0000000000
37667  19.286  -35.022  71.564 0.0000000000
124302  13.961  -35.073  71.223 0.0000000000
128909  12.870  -35.623  71.032 0.0000000000
38567  23.292  -33.538  66.291 0.0000000000
38529  24.001  -33.926  67.925 0.0000000000
109835  23.021  -34.685  68.970 0.0000000000
37705  23.721  -34.498  69.175 0.0000000000
37685  24.265  -34.765  70.826 0.0000000000
65138  51.280  -3.485  49.160 0.0000000000
64278  51.051  -4.830  50.447 0.0000000000
65140  50.061  -4.378  49.043 0.0000000000
64273  50.993  -5.580  52.003 0.0000000000
62481  47.300  -7.338  52.418 0.0000000000
63381  46.429  -6.608  54.848 0.0000000000
116811  46.997  -6.294  55.289 0.0000000000
60700  38.475  -8.897  50.102 0.0000000000
59811  40.392  -10.348  51.842 0.0000000000
59779  41.296  -10.287  53.621 0.0000000000
118026  31.110  -18.046  54.751 0.0000000000
53411  31.274  -17.213  55.135 0.0000000000
53389  30.913  -16.849  56.527 0.0000000000
53388  31.364  -16.739  57.214 0.0000000000
53374  32.287  -17.173  58.194 0.0000000000
53375  31.760  -16.587  57.693 0.0000000000
120921  33.785  -16.432  60.610 0.0000000000
124807  32.797  -26.135  63.105 0.0000000000
45862  33.147  -25.908  63.675 0.0000000000
46803  34.114  -24.868  64.212 0.0000000000
45841  34.482  -24.729  65.666 0.0000000000
46802  34.571  -24.430  64.844 0.0000000000
47749  35.051  -23.897  65.139 0.0000000000
47759  35.457  -23.277  64.804 0.0000000000
48698  35.781  -22.944  65.536 0.0000000000
123608  46.486  -4.901  42.590 0.0000000000
64377  47.129  -4.998  42.661 0.0000000000
130827  47.296  -5.444  44.068 0.0000000000
64376  47.914  -5.034  42.761 0.0000000000
64375  48.691  -5.016  42.855 0.0000000000
64344  50.135  -5.371  44.872 0.0000000000
64327  50.323  -5.376  45.767 0.0000000000
64328  49.572  -5.368  46.188 0.0000000000
109416  55.266  -4.602  38.906 0.0000000000
65223  56.195  -3.502  41.162 0.0000000000
65224  55.403  -3.372  41.650 0.0000000000
66086  55.272  -3.190  42.161 0.0000000000
65208  54.698  -3.374  42.001 0.0000000000
108884  53.483  -3.660  43.030 0.0000000000
40239  27.823  -31.545  66.469 0.0000000000
40231  28.473  -31.464  66.922 0.0000000000
39373  28.807  -32.131  67.418 0.0000000000
39364  29.457  -32.532  68.019 0.0000000000
39363  30.175  -32.568  68.511 0.0000000000
38510  29.938  -33.655  69.190 0.0000000000
38509  30.689  -33.377  69.581 0.0000000000
39357  30.736  -32.555  69.088 0.0000000000
39351  31.743  -32.964  70.589 0.0000000000
38497  32.116  -33.197  71.268 0.0000000000
36784  30.274  -35.129  71.876 0.0000000000
36783  31.134  -35.128  72.103 0.0000000000
37644  31.772  -34.926  72.550 0.0000000000
124860  19.695  -34.369  67.228 0.0000000000
37590  17.764  -34.024  76.721 0.0000000000
110117  17.428  -33.612  78.090 0.0000000000
112581  17.631  -33.076  79.606 0.0000000000
38452  18.137  -32.815  80.756 0.0000000000
38433  15.693  -33.558  82.318 0.0000000000
38444  15.705  -33.561  81.384 0.0000000000
38443  16.401  -33.142  81.366 0.0000000000
64295  46.952  -5.394  48.335 0.0000000000
63436  46.404  -5.701  48.873 0.0000000000
122854  46.894  -6.174  49.504 0.0000000000
130413  46.614  -7.254  50.375 0.0000000000
63430  44.730  -6.628  49.359 0.0000000000
62483  45.498  -7.606  53.117 0.0000000000
62472  45.201  -7.217  53.947 0.0000000000
58125  38.829  -12.754  53.236 0.0000000000
57269  40.016  -13.380  54.227 0.0000000000
56353  39.630  -14.169  54.395 0.0000000000
56352  40.522  -14.148  54.700 0.0000000000
56351  41.277  -14.043  55.109 0.0000000000
56341  41.871  -14.066  56.127 0.0000000000
56333  41.989  -14.004  56.876 0.0000000000
55389  41.043  -15.093  56.934 0.0000000000
56335  40.846  -14.771  57.748 0.0000000000
57244  42.269  -13.041  58.266 0.0000000000
50595  33.720  -20.841  56.278 0.0000000000
50594  34.292  -20.985  56.868 0.0000000000
46763  35.458  -24.338  69.859 0.0000000000
46756  35.863  -23.907  71.250 0.0000000000
64378  45.925  -4.983  42.856 0.0000000000
111995  45.309  -5.670  44.640 0.0000000000
111424  46.264  -5.617  44.796 0.0000000000
66124  52.197  -3.274  37.588 0.0000000000
66125  51.427  -3.274  38.205 0.0000000000
34839  9.742  -38.059  78.038 0.0000000000
34822  10.540  -37.905  79.518 0.0000000000
33840  10.197  -38.452  81.266 0.0000000000
33833  9.978  -38.525  81.892 0.0000000000
34801  10.059  -38.282  82.417 0.0000000000
34795  9.744  -38.128  83.026 0.0000000000
108904  9.423  -37.762  83.813 0.0000000000
32913  7.213  -39.434  81.002 0.0000000000
33826  8.253  -38.452  83.382 0.0000000000
34779  8.417  -37.204  85.264 0.0000000000
58969  38.018  -10.957  51.112 0.0000000000
58149  38.120  -12.129  51.826 0.0000000000
57280  38.330  -13.189  53.042 0.0000000000
57275  38.228  -13.792  53.412 0.0000000000
56361  38.475  -14.271  53.921 0.0000000000
55416  38.546  -15.290  54.466 0.0000000000
55409  38.983  -16.099  55.212 0.0000000000
55431  36.296  -15.552  52.549 0.0000000000
54443  37.129  -16.306  53.793 0.0000000000
53370  38.826  -17.073  57.129 0.0000000000
54408  38.544  -16.818  57.690 0.0000000000
54393  38.163  -16.305  58.256 0.0000000000
54409  37.749  -16.855  57.744 0.0000000000
55376  37.643  -15.592  58.725 0.0000000000
115844  30.991  -26.820  61.013 0.0000000000
44889  31.599  -26.784  62.318 0.0000000000
108864  27.731  -27.520  62.236 0.0000000000
43963  29.243  -27.281  62.035 0.0000000000
43962  30.044  -27.235  62.407 0.0000000000
44890  30.874  -27.081  62.810 0.0000000000
44875  31.711  -26.890  63.263 0.0000000000
44874  32.458  -26.549  63.732 0.0000000000
111536  32.850  -26.437  65.198 0.0000000000
44848  33.181  -26.315  65.971 0.0000000000
45818  33.583  -26.056  67.332 0.0000000000
45797  34.527  -25.414  69.691 0.0000000000
41108  28.886  -30.746  66.969 0.0000000000
117557  29.285  -29.941  67.234 0.0000000000
42908  30.108  -28.294  67.925 0.0000000000
43882  30.611  -27.806  68.207 0.0000000000
41078  32.075  -30.282  71.211 0.0000000000
41970  31.734  -29.598  70.736 0.0000000000
41955  32.083  -29.582  71.397 0.0000000000
42893  30.917  -27.987  68.880 0.0000000000
43881  31.170  -27.518  68.592 0.0000000000
43880  31.798  -27.199  68.997 0.0000000000
44810  32.556  -26.812  69.318 0.0000000000
43857  32.775  -26.946  71.102 0.0000000000
44801  32.663  -26.854  70.225 0.0000000000
44809  33.333  -26.405  69.643 0.0000000000
44808  33.993  -25.959  70.080 0.0000000000
36699  28.512  -35.931  77.169 0.0000000000
37585  26.527  -34.857  76.560 0.0000000000
36702  26.197  -34.997  77.673 0.0000000000
113456  23.679  -35.479  73.905 0.0000000000
36736  23.474  -35.547  74.632 0.0000000000
36716  23.608  -35.441  75.614 0.0000000000
124223  23.284  -35.396  76.364 0.0000000000
36705  21.801  -35.283  76.640 0.0000000000
36719  20.505  -35.188  75.470 0.0000000000
37588  19.328  -34.461  76.604 0.0000000000
37725  19.178  -34.481  67.962 0.0000000000
124335  19.071  -34.854  70.243 0.0000000000
37687  18.826  -34.758  70.879 0.0000000000
37668  18.407  -34.529  71.633 0.0000000000
37649  18.874  -34.783  72.476 0.0000000000
37650  18.233  -34.529  73.161 0.0000000000
37634  17.777  -34.451  73.878 0.0000000000
37620  18.265  -34.566  74.581 0.0000000000
37604  17.994  -34.419  75.351 0.0000000000
111361  17.737  -34.265  75.959 0.0000000000
108991  17.173  -34.136  76.073 0.0000000000
118843  16.518  -34.181  76.227 0.0000000000
129048  14.490  -34.943  76.308 0.0000000000
36760  12.772  -35.856  73.187 0.0000000000
36742  13.672  -35.467  74.376 0.0000000000
111531  13.385  -35.585  76.827 0.0000000000
114063  12.040  -36.467  76.863 0.0000000000
35833  11.684  -36.594  75.488 0.0000000000
123654  10.356  -37.636  77.725 0.0000000000
126875  8.549  -38.753  77.981 0.0000000000
110329  7.845  -38.949  78.009 0.0000000000
42985  26.371  -28.271  62.440 0.0000000000
42054  26.804  -29.700  63.738 0.0000000000
41143  27.106  -30.567  64.787 0.0000000000
40268  24.827  -31.793  64.142 0.0000000000
40267  25.588  -31.491  64.375 0.0000000000
113304  26.410  -31.162  64.710 0.0000000000
39374  28.130  -32.612  67.570 0.0000000000
38543  28.212  -33.086  68.121 0.0000000000
128646  28.337  -34.562  71.095 0.0000000000
38528  24.808  -33.694  68.171 0.0000000000
112241  26.113  -33.944  69.893 0.0000000000
37684  25.628  -34.223  70.433 0.0000000000
37683  26.420  -34.122  70.576 0.0000000000
37682  27.251  -34.172  70.618 0.0000000000
36752  28.331  -35.132  74.564 0.0000000000
36734  28.530  -35.337  75.647 0.0000000000
38459  19.814  -33.541  79.210 0.0000000000
34808  11.169  -37.667  80.644 0.0000000000
35775  11.782  -37.138  81.083 0.0000000000
35764  11.837  -36.990  82.902 0.0000000000
35763  12.463  -36.572  82.515 0.0000000000
36635  13.008  -35.902  83.214 0.0000000000
130973  13.510  -35.090  85.121 0.0000000000
65130  52.582  -3.393  50.689 0.0000000000
62500  48.344  -6.739  50.556 0.0000000000
63419  49.802  -6.305  50.879 0.0000000000
63403  50.202  -6.009  52.261 0.0000000000
63406  47.724  -6.716  53.043 0.0000000000
63393  49.104  -5.892  53.436 0.0000000000
130482  40.770  -7.032  47.951 0.0000000000
62515  41.683  -7.411  49.249 0.0000000000
121152  40.745  -9.306  50.817 0.0000000000
61567  40.927  -8.698  50.389 0.0000000000
60670  43.594  -9.242  52.022 0.0000000000
60659  43.695  -8.769  52.731 0.0000000000
61550  43.378  -8.430  53.590 0.0000000000
62447  44.753  -7.800  54.824 0.0000000000
58134  39.102  -12.121  53.033 0.0000000000
58927  39.743  -11.756  53.422 0.0000000000
58926  40.302  -11.332  53.664 0.0000000000
58913  40.557  -11.732  53.996 0.0000000000
58925  40.827  -10.876  53.848 0.0000000000
59766  41.483  -10.394  54.028 0.0000000000
127038  42.831  -13.040  56.414 0.0000000000
58101  43.646  -12.180  56.977 0.0000000000
58910  42.905  -10.820  54.519 0.0000000000
59765  42.205  -9.993  54.241 0.0000000000
60620  44.205  -9.231  55.193 0.0000000000
59752  44.474  -9.854  55.657 0.0000000000
61516  45.157  -8.393  55.865 0.0000000000
61515  45.702  -8.113  56.341 0.0000000000
53421  34.443  -17.745  53.158 0.0000000000
52378  35.153  -17.988  54.910 0.0000000000
53410  32.286  -16.997  54.833 0.0000000000
54422  32.470  -15.867  56.449 0.0000000000
53409  33.495  -17.396  54.723 0.0000000000
53398  34.331  -17.395  55.296 0.0000000000
53397  35.415  -17.788  55.490 0.0000000000
53385  35.732  -17.414  56.291 0.0000000000
113529  35.875  -15.225  58.317 0.0000000000
56317  36.262  -14.298  59.925 0.0000000000
45886  32.668  -25.800  61.496 0.0000000000
46842  33.742  -24.765  61.542 0.0000000000
114115  34.663  -22.757  58.310 0.0000000000
47832  35.151  -23.127  59.914 0.0000000000
48832  35.133  -22.430  58.775 0.0000000000
49729  34.973  -22.003  58.097 0.0000000000
49728  35.461  -21.707  58.765 0.0000000000
50576  35.715  -20.973  58.888 0.0000000000
117866  35.739  -20.194  59.092 0.0000000000
46769  35.446  -24.219  68.988 0.0000000000
129455  35.747  -23.547  67.955 0.0000000000
47715  36.407  -23.080  69.320 0.0000000000
47720  36.435  -22.886  68.605 0.0000000000
47736  36.082  -22.891  66.960 0.0000000000
48697  36.102  -22.615  66.198 0.0000000000
48713  36.267  -22.286  65.497 0.0000000000
49602  37.523  -21.266  68.396 0.0000000000
50475  37.886  -20.470  68.183 0.0000000000
48688  36.973  -21.611  66.916 0.0000000000
49633  36.600  -21.934  66.142 0.0000000000
48727  36.463  -21.967  64.786 0.0000000000
123691  36.698  -21.688  64.187 0.0000000000
49671  36.780  -21.675  63.472 0.0000000000
121991  36.948  -21.464  61.860 0.0000000000
50512  37.521  -20.479  63.582 0.0000000000
49684  37.283  -20.934  62.176 0.0000000000
49694  37.061  -20.920  61.311 0.0000000000
50546  36.772  -20.477  60.581 0.0000000000
50565  36.434  -20.346  60.018 0.0000000000
128460  35.600  -19.522  59.313 0.0000000000
52337  35.544  -18.914  59.896 0.0000000000
52324  35.069  -18.172  60.354 0.0000000000
52310  36.604  -18.470  61.879 0.0000000000
52311  35.827  -18.032  61.511 0.0000000000
53335  34.310  -17.376  60.387 0.0000000000
54351  33.748  -15.695  60.978 0.0000000000
53282  37.996  -17.346  66.187 0.0000000000
53283  37.289  -16.837  64.831 0.0000000000
53290  36.837  -16.682  64.143 0.0000000000
54334  35.046  -15.828  62.476 0.0000000000
54350  34.306  -15.774  61.724 0.0000000000
55340  34.017  -14.872  61.211 0.0000000000
56295  34.768  -14.211  61.323 0.0000000000
56284  36.084  -13.582  62.542 0.0000000000
57230  35.292  -13.848  61.180 0.0000000000
66108  51.380  -3.746  38.939 0.0000000000
65227  51.601  -4.437  41.197 0.0000000000
66052  54.502  -2.892  45.409 0.0000000000
66044  54.852  -2.442  47.045 0.0000000000
33838  5.988  -39.023  83.077 0.0000000000
34797  7.850  -38.271  83.884 0.0000000000
36815  20.270  -35.292  70.131 0.0000000000
37583  14.486  -34.785  77.662 0.0000000000
37632  19.339  -34.994  73.743 0.0000000000
38522  30.287  -33.124  68.915 0.0000000000
39343  32.501  -32.484  71.782 0.0000000000
39390  27.278  -32.123  66.773 0.0000000000
39412  23.884  -32.736  65.137 0.0000000000
40230  29.013  -31.392  67.274 0.0000000000
41997  29.761  -30.029  67.885 0.0000000000
42894  30.501  -28.317  68.497 0.0000000000
45871  32.756  -25.980  62.380 0.0000000000
46784  35.164  -24.084  66.682 0.0000000000
48820  35.178  -22.827  59.365 0.0000000000
49589  37.740  -21.348  69.823 0.0000000000
49659  37.126  -21.155  63.908 0.0000000000
49685  36.901  -21.583  62.603 0.0000000000
50530  37.121  -20.214  61.242 0.0000000000
51406  37.645  -19.736  63.307 0.0000000000
52379  31.674  -18.597  56.443 0.0000000000
53289  37.273  -17.593  64.313 0.0000000000
54430  31.297  -16.462  56.054 0.0000000000
56319  34.358  -14.251  60.064 0.0000000000
115236  34.691  -23.867  61.889 0.0000000000
117637  35.740  -22.837  64.212 0.0000000000
119338  36.909  -19.141  61.550 0.0000000000
121827  36.461  -20.873  60.024 0.0000000000
122835  28.392  -33.422  68.631 0.0000000000
122960  33.133  -25.090  60.380 0.0000000000
126966  26.907  -28.081  62.886 0.0000000000
127399  37.655  -17.037  65.531 0.0000000000
129040  10.076  -37.680  83.585 0.0000000000
129941  10.847  -37.823  80.122 0.0000000000
