#!ascii label  , from subject sub-v1s5x0050733_ses-1 vox2ras=TkReg
1758
56281  48.568  -14.234  62.396 0.0000000000
45828  37.508  -25.586  66.445 0.0000000000
34977  25.728  -37.302  67.950 0.0000000000
33945  19.017  -38.445  73.084 0.0000000000
37655  35.279  -34.296  72.613 0.0000000000
41177  30.767  -31.067  61.102 0.0000000000
49717  44.865  -21.794  59.803 0.0000000000
62415  50.207  -6.707  58.099 0.0000000000
50507  42.393  -20.071  64.112 0.0000000000
42025  42.461  -29.210  66.114 0.0000000000
121481  37.850  -35.897  63.592 0.0000000000
33952  28.052  -38.553  72.453 0.0000000000
110476  21.996  -39.501  69.867 0.0000000000
33907  23.919  -38.489  75.778 0.0000000000
35889  31.238  -36.649  68.940 0.0000000000
53316  39.868  -16.940  61.230 0.0000000000
45759  39.193  -25.833  73.079 0.0000000000
48669  40.140  -22.149  69.352 0.0000000000
49628  42.495  -21.819  66.262 0.0000000000
45867  40.717  -25.291  61.974 0.0000000000
37764  40.134  -34.230  66.280 0.0000000000
43006  37.773  -28.629  60.046 0.0000000000
39523  25.746  -32.760  58.409 0.0000000000
112015  31.057  -34.058  57.598 0.0000000000
59696  49.595  -10.182  60.869 0.0000000000
59736  47.278  -10.308  56.524 0.0000000000
36891  22.384  -36.064  62.466 0.0000000000
34038  19.749  -38.841  64.965 0.0000000000
41982  36.192  -29.099  69.952 0.0000000000
42951  34.724  -28.269  64.250 0.0000000000
39387  33.139  -32.590  66.871 0.0000000000
37777  28.479  -34.730  64.425 0.0000000000
52317  46.513  -18.300  61.055 0.0000000000
35798  20.942  -36.783  79.499 0.0000000000
34867  15.679  -36.840  76.471 0.0000000000
60554  47.311  -9.515  61.822 0.0000000000
56291  45.453  -14.250  61.415 0.0000000000
53346  43.216  -17.653  59.711 0.0000000000
48800  41.534  -21.971  60.307 0.0000000000
46807  44.368  -24.580  63.858 0.0000000000
52263  44.593  -18.243  67.479 0.0000000000
47724  46.138  -24.041  68.180 0.0000000000
41126  44.090  -30.321  66.650 0.0000000000
36847  44.578  -35.994  65.991 0.0000000000
40367  34.793  -31.081  58.288 0.0000000000
33902  29.073  -38.757  76.267 0.0000000000
125542  25.888  -38.586  74.456 0.0000000000
33884  27.219  -38.172  77.407 0.0000000000
33934  31.125  -39.012  73.708 0.0000000000
44806  38.333  -26.183  69.887 0.0000000000
46774  38.956  -24.066  67.819 0.0000000000
47746  39.243  -23.150  65.616 0.0000000000
46811  38.307  -24.244  63.815 0.0000000000
44911  39.217  -27.015  60.791 0.0000000000
45869  36.690  -25.733  62.718 0.0000000000
130140  24.008  -35.842  57.904 0.0000000000
36012  26.955  -35.857  57.925 0.0000000000
58056  49.437  -12.427  61.521 0.0000000000
58076  49.166  -12.234  60.061 0.0000000000
56300  49.562  -14.173  60.959 0.0000000000
122324  24.130  -36.585  65.264 0.0000000000
35010  21.130  -37.257  63.769 0.0000000000
119034  22.901  -37.492  66.432 0.0000000000
111827  20.271  -39.390  71.118 0.0000000000
109773  19.928  -39.803  68.802 0.0000000000
33990  17.876  -38.249  70.045 0.0000000000
34930  16.189  -37.497  71.649 0.0000000000
41928  37.415  -29.447  73.442 0.0000000000
40198  35.777  -31.672  71.796 0.0000000000
41091  34.651  -31.042  69.103 0.0000000000
38506  34.277  -33.117  69.903 0.0000000000
35893  28.456  -36.912  68.062 0.0000000000
36842  29.946  -35.499  66.583 0.0000000000
36852  27.140  -36.151  65.421 0.0000000000
36880  25.648  -35.193  63.176 0.0000000000
121256  45.679  -19.830  60.420 0.0000000000
121349  47.957  -19.865  61.572 0.0000000000
49704  47.177  -21.679  60.892 0.0000000000
114252  14.312  -37.257  78.300 0.0000000000
54360  44.209  -16.178  60.409 0.0000000000
129140  42.918  -15.514  60.144 0.0000000000
52296  40.257  -18.379  62.546 0.0000000000
121407  40.109  -19.043  60.542 0.0000000000
49683  41.576  -21.419  62.093 0.0000000000
47777  42.644  -23.499  61.642 0.0000000000
48738  43.376  -22.653  63.509 0.0000000000
45838  42.892  -25.621  65.237 0.0000000000
47744  44.289  -23.828  67.580 0.0000000000
43906  44.155  -27.488  67.745 0.0000000000
42904  45.283  -27.885  68.086 0.0000000000
41127  43.576  -30.737  67.342 0.0000000000
38576  45.690  -34.645  65.642 0.0000000000
130773  43.370  -33.759  67.681 0.0000000000
34013  40.754  -39.007  67.104 0.0000000000
109099  32.571  -29.965  62.257 0.0000000000
43007  33.770  -28.035  60.372 0.0000000000
42097  32.186  -29.052  59.007 0.0000000000
36908  33.269  -35.999  60.060 0.0000000000
62467  52.037  -7.311  53.873 0.0000000000
62458  50.250  -7.247  55.187 0.0000000000
131591  26.823  -37.742  70.092 0.0000000000
34004  24.033  -38.379  69.502 0.0000000000
33972  24.386  -38.759  71.506 0.0000000000
33957  23.185  -39.190  72.535 0.0000000000
33942  21.144  -39.167  74.077 0.0000000000
35859  34.418  -36.567  73.493 0.0000000000
36799  33.663  -35.951  70.693 0.0000000000
116308  32.512  -37.714  71.270 0.0000000000
33980  29.681  -38.064  70.779 0.0000000000
54362  41.000  -15.266  60.467 0.0000000000
53287  41.064  -17.369  64.546 0.0000000000
49614  40.400  -21.188  66.976 0.0000000000
130312  41.141  -23.136  63.903 0.0000000000
43936  41.962  -28.018  64.072 0.0000000000
127926  41.189  -31.376  65.987 0.0000000000
42061  40.179  -29.412  62.719 0.0000000000
124008  38.892  -31.149  62.434 0.0000000000
39480  37.606  -32.183  61.489 0.0000000000
40359  28.606  -31.848  59.825 0.0000000000
41268  30.446  -30.433  56.793 0.0000000000
119981  28.552  -32.712  56.219 0.0000000000
60579  49.629  -8.421  59.478 0.0000000000
61512  48.823  -8.370  56.814 0.0000000000
59714  48.672  -10.331  58.886 0.0000000000
34016  21.415  -39.069  67.835 0.0000000000
43832  38.150  -27.944  72.027 0.0000000000
43878  36.578  -27.473  68.394 0.0000000000
43922  36.132  -27.078  65.807 0.0000000000
42907  34.831  -28.910  66.979 0.0000000000
42017  33.868  -30.060  65.845 0.0000000000
39438  32.101  -31.997  64.095 0.0000000000
129875  32.352  -34.932  68.211 0.0000000000
38582  30.813  -33.798  65.330 0.0000000000
39460  29.739  -32.612  62.449 0.0000000000
38634  26.994  -33.758  61.819 0.0000000000
37817  24.074  -34.565  60.703 0.0000000000
126302  48.304  -16.143  62.396 0.0000000000
54329  49.476  -16.181  62.115 0.0000000000
53300  49.080  -17.646  62.404 0.0000000000
117300  22.061  -38.141  78.082 0.0000000000
109049  19.855  -38.281  75.917 0.0000000000
35811  18.195  -36.622  77.585 0.0000000000
34893  17.652  -37.603  74.533 0.0000000000
62382  49.193  -7.428  60.218 0.0000000000
125229  48.957  -9.762  61.988 0.0000000000
58046  47.794  -12.059  62.583 0.0000000000
56282  47.017  -14.085  62.305 0.0000000000
55335  46.094  -15.803  61.402 0.0000000000
52319  44.988  -18.387  60.306 0.0000000000
120720  44.258  -20.041  59.753 0.0000000000
120540  40.729  -17.727  59.760 0.0000000000
51449  42.114  -19.795  59.412 0.0000000000
117091  43.061  -22.212  59.493 0.0000000000
46836  42.971  -24.076  60.623 0.0000000000
112355  44.360  -25.702  62.496 0.0000000000
51390  43.203  -19.100  65.494 0.0000000000
50481  45.221  -20.191  68.341 0.0000000000
49625  46.254  -21.213  68.003 0.0000000000
49655  44.960  -21.728  65.625 0.0000000000
45835  45.930  -25.247  66.736 0.0000000000
113898  45.795  -27.673  66.009 0.0000000000
35897  41.992  -37.041  67.702 0.0000000000
43972  35.224  -26.932  61.129 0.0000000000
114611  36.586  -29.725  59.324 0.0000000000
38647  36.544  -33.615  60.843 0.0000000000
39529  33.094  -31.965  57.261 0.0000000000
37824  35.048  -34.880  59.950 0.0000000000
33903  28.118  -38.658  76.309 0.0000000000
116053  28.308  -37.790  77.469 0.0000000000
45805  37.842  -25.810  68.120 0.0000000000
46762  38.887  -24.907  69.109 0.0000000000
45815  38.201  -25.242  67.734 0.0000000000
46782  38.363  -24.504  66.490 0.0000000000
46793  37.771  -24.950  65.218 0.0000000000
45860  37.278  -25.287  63.329 0.0000000000
45840  36.872  -26.006  65.153 0.0000000000
57206  49.261  -13.217  61.863 0.0000000000
57219  49.569  -13.291  61.243 0.0000000000
121429  49.424  -14.035  61.585 0.0000000000
35919  24.692  -36.967  66.581 0.0000000000
34991  23.305  -37.171  66.041 0.0000000000
34983  24.082  -37.222  66.753 0.0000000000
33958  19.630  -38.874  72.551 0.0000000000
33988  19.466  -39.103  70.733 0.0000000000
33975  18.821  -38.590  71.280 0.0000000000
34943  17.346  -37.814  70.562 0.0000000000
34920  17.352  -37.689  72.440 0.0000000000
38479  35.301  -33.885  74.475 0.0000000000
39331  35.758  -33.152  73.787 0.0000000000
126282  36.314  -31.622  73.050 0.0000000000
116767  35.512  -32.545  71.954 0.0000000000
39350  34.728  -32.666  70.484 0.0000000000
38495  34.836  -33.767  71.447 0.0000000000
34975  27.535  -37.069  67.911 0.0000000000
35904  28.061  -36.757  67.154 0.0000000000
35917  26.644  -36.728  66.507 0.0000000000
35929  25.642  -36.400  65.428 0.0000000000
50543  45.919  -20.775  60.408 0.0000000000
50542  46.794  -20.910  60.791 0.0000000000
49705  46.401  -21.610  60.522 0.0000000000
57222  43.041  -13.430  60.631 0.0000000000
56303  42.962  -14.654  60.378 0.0000000000
55349  42.292  -15.078  60.225 0.0000000000
51405  40.832  -18.989  63.140 0.0000000000
51404  41.128  -19.837  62.781 0.0000000000
50511  41.822  -20.357  63.328 0.0000000000
48739  42.756  -22.292  63.047 0.0000000000
131277  42.945  -21.322  63.810 0.0000000000
43921  43.054  -27.578  65.732 0.0000000000
45837  43.445  -25.843  66.277 0.0000000000
42934  43.453  -28.072  67.080 0.0000000000
42919  44.145  -28.429  67.907 0.0000000000
113426  43.170  -30.855  67.750 0.0000000000
40235  43.243  -31.481  67.702 0.0000000000
41116  42.524  -31.065  67.605 0.0000000000
41175  32.077  -30.185  61.726 0.0000000000
42075  32.378  -29.514  61.042 0.0000000000
41220  31.361  -29.921  59.943 0.0000000000
62442  50.796  -6.534  55.927 0.0000000000
62443  50.147  -7.036  56.138 0.0000000000
33982  27.518  -38.100  70.936 0.0000000000
33984  25.822  -38.218  70.805 0.0000000000
110251  26.408  -38.469  72.087 0.0000000000
33921  25.405  -38.555  75.069 0.0000000000
115940  24.175  -38.703  73.735 0.0000000000
33923  23.532  -38.721  74.233 0.0000000000
115870  22.013  -39.185  73.819 0.0000000000
33908  22.370  -38.707  75.210 0.0000000000
34903  33.548  -37.521  73.534 0.0000000000
34917  33.460  -37.553  72.606 0.0000000000
34918  32.968  -38.010  73.118 0.0000000000
110673  28.839  -38.843  73.222 0.0000000000
33967  29.836  -38.467  71.716 0.0000000000
125384  29.052  -38.285  71.370 0.0000000000
34940  28.063  -37.735  70.232 0.0000000000
48656  40.079  -23.030  70.736 0.0000000000
48641  40.452  -22.391  71.285 0.0000000000
49588  40.540  -21.472  69.947 0.0000000000
50465  40.804  -20.649  69.501 0.0000000000
125115  39.958  -21.979  68.379 0.0000000000
122335  39.622  -23.403  63.230 0.0000000000
48726  39.947  -22.672  64.427 0.0000000000
46821  41.208  -24.276  62.962 0.0000000000
45859  41.739  -25.709  63.126 0.0000000000
43958  41.147  -26.784  62.455 0.0000000000
42963  41.262  -28.428  63.365 0.0000000000
43959  40.567  -27.008  61.900 0.0000000000
43984  38.515  -27.276  60.405 0.0000000000
42995  39.232  -28.926  61.478 0.0000000000
42073  38.624  -29.573  61.233 0.0000000000
40310  38.148  -31.609  61.773 0.0000000000
121961  38.084  -30.128  60.896 0.0000000000
39521  27.193  -32.092  58.766 0.0000000000
40379  27.656  -31.666  57.268 0.0000000000
39533  26.588  -32.403  57.310 0.0000000000
130383  49.528  -9.212  59.728 0.0000000000
60580  49.183  -9.384  58.992 0.0000000000
60567  49.214  -10.187  59.640 0.0000000000
58869  48.527  -11.918  59.401 0.0000000000
35965  21.918  -36.061  61.675 0.0000000000
123461  21.302  -36.618  61.961 0.0000000000
33997  22.711  -39.103  69.510 0.0000000000
34006  22.523  -38.865  68.744 0.0000000000
121273  21.440  -39.511  69.166 0.0000000000
115371  18.786  -39.888  68.153 0.0000000000
33001  19.663  -39.977  67.933 0.0000000000
41953  36.886  -29.625  71.613 0.0000000000
42827  37.779  -28.755  73.227 0.0000000000
42854  37.121  -28.884  71.265 0.0000000000
43855  37.670  -27.459  70.597 0.0000000000
42878  36.481  -28.376  69.598 0.0000000000
43879  35.985  -27.937  67.935 0.0000000000
42879  35.852  -28.835  69.146 0.0000000000
40219  34.236  -31.503  68.529 0.0000000000
122155  34.277  -30.409  67.533 0.0000000000
40238  33.379  -31.558  66.119 0.0000000000
40265  33.106  -30.956  64.777 0.0000000000
39406  33.048  -32.279  66.173 0.0000000000
35881  32.454  -36.680  69.892 0.0000000000
124115  32.845  -35.393  69.173 0.0000000000
36823  31.516  -35.978  68.401 0.0000000000
36851  29.324  -35.284  65.779 0.0000000000
37755  30.642  -34.857  66.449 0.0000000000
37775  29.957  -34.058  64.936 0.0000000000
38613  30.351  -33.164  63.846 0.0000000000
38615  28.826  -33.699  63.315 0.0000000000
38648  28.345  -33.030  61.739 0.0000000000
38616  28.172  -33.930  63.065 0.0000000000
36881  24.186  -35.594  62.956 0.0000000000
37807  25.302  -34.856  62.347 0.0000000000
116201  23.204  -35.345  61.582 0.0000000000
54346  47.581  -16.577  62.050 0.0000000000
54331  48.609  -16.780  62.377 0.0000000000
53314  47.968  -17.500  62.078 0.0000000000
51412  49.530  -19.559  62.437 0.0000000000
34831  21.461  -37.547  78.824 0.0000000000
109097  20.986  -38.207  77.350 0.0000000000
34848  20.318  -37.544  77.944 0.0000000000
118599  16.438  -36.188  77.949 0.0000000000
35822  16.783  -36.751  76.398 0.0000000000
34865  17.584  -37.166  75.961 0.0000000000
34881  16.559  -37.124  75.210 0.0000000000
34895  15.657  -37.320  74.248 0.0000000000
34882  15.194  -37.344  75.081 0.0000000000
63321  49.548  -6.608  59.030 0.0000000000
61449  48.652  -8.504  61.302 0.0000000000
59685  48.263  -9.670  62.248 0.0000000000
117919  48.535  -10.553  62.337 0.0000000000
59686  47.669  -10.248  62.507 0.0000000000
57199  46.111  -12.626  62.187 0.0000000000
57198  46.943  -13.149  62.421 0.0000000000
56290  46.273  -14.212  61.830 0.0000000000
55334  46.839  -15.078  62.000 0.0000000000
119402  45.992  -14.918  61.547 0.0000000000
53332  43.876  -17.058  60.085 0.0000000000
54359  44.835  -16.911  60.488 0.0000000000
53345  43.917  -17.836  59.904 0.0000000000
51433  44.647  -19.117  60.019 0.0000000000
51447  43.799  -19.161  59.693 0.0000000000
54363  40.462  -15.965  60.716 0.0000000000
54380  41.017  -16.199  60.118 0.0000000000
53333  40.556  -16.873  60.230 0.0000000000
50545  40.739  -20.413  60.099 0.0000000000
51434  40.491  -19.500  59.909 0.0000000000
50563  41.254  -20.799  59.753 0.0000000000
50562  42.326  -20.661  59.442 0.0000000000
124447  41.912  -22.139  59.813 0.0000000000
47831  43.067  -23.084  59.654 0.0000000000
48799  42.042  -22.733  60.261 0.0000000000
46808  43.776  -24.300  63.105 0.0000000000
46820  43.651  -24.831  62.128 0.0000000000
46819  44.088  -24.999  62.993 0.0000000000
113406  45.324  -26.666  64.283 0.0000000000
52269  43.936  -18.619  66.434 0.0000000000
50483  42.195  -19.840  67.557 0.0000000000
51377  43.014  -19.142  68.249 0.0000000000
49627  43.533  -21.423  67.290 0.0000000000
47733  45.089  -23.789  68.359 0.0000000000
48685  45.420  -23.059  68.334 0.0000000000
48684  46.063  -22.872  68.227 0.0000000000
115781  46.078  -21.736  67.097 0.0000000000
47742  46.210  -23.423  67.172 0.0000000000
47743  45.623  -23.337  66.072 0.0000000000
46780  46.248  -24.604  67.825 0.0000000000
42024  44.571  -29.498  66.802 0.0000000000
43919  45.785  -27.654  67.109 0.0000000000
42023  45.165  -29.065  65.712 0.0000000000
41139  44.085  -30.991  64.995 0.0000000000
40261  44.473  -32.106  64.806 0.0000000000
37763  45.745  -35.075  65.541 0.0000000000
37771  46.020  -35.121  65.049 0.0000000000
39404  40.715  -32.761  66.340 0.0000000000
38540  41.480  -33.991  67.862 0.0000000000
108816  40.701  -35.340  67.303 0.0000000000
35924  41.781  -38.147  66.716 0.0000000000
42950  35.129  -28.026  65.073 0.0000000000
44873  35.770  -26.776  63.403 0.0000000000
43961  34.764  -27.631  62.498 0.0000000000
43042  34.436  -28.729  58.169 0.0000000000
44021  35.116  -27.749  58.850 0.0000000000
42119  35.476  -29.438  58.487 0.0000000000
40356  36.522  -31.358  59.836 0.0000000000
39501  35.792  -32.833  59.768 0.0000000000
39539  31.029  -32.654  56.598 0.0000000000
40384  31.732  -31.429  56.496 0.0000000000
39531  31.905  -32.963  57.139 0.0000000000
126398  34.407  -35.357  59.883 0.0000000000
36898  36.128  -35.727  60.999 0.0000000000
60589  47.936  -9.771  57.264 0.0000000000
61513  48.170  -8.850  55.935 0.0000000000
55345  49.596  -15.440  61.210 0.0000000000
33936  28.576  -38.935  74.251 0.0000000000
33938  26.945  -38.606  73.521 0.0000000000
33920  27.342  -38.702  75.303 0.0000000000
118702  26.364  -38.615  75.252 0.0000000000
33885  25.378  -38.293  76.851 0.0000000000
33935  29.576  -39.059  74.166 0.0000000000
128654  39.164  -26.042  71.825 0.0000000000
46736  39.641  -24.725  72.514 0.0000000000
45784  39.344  -25.214  70.979 0.0000000000
46761  39.345  -24.356  69.625 0.0000000000
47719  39.376  -23.443  68.299 0.0000000000
48677  39.609  -22.636  67.870 0.0000000000
121512  39.258  -23.296  67.395 0.0000000000
47747  38.724  -23.728  65.172 0.0000000000
46823  39.259  -24.341  61.875 0.0000000000
45880  40.048  -25.604  61.398 0.0000000000
127899  38.416  -24.515  62.016 0.0000000000
45882  38.265  -25.343  60.924 0.0000000000
45902  36.905  -25.801  60.830 0.0000000000
37855  24.275  -34.356  57.785 0.0000000000
37854  25.563  -34.049  56.869 0.0000000000
36014  24.823  -35.592  57.590 0.0000000000
58854  49.554  -11.579  61.245 0.0000000000
58075  49.496  -11.484  60.654 0.0000000000
58065  49.657  -12.473  61.005 0.0000000000
57220  49.482  -13.305  60.774 0.0000000000
35957  23.102  -36.312  63.772 0.0000000000
35945  21.798  -36.818  63.673 0.0000000000
35932  22.869  -36.937  64.959 0.0000000000
126092  21.832  -37.582  65.537 0.0000000000
124724  21.523  -38.036  66.144 0.0000000000
32976  21.503  -39.614  70.485 0.0000000000
32987  21.107  -39.645  69.754 0.0000000000
32978  20.009  -39.497  70.154 0.0000000000
32990  19.301  -39.297  69.840 0.0000000000
34001  15.614  -38.251  69.247 0.0000000000
41069  36.857  -30.449  72.745 0.0000000000
41083  36.321  -30.132  71.111 0.0000000000
121938  35.469  -30.204  69.822 0.0000000000
40205  35.231  -31.380  70.384 0.0000000000
111398  34.444  -31.691  69.162 0.0000000000
39362  33.634  -32.991  68.551 0.0000000000
35891  29.956  -36.760  68.510 0.0000000000
35901  30.615  -36.350  68.202 0.0000000000
35903  28.985  -36.570  67.512 0.0000000000
36843  28.521  -35.928  65.894 0.0000000000
36864  27.810  -35.292  64.606 0.0000000000
37792  27.018  -34.836  63.483 0.0000000000
125589  26.391  -35.679  64.385 0.0000000000
36866  24.895  -36.011  64.253 0.0000000000
51431  46.116  -19.103  60.700 0.0000000000
51420  47.703  -19.084  61.580 0.0000000000
127537  47.226  -19.689  61.241 0.0000000000
50526  47.311  -20.377  61.171 0.0000000000
35802  15.422  -36.391  78.353 0.0000000000
34852  14.630  -37.267  76.914 0.0000000000
33912  14.249  -37.701  76.053 0.0000000000
34869  13.957  -37.813  76.635 0.0000000000
57210  44.763  -13.307  61.334 0.0000000000
55336  45.291  -15.140  61.129 0.0000000000
56302  43.763  -14.504  60.596 0.0000000000
54361  43.338  -16.201  60.078 0.0000000000
54377  42.922  -16.884  59.785 0.0000000000
52297  39.829  -17.819  62.035 0.0000000000
52320  39.949  -18.279  60.697 0.0000000000
52307  39.984  -18.556  61.479 0.0000000000
50518  40.714  -20.158  61.702 0.0000000000
49693  41.289  -21.595  61.104 0.0000000000
48777  42.099  -22.858  61.200 0.0000000000
48755  42.367  -22.658  62.159 0.0000000000
48754  42.973  -23.095  62.686 0.0000000000
47762  44.215  -23.741  64.031 0.0000000000
47755  42.437  -23.686  65.117 0.0000000000
48708  43.805  -23.073  66.982 0.0000000000
46791  43.299  -24.950  66.024 0.0000000000
45826  44.276  -25.536  67.627 0.0000000000
44834  44.948  -25.986  68.504 0.0000000000
44823  45.504  -26.688  68.317 0.0000000000
43893  44.637  -27.793  68.138 0.0000000000
42005  44.417  -28.656  67.883 0.0000000000
40262  43.838  -31.431  66.133 0.0000000000
39421  44.125  -32.353  65.714 0.0000000000
40246  43.664  -31.940  66.860 0.0000000000
130421  43.803  -33.368  67.027 0.0000000000
37750  44.381  -35.225  66.705 0.0000000000
108843  39.559  -34.377  65.570 0.0000000000
35912  40.032  -36.933  67.118 0.0000000000
35913  39.513  -37.134  66.572 0.0000000000
34020  40.344  -39.109  66.840 0.0000000000
35000  40.208  -39.541  65.053 0.0000000000
131652  33.859  -29.077  63.562 0.0000000000
42982  34.232  -28.100  62.080 0.0000000000
42997  33.606  -28.611  61.738 0.0000000000
43023  33.404  -28.271  59.150 0.0000000000
42139  33.836  -29.647  57.576 0.0000000000
131596  32.655  -34.854  58.932 0.0000000000
118123  32.856  -36.596  60.462 0.0000000000
63377  51.996  -5.765  55.340 0.0000000000
62457  50.961  -6.869  54.955 0.0000000000
61528  49.713  -7.932  54.317 0.0000000000
34966  26.292  -37.416  68.763 0.0000000000
108891  24.849  -37.452  67.954 0.0000000000
34956  24.808  -38.057  69.521 0.0000000000
33995  24.280  -38.537  70.270 0.0000000000
33986  23.530  -38.972  70.637 0.0000000000
33955  25.628  -38.578  72.557 0.0000000000
108850  23.799  -39.010  72.000 0.0000000000
131447  22.463  -39.449  71.242 0.0000000000
32961  21.937  -39.432  72.474 0.0000000000
32957  20.937  -39.280  73.335 0.0000000000
33944  19.706  -38.795  73.440 0.0000000000
37642  35.017  -35.090  72.660 0.0000000000
120983  34.623  -35.033  71.837 0.0000000000
36782  34.055  -36.325  71.655 0.0000000000
35875  33.442  -36.835  71.097 0.0000000000
34936  32.263  -37.310  70.408 0.0000000000
33965  31.600  -38.622  72.233 0.0000000000
34928  31.232  -38.332  71.366 0.0000000000
109498  30.891  -37.590  69.984 0.0000000000
34951  29.320  -37.322  69.385 0.0000000000
34965  27.859  -37.231  68.771 0.0000000000
48815  45.302  -22.553  59.902 0.0000000000
48798  46.112  -22.404  60.328 0.0000000000
47813  45.814  -23.437  60.198 0.0000000000
55350  41.594  -14.579  60.476 0.0000000000
54349  39.757  -16.236  61.694 0.0000000000
53301  40.054  -17.457  62.904 0.0000000000
52287  40.611  -18.143  63.437 0.0000000000
52286  41.221  -18.592  63.917 0.0000000000
50472  41.419  -19.789  68.080 0.0000000000
49629  41.252  -21.166  66.232 0.0000000000
49631  39.985  -21.845  66.554 0.0000000000
49645  40.777  -21.695  65.710 0.0000000000
48723  42.065  -23.033  64.973 0.0000000000
46799  42.252  -24.239  64.499 0.0000000000
43935  42.561  -27.042  64.611 0.0000000000
42036  42.231  -28.662  65.014 0.0000000000
41129  41.784  -30.748  66.504 0.0000000000
41140  41.427  -30.230  65.258 0.0000000000
41141  40.743  -30.429  64.379 0.0000000000
39423  39.950  -32.427  64.869 0.0000000000
42981  39.938  -28.724  62.043 0.0000000000
41153  39.626  -30.629  62.991 0.0000000000
39436  39.393  -32.542  64.132 0.0000000000
38610  39.023  -33.245  64.067 0.0000000000
38612  38.112  -33.789  63.043 0.0000000000
37804  37.605  -34.563  62.727 0.0000000000
41195  30.009  -31.096  60.016 0.0000000000
41241  30.444  -30.200  58.663 0.0000000000
41223  29.122  -30.995  58.721 0.0000000000
40386  29.079  -31.418  56.471 0.0000000000
38688  29.591  -33.724  56.819 0.0000000000
37852  27.267  -34.610  56.984 0.0000000000
37860  28.873  -34.306  57.043 0.0000000000
61492  49.943  -7.318  58.596 0.0000000000
61511  49.716  -7.557  57.622 0.0000000000
61493  49.297  -8.280  57.869 0.0000000000
60588  48.764  -9.124  58.040 0.0000000000
59725  48.305  -10.051  58.138 0.0000000000
58868  49.180  -11.257  59.902 0.0000000000
59715  47.920  -10.884  58.367 0.0000000000
34979  23.015  -37.986  67.631 0.0000000000
34021  21.666  -38.417  66.998 0.0000000000
34023  20.346  -39.230  66.632 0.0000000000
33000  20.352  -39.728  68.309 0.0000000000
33014  20.291  -39.613  67.486 0.0000000000
44779  38.771  -26.910  72.459 0.0000000000
43854  38.293  -27.054  71.113 0.0000000000
44807  37.741  -26.589  69.366 0.0000000000
44817  36.940  -26.841  68.020 0.0000000000
44837  36.648  -26.597  66.360 0.0000000000
43894  36.401  -27.320  67.550 0.0000000000
43908  35.721  -27.673  66.284 0.0000000000
42937  34.764  -28.568  65.528 0.0000000000
41995  34.701  -29.876  68.141 0.0000000000
42016  34.396  -29.477  66.421 0.0000000000
118265  33.990  -29.415  64.845 0.0000000000
41142  33.204  -30.429  64.193 0.0000000000
126261  32.438  -30.749  63.167 0.0000000000
40292  31.279  -31.615  62.660 0.0000000000
37677  33.752  -34.920  70.225 0.0000000000
37719  33.126  -34.307  68.667 0.0000000000
38541  33.078  -33.644  68.030 0.0000000000
36840  31.041  -35.025  67.016 0.0000000000
37753  31.954  -34.210  67.070 0.0000000000
38580  32.160  -33.246  66.069 0.0000000000
39425  31.710  -32.600  64.515 0.0000000000
39458  31.175  -32.105  63.231 0.0000000000
40293  30.662  -31.772  62.154 0.0000000000
40314  28.853  -32.211  60.707 0.0000000000
39503  27.484  -32.724  60.415 0.0000000000
39504  26.606  -32.879  59.935 0.0000000000
37805  26.829  -34.404  62.711 0.0000000000
127287  25.608  -34.158  61.343 0.0000000000
38669  24.498  -33.717  59.094 0.0000000000
119579  23.489  -34.645  58.799 0.0000000000
55326  48.485  -15.562  62.409 0.0000000000
55325  49.170  -15.525  62.279 0.0000000000
54330  49.004  -16.157  62.430 0.0000000000
52305  48.309  -18.347  62.057 0.0000000000
52295  49.766  -18.316  62.384 0.0000000000
48797  46.777  -22.251  60.644 0.0000000000
34845  26.706  -36.957  78.431 0.0000000000
33869  25.878  -37.941  77.837 0.0000000000
33870  24.861  -38.081  77.649 0.0000000000
33858  23.376  -37.913  78.544 0.0000000000
33888  22.788  -38.423  76.866 0.0000000000
110401  21.977  -38.576  76.162 0.0000000000
33909  20.416  -38.551  75.503 0.0000000000
33911  19.041  -38.236  74.775 0.0000000000
113503  19.490  -36.612  78.618 0.0000000000
34863  19.123  -37.647  76.588 0.0000000000
110530  18.316  -37.818  75.055 0.0000000000
34907  17.743  -37.757  73.859 0.0000000000
34921  16.439  -37.463  72.537 0.0000000000
63340  50.199  -5.968  58.210 0.0000000000
118717  49.914  -6.908  59.094 0.0000000000
61461  49.580  -7.738  59.908 0.0000000000
60559  49.552  -8.982  60.767 0.0000000000
129944  48.978  -7.577  60.567 0.0000000000
60551  49.194  -8.542  61.148 0.0000000000
58855  49.166  -11.488  61.929 0.0000000000
57207  48.881  -12.318  62.191 0.0000000000
109351  48.462  -13.195  62.400 0.0000000000
128764  47.139  -11.539  62.679 0.0000000000
113088  47.544  -12.843  62.528 0.0000000000
57197  47.718  -13.728  62.492 0.0000000000
55327  47.856  -14.785  62.433 0.0000000000
120850  46.960  -15.955  61.877 0.0000000000
128547  46.358  -17.104  61.252 0.0000000000
55347  45.140  -16.033  60.803 0.0000000000
54348  45.796  -16.812  60.986 0.0000000000
52318  45.734  -18.351  60.639 0.0000000000
51432  45.361  -19.079  60.377 0.0000000000
126515  45.019  -19.686  60.153 0.0000000000
50560  44.492  -21.032  59.749 0.0000000000
55360  41.643  -15.639  60.099 0.0000000000
54379  41.646  -16.499  59.799 0.0000000000
53347  42.364  -17.500  59.575 0.0000000000
121624  40.247  -18.513  60.064 0.0000000000
52336  40.838  -18.764  59.582 0.0000000000
52335  42.559  -18.300  59.502 0.0000000000
50561  43.112  -19.971  59.497 0.0000000000
49719  43.355  -21.066  59.497 0.0000000000
49718  43.954  -21.909  59.540 0.0000000000
119659  43.822  -23.319  59.611 0.0000000000
46868  43.879  -24.323  59.993 0.0000000000
131618  42.713  -23.891  61.052 0.0000000000
46835  43.497  -24.774  61.172 0.0000000000
52279  42.299  -18.612  65.037 0.0000000000
51397  43.076  -19.851  64.859 0.0000000000
51375  45.623  -19.715  68.058 0.0000000000
48694  44.644  -22.390  67.955 0.0000000000
50480  46.002  -20.506  68.180 0.0000000000
51383  45.726  -19.753  67.779 0.0000000000
50499  45.748  -20.295  67.127 0.0000000000
50500  44.673  -20.352  65.999 0.0000000000
114118  43.352  -21.096  64.377 0.0000000000
48721  44.453  -22.397  64.847 0.0000000000
46790  44.958  -24.104  65.042 0.0000000000
45846  45.393  -25.522  65.297 0.0000000000
44843  46.098  -26.040  67.360 0.0000000000
109964  45.735  -26.138  66.103 0.0000000000
125741  45.423  -26.208  65.003 0.0000000000
43934  45.693  -27.590  64.597 0.0000000000
39419  46.659  -33.926  64.548 0.0000000000
38593  46.918  -34.153  64.134 0.0000000000
39371  42.152  -32.391  67.928 0.0000000000
37736  42.763  -34.777  67.881 0.0000000000
36837  43.419  -36.516  66.848 0.0000000000
34972  41.360  -38.273  67.389 0.0000000000
35923  42.631  -37.296  66.877 0.0000000000
44859  36.497  -26.272  64.383 0.0000000000
44886  36.184  -26.141  62.175 0.0000000000
112247  36.247  -26.696  59.888 0.0000000000
120457  34.747  -27.332  60.662 0.0000000000
44003  35.476  -27.314  59.440 0.0000000000
130937  37.067  -28.567  59.467 0.0000000000
40336  37.073  -31.461  60.438 0.0000000000
39481  36.993  -32.808  61.022 0.0000000000
37812  37.149  -34.389  61.891 0.0000000000
42124  31.003  -29.752  58.073 0.0000000000
41255  32.560  -30.170  56.904 0.0000000000
39528  33.794  -31.833  57.720 0.0000000000
37840  33.211  -33.989  58.516 0.0000000000
38675  33.997  -33.226  58.468 0.0000000000
116421  35.162  -32.993  59.283 0.0000000000
38657  35.921  -33.723  60.215 0.0000000000
111221  36.711  -34.997  61.511 0.0000000000
62444  49.568  -7.548  56.246 0.0000000000
62459  49.482  -7.683  55.376 0.0000000000
61539  49.436  -9.071  53.608 0.0000000000
56289  49.548  -14.803  61.406 0.0000000000
45816  37.648  -25.674  67.277 0.0000000000
45827  38.017  -25.114  66.893 0.0000000000
45849  37.349  -25.432  64.928 0.0000000000
44846  37.030  -26.055  66.008 0.0000000000
57196  49.117  -13.894  62.105 0.0000000000
35907  25.234  -37.099  67.214 0.0000000000
34978  24.460  -37.313  67.265 0.0000000000
33959  18.923  -38.512  72.192 0.0000000000
33960  18.106  -38.079  71.826 0.0000000000
34919  18.265  -38.102  72.734 0.0000000000
38485  35.532  -34.046  73.736 0.0000000000
38489  35.552  -33.776  73.042 0.0000000000
39337  35.700  -32.889  72.809 0.0000000000
38494  35.309  -33.542  72.151 0.0000000000
39342  35.052  -33.027  71.296 0.0000000000
34976  26.648  -37.199  67.903 0.0000000000
35905  27.070  -36.959  67.180 0.0000000000
35906  26.143  -37.003  67.179 0.0000000000
35918  25.641  -36.737  66.357 0.0000000000
50559  45.229  -21.109  60.062 0.0000000000
49706  45.650  -21.682  60.177 0.0000000000
56304  42.208  -13.763  60.521 0.0000000000
51399  41.629  -19.458  63.762 0.0000000000
49657  42.585  -20.853  63.751 0.0000000000
42935  42.827  -28.490  66.140 0.0000000000
126327  42.901  -29.095  66.881 0.0000000000
42015  43.066  -29.651  67.401 0.0000000000
41115  42.757  -30.421  67.445 0.0000000000
41176  31.385  -30.673  61.378 0.0000000000
42083  31.702  -30.002  60.803 0.0000000000
41193  31.064  -30.500  60.568 0.0000000000
63364  50.677  -6.309  56.860 0.0000000000
62428  50.142  -7.021  57.142 0.0000000000
33969  27.302  -38.384  71.785 0.0000000000
33970  26.528  -38.274  71.289 0.0000000000
33953  27.165  -38.523  72.668 0.0000000000
33922  24.329  -38.548  74.810 0.0000000000
33924  22.664  -38.901  74.266 0.0000000000
115395  23.307  -38.596  75.024 0.0000000000
34889  33.467  -37.312  74.319 0.0000000000
34904  33.029  -37.889  74.020 0.0000000000
111927  28.992  -38.542  72.202 0.0000000000
33968  28.227  -38.332  71.553 0.0000000000
48670  39.891  -22.929  69.784 0.0000000000
118783  40.329  -22.283  70.348 0.0000000000
49575  40.677  -21.582  70.979 0.0000000000
49600  40.394  -21.343  68.915 0.0000000000
121103  39.987  -24.117  62.186 0.0000000000
47779  40.395  -23.647  62.875 0.0000000000
46822  40.632  -24.470  62.320 0.0000000000
45866  41.274  -25.063  62.608 0.0000000000
44885  40.707  -26.155  61.879 0.0000000000
117249  38.344  -28.026  60.390 0.0000000000
43005  38.539  -28.758  60.764 0.0000000000
112327  38.169  -29.381  60.648 0.0000000000
42081  37.694  -29.652  60.305 0.0000000000
39513  26.442  -32.543  59.027 0.0000000000
40370  27.083  -31.982  57.766 0.0000000000
39534  25.870  -32.757  57.552 0.0000000000
115082  49.558  -9.582  60.249 0.0000000000
59705  49.429  -10.526  60.321 0.0000000000
118225  21.824  -36.361  62.442 0.0000000000
33987  22.829  -39.256  70.269 0.0000000000
32986  22.102  -39.313  69.175 0.0000000000
33016  18.220  -40.130  67.521 0.0000000000
41967  36.544  -29.369  70.780 0.0000000000
42866  36.778  -28.624  70.434 0.0000000000
40229  33.517  -32.057  67.278 0.0000000000
41106  33.610  -31.408  66.842 0.0000000000
129880  33.354  -32.023  66.623 0.0000000000
35882  31.761  -36.962  69.627 0.0000000000
35888  31.988  -36.322  69.164 0.0000000000
37776  29.208  -34.681  64.981 0.0000000000
37768  29.765  -34.660  65.487 0.0000000000
38599  29.187  -34.053  64.167 0.0000000000
37790  28.332  -34.264  63.682 0.0000000000
36882  23.211  -35.936  62.942 0.0000000000
36890  23.629  -35.466  62.248 0.0000000000
110654  22.777  -35.688  62.013 0.0000000000
36901  22.504  -35.527  61.041 0.0000000000
53315  46.925  -17.418  61.491 0.0000000000
52306  47.355  -18.299  61.551 0.0000000000
34817  21.853  -37.061  79.583 0.0000000000
34818  21.288  -37.054  79.373 0.0000000000
34847  20.860  -37.805  78.060 0.0000000000
34832  20.750  -37.238  78.758 0.0000000000
35813  16.282  -36.519  77.071 0.0000000000
128730  16.243  -36.866  76.026 0.0000000000
111224  15.859  -37.033  75.607 0.0000000000
63334  49.151  -6.155  58.641 0.0000000000
62401  48.781  -6.617  59.096 0.0000000000
60560  47.915  -8.723  61.349 0.0000000000
60553  48.063  -9.126  61.918 0.0000000000
59691  47.441  -9.813  62.285 0.0000000000
57209  45.750  -13.422  61.751 0.0000000000
57208  46.438  -13.492  62.113 0.0000000000
52333  44.271  -18.423  59.947 0.0000000000
52334  43.467  -18.402  59.678 0.0000000000
54364  40.006  -16.275  61.153 0.0000000000
53334  40.175  -16.744  60.746 0.0000000000
49707  41.110  -21.227  60.278 0.0000000000
49721  41.608  -21.496  59.773 0.0000000000
45857  44.509  -25.434  63.545 0.0000000000
44857  44.985  -25.880  64.274 0.0000000000
119458  42.234  -21.192  66.505 0.0000000000
50492  42.953  -20.524  67.293 0.0000000000
122530  45.532  -24.519  68.453 0.0000000000
47725  45.857  -23.571  68.400 0.0000000000
48693  46.316  -23.224  67.962 0.0000000000
47732  46.272  -23.842  67.711 0.0000000000
46773  46.062  -24.845  68.213 0.0000000000
42933  45.016  -28.933  66.999 0.0000000000
42035  44.466  -29.898  65.363 0.0000000000
36835  45.082  -35.478  66.055 0.0000000000
36846  45.341  -35.435  65.532 0.0000000000
36858  44.726  -35.649  65.400 0.0000000000
38578  40.321  -33.437  66.071 0.0000000000
37751  40.733  -34.514  67.159 0.0000000000
43950  34.883  -27.799  63.436 0.0000000000
42120  34.420  -29.471  57.892 0.0000000000
110082  34.965  -29.236  58.207 0.0000000000
41240  35.072  -30.073  58.278 0.0000000000
40366  35.448  -30.803  58.693 0.0000000000
125709  35.398  -31.549  58.886 0.0000000000
38694  31.096  -33.445  57.130 0.0000000000
38686  31.720  -33.809  57.673 0.0000000000
60602  47.785  -9.471  56.323 0.0000000000
33919  28.344  -38.883  75.304 0.0000000000
115943  27.608  -38.749  74.328 0.0000000000
33904  27.042  -38.514  76.395 0.0000000000
33905  25.903  -38.485  76.069 0.0000000000
113797  26.400  -38.261  77.158 0.0000000000
33918  29.322  -39.025  75.261 0.0000000000
45777  39.055  -25.916  71.285 0.0000000000
45785  38.841  -25.727  70.434 0.0000000000
46768  38.671  -24.757  68.218 0.0000000000
46767  39.145  -24.219  68.708 0.0000000000
47714  39.529  -23.594  69.230 0.0000000000
46792  38.282  -24.415  65.623 0.0000000000
47735  38.739  -23.791  66.059 0.0000000000
46800  38.245  -24.348  64.737 0.0000000000
47765  38.935  -23.673  63.420 0.0000000000
46824  38.530  -24.209  62.791 0.0000000000
46812  37.882  -24.661  63.368 0.0000000000
45868  37.301  -25.270  62.232 0.0000000000
45901  37.703  -25.821  60.526 0.0000000000
45884  36.755  -25.678  61.724 0.0000000000
36015  24.097  -35.174  57.725 0.0000000000
36943  24.837  -34.633  57.334 0.0000000000
35942  24.277  -36.305  64.588 0.0000000000
35943  23.474  -36.537  64.590 0.0000000000
34992  22.674  -37.264  65.665 0.0000000000
34985  22.184  -37.757  66.309 0.0000000000
110194  21.115  -39.601  71.126 0.0000000000
32977  20.736  -39.611  70.352 0.0000000000
33989  18.691  -38.725  70.378 0.0000000000
33998  18.476  -38.918  69.497 0.0000000000
34008  18.150  -39.183  68.727 0.0000000000
33999  17.576  -38.445  69.256 0.0000000000
34009  17.229  -38.762  68.542 0.0000000000
34944  16.569  -37.600  70.672 0.0000000000
34958  16.104  -37.735  69.902 0.0000000000
33991  15.211  -37.925  70.143 0.0000000000
34945  15.675  -37.628  70.811 0.0000000000
40177  36.093  -31.274  74.303 0.0000000000
40192  35.951  -32.017  72.608 0.0000000000
119281  36.566  -30.978  73.216 0.0000000000
40191  36.347  -31.155  72.419 0.0000000000
41075  36.648  -30.370  71.968 0.0000000000
41076  36.052  -30.889  71.513 0.0000000000
41084  35.661  -30.636  70.566 0.0000000000
128413  35.595  -31.334  71.078 0.0000000000
40206  34.870  -31.973  70.267 0.0000000000
119354  34.466  -32.275  69.647 0.0000000000
39361  34.097  -32.250  68.854 0.0000000000
39356  34.054  -32.828  69.238 0.0000000000
35892  29.277  -36.790  68.264 0.0000000000
35902  29.757  -36.431  67.831 0.0000000000
35927  27.241  -36.479  66.036 0.0000000000
35916  27.988  -36.435  66.336 0.0000000000
36844  27.758  -36.191  65.763 0.0000000000
116112  27.822  -35.786  65.261 0.0000000000
109055  27.121  -35.730  64.798 0.0000000000
35941  24.895  -36.327  65.002 0.0000000000
36854  25.652  -36.043  64.669 0.0000000000
36867  24.008  -36.044  63.813 0.0000000000
51421  46.865  -19.090  61.160 0.0000000000
120703  46.556  -19.966  60.788 0.0000000000
50541  47.469  -21.073  61.167 0.0000000000
50525  48.118  -20.706  61.575 0.0000000000
35803  14.784  -36.716  78.725 0.0000000000
34853  14.770  -36.890  77.886 0.0000000000
34854  13.940  -37.728  77.288 0.0000000000
56292  44.625  -14.373  60.965 0.0000000000
119606  43.600  -15.426  60.362 0.0000000000
54378  42.422  -16.093  59.888 0.0000000000
51413  40.486  -19.255  62.178 0.0000000000
50517  41.384  -20.645  62.442 0.0000000000
50527  41.116  -20.937  61.650 0.0000000000
48756  41.807  -22.156  61.667 0.0000000000
49682  42.179  -21.867  62.563 0.0000000000
47763  43.563  -23.448  63.304 0.0000000000
120721  42.724  -24.345  65.297 0.0000000000
47745  43.305  -23.915  66.190 0.0000000000
44844  43.795  -26.562  67.075 0.0000000000
44835  44.585  -26.605  68.143 0.0000000000
131391  44.771  -27.215  68.311 0.0000000000
42014  43.887  -29.272  67.743 0.0000000000
41113  44.006  -29.784  67.525 0.0000000000
39369  43.311  -33.070  67.791 0.0000000000
38560  43.975  -34.099  67.013 0.0000000000
37735  43.493  -34.510  67.486 0.0000000000
36862  39.150  -34.977  65.288 0.0000000000
36850  39.294  -35.981  65.865 0.0000000000
34027  39.775  -39.562  65.963 0.0000000000
34026  40.360  -39.328  66.396 0.0000000000
34034  39.996  -39.788  65.583 0.0000000000
42052  33.413  -29.530  63.205 0.0000000000
42983  33.839  -28.751  62.743 0.0000000000
42063  33.129  -29.375  62.274 0.0000000000
42082  32.103  -29.353  60.051 0.0000000000
43009  32.820  -28.921  60.507 0.0000000000
43024  32.761  -28.727  59.559 0.0000000000
43044  32.876  -28.667  58.623 0.0000000000
127510  32.632  -29.163  57.685 0.0000000000
62469  50.468  -7.538  54.342 0.0000000000
34954  26.573  -37.600  69.563 0.0000000000
34955  25.720  -37.751  69.527 0.0000000000
34942  26.142  -37.879  70.167 0.0000000000
33985  24.868  -38.511  70.908 0.0000000000
33994  25.269  -38.154  70.222 0.0000000000
119268  24.110  -38.781  70.952 0.0000000000
33939  25.932  -38.572  73.558 0.0000000000
33954  26.417  -38.548  72.865 0.0000000000
110094  23.988  -38.913  72.816 0.0000000000
32960  22.987  -39.289  71.712 0.0000000000
32968  22.231  -39.474  71.767 0.0000000000
120555  22.566  -39.358  72.310 0.0000000000
32956  21.607  -39.316  73.241 0.0000000000
32963  20.391  -39.180  72.828 0.0000000000
33943  20.380  -39.051  73.793 0.0000000000
35838  34.283  -36.459  74.228 0.0000000000
36727  34.412  -35.784  74.503 0.0000000000
36746  34.766  -35.969  73.918 0.0000000000
36765  35.147  -35.333  73.585 0.0000000000
36766  34.772  -35.934  73.107 0.0000000000
36781  34.536  -35.768  72.194 0.0000000000
35868  34.338  -36.528  72.601 0.0000000000
34927  33.230  -37.457  71.680 0.0000000000
34935  32.919  -37.311  70.963 0.0000000000
33949  31.815  -38.782  73.186 0.0000000000
33950  31.111  -38.878  72.767 0.0000000000
33979  30.457  -38.331  71.246 0.0000000000
34938  30.661  -37.971  70.645 0.0000000000
111506  29.999  -37.594  69.910 0.0000000000
117790  29.877  -37.228  69.278 0.0000000000
34939  29.033  -37.665  70.099 0.0000000000
34941  27.311  -37.802  70.332 0.0000000000
34953  27.442  -37.543  69.657 0.0000000000
113472  27.049  -37.393  69.056 0.0000000000
53302  39.678  -17.004  62.018 0.0000000000
54317  39.783  -16.541  62.831 0.0000000000
53288  40.515  -17.385  63.846 0.0000000000
52281  40.940  -17.955  64.114 0.0000000000
46749  39.752  -24.472  71.645 0.0000000000
50473  40.770  -20.517  68.441 0.0000000000
50484  40.985  -20.385  67.352 0.0000000000
50493  41.713  -20.590  66.805 0.0000000000
50494  40.913  -20.851  66.664 0.0000000000
48687  39.566  -22.508  66.943 0.0000000000
48696  39.644  -22.492  66.074 0.0000000000
48740  40.608  -22.811  64.052 0.0000000000
48711  40.331  -22.215  65.160 0.0000000000
48725  40.647  -22.458  64.635 0.0000000000
49658  41.171  -22.137  65.152 0.0000000000
48724  41.366  -22.751  64.574 0.0000000000
47756  41.716  -23.501  64.273 0.0000000000
44871  41.681  -26.559  63.078 0.0000000000
44870  42.183  -26.349  63.759 0.0000000000
43948  42.067  -27.178  63.789 0.0000000000
130833  42.280  -27.547  64.306 0.0000000000
42037  41.751  -29.422  64.999 0.0000000000
42949  41.695  -28.776  64.235 0.0000000000
42964  40.776  -29.113  63.216 0.0000000000
42050  40.584  -29.824  63.603 0.0000000000
40277  40.302  -31.126  64.334 0.0000000000
41152  40.153  -30.566  63.639 0.0000000000
44899  39.626  -26.322  61.061 0.0000000000
43971  39.881  -27.172  61.370 0.0000000000
42994  39.646  -28.041  61.465 0.0000000000
41162  39.103  -30.614  62.327 0.0000000000
42062  39.601  -29.998  62.527 0.0000000000
40288  39.205  -31.226  62.856 0.0000000000
40278  39.697  -31.227  63.559 0.0000000000
118946  39.171  -31.951  63.398 0.0000000000
39437  38.923  -32.664  63.585 0.0000000000
40290  38.144  -32.311  62.216 0.0000000000
39457  38.128  -33.046  62.631 0.0000000000
109168  37.612  -32.930  61.866 0.0000000000
40338  29.436  -31.657  60.363 0.0000000000
40358  29.299  -31.291  59.559 0.0000000000
123721  28.675  -31.415  59.119 0.0000000000
40388  27.666  -31.979  56.677 0.0000000000
40387  28.310  -31.490  56.825 0.0000000000
120993  28.406  -32.012  56.289 0.0000000000
116609  29.421  -32.880  56.305 0.0000000000
36941  26.597  -35.152  57.308 0.0000000000
37853  26.342  -34.356  56.811 0.0000000000
36939  28.244  -35.417  57.790 0.0000000000
36929  29.435  -35.682  58.471 0.0000000000
37843  29.967  -35.120  58.129 0.0000000000
61473  49.564  -8.297  58.789 0.0000000000
58066  49.440  -12.553  60.629 0.0000000000
35017  20.666  -37.318  62.869 0.0000000000
35011  20.360  -37.753  63.555 0.0000000000
34968  24.292  -37.934  68.697 0.0000000000
116227  24.183  -37.622  67.867 0.0000000000
34969  23.575  -37.984  68.154 0.0000000000
34015  22.268  -38.561  67.873 0.0000000000
34017  20.904  -39.088  67.221 0.0000000000
32988  20.377  -39.634  69.569 0.0000000000
110411  20.674  -39.667  69.035 0.0000000000
33015  19.004  -40.186  67.349 0.0000000000
33027  19.660  -39.832  66.885 0.0000000000
41918  36.987  -29.470  74.191 0.0000000000
42805  37.457  -28.812  73.944 0.0000000000
119045  37.907  -28.467  72.514 0.0000000000
43823  38.191  -28.056  73.165 0.0000000000
43831  38.395  -27.671  72.549 0.0000000000
43843  38.450  -27.329  71.885 0.0000000000
43866  37.425  -27.242  69.721 0.0000000000
43877  37.170  -27.028  68.861 0.0000000000
44816  37.518  -26.415  68.489 0.0000000000
44826  36.773  -26.707  67.179 0.0000000000
42906  35.417  -28.434  67.462 0.0000000000
43895  35.819  -27.779  67.100 0.0000000000
42921  35.293  -28.279  66.641 0.0000000000
42936  35.222  -28.149  65.877 0.0000000000
42922  34.766  -28.754  66.175 0.0000000000
41090  35.015  -30.208  69.058 0.0000000000
41117  34.101  -30.196  66.739 0.0000000000
42026  34.310  -29.259  65.574 0.0000000000
130693  33.908  -29.724  65.305 0.0000000000
110606  33.609  -29.665  64.089 0.0000000000
42040  33.578  -30.170  64.938 0.0000000000
40266  32.626  -31.528  64.492 0.0000000000
126798  32.830  -30.961  64.154 0.0000000000
121036  32.379  -31.275  63.688 0.0000000000
40291  31.967  -31.156  62.954 0.0000000000
40279  31.739  -31.749  63.408 0.0000000000
36798  34.218  -35.441  71.260 0.0000000000
37676  34.432  -34.428  71.064 0.0000000000
36821  32.775  -34.913  68.661 0.0000000000
118769  33.229  -34.903  69.284 0.0000000000
38542  32.518  -33.947  67.464 0.0000000000
36832  30.240  -35.898  67.382 0.0000000000
36831  31.079  -35.572  67.578 0.0000000000
36841  30.591  -35.376  66.998 0.0000000000
37766  31.089  -34.163  66.071 0.0000000000
37754  31.348  -34.497  66.723 0.0000000000
38564  31.736  -33.853  66.424 0.0000000000
38563  32.336  -33.578  66.781 0.0000000000
38581  31.530  -33.535  65.693 0.0000000000
39408  31.976  -32.933  65.290 0.0000000000
38597  31.292  -33.213  64.904 0.0000000000
39441  30.064  -32.863  63.176 0.0000000000
39440  30.782  -32.602  63.496 0.0000000000
39459  30.561  -32.251  62.742 0.0000000000
39482  30.071  -32.119  61.983 0.0000000000
40313  29.613  -32.005  61.232 0.0000000000
39483  29.470  -32.435  61.838 0.0000000000
126610  27.811  -33.455  62.000 0.0000000000
38649  27.629  -33.173  61.312 0.0000000000
116199  26.820  -33.275  60.853 0.0000000000
36879  26.373  -35.257  63.716 0.0000000000
37806  26.041  -34.732  62.684 0.0000000000
37816  24.682  -34.748  61.633 0.0000000000
37815  25.338  -34.491  61.695 0.0000000000
37825  24.995  -34.320  61.046 0.0000000000
38651  25.459  -33.844  60.655 0.0000000000
38659  24.690  -34.022  60.124 0.0000000000
37834  23.848  -34.309  59.503 0.0000000000
51419  48.681  -19.175  62.158 0.0000000000
123467  49.474  -18.892  62.454 0.0000000000
47812  46.699  -23.028  60.589 0.0000000000
35810  27.272  -36.442  78.210 0.0000000000
34827  25.853  -36.712  78.746 0.0000000000
34846  25.374  -37.559  78.490 0.0000000000
33857  24.367  -37.774  78.506 0.0000000000
33872  22.698  -38.218  77.829 0.0000000000
33871  23.726  -38.218  77.496 0.0000000000
110252  21.848  -38.357  77.305 0.0000000000
33890  20.492  -38.287  76.462 0.0000000000
33910  19.740  -38.443  75.164 0.0000000000
35801  17.601  -36.142  78.137 0.0000000000
36678  18.147  -35.635  79.118 0.0000000000
35800  18.620  -36.328  78.425 0.0000000000
34834  19.120  -36.923  77.841 0.0000000000
34850  18.639  -37.166  77.037 0.0000000000
34880  17.433  -37.324  75.228 0.0000000000
118969  18.212  -37.551  75.654 0.0000000000
34892  18.366  -38.007  74.310 0.0000000000
34908  17.012  -37.478  73.351 0.0000000000
110563  17.156  -37.461  74.070 0.0000000000
34909  15.970  -37.355  73.319 0.0000000000
33929  13.999  -37.999  74.739 0.0000000000
63339  50.301  -5.463  57.566 0.0000000000
62400  50.029  -6.519  58.669 0.0000000000
62388  49.577  -7.103  59.557 0.0000000000
123397  49.614  -8.595  60.129 0.0000000000
61454  49.386  -8.083  60.525 0.0000000000
62390  48.496  -7.161  59.595 0.0000000000
62383  48.873  -7.377  60.270 0.0000000000
60552  48.819  -9.072  61.784 0.0000000000
59690  49.318  -9.428  61.411 0.0000000000
115733  49.337  -10.535  61.565 0.0000000000
58848  48.392  -11.480  62.440 0.0000000000
58850  46.580  -11.188  62.583 0.0000000000
54347  46.620  -16.609  61.507 0.0000000000
55348  44.436  -15.303  60.670 0.0000000000
53331  44.551  -17.711  60.229 0.0000000000
53330  45.339  -17.630  60.582 0.0000000000
53329  46.123  -17.591  60.966 0.0000000000
50544  45.109  -20.398  60.110 0.0000000000
53349  41.064  -16.920  59.834 0.0000000000
53348  41.580  -17.261  59.625 0.0000000000
119141  42.198  -16.845  59.677 0.0000000000
51450  41.205  -19.616  59.541 0.0000000000
117665  41.825  -18.967  59.419 0.0000000000
51448  42.818  -19.106  59.497 0.0000000000
49720  42.280  -21.646  59.537 0.0000000000
48817  43.639  -22.649  59.532 0.0000000000
47814  42.670  -23.362  60.035 0.0000000000
47830  43.339  -23.887  59.954 0.0000000000
46857  43.570  -24.562  60.516 0.0000000000
45865  44.058  -25.422  61.619 0.0000000000
52270  42.923  -18.175  65.836 0.0000000000
50482  43.908  -19.843  68.121 0.0000000000
51369  44.077  -18.580  68.498 0.0000000000
51376  44.718  -19.318  68.351 0.0000000000
51368  45.028  -18.696  68.147 0.0000000000
120617  45.826  -22.075  68.275 0.0000000000
51374  46.039  -20.129  68.019 0.0000000000
50490  46.112  -20.401  67.917 0.0000000000
49626  46.089  -20.877  67.480 0.0000000000
49642  45.455  -20.980  66.423 0.0000000000
49643  44.280  -21.057  65.310 0.0000000000
49656  43.967  -21.737  64.653 0.0000000000
46789  45.866  -24.182  66.590 0.0000000000
47753  44.731  -23.164  64.952 0.0000000000
45836  45.410  -24.796  65.571 0.0000000000
44833  46.032  -26.360  68.023 0.0000000000
43905  45.727  -27.315  67.966 0.0000000000
42932  45.522  -28.348  66.693 0.0000000000
111157  45.983  -26.916  67.002 0.0000000000
44856  45.648  -26.925  65.476 0.0000000000
42948  45.646  -28.387  65.271 0.0000000000
42034  44.899  -29.511  64.259 0.0000000000
38575  45.731  -34.037  65.422 0.0000000000
39420  45.184  -33.101  65.045 0.0000000000
37785  45.540  -34.873  64.418 0.0000000000
117518  46.412  -34.589  64.530 0.0000000000
38607  46.661  -34.328  63.784 0.0000000000
40247  41.676  -31.477  66.966 0.0000000000
39386  41.469  -32.275  67.167 0.0000000000
37737  42.009  -34.970  68.153 0.0000000000
36827  42.673  -36.106  67.612 0.0000000000
36826  43.625  -35.656  67.199 0.0000000000
35899  40.434  -37.642  67.431 0.0000000000
128020  40.517  -36.753  67.444 0.0000000000
131550  40.913  -38.739  67.299 0.0000000000
113014  42.545  -37.126  66.415 0.0000000000
124828  36.603  -26.487  65.674 0.0000000000
44847  36.315  -26.692  65.055 0.0000000000
44887  35.697  -26.669  62.558 0.0000000000
44901  35.702  -26.549  61.646 0.0000000000
44900  36.269  -26.103  61.241 0.0000000000
44914  35.848  -26.502  60.713 0.0000000000
42996  34.071  -27.918  61.086 0.0000000000
43987  34.291  -27.616  60.143 0.0000000000
42118  36.041  -29.202  58.763 0.0000000000
43040  36.080  -28.495  58.830 0.0000000000
43022  36.532  -28.160  59.161 0.0000000000
118152  36.599  -28.907  59.166 0.0000000000
41218  37.194  -30.165  59.980 0.0000000000
39500  36.540  -32.211  60.262 0.0000000000
38646  37.094  -33.616  61.520 0.0000000000
37813  36.659  -34.293  61.229 0.0000000000
110749  30.357  -30.128  57.649 0.0000000000
41256  30.971  -29.900  57.296 0.0000000000
39530  32.326  -32.112  56.879 0.0000000000
41266  31.840  -30.630  56.594 0.0000000000
40376  33.305  -31.087  57.203 0.0000000000
112682  32.973  -35.460  59.549 0.0000000000
37833  33.505  -34.736  59.204 0.0000000000
36916  34.293  -34.748  59.531 0.0000000000
37832  34.812  -34.134  59.527 0.0000000000
38666  34.676  -33.444  59.133 0.0000000000
38665  35.301  -33.560  59.624 0.0000000000
37831  35.381  -34.187  59.905 0.0000000000
35964  36.812  -36.816  61.975 0.0000000000
127375  36.444  -35.376  61.255 0.0000000000
36888  37.118  -35.966  62.306 0.0000000000
62466  52.656  -7.073  53.675 0.0000000000
62429  49.391  -7.750  56.746 0.0000000000
61520  48.829  -8.174  55.828 0.0000000000
61529  48.865  -8.380  54.545 0.0000000000
56280  49.259  -14.723  62.040 0.0000000000
55324  49.488  -15.508  61.806 0.0000000000
33882  28.739  -38.281  76.989 0.0000000000
33883  27.914  -38.231  77.144 0.0000000000
34862  27.607  -37.776  77.734 0.0000000000
44815  38.052  -25.968  68.997 0.0000000000
45795  38.613  -25.549  69.507 0.0000000000
45804  38.389  -25.384  68.604 0.0000000000
46775  38.506  -24.630  67.348 0.0000000000
46783  37.852  -25.010  66.061 0.0000000000
46801  37.666  -24.936  64.261 0.0000000000
45850  37.041  -25.648  64.302 0.0000000000
35930  24.816  -36.639  65.794 0.0000000000
35931  23.410  -36.898  65.440 0.0000000000
35920  23.988  -36.951  66.074 0.0000000000
34984  23.534  -37.336  66.587 0.0000000000
32971  20.134  -39.185  72.017 0.0000000000
33974  19.556  -38.963  71.653 0.0000000000
33976  18.025  -38.138  70.913 0.0000000000
34929  17.187  -37.657  71.425 0.0000000000
124709  16.764  -37.542  72.006 0.0000000000
39323  35.962  -32.183  74.098 0.0000000000
39330  36.048  -32.252  73.345 0.0000000000
39349  35.301  -32.107  71.024 0.0000000000
38500  34.561  -33.497  70.706 0.0000000000
123431  27.402  -36.695  66.620 0.0000000000
35928  26.451  -36.454  65.776 0.0000000000
49669  42.010  -21.123  62.951 0.0000000000
49668  42.609  -21.545  63.337 0.0000000000
49667  43.246  -21.840  63.824 0.0000000000
44845  43.154  -26.588  65.631 0.0000000000
43920  43.484  -27.264  66.633 0.0000000000
42920  43.418  -28.955  67.454 0.0000000000
41114  43.458  -30.173  67.538 0.0000000000
40226  43.108  -32.071  67.998 0.0000000000
39370  42.768  -32.618  68.175 0.0000000000
124448  32.629  -29.611  61.724 0.0000000000
42098  31.668  -29.507  59.333 0.0000000000
63378  51.448  -6.144  55.683 0.0000000000
33983  26.685  -37.988  70.622 0.0000000000
33971  25.468  -38.503  71.608 0.0000000000
115941  25.102  -38.568  74.111 0.0000000000
33941  23.220  -39.007  73.450 0.0000000000
32955  22.446  -39.278  73.070 0.0000000000
129733  22.570  -39.113  73.637 0.0000000000
33925  21.775  -38.949  74.605 0.0000000000
35839  33.762  -36.796  74.526 0.0000000000
35849  34.017  -37.049  73.898 0.0000000000
35860  34.047  -37.130  73.051 0.0000000000
116333  32.785  -37.928  72.180 0.0000000000
33951  30.073  -38.871  72.967 0.0000000000
33981  28.589  -38.026  70.809 0.0000000000
47709  39.872  -23.737  71.135 0.0000000000
47696  40.247  -23.103  71.573 0.0000000000
127142  40.478  -22.550  71.953 0.0000000000
50455  40.916  -20.744  70.576 0.0000000000
115540  40.334  -21.190  67.904 0.0000000000
47757  39.308  -23.146  64.754 0.0000000000
48712  39.762  -22.552  65.264 0.0000000000
118172  40.050  -23.048  63.602 0.0000000000
47764  40.687  -23.241  63.532 0.0000000000
47778  41.177  -23.634  63.470 0.0000000000
46810  41.720  -24.225  63.720 0.0000000000
110435  41.536  -27.457  63.184 0.0000000000
42979  40.916  -27.675  62.541 0.0000000000
42980  40.570  -28.553  62.623 0.0000000000
44912  38.657  -26.619  60.486 0.0000000000
129495  39.438  -27.543  61.130 0.0000000000
43983  39.009  -27.954  60.895 0.0000000000
41173  38.621  -30.357  61.618 0.0000000000
40289  38.670  -31.681  62.532 0.0000000000
40309  38.610  -31.062  61.999 0.0000000000
41174  38.119  -30.899  61.343 0.0000000000
40335  37.614  -31.480  61.100 0.0000000000
39512  27.761  -32.200  59.669 0.0000000000
40360  28.036  -31.714  58.994 0.0000000000
40369  27.719  -31.583  58.119 0.0000000000
39532  27.171  -32.062  57.092 0.0000000000
39542  27.736  -32.610  56.353 0.0000000000
57233  49.129  -13.137  60.201 0.0000000000
35004  20.702  -37.823  64.431 0.0000000000
34005  23.358  -38.511  68.990 0.0000000000
34007  21.805  -39.183  68.539 0.0000000000
33002  19.151  -39.564  68.953 0.0000000000
128651  19.431  -39.851  68.428 0.0000000000
41068  37.292  -29.906  72.972 0.0000000000
41940  37.534  -29.278  72.755 0.0000000000
41952  37.423  -29.102  72.045 0.0000000000
42853  37.668  -28.382  71.714 0.0000000000
43844  37.918  -27.696  71.411 0.0000000000
42865  37.353  -28.143  70.927 0.0000000000
43856  37.084  -27.916  70.076 0.0000000000
43867  36.802  -27.668  69.238 0.0000000000
42891  36.204  -28.134  68.770 0.0000000000
42892  35.606  -28.623  68.305 0.0000000000
41098  34.463  -30.702  68.346 0.0000000000
40228  33.942  -31.266  67.674 0.0000000000
41105  33.892  -30.796  67.036 0.0000000000
41118  33.686  -30.807  66.353 0.0000000000
41131  33.432  -30.895  65.552 0.0000000000
40249  32.961  -31.739  65.371 0.0000000000
39424  32.366  -32.257  64.885 0.0000000000
35880  33.086  -36.375  70.229 0.0000000000
36811  33.233  -35.617  69.815 0.0000000000
36812  32.660  -35.999  69.485 0.0000000000
36822  32.293  -35.548  68.703 0.0000000000
36830  31.833  -35.249  67.969 0.0000000000
131159  30.018  -34.947  66.020 0.0000000000
37767  30.398  -34.420  65.723 0.0000000000
38598  30.567  -33.456  64.549 0.0000000000
124858  29.939  -33.627  64.207 0.0000000000
38614  29.625  -33.437  63.589 0.0000000000
38631  29.280  -33.151  62.858 0.0000000000
39461  29.019  -32.856  62.141 0.0000000000
38632  28.441  -33.431  62.524 0.0000000000
38633  27.643  -33.881  62.569 0.0000000000
130330  24.896  -35.298  62.861 0.0000000000
36889  24.448  -35.191  62.282 0.0000000000
36899  23.894  -35.074  61.578 0.0000000000
37826  23.285  -34.794  60.060 0.0000000000
36900  23.267  -35.065  60.909 0.0000000000
50524  48.835  -20.131  62.135 0.0000000000
34830  22.221  -37.559  79.151 0.0000000000
33860  21.914  -37.879  78.572 0.0000000000
33873  21.474  -38.040  78.060 0.0000000000
33874  20.336  -37.887  77.287 0.0000000000
35812  17.280  -36.497  77.220 0.0000000000
131612  17.993  -36.769  77.078 0.0000000000
34851  17.808  -36.923  76.617 0.0000000000
34866  16.746  -37.005  75.703 0.0000000000
34894  16.726  -37.279  74.598 0.0000000000
111555  16.515  -37.316  73.933 0.0000000000
117508  15.981  -37.175  74.945 0.0000000000
63333  49.723  -6.083  58.470 0.0000000000
62389  49.158  -6.959  59.709 0.0000000000
61456  48.590  -7.964  60.757 0.0000000000
58849  47.496  -11.012  62.691 0.0000000000
58048  46.144  -11.744  62.374 0.0000000000
51422  40.422  -19.911  60.636 0.0000000000
50564  40.950  -20.161  59.732 0.0000000000
112362  41.571  -20.357  59.539 0.0000000000
118015  41.769  -21.018  59.551 0.0000000000
48818  42.448  -22.572  59.731 0.0000000000
47776  43.245  -23.927  62.368 0.0000000000
44869  44.845  -26.279  63.358 0.0000000000
128426  44.193  -19.236  66.259 0.0000000000
50491  44.451  -20.698  68.083 0.0000000000
120961  44.723  -23.252  68.058 0.0000000000
113221  46.239  -22.309  67.903 0.0000000000
48706  46.198  -22.731  67.156 0.0000000000
48707  45.439  -22.501  65.886 0.0000000000
42918  45.037  -28.480  67.805 0.0000000000
119777  45.532  -27.956  67.675 0.0000000000
42048  44.565  -30.471  63.914 0.0000000000
40260  46.281  -33.083  64.097 0.0000000000
38594  46.302  -34.615  64.924 0.0000000000
128963  41.130  -32.878  67.014 0.0000000000
116065  40.819  -33.518  66.920 0.0000000000
37738  41.267  -35.096  67.677 0.0000000000
36828  41.756  -35.993  67.852 0.0000000000
34019  40.733  -39.094  67.004 0.0000000000
34982  41.229  -38.745  67.113 0.0000000000
34988  40.941  -39.024  66.640 0.0000000000
43923  35.742  -27.317  65.024 0.0000000000
44860  35.883  -26.887  64.259 0.0000000000
43937  35.311  -27.596  64.302 0.0000000000
43949  35.289  -27.200  62.958 0.0000000000
43960  35.206  -27.077  62.067 0.0000000000
44022  33.974  -27.974  58.981 0.0000000000
44004  34.587  -27.649  59.305 0.0000000000
124805  34.476  -28.068  58.657 0.0000000000
41239  35.919  -30.145  58.847 0.0000000000
41219  36.539  -30.566  59.546 0.0000000000
40357  35.962  -31.059  59.231 0.0000000000
39509  35.929  -31.900  59.518 0.0000000000
117108  36.347  -33.034  60.427 0.0000000000
124409  30.063  -31.324  56.284 0.0000000000
41267  31.049  -30.802  56.411 0.0000000000
40385  30.937  -31.736  56.293 0.0000000000
38685  32.791  -32.748  57.500 0.0000000000
35980  33.600  -36.529  60.468 0.0000000000
36917  33.752  -35.397  59.699 0.0000000000
35978  35.400  -36.266  60.703 0.0000000000
36906  35.597  -35.358  60.510 0.0000000000
60601  48.454  -9.018  57.134 0.0000000000
54345  49.734  -16.261  61.498 0.0000000000
33937  27.859  -38.703  73.387 0.0000000000
115942  26.674  -38.643  74.382 0.0000000000
33906  24.882  -38.454  75.842 0.0000000000
117710  30.455  -39.070  74.194 0.0000000000
33917  30.254  -39.010  75.148 0.0000000000
45770  39.417  -25.464  72.603 0.0000000000
45776  39.428  -25.467  71.893 0.0000000000
45794  39.144  -25.070  70.025 0.0000000000
46755  39.536  -24.443  70.595 0.0000000000
119391  39.695  -23.694  70.185 0.0000000000
116084  39.719  -22.783  68.815 0.0000000000
47734  39.220  -23.189  66.501 0.0000000000
47726  38.801  -23.912  66.942 0.0000000000
47758  38.773  -23.673  64.280 0.0000000000
47780  39.436  -23.784  62.634 0.0000000000
46837  40.078  -24.722  61.711 0.0000000000
46838  39.498  -24.969  61.351 0.0000000000
45881  39.153  -25.563  60.920 0.0000000000
46825  37.853  -24.756  62.556 0.0000000000
46840  37.959  -24.927  61.663 0.0000000000
45900  38.490  -25.988  60.529 0.0000000000
112319  37.932  -26.598  60.179 0.0000000000
43985  37.812  -27.512  59.977 0.0000000000
38678  25.211  -33.187  57.839 0.0000000000
38690  25.551  -33.357  57.141 0.0000000000
38691  24.903  -33.821  57.387 0.0000000000
36942  25.619  -34.900  57.168 0.0000000000
36013  25.945  -35.764  57.646 0.0000000000
36005  25.405  -36.445  58.098 0.0000000000
126322  49.602  -10.943  61.039 0.0000000000
35958  22.298  -36.398  63.213 0.0000000000
35944  22.501  -36.724  64.211 0.0000000000
119960  21.799  -37.065  64.257 0.0000000000
35002  22.182  -37.154  64.900 0.0000000000
35003  21.436  -37.467  64.720 0.0000000000
34993  21.022  -38.042  65.426 0.0000000000
34028  20.364  -38.704  65.740 0.0000000000
32989  19.788  -39.596  69.430 0.0000000000
34957  17.020  -37.846  69.863 0.0000000000
122365  36.529  -30.875  73.885 0.0000000000
41968  35.936  -29.819  70.292 0.0000000000
40211  35.143  -30.817  69.757 0.0000000000
40212  34.781  -31.502  69.716 0.0000000000
40220  33.750  -32.142  68.095 0.0000000000
39372  33.325  -32.806  67.648 0.0000000000
35890  30.527  -36.882  68.908 0.0000000000
35914  29.484  -36.101  67.078 0.0000000000
35915  28.741  -36.309  66.712 0.0000000000
114550  29.224  -35.847  66.409 0.0000000000
37769  28.538  -35.291  65.161 0.0000000000
37778  27.739  -34.814  63.915 0.0000000000
36865  27.091  -35.280  64.141 0.0000000000
36853  26.411  -36.113  65.050 0.0000000000
116114  25.645  -35.640  63.951 0.0000000000
110238  24.879  -35.629  63.508 0.0000000000
36680  16.119  -35.792  78.937 0.0000000000
35814  15.456  -36.639  77.431 0.0000000000
34868  14.962  -37.296  75.916 0.0000000000
33875  13.549  -38.319  76.922 0.0000000000
52308  39.813  -17.702  61.306 0.0000000000
120511  40.273  -19.415  61.283 0.0000000000
50528  40.797  -20.760  60.877 0.0000000000
48778  41.673  -22.317  60.891 0.0000000000
52258  44.323  -17.629  67.897 0.0000000000
48709  42.782  -23.062  65.791 0.0000000000
48695  43.179  -22.338  66.581 0.0000000000
131181  43.986  -24.545  67.149 0.0000000000
46781  44.771  -24.569  68.140 0.0000000000
45825  45.062  -25.272  68.450 0.0000000000
45814  45.570  -25.716  68.392 0.0000000000
44824  45.117  -26.615  68.505 0.0000000000
43892  45.139  -27.406  68.336 0.0000000000
42905  44.786  -28.136  68.108 0.0000000000
42013  44.452  -29.061  67.686 0.0000000000
39403  44.361  -33.057  66.043 0.0000000000
39385  43.619  -32.634  67.161 0.0000000000
38577  44.602  -33.875  66.289 0.0000000000
37749  45.162  -34.895  66.239 0.0000000000
36836  44.273  -35.976  66.427 0.0000000000
37752  40.239  -35.166  66.730 0.0000000000
37765  39.659  -35.083  66.070 0.0000000000
36839  39.795  -36.008  66.619 0.0000000000
35900  39.963  -38.160  67.105 0.0000000000
34989  39.547  -38.561  66.488 0.0000000000
42039  34.166  -28.949  64.206 0.0000000000
42965  34.324  -28.511  63.516 0.0000000000
115061  33.418  -28.490  60.870 0.0000000000
42074  33.000  -29.087  61.360 0.0000000000
43008  33.317  -28.360  60.023 0.0000000000
43043  33.674  -28.446  58.454 0.0000000000
42121  33.699  -28.970  57.834 0.0000000000
41253  34.338  -30.275  57.771 0.0000000000
37841  31.378  -34.509  58.114 0.0000000000
36927  31.777  -35.044  58.745 0.0000000000
36918  32.168  -35.589  59.401 0.0000000000
35989  32.519  -36.106  59.961 0.0000000000
35038  33.205  -37.123  60.888 0.0000000000
62456  51.658  -6.610  54.712 0.0000000000
62468  51.193  -7.577  53.930 0.0000000000
112331  50.354  -8.332  53.701 0.0000000000
34967  25.270  -37.613  68.759 0.0000000000
33996  23.452  -38.833  69.896 0.0000000000
33956  24.680  -38.749  72.250 0.0000000000
33940  24.910  -38.662  73.142 0.0000000000
33973  23.615  -39.024  71.299 0.0000000000
32967  22.967  -39.303  70.963 0.0000000000
32975  22.267  -39.488  70.666 0.0000000000
112952  21.848  -39.579  71.170 0.0000000000
32969  21.528  -39.515  71.822 0.0000000000
32962  21.196  -39.397  72.611 0.0000000000
32970  20.776  -39.406  71.916 0.0000000000
37612  35.020  -34.660  74.554 0.0000000000
37626  35.343  -34.709  74.037 0.0000000000
37656  34.930  -34.371  71.971 0.0000000000
35869  33.868  -37.060  72.098 0.0000000000
35876  32.859  -36.934  70.512 0.0000000000
33932  32.487  -38.428  73.621 0.0000000000
33964  32.351  -38.407  72.665 0.0000000000
118224  32.061  -38.223  71.707 0.0000000000
33966  30.751  -38.647  71.989 0.0000000000
34937  31.607  -37.834  70.752 0.0000000000
34949  31.530  -37.412  70.017 0.0000000000
35883  31.066  -37.183  69.438 0.0000000000
34962  30.053  -37.017  68.980 0.0000000000
34963  29.567  -37.017  68.858 0.0000000000
34964  28.850  -37.104  68.791 0.0000000000
34952  28.447  -37.414  69.483 0.0000000000
117301  27.081  -37.269  68.474 0.0000000000
130879  41.059  -14.296  60.798 0.0000000000
55351  40.593  -14.793  61.008 0.0000000000
49601  39.912  -21.847  67.416 0.0000000000
49646  40.130  -21.987  65.825 0.0000000000
49630  40.542  -21.424  66.326 0.0000000000
49644  41.663  -21.694  65.807 0.0000000000
48710  42.088  -22.394  65.516 0.0000000000
46798  42.603  -24.896  64.887 0.0000000000
45858  42.196  -25.539  63.815 0.0000000000
45848  42.488  -25.385  64.458 0.0000000000
44858  42.584  -26.083  64.524 0.0000000000
109010  42.510  -27.907  64.915 0.0000000000
41128  42.196  -29.953  66.328 0.0000000000
42049  41.239  -29.266  63.909 0.0000000000
42038  41.144  -29.849  64.386 0.0000000000
41130  40.956  -30.926  65.247 0.0000000000
40263  40.500  -31.717  65.169 0.0000000000
39422  40.443  -32.373  65.570 0.0000000000
44898  40.203  -26.437  61.481 0.0000000000
112410  40.298  -27.870  61.940 0.0000000000
42051  40.017  -30.094  63.088 0.0000000000
40264  39.809  -31.828  64.225 0.0000000000
114107  39.550  -33.139  64.797 0.0000000000
38595  39.183  -34.012  64.779 0.0000000000
37774  38.663  -34.789  64.481 0.0000000000
39456  38.587  -32.459  62.969 0.0000000000
38611  38.542  -33.175  63.372 0.0000000000
38596  38.543  -33.986  63.861 0.0000000000
37788  38.295  -34.723  63.826 0.0000000000
41194  30.522  -30.894  60.452 0.0000000000
41221  30.623  -30.442  59.716 0.0000000000
41222  29.863  -30.733  59.169 0.0000000000
41257  29.650  -30.570  57.297 0.0000000000
40378  28.304  -31.275  57.533 0.0000000000
41258  28.943  -30.975  57.037 0.0000000000
41269  29.606  -30.873  56.706 0.0000000000
39540  30.168  -32.292  56.242 0.0000000000
38695  30.309  -33.173  56.654 0.0000000000
38687  30.414  -33.916  57.256 0.0000000000
38689  26.227  -33.003  56.808 0.0000000000
38697  27.013  -33.188  56.467 0.0000000000
38696  27.818  -33.326  56.358 0.0000000000
37851  28.156  -34.819  57.291 0.0000000000
114359  28.683  -33.488  56.470 0.0000000000
37850  29.754  -34.470  57.469 0.0000000000
37849  30.583  -34.568  57.849 0.0000000000
58877  48.563  -11.050  59.176 0.0000000000
35959  21.368  -36.777  62.886 0.0000000000
130542  20.877  -37.032  62.229 0.0000000000
122705  23.718  -37.570  67.312 0.0000000000
129109  23.150  -37.652  66.982 0.0000000000
34014  22.935  -38.375  68.302 0.0000000000
34980  22.530  -37.947  67.032 0.0000000000
34022  20.956  -38.559  66.379 0.0000000000
32999  21.064  -39.481  68.474 0.0000000000
33013  20.794  -39.450  67.875 0.0000000000
34029  19.806  -39.356  65.956 0.0000000000
44769  38.619  -26.242  73.491 0.0000000000
130921  38.996  -26.514  72.946 0.0000000000
44788  39.176  -26.144  72.371 0.0000000000
44789  38.820  -26.558  71.680 0.0000000000
44797  38.583  -26.385  70.790 0.0000000000
44798  38.013  -26.802  70.263 0.0000000000
44825  37.326  -26.271  67.638 0.0000000000
44836  37.147  -26.138  66.813 0.0000000000
43907  36.262  -27.195  66.704 0.0000000000
127723  35.601  -27.638  65.606 0.0000000000
110211  34.503  -28.741  64.919 0.0000000000
41983  35.599  -29.574  69.496 0.0000000000
41994  35.284  -29.366  68.666 0.0000000000
42006  35.023  -29.120  67.815 0.0000000000
42007  34.533  -29.650  67.274 0.0000000000
125212  33.177  -30.087  63.619 0.0000000000
41155  32.806  -30.609  63.636 0.0000000000
41154  32.820  -30.126  62.968 0.0000000000
41163  32.260  -30.540  62.552 0.0000000000
41164  31.664  -30.917  62.209 0.0000000000
40311  31.056  -31.302  61.845 0.0000000000
37696  34.095  -33.949  70.072 0.0000000000
37697  33.550  -34.204  69.378 0.0000000000
38507  33.808  -33.462  69.319 0.0000000000
38521  33.426  -33.727  68.769 0.0000000000
38562  32.851  -33.265  67.193 0.0000000000
37741  31.571  -34.852  67.335 0.0000000000
37740  32.163  -34.595  67.678 0.0000000000
39388  32.681  -32.931  66.469 0.0000000000
39407  32.551  -32.583  65.712 0.0000000000
39426  31.030  -32.897  64.170 0.0000000000
39439  31.448  -32.335  63.802 0.0000000000
40337  30.138  -31.402  60.786 0.0000000000
39484  28.925  -32.547  61.442 0.0000000000
39485  28.250  -32.692  61.003 0.0000000000
39502  28.204  -32.357  60.348 0.0000000000
117095  27.086  -32.476  59.577 0.0000000000
38667  25.849  -33.016  59.360 0.0000000000
37791  27.628  -34.364  63.235 0.0000000000
37814  26.051  -34.332  61.978 0.0000000000
38650  26.156  -33.771  61.192 0.0000000000
38658  26.019  -33.355  60.299 0.0000000000
116670  25.265  -33.502  59.720 0.0000000000
38668  25.143  -33.254  58.739 0.0000000000
38679  24.575  -33.653  58.167 0.0000000000
37844  23.995  -34.197  58.531 0.0000000000
37845  23.631  -34.868  58.207 0.0000000000
37827  22.780  -35.254  59.602 0.0000000000
36920  23.029  -35.255  58.822 0.0000000000
36008  22.882  -36.390  58.610 0.0000000000
121958  48.720  -14.988  62.370 0.0000000000
52304  49.087  -18.451  62.417 0.0000000000
48796  47.535  -22.597  61.051 0.0000000000
34844  27.850  -37.175  77.839 0.0000000000
33868  26.846  -37.769  78.032 0.0000000000
114619  26.176  -37.420  78.370 0.0000000000
33886  24.388  -38.345  76.657 0.0000000000
33887  23.570  -38.426  76.520 0.0000000000
110674  23.000  -38.553  75.920 0.0000000000
125713  21.621  -38.728  75.351 0.0000000000
33889  21.244  -38.428  76.635 0.0000000000
123425  21.099  -38.590  75.852 0.0000000000
115719  21.050  -38.825  74.992 0.0000000000
33926  20.405  -38.808  74.637 0.0000000000
33927  19.724  -38.646  74.303 0.0000000000
33928  19.050  -38.370  73.931 0.0000000000
35799  20.292  -36.587  79.274 0.0000000000
34833  19.962  -37.128  78.281 0.0000000000
34849  19.625  -37.502  77.348 0.0000000000
33891  19.747  -37.943  76.553 0.0000000000
34864  18.443  -37.438  76.266 0.0000000000
34879  19.053  -37.990  75.767 0.0000000000
34906  18.373  -38.089  73.548 0.0000000000
115661  17.759  -37.827  73.209 0.0000000000
34922  15.571  -37.534  72.489 0.0000000000
123127  14.480  -37.662  75.291 0.0000000000
63350  50.464  -6.119  57.633 0.0000000000
61472  49.770  -7.540  59.270 0.0000000000
61455  49.047  -7.871  60.804 0.0000000000
59692  46.690  -10.174  62.146 0.0000000000
58047  46.867  -12.139  62.561 0.0000000000
55333  47.666  -15.690  62.286 0.0000000000
52321  40.120  -17.562  60.486 0.0000000000
118627  41.602  -18.099  59.465 0.0000000000
48816  44.393  -22.623  59.615 0.0000000000
119004  43.996  -23.908  59.729 0.0000000000
47793  42.489  -23.460  60.713 0.0000000000
47792  43.062  -24.218  61.441 0.0000000000
52280  41.569  -18.124  64.641 0.0000000000
112646  41.788  -18.842  64.402 0.0000000000
51398  42.372  -19.337  64.609 0.0000000000
52257  44.972  -18.360  67.980 0.0000000000
52262  45.360  -18.894  67.950 0.0000000000
48686  45.082  -21.457  68.306 0.0000000000
121031  45.438  -20.846  68.354 0.0000000000
51384  45.027  -18.995  67.231 0.0000000000
51388  45.056  -19.656  66.664 0.0000000000
51389  43.941  -19.765  65.670 0.0000000000
50505  43.668  -20.420  65.074 0.0000000000
50506  42.992  -20.462  64.405 0.0000000000
48722  43.759  -22.321  64.174 0.0000000000
47754  43.965  -22.960  64.127 0.0000000000
45847  44.873  -25.037  64.560 0.0000000000
45824  46.191  -25.476  68.014 0.0000000000
40237  42.314  -31.700  67.742 0.0000000000
38561  41.513  -33.006  67.611 0.0000000000
122025  42.201  -34.041  68.296 0.0000000000
38538  42.848  -33.627  68.141 0.0000000000
131676  43.998  -36.242  66.330 0.0000000000
36838  40.340  -36.009  67.176 0.0000000000
36820  41.449  -36.837  67.745 0.0000000000
35911  41.936  -38.012  67.191 0.0000000000
35910  42.468  -37.225  67.306 0.0000000000
45861  36.632  -25.931  63.626 0.0000000000
44872  36.188  -26.281  63.066 0.0000000000
44913  37.079  -26.292  60.167 0.0000000000
44001  37.138  -26.973  59.688 0.0000000000
117564  34.413  -28.164  62.845 0.0000000000
43973  34.689  -27.490  61.591 0.0000000000
128284  34.890  -27.295  59.892 0.0000000000
43986  35.396  -26.928  60.203 0.0000000000
44002  36.384  -27.395  59.356 0.0000000000
43021  37.152  -27.841  59.514 0.0000000000
41191  37.552  -30.743  60.625 0.0000000000
41192  36.996  -30.874  60.065 0.0000000000
39499  37.175  -32.042  60.833 0.0000000000
38630  37.607  -33.696  62.298 0.0000000000
36887  37.492  -35.523  62.854 0.0000000000
42099  31.115  -29.851  59.060 0.0000000000
42123  31.637  -29.422  58.502 0.0000000000
113399  31.491  -30.044  56.863 0.0000000000
42142  31.596  -29.562  57.627 0.0000000000
42141  32.243  -29.500  57.370 0.0000000000
42140  33.047  -29.387  57.442 0.0000000000
41254  33.557  -30.254  57.345 0.0000000000
116469  34.347  -31.687  58.108 0.0000000000
130622  32.228  -34.294  58.290 0.0000000000
38677  32.538  -33.521  57.843 0.0000000000
38676  33.245  -33.229  58.015 0.0000000000
37839  34.100  -34.032  59.058 0.0000000000
39520  33.546  -32.586  57.855 0.0000000000
39519  34.212  -32.363  58.247 0.0000000000
39518  34.811  -31.983  58.561 0.0000000000
39510  35.306  -32.344  59.129 0.0000000000
37822  36.249  -34.233  60.683 0.0000000000
37823  35.754  -34.560  60.355 0.0000000000
36905  36.262  -34.949  60.894 0.0000000000
36896  37.131  -35.196  62.141 0.0000000000
59750  47.140  -10.073  55.579 0.0000000000
129734  49.561  -14.887  60.971 0.0000000000
34012  40.955  -38.922  67.211 0.0000000000
34950  30.398  -37.256  69.394 0.0000000000
34960  41.671  -37.566  67.575 0.0000000000
34961  41.335  -37.523  67.633 0.0000000000
34973  40.891  -38.060  67.560 0.0000000000
34974  40.544  -38.591  67.267 0.0000000000
35886  41.640  -37.243  67.672 0.0000000000
35887  40.896  -37.156  67.671 0.0000000000
35898  41.895  -37.691  67.470 0.0000000000
36829  40.955  -36.130  67.637 0.0000000000
36932  23.360  -35.671  58.280 0.0000000000
36933  22.712  -35.868  58.784 0.0000000000
36938  29.022  -35.109  57.769 0.0000000000
36940  27.521  -35.319  57.560 0.0000000000
37641  35.381  -34.586  73.278 0.0000000000
37739  32.666  -34.381  68.106 0.0000000000
37789  38.091  -34.396  63.374 0.0000000000
37793  26.386  -34.885  63.160 0.0000000000
37835  23.237  -34.803  59.307 0.0000000000
37861  27.963  -34.081  56.665 0.0000000000
37862  27.093  -33.870  56.568 0.0000000000
37863  26.309  -33.681  56.663 0.0000000000
37864  25.892  -33.566  56.786 0.0000000000
38539  42.133  -33.215  68.190 0.0000000000
38579  39.782  -33.684  65.502 0.0000000000
39405  40.127  -32.981  65.497 0.0000000000
39511  34.709  -32.742  58.787 0.0000000000
39522  26.412  -32.344  58.115 0.0000000000
39538  31.615  -32.203  56.610 0.0000000000
39541  29.279  -32.115  56.148 0.0000000000
39543  27.034  -32.515  56.716 0.0000000000
40183  36.324  -31.558  73.648 0.0000000000
40227  42.712  -31.949  68.042 0.0000000000
40236  42.954  -31.429  67.958 0.0000000000
40248  40.976  -31.983  66.191 0.0000000000
40312  30.393  -31.619  61.518 0.0000000000
40368  28.433  -31.285  58.397 0.0000000000
40375  34.078  -31.068  57.683 0.0000000000
40377  32.511  -31.210  56.771 0.0000000000
41172  39.149  -29.829  61.872 0.0000000000
41242  29.711  -30.524  58.222 0.0000000000
41243  28.975  -30.877  57.819 0.0000000000
41941  37.145  -29.814  72.370 0.0000000000
42096  37.187  -29.290  59.671 0.0000000000
42122  32.288  -29.080  58.046 0.0000000000
43041  35.309  -28.526  58.515 0.0000000000
44005  33.886  -27.921  59.617 0.0000000000
44020  35.823  -27.841  58.908 0.0000000000
44884  41.250  -25.905  62.455 0.0000000000
45839  37.399  -25.526  65.636 0.0000000000
45883  37.468  -25.403  61.259 0.0000000000
45899  39.065  -26.281  60.695 0.0000000000
46809  42.201  -24.854  64.055 0.0000000000
46839  38.748  -24.843  61.352 0.0000000000
49613  45.876  -21.210  68.320 0.0000000000
111462  33.008  -28.849  57.937 0.0000000000
113331  41.745  -24.924  63.328 0.0000000000
113885  34.047  -35.929  60.112 0.0000000000
117057  39.411  -23.222  63.921 0.0000000000
122560  35.435  -27.255  63.689 0.0000000000
125025  14.326  -37.355  77.647 0.0000000000
125687  39.619  -29.393  62.126 0.0000000000
128138  36.467  -26.252  60.519 0.0000000000
130190  42.055  -19.432  68.004 0.0000000000
130813  37.647  -30.182  60.472 0.0000000000
131148  36.205  -26.436  63.771 0.0000000000
