#!ascii label  , from subject sub-v1s5x0050751_ses-1 vox2ras=TkReg
879
38115  -22.144  -16.980  6.194 0.5555555820
39038  -22.806  -16.825  5.366 0.6666666865
39055  -24.002  -16.658  4.137 0.7777777910
39056  -24.960  -16.957  3.845 0.7777777910
40040  -24.777  -15.680  3.023 0.8888888955
40041  -26.348  -15.937  2.897 0.8888888955
94435  -21.539  -17.135  6.857 0.5555555820
39037  -21.902  -16.267  5.858 0.5555555820
39053  -22.276  -15.896  5.242 0.6666666865
39054  -23.113  -16.172  4.585 0.8888888955
40054  -26.029  -15.488  2.301 1.0000000000
40056  -27.469  -15.308  2.760 0.8888888955
41024  -27.173  -14.941  2.192 1.0000000000
108838  -21.647  -15.663  5.699 0.7777777910
104151  -22.678  -14.787  3.971 1.0000000000
41005  -22.523  -14.155  3.568 1.0000000000
41007  -24.258  -14.989  2.711 1.0000000000
41021  -24.790  -14.754  2.001 1.0000000000
41006  -23.274  -14.456  3.115 1.0000000000
41033  -25.290  -14.477  1.356 1.0000000000
95713  -24.534  -14.209  1.644 1.0000000000
41990  -25.817  -14.116  0.760 1.0000000000
41992  -27.132  -14.002  1.372 1.0000000000
41991  -26.591  -14.094  0.966 1.0000000000
43035  -27.633  -12.660  1.497 1.0000000000
43046  -27.047  -12.489  0.571 1.0000000000
41971  -22.132  -13.602  3.484 0.8888888955
41972  -22.708  -13.857  3.142 1.0000000000
41989  -24.862  -13.836  0.919 1.0000000000
41988  -23.835  -13.596  1.700 1.0000000000
43034  -24.233  -13.096  0.892 1.0000000000
43045  -26.174  -12.965  -0.189 1.0000000000
108643  -26.648  -12.999  0.209 1.0000000000
44043  -26.566  -12.411  -0.217 1.0000000000
44044  -26.957  -11.675  0.116 1.0000000000
44032  -27.725  -11.646  1.206 0.8888888955
45008  -27.474  -10.770  0.375 1.0000000000
44995  -28.564  -10.824  1.248 0.7777777910
45010  -29.359  -10.298  1.113 0.7777777910
43020  -22.140  -12.624  2.600 0.5555555820
44041  -23.445  -11.729  0.368 0.7777777910
44031  -22.957  -12.054  1.143 0.8888888955
43043  -24.616  -12.741  0.156 1.0000000000
41996  -24.931  -13.284  0.364 1.0000000000
44042  -24.282  -12.107  -0.138 0.8888888955
43050  -25.145  -12.412  -0.496 1.0000000000
43052  -26.218  -12.351  -0.617 1.0000000000
44054  -26.838  -11.145  -0.526 1.0000000000
45018  -27.044  -10.457  -0.620 1.0000000000
45926  -27.731  -9.905  0.050 0.8888888955
46834  -29.378  -9.010  0.437 0.7777777910
45928  -30.200  -9.905  0.910 0.6666666865
46836  -30.910  -9.438  0.429 0.6666666865
44994  -21.804  -10.966  1.299 0.4444444478
44040  -22.588  -11.372  0.832 0.7777777910
45007  -23.096  -11.039  0.071 0.6666666865
45016  -24.530  -11.096  -1.200 0.7777777910
44051  -24.840  -11.781  -0.865 0.8888888955
44063  -25.417  -11.316  -1.446 0.8888888955
44053  -26.475  -11.746  -0.824 1.0000000000
44064  -26.127  -11.261  -1.443 1.0000000000
45017  -26.567  -10.944  -1.193 1.0000000000
45941  -27.258  -9.673  -0.758 0.8888888955
45942  -28.134  -9.064  -0.270 0.7777777910
46835  -29.809  -8.420  0.280 0.7777777910
47736  -30.493  -8.245  0.173 0.6666666865
45939  -23.312  -9.971  -0.968 0.6666666865
45014  -22.737  -10.340  -0.244 0.6666666865
45015  -23.634  -10.711  -0.713 0.7777777910
45024  -24.197  -10.384  -1.484 0.7777777910
45025  -25.095  -10.696  -1.858 0.8888888955
45026  -25.779  -10.809  -1.838 0.8888888955
45035  -25.573  -10.151  -2.319 1.0000000000
45027  -26.239  -10.488  -1.841 1.0000000000
45953  -26.505  -9.772  -1.860 1.0000000000
45940  -26.711  -10.192  -1.315 0.8888888955
46846  -28.091  -8.226  -0.736 0.8888888955
46847  -28.892  -8.296  -0.144 0.7777777910
109926  -27.378  -7.984  -1.429 0.8888888955
47748  -28.160  -7.498  -0.933 0.7777777910
99390  -28.693  -7.675  -0.504 0.7777777910
47750  -30.723  -7.594  -0.152 0.7777777910
47751  -31.637  -8.131  -0.714 0.6666666865
45938  -22.426  -9.612  -0.544 0.6666666865
45925  -21.901  -9.923  0.218 0.5555555820
45950  -23.811  -9.637  -1.730 0.7777777910
45951  -24.687  -10.013  -2.201 0.8888888955
45960  -25.643  -9.352  -2.780 1.0000000000
45952  -26.105  -9.783  -2.337 1.0000000000
45954  -26.788  -8.950  -1.658 1.0000000000
48709  -28.911  -6.889  -0.648 0.7777777910
48710  -30.002  -6.685  -0.256 0.7777777910
48711  -30.996  -6.778  -0.521 0.6666666865
48712  -31.618  -6.959  -0.983 0.5555555820
47762  -32.169  -8.179  -1.388 0.5555555820
45949  -22.910  -9.279  -1.277 0.7777777910
46856  -23.404  -8.893  -2.009 0.6666666865
45958  -24.266  -9.271  -2.470 0.8888888955
111064  -25.129  -9.043  -3.187 1.0000000000
45961  -26.020  -8.851  -2.741 1.0000000000
48721  -26.950  -7.248  -1.988 0.8888888955
47761  -27.920  -6.857  -1.371 0.8888888955
48723  -29.471  -5.948  -0.620 0.7777777910
49641  -30.833  -5.266  -0.986 0.7777777910
49627  -30.430  -5.891  -0.559 0.7777777910
49629  -31.650  -6.415  -1.295 0.5555555820
49639  -28.867  -5.317  -1.095 0.7777777910
49642  -31.449  -5.761  -1.470 0.5555555820
48736  -32.031  -6.625  -1.940 0.5555555820
50525  -31.205  -4.832  -1.739 0.6666666865
46854  -21.742  -7.817  -1.368 0.4444444478
46855  -22.438  -8.510  -1.530 0.5555555820
46874  -24.349  -8.126  -3.497 0.7777777910
46875  -24.924  -8.577  -3.472 1.0000000000
46866  -23.873  -8.544  -2.781 0.8888888955
47771  -25.408  -7.734  -3.533 1.0000000000
105918  -26.353  -7.514  -2.584 0.8888888955
48734  -26.458  -6.701  -2.592 0.8888888955
48735  -27.294  -6.173  -1.958 0.8888888955
103254  -28.119  -5.982  -1.404 0.8888888955
49640  -29.944  -5.109  -0.728 0.6666666865
49652  -31.761  -5.721  -2.312 0.5555555820
49661  -23.202  -5.757  -4.242 0.6666666865
47779  -23.083  -7.046  -3.390 0.6666666865
97961  -24.464  -6.590  -4.194 0.7777777910
114260  -25.403  -7.033  -3.658 0.8888888955
48746  -25.053  -6.468  -3.981 0.7777777910
48747  -25.757  -6.291  -3.294 0.7777777910
50534  -26.670  -4.736  -2.573 0.7777777910
50535  -27.524  -4.557  -1.859 0.7777777910
49651  -27.177  -5.302  -2.121 0.7777777910
50522  -28.474  -4.464  -1.385 0.6666666865
95797  -27.177  -3.919  -2.249 0.6666666865
51429  -29.085  -3.622  -1.353 0.6666666865
51430  -30.044  -3.661  -1.354 0.6666666865
50523  -29.491  -4.378  -1.075 0.5555555820
51440  -28.653  -2.931  -1.677 0.6666666865
51441  -29.638  -2.945  -1.643 0.5555555820
51443  -30.995  -3.587  -2.439 0.5555555820
51442  -30.433  -3.170  -1.916 0.5555555820
50556  -22.033  -3.962  -4.288 0.3333333433
50545  -22.231  -4.496  -4.242 0.3333333433
49673  -23.222  -5.103  -4.475 0.5555555820
48753  -23.856  -5.839  -4.399 0.6666666865
50558  -23.939  -4.278  -4.527 0.5555555820
49662  -24.502  -5.774  -4.260 0.7777777910
49663  -25.170  -5.593  -3.838 0.7777777910
106591  -25.488  -4.011  -3.552 0.6666666865
49664  -25.915  -5.245  -3.242 0.6666666865
50548  -26.020  -4.386  -3.209 0.6666666865
109131  -26.528  -4.001  -2.769 0.6666666865
51438  -26.819  -3.344  -2.581 0.6666666865
52360  -28.160  -2.326  -2.108 0.6666666865
52361  -29.230  -2.209  -1.964 0.6666666865
99314  -30.726  -2.881  -2.634 0.5555555820
51455  -30.978  -2.884  -3.531 0.5555555820
52362  -30.153  -2.397  -2.173 0.6666666865
51462  -22.758  -3.572  -4.644 0.4444444478
51437  -21.621  -3.800  -3.429 0.4444444478
50557  -22.424  -4.038  -4.526 0.4444444478
110367  -23.216  -2.957  -4.676 0.5555555820
106391  -23.138  -4.308  -4.617 0.5555555820
51452  -24.737  -4.021  -4.043 0.6666666865
51453  -25.278  -3.355  -3.687 0.6666666865
51454  -26.065  -3.547  -3.171 0.6666666865
52359  -27.168  -2.579  -2.498 0.6666666865
52373  -29.850  -1.489  -2.535 0.6666666865
53302  -30.455  -1.264  -3.494 0.5555555820
52374  -30.591  -2.117  -2.978 0.6666666865
104918  -22.594  -2.938  -4.645 0.4444444478
52371  -24.956  -2.542  -3.898 0.6666666865
113848  -24.600  -3.262  -4.135 0.6666666865
52372  -25.819  -2.733  -3.379 0.6666666865
53290  -28.687  -1.509  -2.282 0.6666666865
39069  -23.656  -15.972  3.972 0.8888888955
40028  -22.445  -15.366  4.642 1.0000000000
40039  -23.718  -15.370  3.484 1.0000000000
41023  -26.453  -15.069  1.867 1.0000000000
45006  -22.239  -10.669  0.526 0.5555555820
112609  -26.887  -9.524  -1.328 0.8888888955
46844  -22.202  -8.980  -0.832 0.5555555820
47768  -21.778  -7.142  -2.048 0.5555555820
46868  -25.419  -8.553  -3.258 1.0000000000
48722  -28.633  -6.189  -1.017 0.8888888955
47760  -21.301  -7.136  -1.246 0.2222222239
50524  -30.442  -4.451  -1.174 0.6666666865
50538  -31.230  -4.250  -2.310 0.4444444478
51464  -24.037  -3.558  -4.487 0.6666666865
52385  -24.040  -2.823  -4.502 0.6666666865
45005  -21.465  -10.215  1.011 0.4444444478
52387  -30.808  -2.219  -4.021 0.5555555820
51465  -31.037  -3.193  -4.588 0.5555555820
51451  -21.966  -3.483  -4.241 0.2222222239
51461  -22.271  -3.499  -4.509 0.3333333433
93984  -22.247  -18.330  7.201 0.5555555820
93985  -23.338  -18.253  6.153 0.5555555820
38110  -22.876  -17.554  5.883 0.6666666865
37253  -23.828  -17.837  5.243 0.5555555820
38116  -24.811  -17.981  4.753 0.5555555820
39072  -26.634  -16.572  3.383 0.7777777910
39073  -27.390  -16.512  3.644 0.8888888955
94559  -21.622  -17.748  7.298 0.5555555820
38126  -25.375  -17.656  4.251 0.6666666865
39057  -25.999  -17.212  3.706 0.8888888955
40042  -27.289  -15.912  3.154 0.7777777910
41981  -27.471  -14.269  2.020 0.8888888955
107358  -21.001  -17.191  7.521 0.4444444478
93994  -20.931  -15.879  6.655 0.5555555820
40018  -21.118  -15.122  5.989 0.2222222239
40983  -21.801  -14.690  4.702 0.6666666865
43036  -28.470  -12.217  1.956 0.6666666865
44996  -29.997  -11.048  1.656 0.6666666865
40994  -21.843  -14.053  4.138 0.5555555820
45916  -30.463  -10.596  1.249 0.6666666865
43011  -21.779  -12.933  3.242 0.4444444478
46837  -32.473  -10.649  -0.237 0.5555555820
44020  -21.249  -11.486  2.645 0.2222222239
102864  -32.216  -9.732  -0.673 0.5555555820
44993  -21.181  -10.447  1.797 0.4444444478
45923  -20.788  -8.967  1.128 0.3333333433
46843  -21.694  -8.436  -0.752 0.4444444478
48725  -32.395  -7.998  -2.005 0.4444444478
47745  -21.302  -7.794  -0.630 0.3333333433
49653  -32.179  -6.593  -2.798 0.5555555820
49666  -31.958  -6.027  -3.461 0.4444444478
50544  -21.790  -4.486  -3.629 0.3333333433
49659  -22.073  -5.167  -3.684 0.3333333433
50549  -31.395  -4.219  -3.209 0.4444444478
51456  -31.284  -3.742  -3.975 0.4444444478
52382  -22.095  -2.833  -4.370 0.3333333433
99238  -25.675  -2.066  -3.567 0.6666666865
53288  -26.425  -2.033  -2.923 0.6666666865
53299  -26.972  -1.129  -3.013 0.6666666865
53300  -28.042  -0.845  -2.578 0.6666666865
53301  -29.141  -0.746  -2.658 0.6666666865
111939  -29.931  -0.731  -3.014 0.6666666865
101301  -30.691  -1.545  -4.577 0.4444444478
99958  -30.827  -2.516  -5.091 0.3333333433
52386  -24.360  -1.978  -4.375 0.5555555820
94459  -21.367  -16.408  6.553 0.5555555820
38124  -23.610  -16.998  4.726 0.7777777910
38125  -24.419  -17.388  4.450 0.7777777910
39070  -24.416  -16.207  3.561 0.8888888955
40055  -26.807  -15.449  2.517 1.0000000000
94350  -20.937  -16.628  7.194 0.4444444478
39036  -21.277  -15.775  6.220 0.6666666865
40029  -23.122  -15.498  4.144 0.8888888955
39071  -25.541  -16.373  3.253 0.8888888955
109773  -25.588  -15.775  2.775 1.0000000000
40053  -25.174  -15.341  2.384 1.0000000000
41022  -25.654  -15.029  1.789 1.0000000000
41035  -26.835  -14.544  1.563 1.0000000000
40019  -21.706  -15.210  5.278 0.6666666865
41020  -23.956  -14.305  2.290 1.0000000000
41034  -26.124  -14.629  1.294 1.0000000000
41980  -23.171  -13.769  2.571 1.0000000000
43022  -27.586  -13.502  1.793 0.8888888955
41999  -27.033  -13.378  0.894 1.0000000000
41998  -26.359  -13.562  0.408 1.0000000000
41997  -25.613  -13.515  0.281 1.0000000000
41979  -22.456  -13.317  2.878 1.0000000000
41970  -21.442  -13.319  3.894 0.5555555820
43021  -22.895  -13.069  2.202 0.8888888955
43044  -25.417  -12.964  -0.138 1.0000000000
45009  -28.326  -10.222  0.704 0.8888888955
43019  -21.462  -12.221  2.942 0.5555555820
44021  -21.789  -11.932  2.294 0.6666666865
43032  -22.519  -12.365  1.882 0.6666666865
44050  -23.957  -11.423  -0.433 0.8888888955
43042  -23.801  -12.415  0.650 0.8888888955
43033  -23.366  -12.761  1.430 0.8888888955
44052  -25.798  -12.004  -1.022 1.0000000000
45927  -28.763  -9.627  0.581 0.7777777910
113109  -31.133  -10.248  0.683 0.5555555820
44029  -21.463  -11.218  2.018 0.3333333433
44030  -22.156  -11.665  1.591 0.4444444478
46845  -27.357  -8.892  -1.003 0.7777777910
47749  -29.588  -7.608  -0.096 0.7777777910
47737  -31.350  -8.882  -0.202 0.5555555820
45959  -25.014  -9.528  -2.795 0.8888888955
104241  -26.336  -9.216  -2.271 1.0000000000
46857  -26.511  -8.271  -2.214 0.8888888955
49628  -31.208  -6.082  -0.877 0.6666666865
48724  -31.965  -7.086  -1.462 0.5555555820
46867  -24.641  -8.886  -3.113 0.8888888955
47772  -25.947  -8.066  -2.970 1.0000000000
49638  -27.892  -5.288  -1.588 0.8888888955
110216  -22.310  -7.835  -1.983 0.5555555820
46865  -22.991  -8.215  -2.378 0.5555555820
47782  -24.966  -8.007  -3.787 1.0000000000
47781  -24.415  -7.388  -3.970 0.7777777910
47770  -23.476  -7.816  -3.080 0.7777777910
48733  -25.879  -7.245  -3.134 0.8888888955
98260  -24.977  -7.256  -3.968 0.7777777910
48744  -22.663  -6.054  -3.682 0.5555555820
48732  -22.275  -6.653  -2.827 0.5555555820
48745  -23.661  -6.631  -4.048 0.6666666865
47780  -23.814  -7.447  -3.699 0.7777777910
47769  -22.631  -7.473  -2.632 0.7777777910
49650  -26.523  -5.737  -2.611 0.7777777910
50536  -28.071  -3.729  -1.669 0.6666666865
51439  -27.670  -3.136  -2.114 0.6666666865
50537  -30.767  -3.930  -1.764 0.5555555820
114319  -31.133  -3.413  -3.136 0.4444444478
49665  -31.655  -5.143  -3.664 0.4444444478
49660  -22.619  -5.156  -4.224 0.4444444478
49672  -22.651  -4.562  -4.462 0.5555555820
48754  -23.887  -5.048  -4.525 0.6666666865
50547  -25.310  -4.711  -3.690 0.7777777910
51463  -23.402  -3.657  -4.630 0.5555555820
108234  -26.420  -2.844  -2.874 0.6666666865
53289  -27.546  -1.719  -2.490 0.6666666865
45937  -21.601  -9.111  -0.121 0.4444444478
45924  -21.235  -9.432  0.740 0.4444444478
93986  -22.359  -17.816  6.590 0.5555555820
93993  -21.004  -17.701  7.930 0.5555555820
111034  -28.213  -13.827  2.433 0.7777777910
107407  -20.523  -17.237  8.045 0.3333333433
102826  -20.835  -16.168  6.949 0.4444444478
44033  -28.993  -11.528  1.816 0.6666666865
44008  -21.069  -11.847  3.205 0.3333333433
44982  -21.054  -10.736  2.346 0.1111111119
45909  -20.887  -9.613  1.571 0.4444444478
45936  -21.069  -8.836  0.508 0.3333333433
48743  -21.832  -5.881  -2.971 0.3333333433
54215  -30.118  -0.415  -3.692 0.6666666865
103004  -30.478  -0.816  -4.246 0.4444444478
93978  -27.010  -18.331  6.756 0.4444444478
94002  -28.815  -17.814  8.394 0.2222222239
102792  -23.388  -19.180  7.158 0.4444444478
93966  -24.504  -19.058  6.504 0.4444444478
93975  -24.206  -18.607  5.909 0.4444444478
93976  -24.930  -18.792  5.919 0.4444444478
93977  -26.262  -18.576  6.421 0.4444444478
93987  -27.564  -17.884  6.308 0.4444444478
102707  -28.867  -17.436  7.062 0.2222222239
38117  -25.636  -18.206  4.883 0.4444444478
38118  -26.570  -18.060  5.031 0.4444444478
39026  -29.555  -16.734  6.067 0.1111111119
94003  -30.102  -16.693  6.855 0.1111111119
38128  -27.008  -17.642  4.586 0.4444444478
95058  -28.743  -17.018  5.597 0.3333333433
38127  -26.289  -17.742  4.310 0.4444444478
39040  -28.109  -17.272  5.221 0.3333333433
101473  -28.477  -16.801  4.774 0.3333333433
39039  -27.657  -17.250  4.622 0.4444444478
40031  -29.764  -15.708  4.432 0.2222222239
103617  -30.482  -15.439  4.848 0.1111111119
40995  -30.780  -14.776  4.494 0.1111111119
40030  -29.004  -15.896  4.009 0.3333333433
40043  -28.101  -15.479  3.157 0.4444444478
41008  -28.844  -14.981  3.268 0.5555555820
41026  -29.078  -14.178  2.917 0.6666666865
41973  -29.964  -13.998  3.233 0.4444444478
43025  -30.522  -12.643  2.762 0.3333333433
41982  -29.073  -13.389  2.589 0.6666666865
44022  -30.023  -12.365  2.404 0.5555555820
43023  -28.289  -13.001  2.204 0.6666666865
43037  -29.375  -12.083  2.167 0.5555555820
44023  -30.738  -11.999  2.455 0.4444444478
44035  -30.995  -11.483  2.014 0.3333333433
44997  -31.328  -11.022  1.450 0.4444444478
45929  -32.065  -10.744  0.321 0.4444444478
53298  -26.060  -1.404  -3.622 0.5555555820
54202  -27.485  -0.293  -3.148 0.5555555820
54203  -28.524  -0.113  -2.977 0.5555555820
55168  -28.932  0.562  -3.492 0.5555555820
94523  -25.648  -18.969  6.980 0.4444444478
93980  -28.459  -17.770  7.536 0.2222222239
39041  -29.952  -16.133  5.262 0.2222222239
40045  -29.549  -15.259  3.769 0.4444444478
41010  -30.321  -14.553  3.787 0.3333333433
40044  -28.735  -15.566  3.565 0.4444444478
41983  -29.689  -13.586  2.862 0.6666666865
45917  -31.364  -10.682  0.911 0.4444444478
46848  -33.159  -10.747  -0.776 0.4444444478
54201  -26.500  -0.586  -3.672 0.5555555820
54214  -25.995  -0.029  -4.291 0.5555555820
37254  -24.807  -18.397  5.312 0.4444444478
41974  -30.643  -13.700  3.533 0.2222222239
54204  -29.448  -0.146  -3.246 0.5555555820
94457  -24.159  -20.212  8.399 0.4444444478
107330  -25.500  -19.608  8.296 0.4444444478
94430  -26.272  -19.291  8.649 0.4444444478
94524  -27.514  -18.635  8.743 0.2222222239
93989  -28.188  -18.337  8.985 0.2222222239
94569  -29.017  -17.894  9.451 0.1111111119
93971  -22.633  -19.089  7.537 0.4444444478
94611  -23.963  -19.935  7.866 0.4444444478
107359  -29.182  -17.419  7.634 0.1111111119
94426  -29.831  -17.029  7.562 0.1111111119
113014  -29.337  -17.580  8.767 0.1111111119
94015  -30.624  -16.264  6.855 0.1111111119
40020  -30.716  -15.645  5.660 0.1111111119
40008  -31.281  -15.203  6.028 0.1111111119
40996  -31.306  -14.336  4.841 0.1111111119
41011  -31.019  -14.074  4.133 0.1111111119
41975  -31.197  -13.317  3.818 0.2222222239
43026  -31.088  -12.277  2.879 0.1111111119
43012  -30.868  -12.953  3.250 0.2222222239
44998  -31.705  -11.105  1.734 0.2222222239
45918  -32.278  -10.841  0.729 0.3333333433
45943  -33.200  -11.006  -0.423 0.3333333433
46849  -33.673  -10.455  -1.370 0.3333333433
48737  -32.469  -7.665  -2.747 0.4444444478
50559  -31.469  -4.757  -4.302 0.3333333433
95083  -23.551  -2.163  -4.653 0.4444444478
54216  -30.317  -0.163  -4.529 0.5555555820
53312  -24.587  -1.167  -4.458 0.5555555820
54200  -25.558  -0.882  -4.171 0.5555555820
55167  -27.961  0.513  -3.372 0.5555555820
54213  -24.775  -0.180  -4.611 0.5555555820
93972  -22.961  -18.621  6.843 0.4444444478
93973  -23.760  -18.923  6.589 0.4444444478
39058  -26.987  -17.140  3.997 0.5555555820
39074  -28.137  -16.084  3.670 0.6666666865
41025  -28.028  -14.722  2.705 0.6666666865
47752  -32.690  -9.779  -1.233 0.4444444478
39059  -28.530  -16.355  4.216 0.3333333433
108098  -27.863  -16.716  4.113 0.3333333433
93974  -27.718  -18.054  7.173 0.4444444478
114108  -27.196  -18.451  7.508 0.3333333433
94581  -26.501  -18.709  7.290 0.4444444478
93990  -27.846  -18.288  8.084 0.3333333433
93965  -24.096  -19.478  7.211 0.4444444478
98598  -24.890  -19.321  7.080 0.4444444478
95976  -25.405  -18.543  5.526 0.4444444478
93967  -25.094  -19.020  6.481 0.4444444478
98310  -25.556  -18.735  6.128 0.4444444478
95378  -26.059  -18.440  5.595 0.4444444478
96830  -26.829  -18.208  5.870 0.4444444478
94566  -28.272  -17.628  6.750 0.4444444478
38119  -27.431  -17.707  5.339 0.4444444478
38120  -28.159  -17.437  5.939 0.4444444478
93991  -29.449  -17.121  6.932 0.1111111119
39025  -28.865  -17.237  6.396 0.2222222239
39027  -30.361  -16.235  6.188 0.1111111119
94560  -30.486  -16.541  7.571 0.1111111119
39060  -29.181  -16.270  4.623 0.3333333433
108041  -29.205  -16.603  5.248 0.2222222239
40032  -30.236  -15.177  4.225 0.2222222239
40986  -31.076  -15.020  5.218 0.1111111119
41009  -29.575  -14.610  3.388 0.4444444478
41984  -30.290  -13.319  3.011 0.3333333433
104856  -29.866  -13.029  2.613 0.4444444478
43024  -29.192  -12.672  2.363 0.5555555820
44034  -30.076  -11.735  2.120 0.5555555820
45930  -32.878  -11.051  -0.116 0.4444444478
107405  -25.351  -19.407  7.592 0.4444444478
94513  -26.037  -19.165  7.826 0.4444444478
107357  -24.698  -19.782  7.846 0.4444444478
107380  -26.981  -19.017  9.016 0.4444444478
93964  -26.911  -18.798  8.172 0.4444444478
94649  -23.406  -19.663  7.692 0.4444444478
93970  -22.020  -19.272  8.216 0.4444444478
94449  -29.535  -17.338  8.251 0.1111111119
40007  -30.944  -15.792  6.466 0.1111111119
33785  -26.023  -22.206  14.802 0.1111111119
34691  -22.563  -21.783  11.783 0.3333333433
95173  -23.997  -21.302  12.789 0.2222222239
34660  -24.707  -21.755  14.084 0.2222222239
34661  -25.607  -21.666  14.292 0.1111111119
35511  -25.974  -21.107  13.787 0.1111111119
35552  -20.161  -20.614  10.348 0.3333333433
100084  -20.956  -21.771  11.138 0.3333333433
113104  -21.266  -22.132  11.636 0.3333333433
34707  -23.251  -21.396  11.464 0.3333333433
34693  -23.962  -21.051  11.993 0.3333333433
35536  -24.743  -20.594  11.606 0.2222222239
35510  -25.379  -20.833  13.173 0.2222222239
95790  -19.913  -19.231  9.596 0.2222222239
35568  -20.195  -20.018  9.819 0.2222222239
34721  -21.556  -21.421  10.530 0.3333333433
34706  -22.483  -21.585  10.951 0.3333333433
35523  -25.561  -20.408  12.288 0.1111111119
103217  -20.181  -18.814  9.162 0.2222222239
36369  -20.531  -19.409  9.299 0.3333333433
94715  -21.399  -19.551  8.818 0.3333333433
35569  -21.119  -20.228  9.430 0.3333333433
94434  -22.006  -20.311  9.098 0.3333333433
34735  -21.787  -20.876  9.737 0.3333333433
35570  -22.720  -20.763  9.411 0.3333333433
106111  -23.772  -20.897  10.259 0.3333333433
93959  -23.605  -20.710  9.450 0.3333333433
108440  -24.943  -20.344  10.195 0.3333333433
35537  -25.315  -20.275  10.901 0.3333333433
36351  -26.006  -20.008  11.472 0.1111111119
36363  -25.918  -19.885  10.716 0.2222222239
94005  -19.957  -18.063  8.919 0.2222222239
93981  -20.639  -18.766  8.856 0.2222222239
93992  -20.807  -18.199  8.401 0.3333333433
99404  -22.760  -19.797  8.146 0.3333333433
93960  -23.248  -20.535  8.905 0.3333333433
94518  -24.279  -20.433  9.081 0.3333333433
94576  -24.879  -20.053  8.699 0.3333333433
35556  -25.538  -20.019  10.107 0.3333333433
93962  -26.455  -19.692  10.905 0.1111111119
94006  -19.628  -17.418  8.856 0.3333333433
94009  -20.307  -17.593  8.446 0.3333333433
93963  -23.443  -20.191  8.334 0.3333333433
107362  -25.699  -19.724  9.244 0.3333333433
47773  -33.113  -9.090  -2.761 0.3333333433
101329  -33.276  -9.865  -2.008 0.2222222239
34692  -23.307  -21.534  12.291 0.3333333433
34676  -24.671  -21.257  13.322 0.2222222239
94751  -26.237  -20.517  13.130 0.1111111119
35554  -23.145  -21.045  9.956 0.3333333433
35535  -23.907  -21.007  11.090 0.3333333433
93982  -21.309  -18.826  8.415 0.3333333433
107258  -26.450  -19.338  9.361 0.3333333433
33783  -24.368  -22.425  14.615 0.1111111119
33784  -25.194  -22.290  14.696 0.1111111119
33819  -20.518  -22.154  11.639 0.3333333433
95050  -21.769  -22.510  12.729 0.3333333433
33810  -22.640  -22.071  12.684 0.3333333433
113448  -23.420  -21.712  12.986 0.3333333433
34675  -23.984  -21.665  13.510 0.3333333433
113530  -26.492  -21.530  14.440 0.1111111119
34720  -20.534  -21.223  10.648 0.3333333433
36362  -19.527  -19.406  9.962 0.2222222239
94004  -19.529  -18.740  9.620 0.2222222239
36332  -26.560  -20.061  12.308 0.1111111119
35538  -26.868  -19.655  11.519 0.1111111119
93969  -27.132  -19.295  10.663 0.1111111119
94510  -26.305  -19.562  10.121 0.1111111119
94528  -19.948  -16.965  8.549 0.1111111119
45932  -33.496  -10.727  -0.762 0.2222222239
46869  -33.734  -9.284  -3.505 0.2222222239
46858  -33.947  -9.913  -2.570 0.2222222239
107272  -20.311  -16.644  7.931 0.2222222239
94008  -20.413  -16.136  7.422 0.3333333433
93983  -21.657  -18.451  7.826 0.4444444478
34690  -21.884  -22.223  12.011 0.3333333433
34705  -21.788  -21.886  11.300 0.3333333433
35553  -20.885  -20.795  10.052 0.3333333433
34704  -20.014  -21.571  11.165 0.2222222239
34723  -23.183  -21.262  10.630 0.3333333433
35522  -24.694  -20.838  12.559 0.2222222239
113189  -25.414  -20.310  11.571 0.1111111119
95527  -19.460  -18.186  9.339 0.2222222239
94451  -22.210  -19.887  8.585 0.3333333433
34722  -22.478  -21.236  10.170 0.3333333433
35571  -24.349  -20.567  9.845 0.3333333433
35555  -24.500  -20.614  10.650 0.3333333433
113975  -23.746  -20.463  8.809 0.3333333433
93961  -24.957  -20.217  9.509 0.3333333433
94017  -19.362  -17.770  9.146 0.2222222239
107381  -26.982  -19.090  9.794 0.1111111119
33772  -24.779  -22.824  15.166 0.1111111119
34659  -23.944  -22.080  14.092 0.2222222239
104491  -21.131  -22.459  12.148 0.3333333433
33809  -20.208  -22.656  12.283 0.2222222239
33798  -22.325  -22.549  13.428 0.3333333433
33799  -23.224  -22.184  13.606 0.3333333433
34719  -19.649  -20.850  10.773 0.2222222239
45931  -33.210  -11.001  -0.360 0.1111111119
46824  -33.272  -10.661  0.168 0.1111111119
47739  -33.744  -8.962  -0.035 0.1111111119
46838  -33.546  -10.530  -0.310 0.1111111119
47753  -34.261  -9.185  -0.993 0.1111111119
105651  -33.895  -10.325  -1.991 0.1111111119
46851  -34.365  -9.477  -1.891 0.1111111119
46859  -34.066  -9.983  -2.417 0.1111111119
46860  -34.377  -9.413  -2.510 0.1111111119
111889  -32.152  -6.929  -4.402 0.2222222239
46871  -34.222  -9.611  -2.908 0.1111111119
49675  -31.707  -5.992  -4.569 0.1111111119
95747  -31.318  -5.526  -5.327 0.1111111119
49674  -31.539  -6.681  -5.620 0.1111111119
53297  -25.190  -1.671  -3.987 0.4444444478
51466  -31.213  -4.282  -5.011 0.1111111119
54212  -23.726  -0.716  -4.785 0.4444444478
50563  -30.844  -5.195  -6.086 0.1111111119
55166  -26.977  0.283  -3.707 0.4444444478
103903  -30.601  -0.862  -5.063 0.3333333433
95901  -30.667  -2.805  -5.935 0.1111111119
51472  -30.819  -3.727  -5.753 0.1111111119
99832  -30.446  -3.597  -6.661 0.1111111119
55180  -27.417  1.052  -3.904 0.4444444478
55179  -26.448  0.866  -4.257 0.4444444478
56168  -26.849  1.613  -4.385 0.4444444478
56170  -28.623  1.749  -4.423 0.4444444478
55181  -28.375  1.188  -3.827 0.4444444478
56171  -29.246  1.166  -4.194 0.4444444478
55193  -30.242  0.904  -5.636 0.4444444478
55183  -30.098  0.562  -4.804 0.2222222239
55200  -30.420  0.387  -6.443 0.2222222239
54230  -30.484  -0.628  -6.630 0.2222222239
107632  -30.353  -1.420  -7.171 0.2222222239
53325  -30.496  -1.585  -6.525 0.2222222239
56202  -28.680  1.601  -10.829 0.1111111119
55225  -29.400  0.098  -9.567 0.1111111119
53345  -29.556  -2.241  -8.691 0.1111111119
99049  -23.791  0.144  -4.909 0.4444444478
55177  -24.283  0.746  -4.944 0.4444444478
55178  -25.384  0.754  -4.614 0.3333333433
56167  -25.902  1.495  -4.691 0.4444444478
57038  -27.169  2.255  -4.665 0.4444444478
57039  -28.071  2.282  -4.717 0.4444444478
56174  -28.731  2.215  -4.926 0.4444444478
102385  -29.245  1.799  -4.890 0.4444444478
56175  -29.800  1.796  -5.749 0.4444444478
57874  -27.876  3.298  -5.726 0.3333333433
56178  -30.022  2.018  -6.834 0.3333333433
56183  -30.169  1.309  -7.472 0.1111111119
104980  -30.336  0.702  -7.144 0.1111111119
55209  -30.114  0.448  -7.979 0.1111111119
109974  -30.123  -0.347  -7.940 0.1111111119
100444  -29.571  -0.286  -9.070 0.1111111119
55176  -23.238  0.862  -5.012 0.2222222239
57037  -26.273  2.131  -4.830 0.3333333433
57046  -27.497  2.800  -5.155 0.3333333433
57048  -29.120  2.435  -5.478 0.4444444478
57884  -29.239  3.177  -6.750 0.2222222239
103287  -29.882  2.017  -7.836 0.2222222239
56187  -29.828  1.214  -8.417 0.1111111119
57883  -28.676  3.716  -6.937 0.1111111119
57891  -29.283  3.339  -7.521 0.1111111119
57068  -29.575  2.710  -8.142 0.1111111119
105041  -29.432  1.079  -9.449 0.1111111119
57895  -29.282  3.366  -8.439 0.1111111119
57077  -29.393  2.688  -8.951 0.1111111119
99000  -29.546  1.965  -8.798 0.1111111119
56166  -24.758  1.518  -5.132 0.3333333433
107055  -25.446  1.971  -5.128 0.3333333433
57036  -24.424  2.337  -5.594 0.3333333433
107167  -25.532  2.476  -5.501 0.3333333433
57045  -26.537  2.703  -5.238 0.3333333433
103939  -28.145  3.632  -6.330 0.2222222239
57890  -28.881  3.941  -7.885 0.1111111119
57898  -29.182  3.221  -9.386 0.1111111119
57086  -29.194  2.154  -9.886 0.1111111119
57093  -28.448  2.942  -11.330 0.1111111119
57861  -22.617  3.791  -3.844 0.1111111119
57866  -23.216  3.597  -5.042 0.1111111119
57044  -24.371  2.995  -5.983 0.2222222239
57872  -24.272  3.516  -6.278 0.2222222239
102336  -25.641  3.156  -5.989 0.3333333433
57880  -24.984  3.695  -6.676 0.2222222239
57873  -26.892  3.294  -5.694 0.3333333433
57881  -26.263  3.692  -6.399 0.3333333433
58681  -26.737  4.228  -6.912 0.2222222239
109180  -26.809  4.845  -7.801 0.1111111119
58686  -27.385  4.507  -7.365 0.1111111119
58690  -27.726  4.814  -7.985 0.1111111119
57894  -29.003  4.005  -8.826 0.1111111119
58695  -28.519  4.681  -10.113 0.1111111119
106041  -28.856  3.064  -10.306 0.1111111119
56214  -28.335  1.962  -11.503 0.1111111119
95853  -28.253  1.108  -11.637 0.1111111119
106519  -23.250  4.756  -4.671 0.1111111119
58671  -23.320  5.304  -4.915 0.1111111119
109371  -23.400  4.220  -5.440 0.1111111119
58674  -23.231  5.378  -5.571 0.1111111119
58678  -23.443  5.226  -6.412 0.1111111119
58679  -24.455  4.345  -6.998 0.1111111119
58680  -25.649  4.084  -6.942 0.2222222239
59542  -23.780  4.873  -7.445 0.1111111119
58685  -25.604  4.538  -7.564 0.1111111119
59550  -24.768  5.298  -8.770 0.1111111119
59547  -27.065  5.292  -8.434 0.1111111119
59551  -25.986  5.653  -9.046 0.1111111119
59552  -28.015  5.159  -8.720 0.1111111119
59535  -23.352  5.804  -5.264 0.1111111119
59529  -23.751  5.400  -4.586 0.1111111119
59541  -23.170  5.791  -6.710 0.1111111119
101702  -23.288  5.438  -7.731 0.1111111119
60427  -24.020  6.677  -5.428 0.1111111119
60432  -23.480  7.315  -5.905 0.1111111119
46839  -33.923  -10.331  -0.786 0.1111111119
108240  -33.988  -7.845  -0.275 0.1111111119
46877  -34.030  -9.256  -3.782 0.1111111119
46878  -34.180  -9.364  -3.434 0.1111111119
46876  -33.630  -8.870  -4.422 0.1111111119
55182  -29.732  0.393  -3.987 0.4444444478
54222  -30.468  -0.076  -5.554 0.3333333433
105392  -30.622  -0.963  -5.883 0.2222222239
53319  -30.662  -1.804  -5.657 0.1111111119
52403  -30.471  -2.527  -6.552 0.1111111119
50565  -30.426  -4.911  -6.929 0.1111111119
54238  -30.261  -0.868  -7.533 0.2222222239
55218  -29.684  0.400  -8.836 0.1111111119
54258  -29.314  -0.771  -9.548 0.1111111119
112337  -26.699  4.534  -7.396 0.1111111119
59538  -23.068  6.060  -5.751 0.1111111119
105140  -33.600  -7.231  0.463 0.1111111119
106140  -32.924  -8.588  -3.474 0.2222222239
53310  -23.268  -1.481  -4.781 0.4444444478
56169  -27.778  1.719  -4.247 0.4444444478
57053  -29.485  2.600  -6.303 0.2222222239
59536  -24.240  5.983  -4.744 0.1111111119
60431  -23.092  6.688  -5.841 0.1111111119
47726  -33.214  -7.868  1.012 0.1111111119
45919  -32.824  -10.872  0.384 0.1111111119
47738  -33.292  -9.489  0.600 0.1111111119
48698  -33.611  -6.059  0.671 0.1111111119
101985  -34.380  -6.259  -0.700 0.1111111119
47754  -34.467  -8.294  -1.428 0.1111111119
48738  -34.660  -7.385  -2.468 0.1111111119
47774  -34.539  -8.808  -2.984 0.1111111119
46883  -33.847  -8.883  -4.473 0.1111111119
114193  -34.067  -9.127  -4.036 0.1111111119
47784  -34.332  -8.711  -3.864 0.1111111119
46882  -33.439  -8.636  -5.127 0.1111111119
47798  -32.790  -8.285  -6.462 0.1111111119
48761  -31.784  -7.849  -6.482 0.1111111119
53311  -23.853  -1.501  -4.659 0.4444444478
49680  -31.015  -6.824  -6.587 0.1111111119
52414  -30.186  -3.369  -7.366 0.1111111119
54211  -23.068  -0.023  -4.921 0.4444444478
52419  -29.145  -4.038  -8.937 0.1111111119
110540  -23.762  1.384  -5.213 0.3333333433
105094  -23.656  2.079  -5.435 0.2222222239
53363  -28.800  -1.437  -10.053 0.1111111119
57034  -23.019  2.590  -4.952 0.1111111119
57035  -23.501  2.806  -5.378 0.2222222239
55228  -28.612  0.719  -10.945 0.1111111119
55237  -27.917  -0.000  -11.805 0.1111111119
57030  -22.266  3.116  -3.344 0.1111111119
57856  -22.364  3.862  -2.537 0.1111111119
106323  -23.556  5.114  -4.397 0.1111111119
58663  -23.565  4.586  -2.496 0.1111111119
107714  -27.902  2.261  -12.328 0.1111111119
58664  -24.180  5.226  -3.796 0.1111111119
59519  -25.065  5.604  -3.003 0.1111111119
59554  -26.673  6.074  -9.791 0.1111111119
59555  -27.492  5.790  -10.089 0.1111111119
58698  -28.383  4.766  -11.054 0.1111111119
108295  -28.171  4.145  -12.287 0.1111111119
59530  -24.744  5.625  -3.751 0.1111111119
112710  -22.995  5.907  -7.875 0.1111111119
60436  -23.239  6.335  -9.052 0.1111111119
48748  -32.444  -7.463  -3.715 0.1111111119
112176  -29.710  0.857  -4.437 0.4444444478
46850  -33.898  -10.328  -1.525 0.1111111119
48714  -34.321  -7.493  -0.803 0.1111111119
47763  -34.593  -8.470  -2.131 0.1111111119
48755  -32.508  -8.115  -4.919 0.1111111119
48762  -32.505  -8.236  -5.903 0.1111111119
105336  -30.050  -4.699  -7.663 0.1111111119
56179  -30.268  1.235  -6.527 0.2222222239
101206  -30.348  -0.026  -7.289 0.1111111119
53346  -30.077  -1.829  -7.852 0.2222222239
53335  -30.273  -2.292  -7.266 0.1111111119
107694  -29.073  1.218  -10.291 0.1111111119
96586  -28.686  2.335  -10.765 0.1111111119
55229  -29.101  0.433  -10.248 0.1111111119
54270  -29.026  -0.470  -10.196 0.1111111119
52420  -29.799  -3.241  -8.109 0.1111111119
54248  -29.909  -1.088  -8.248 0.2222222239
57052  -28.776  3.151  -6.063 0.3333333433
54247  -29.578  -1.044  -8.912 0.2222222239
57061  -29.659  2.702  -7.208 0.2222222239
57882  -27.320  3.740  -6.270 0.2222222239
58682  -27.817  4.108  -6.821 0.1111111119
58687  -28.217  4.321  -7.506 0.1111111119
58691  -28.455  4.519  -8.320 0.1111111119
104935  -28.884  3.940  -9.757 0.1111111119
57900  -28.670  3.895  -10.685 0.1111111119
57902  -28.422  4.003  -11.570 0.1111111119
57043  -23.647  3.142  -5.552 0.1111111119
58693  -28.586  4.665  -9.190 0.1111111119
57862  -22.853  4.311  -3.159 0.1111111119
58675  -23.764  4.398  -6.291 0.1111111119
59545  -24.238  4.895  -8.253 0.1111111119
59546  -25.866  5.112  -8.290 0.1111111119
60437  -24.221  5.794  -9.241 0.1111111119
101973  -27.315  5.600  -9.231 0.1111111119
59556  -28.109  5.280  -9.600 0.1111111119
60426  -23.290  6.269  -5.454 0.1111111119
59544  -23.027  6.586  -6.853 0.1111111119
60434  -23.368  5.527  -8.615 0.1111111119
47783  -33.070  -8.675  -4.317 0.1111111119
96373  -29.179  -1.803  -9.436 0.1111111119
60440  -25.431  6.215  -9.837 0.1111111119
61216  -23.327  7.492  -6.568 0.1111111119
48713  -33.988  -6.677  -0.089 0.1111111119
47787  -32.880  -8.520  -5.132 0.1111111119
47793  -32.178  -8.250  -6.866 0.1111111119
51476  -29.770  -4.385  -8.085 0.1111111119
53355  -28.913  -3.179  -9.380 0.1111111119
108658  -28.430  -1.213  -10.748 0.1111111119
54269  -28.570  -0.232  -10.913 0.1111111119
59559  -28.096  5.387  -10.542 0.1111111119
99897  -21.490  -22.889  13.356 0.2222222239
110519  -20.570  -13.298  5.051 0.2222222239
43009  -20.829  -12.667  4.194 0.2222222239
40004  -20.656  -15.328  6.562 0.3333333433
40993  -21.233  -14.138  4.834 0.3333333433
41959  -21.077  -13.607  4.609 0.4444444478
41958  -20.869  -13.064  4.399 0.3333333433
53308  -22.159  -1.861  -4.240 0.2222222239
55165  -22.031  0.338  -4.331 0.1111111119
55175  -22.482  0.609  -4.637 0.1111111119
49637  -21.264  -5.831  -2.260 0.2222222239
48720  -21.290  -6.445  -1.765 0.1111111119
40982  -21.002  -14.448  5.556 0.2222222239
52358  -21.376  -3.351  -2.867 0.1111111119
54198  -21.944  -1.326  -4.064 0.1111111119
54199  -21.933  -0.445  -4.219 0.1111111119
56164  -22.576  1.322  -4.687 0.1111111119
52383  -22.538  -2.331  -4.572 0.2222222239
52370  -21.688  -3.101  -3.611 0.1111111119
98517  -20.472  -15.695  7.007 0.2222222239
53296  -21.819  -2.359  -3.756 0.1111111119
44992  -20.832  -10.047  2.088 0.3333333433
53309  -22.649  -1.447  -4.632 0.3333333433
110243  -23.010  -0.791  -4.859 0.3333333433
54210  -22.376  -0.346  -4.549 0.1111111119
41940  -20.633  -13.727  5.340 0.2222222239
52369  -21.480  -2.942  -2.961 0.1111111119
54209  -22.083  -1.021  -4.275 0.1111111119
53287  -21.489  -1.788  -2.359 0.1111111119
54182  -21.732  -1.121  -2.324 0.1111111119
33781  -22.750  -22.650  14.078 0.1111111119
32860  -20.073  -23.462  13.635 0.1111111119
33796  -19.592  -23.085  12.865 0.1111111119
33818  -19.512  -22.031  11.670 0.1111111119
34703  -18.958  -21.169  11.327 0.1111111119
94019  -20.006  -15.549  7.524 0.1111111119
46842  -21.149  -8.401  -0.034 0.2222222239
47744  -20.957  -7.946  -0.086 0.2222222239
43010  -21.148  -12.576  3.648 0.1111111119
32859  -19.106  -23.464  13.440 0.1111111119
32861  -21.073  -23.372  13.982 0.1111111119
32862  -22.025  -23.069  14.099 0.1111111119
33808  -19.038  -22.503  12.234 0.1111111119
34689  -18.521  -21.764  11.864 0.1111111119
35533  -18.439  -20.447  11.628 0.1111111119
35534  -18.986  -20.300  10.973 0.1111111119
35551  -19.525  -20.132  10.371 0.1111111119
36368  -19.203  -18.812  9.974 0.1111111119
94729  -19.817  -15.958  8.054 0.1111111119
95415  -19.882  -15.091  7.572 0.1111111119
40981  -20.246  -13.927  6.018 0.1111111119
42991  -20.494  -12.991  4.931 0.1111111119
46828  -20.849  -8.505  0.639 0.2222222239
105259  -20.712  -6.817  0.432 0.2222222239
47759  -21.124  -7.270  -0.683 0.1111111119
111943  -21.610  -23.429  14.431 0.1111111119
103852  -20.313  -14.530  6.473 0.1111111119
36350  -19.055  -19.471  10.598 0.1111111119
94023  -18.837  -18.000  10.038 0.1111111119
33797  -21.060  -22.769  12.714 0.1111111119
106866  -20.604  -23.089  13.121 0.1111111119
40003  -20.099  -15.069  7.034 0.1111111119
33795  -18.543  -22.951  12.807 0.1111111119
94742  -19.589  -15.474  7.993 0.1111111119
110272  -20.617  -7.761  1.162 0.1111111119
33807  -18.057  -22.223  12.366 0.1111111119
34702  -18.193  -21.077  11.804 0.1111111119
94018  -19.371  -15.748  8.606 0.1111111119
48691  -20.843  -6.560  0.535 0.1111111119
48703  -20.825  -6.313  -0.128 0.1111111119
49649  -21.404  -5.137  -2.798 0.1111111119
101515  -20.676  -9.099  1.610 0.1111111119
49636  -20.912  -5.329  -2.114 0.1111111119
50533  -21.234  -4.390  -2.732 0.1111111119
34677  -25.283  -21.319  13.736 0.2222222239
43051  -25.841  -12.567  -0.552 1.0000000000
46816  -20.714  -8.788  1.220 0.2222222239
46870  -34.090  -9.701  -3.083 0.1111111119
47722  -20.706  -7.717  1.504 0.1111111119
48731  -21.627  -6.403  -2.374 0.1111111119
49648  -20.806  -4.867  -2.249 0.1111111119
50546  -24.567  -4.943  -4.250 0.6666666865
52357  -20.907  -3.411  -2.439 0.1111111119
52384  -22.948  -2.246  -4.758 0.2222222239
53276  -20.935  -2.299  -1.551 0.1111111119
55192  -29.759  1.218  -4.907 0.4444444478
55219  -29.829  -0.296  -8.509 0.1111111119
57047  -28.389  2.722  -5.307 0.4444444478
94026  -18.854  -14.690  8.631 0.1111111119
102654  -31.563  -4.986  -2.749 0.4444444478
104091  -19.156  -17.886  9.362 0.1111111119
107378  -22.749  -20.322  8.709 0.3333333433
109008  -31.993  -7.405  -5.343 0.1111111119
111561  -26.048  -9.339  -2.554 1.0000000000
112114  -23.627  -3.253  -4.593 0.6666666865
