#!ascii label  , from subject sub-v1s5x0050751_ses-1 vox2ras=TkReg
433
8259  -46.623  -57.920  35.204 0.0000000000
10931  -44.933  -53.547  27.751 0.0000000000
9733  -39.322  -55.885  32.276 0.0000000000
9754  -44.173  -55.322  31.367 0.0000000000
12141  -39.607  -51.439  29.009 0.0000000000
8222  -41.399  -58.391  37.726 0.0000000000
9718  -35.591  -55.684  35.419 0.0000000000
12071  -32.326  -51.330  38.177 0.0000000000
10878  -36.151  -53.785  31.214 0.0000000000
10890  -39.267  -53.635  30.285 0.0000000000
12138  -36.362  -51.503  29.740 0.0000000000
104933  -38.296  -57.789  36.455 0.0000000000
9207  -37.033  -56.434  38.021 0.0000000000
14386  -31.475  -47.586  36.740 0.0000000000
112133  -31.617  -49.996  35.811 0.0000000000
7222  -46.370  -60.053  32.051 0.0000000000
10319  -44.780  -54.538  29.913 0.0000000000
8287  -43.011  -58.247  29.843 0.0000000000
9320  -45.086  -56.619  28.048 0.0000000000
8759  -42.340  -56.943  33.871 0.0000000000
8766  -45.950  -57.086  33.094 0.0000000000
10316  -41.858  -53.930  29.869 0.0000000000
10913  -41.965  -52.518  28.150 0.0000000000
8733  -40.359  -58.086  35.279 0.0000000000
9243  -37.179  -56.246  33.842 0.0000000000
10870  -34.333  -53.427  32.695 0.0000000000
114202  -35.712  -53.709  39.522 0.0000000000
11434  -33.227  -53.101  36.928 0.0000000000
11464  -32.681  -51.979  34.018 0.0000000000
13286  -33.389  -49.727  32.369 0.0000000000
7761  -45.364  -59.976  30.763 0.0000000000
13359  -40.627  -49.482  23.282 0.0000000000
12179  -44.218  -52.049  25.024 0.0000000000
113153  -47.712  -52.264  24.407 0.0000000000
11482  -34.648  -52.112  30.979 0.0000000000
104582  -36.053  -52.270  30.176 0.0000000000
7750  -45.891  -59.187  33.282 0.0000000000
98254  -44.526  -53.533  28.433 0.0000000000
9787  -45.275  -55.237  29.098 0.0000000000
10347  -46.025  -54.111  28.369 0.0000000000
10348  -46.693  -54.608  27.940 0.0000000000
10951  -45.835  -53.702  27.218 0.0000000000
9246  -40.619  -56.740  33.326 0.0000000000
9734  -40.324  -55.859  32.147 0.0000000000
108897  -38.782  -52.743  29.843 0.0000000000
10309  -40.187  -54.151  30.418 0.0000000000
10899  -40.547  -52.633  29.369 0.0000000000
10912  -41.881  -52.791  28.884 0.0000000000
12146  -40.536  -51.715  28.373 0.0000000000
8246  -42.133  -58.328  36.105 0.0000000000
8245  -40.983  -58.363  36.054 0.0000000000
9230  -36.632  -56.620  35.601 0.0000000000
8744  -38.036  -57.459  34.989 0.0000000000
96876  -36.428  -55.936  34.186 0.0000000000
9724  -36.041  -55.155  32.909 0.0000000000
10281  -34.710  -54.373  33.843 0.0000000000
10816  -33.751  -52.812  39.027 0.0000000000
10830  -34.279  -54.065  38.290 0.0000000000
11421  -32.804  -52.426  37.504 0.0000000000
13277  -31.983  -49.406  34.574 0.0000000000
12106  -32.048  -50.840  34.751 0.0000000000
13278  -32.457  -49.521  33.939 0.0000000000
12715  -32.654  -50.624  33.295 0.0000000000
9272  -44.972  -56.481  32.636 0.0000000000
8274  -46.146  -58.655  32.263 0.0000000000
8770  -44.300  -57.356  31.403 0.0000000000
7248  -42.954  -60.014  29.092 0.0000000000
13920  -40.802  -47.985  22.531 0.0000000000
94825  -42.079  -50.443  24.001 0.0000000000
12209  -46.246  -51.149  23.428 0.0000000000
9748  -37.866  -55.059  31.652 0.0000000000
109909  -39.083  -55.365  31.673 0.0000000000
10306  -37.889  -54.060  30.796 0.0000000000
11485  -37.718  -52.660  29.971 0.0000000000
96593  -38.111  -51.232  29.398 0.0000000000
8232  -39.644  -58.214  36.887 0.0000000000
8707  -37.663  -57.078  37.559 0.0000000000
9225  -35.788  -56.118  36.744 0.0000000000
109912  -31.627  -49.680  37.954 0.0000000000
110160  -31.849  -50.702  37.293 0.0000000000
13263  -31.479  -49.285  36.320 0.0000000000
14403  -31.961  -47.867  35.164 0.0000000000
105845  -32.936  -47.721  34.461 0.0000000000
9765  -44.499  -55.032  30.931 0.0000000000
8775  -43.529  -57.683  30.490 0.0000000000
112305  -44.619  -55.737  29.659 0.0000000000
8800  -44.215  -56.929  28.534 0.0000000000
8320  -43.493  -58.647  27.804 0.0000000000
8822  -45.787  -57.339  27.185 0.0000000000
9323  -48.006  -55.976  26.961 0.0000000000
9827  -49.408  -55.478  26.060 0.0000000000
106915  -45.159  -57.133  34.887 0.0000000000
8752  -46.544  -57.464  34.192 0.0000000000
101812  -43.462  -55.955  32.707 0.0000000000
9753  -43.302  -55.244  31.541 0.0000000000
10295  -40.209  -54.875  30.969 0.0000000000
10296  -41.259  -54.928  30.999 0.0000000000
9764  -43.889  -54.854  31.036 0.0000000000
10317  -42.865  -53.974  29.672 0.0000000000
10901  -42.812  -53.316  28.898 0.0000000000
11518  -43.096  -53.080  27.189 0.0000000000
8736  -44.110  -57.538  35.340 0.0000000000
8748  -41.852  -57.512  34.496 0.0000000000
9245  -39.657  -56.799  33.423 0.0000000000
8732  -39.389  -58.055  35.408 0.0000000000
108894  -38.448  -57.159  34.227 0.0000000000
9259  -38.398  -56.111  32.780 0.0000000000
10285  -36.294  -54.779  32.191 0.0000000000
10877  -35.351  -53.483  31.501 0.0000000000
11473  -34.228  -52.330  31.588 0.0000000000
10255  -36.356  -54.970  38.976 0.0000000000
9710  -34.931  -55.297  37.331 0.0000000000
10275  -34.348  -54.636  35.999 0.0000000000
12088  -32.212  -51.691  36.138 0.0000000000
11450  -32.646  -52.332  35.606 0.0000000000
109394  -33.742  -53.635  34.907 0.0000000000
10866  -33.615  -52.877  33.286 0.0000000000
12114  -33.452  -51.471  32.081 0.0000000000
7751  -46.226  -58.621  32.762 0.0000000000
7232  -46.410  -60.519  31.217 0.0000000000
8278  -43.275  -58.649  30.315 0.0000000000
7250  -45.115  -61.193  29.901 0.0000000000
12157  -40.429  -51.528  27.728 0.0000000000
11529  -41.546  -52.114  26.496 0.0000000000
11531  -43.300  -52.900  26.340 0.0000000000
12177  -42.319  -51.688  25.211 0.0000000000
11532  -44.182  -53.062  26.068 0.0000000000
10969  -45.892  -53.389  26.157 0.0000000000
10971  -48.381  -53.344  25.445 0.0000000000
12724  -34.258  -50.876  30.876 0.0000000000
12129  -34.805  -51.442  30.551 0.0000000000
7739  -46.013  -59.195  34.588 0.0000000000
112243  -46.546  -58.558  35.351 0.0000000000
10916  -45.321  -53.829  28.690 0.0000000000
10932  -45.780  -53.835  28.067 0.0000000000
10950  -44.956  -53.400  26.597 0.0000000000
9261  -40.020  -56.355  32.780 0.0000000000
9262  -41.084  -56.228  32.635 0.0000000000
97357  -39.264  -52.006  29.420 0.0000000000
10898  -39.715  -52.729  29.660 0.0000000000
11499  -40.026  -52.036  29.204 0.0000000000
11500  -40.684  -52.064  28.851 0.0000000000
12142  -40.164  -51.657  28.768 0.0000000000
8223  -42.949  -58.574  38.085 0.0000000000
8234  -41.768  -58.541  36.951 0.0000000000
9229  -35.993  -56.200  35.924 0.0000000000
9721  -36.210  -56.104  35.042 0.0000000000
110602  -35.752  -55.552  34.573 0.0000000000
99114  -35.233  -54.982  34.179 0.0000000000
10278  -34.648  -54.576  34.669 0.0000000000
12679  -32.226  -50.776  38.611 0.0000000000
108518  -32.526  -50.717  39.237 0.0000000000
12054  -32.713  -51.411  38.951 0.0000000000
12055  -33.283  -51.630  39.480 0.0000000000
105209  -33.195  -52.166  38.982 0.0000000000
11422  -33.228  -52.679  38.297 0.0000000000
12072  -32.731  -51.994  38.290 0.0000000000
13828  -32.422  -48.826  34.287 0.0000000000
12709  -32.096  -50.156  34.303 0.0000000000
13834  -32.969  -49.047  33.669 0.0000000000
9271  -44.489  -55.802  31.948 0.0000000000
105196  -44.703  -56.404  31.939 0.0000000000
98667  -44.335  -56.452  31.184 0.0000000000
12807  -42.799  -50.147  23.319 0.0000000000
12208  -45.391  -50.994  23.604 0.0000000000
12808  -44.954  -50.286  22.840 0.0000000000
10291  -36.591  -54.396  31.552 0.0000000000
10292  -37.401  -54.526  31.338 0.0000000000
10879  -36.958  -53.988  30.989 0.0000000000
11496  -36.914  -52.137  29.837 0.0000000000
11497  -37.676  -51.883  29.642 0.0000000000
12139  -37.244  -51.353  29.527 0.0000000000
9219  -36.970  -56.905  37.091 0.0000000000
9218  -36.308  -56.371  37.369 0.0000000000
13243  -31.500  -48.969  37.864 0.0000000000
13803  -31.424  -48.257  37.316 0.0000000000
102286  -31.415  -48.893  37.058 0.0000000000
13814  -31.468  -48.379  36.498 0.0000000000
97370  -32.429  -48.103  34.603 0.0000000000
6656  -46.374  -60.870  31.448 0.0000000000
9766  -44.711  -54.943  30.455 0.0000000000
9282  -44.557  -55.475  30.389 0.0000000000
9300  -45.562  -55.722  28.493 0.0000000000
9299  -44.786  -55.973  28.970 0.0000000000
8821  -44.736  -57.529  27.609 0.0000000000
8321  -44.508  -58.431  27.182 0.0000000000
101002  -47.423  -55.322  27.527 0.0000000000
9322  -47.166  -56.162  27.337 0.0000000000
10349  -47.654  -54.648  27.280 0.0000000000
9811  -48.383  -55.422  26.875 0.0000000000
10365  -48.316  -54.354  26.614 0.0000000000
8750  -44.216  -57.010  34.514 0.0000000000
8761  -45.301  -56.676  34.083 0.0000000000
9737  -43.973  -55.595  32.109 0.0000000000
9736  -42.836  -55.644  32.182 0.0000000000
10307  -38.726  -54.403  30.833 0.0000000000
10294  -39.305  -54.924  31.191 0.0000000000
10308  -39.522  -54.434  30.714 0.0000000000
108063  -40.834  -54.493  30.580 0.0000000000
10310  -41.613  -54.435  30.439 0.0000000000
9763  -42.509  -54.808  30.900 0.0000000000
97152  -42.395  -54.350  30.235 0.0000000000
10311  -43.335  -54.480  30.389 0.0000000000
112001  -42.385  -52.864  28.494 0.0000000000
10929  -42.902  -52.968  28.112 0.0000000000
11517  -42.395  -52.711  27.501 0.0000000000
8734  -41.405  -58.011  35.233 0.0000000000
8735  -42.593  -57.825  35.269 0.0000000000
8747  -40.777  -57.664  34.524 0.0000000000
8757  -40.197  -57.297  33.911 0.0000000000
8244  -39.964  -58.311  36.104 0.0000000000
8243  -39.055  -58.134  36.252 0.0000000000
9236  -37.707  -56.828  34.325 0.0000000000
112698  -38.203  -56.808  33.876 0.0000000000
9244  -38.730  -56.729  33.532 0.0000000000
9726  -37.450  -55.937  33.050 0.0000000000
9731  -36.845  -55.378  32.582 0.0000000000
10283  -34.802  -54.157  32.992 0.0000000000
10284  -35.529  -54.493  32.560 0.0000000000
10871  -35.020  -53.855  32.211 0.0000000000
10876  -34.577  -53.138  31.877 0.0000000000
10869  -33.923  -52.682  32.344 0.0000000000
95079  -35.953  -54.309  39.282 0.0000000000
107565  -33.771  -53.813  37.415 0.0000000000
98433  -34.786  -54.652  38.347 0.0000000000
10265  -34.441  -54.675  37.546 0.0000000000
9714  -34.590  -55.017  36.712 0.0000000000
10264  -34.073  -54.357  36.696 0.0000000000
12692  -31.644  -50.256  36.680 0.0000000000
12087  -31.951  -51.086  36.732 0.0000000000
12096  -31.846  -50.828  35.753 0.0000000000
12107  -32.396  -51.461  34.358 0.0000000000
12097  -32.265  -51.562  35.213 0.0000000000
11457  -32.673  -52.157  34.711 0.0000000000
11451  -33.219  -52.973  35.027 0.0000000000
11458  -33.090  -52.596  34.102 0.0000000000
10861  -33.648  -53.318  34.209 0.0000000000
12719  -33.039  -50.360  32.707 0.0000000000
12113  -32.981  -51.177  32.746 0.0000000000
12720  -33.385  -50.553  31.990 0.0000000000
8762  -46.214  -56.895  33.852 0.0000000000
8264  -46.506  -57.761  33.493 0.0000000000
8269  -46.400  -57.833  32.939 0.0000000000
7756  -45.878  -59.404  31.480 0.0000000000
7757  -46.273  -59.724  31.737 0.0000000000
7762  -46.370  -60.238  31.030 0.0000000000
6675  -46.394  -61.207  30.975 0.0000000000
7240  -46.337  -60.848  30.758 0.0000000000
8782  -43.213  -57.720  29.821 0.0000000000
6702  -44.322  -61.525  29.166 0.0000000000
7249  -43.808  -60.638  29.538 0.0000000000
12156  -39.750  -51.068  27.507 0.0000000000
102843  -39.209  -50.633  27.309 0.0000000000
108717  -40.942  -51.740  26.366 0.0000000000
11530  -42.366  -52.596  26.625 0.0000000000
11544  -42.044  -52.150  25.919 0.0000000000
12193  -43.915  -51.461  24.516 0.0000000000
12191  -42.215  -51.010  24.572 0.0000000000
12178  -43.297  -51.913  25.093 0.0000000000
11546  -43.668  -52.496  25.606 0.0000000000
106316  -44.429  -52.552  25.496 0.0000000000
11547  -45.068  -52.955  25.751 0.0000000000
11564  -45.075  -52.296  25.108 0.0000000000
11566  -46.773  -52.038  24.526 0.0000000000
11549  -47.633  -52.673  24.967 0.0000000000
10887  -35.813  -53.026  30.783 0.0000000000
10888  -36.561  -53.455  30.747 0.0000000000
11483  -35.260  -52.228  30.605 0.0000000000
11495  -35.564  -51.551  30.112 0.0000000000
12749  -35.887  -50.749  29.671 0.0000000000
14388  -31.641  -47.701  35.911 0.0000000000
15647  -32.534  -45.657  35.428 0.0000000000
10915  -44.599  -53.742  29.089 0.0000000000
9771  -44.925  -55.138  29.781 0.0000000000
10331  -45.119  -54.109  29.355 0.0000000000
10332  -45.639  -54.267  28.902 0.0000000000
9789  -46.119  -54.578  28.470 0.0000000000
9810  -46.449  -55.332  28.138 0.0000000000
10933  -46.547  -54.112  27.559 0.0000000000
10952  -46.738  -53.730  26.706 0.0000000000
9247  -41.697  -56.606  33.296 0.0000000000
107149  -41.122  -55.769  32.032 0.0000000000
10891  -40.336  -53.386  29.895 0.0000000000
10900  -41.275  -53.226  29.501 0.0000000000
11501  -41.160  -52.524  29.062 0.0000000000
11506  -40.917  -51.981  28.452 0.0000000000
9227  -37.083  -57.071  36.184 0.0000000000
8731  -37.754  -57.540  35.869 0.0000000000
9231  -37.319  -57.049  35.266 0.0000000000
9235  -36.903  -56.489  34.687 0.0000000000
9725  -36.646  -55.689  33.381 0.0000000000
9720  -35.909  -55.365  33.753 0.0000000000
10282  -35.352  -54.764  33.355 0.0000000000
11409  -34.567  -52.726  39.653 0.0000000000
10817  -34.323  -53.474  39.024 0.0000000000
10239  -34.988  -54.154  39.049 0.0000000000
10829  -33.733  -53.369  38.297 0.0000000000
102651  -33.339  -53.108  37.686 0.0000000000
12698  -31.777  -50.122  35.051 0.0000000000
107679  -32.290  -50.801  33.969 0.0000000000
12111  -32.655  -51.422  33.559 0.0000000000
12710  -32.431  -50.179  33.721 0.0000000000
13283  -32.934  -49.764  33.205 0.0000000000
13837  -33.585  -49.052  32.876 0.0000000000
8268  -45.813  -57.798  32.480 0.0000000000
8771  -45.108  -57.166  32.255 0.0000000000
8273  -44.937  -58.259  31.748 0.0000000000
104240  -44.188  -59.046  30.987 0.0000000000
7768  -42.820  -59.010  29.384 0.0000000000
13368  -41.079  -48.791  22.536 0.0000000000
13360  -41.570  -49.472  22.918 0.0000000000
110890  -42.016  -49.993  23.342 0.0000000000
12799  -43.606  -50.950  24.092 0.0000000000
12194  -44.961  -51.577  24.456 0.0000000000
12195  -45.958  -51.523  24.166 0.0000000000
12196  -46.749  -51.537  23.941 0.0000000000
9749  -38.479  -55.519  31.992 0.0000000000
10293  -38.580  -54.991  31.407 0.0000000000
110054  -38.083  -54.615  31.194 0.0000000000
112763  -38.537  -53.887  30.543 0.0000000000
11484  -36.699  -52.869  30.309 0.0000000000
10889  -37.332  -53.433  30.510 0.0000000000
11486  -38.262  -53.404  30.325 0.0000000000
11498  -38.425  -51.960  29.570 0.0000000000
12140  -38.886  -51.290  29.222 0.0000000000
8231  -38.851  -57.939  37.005 0.0000000000
8219  -38.788  -57.544  37.642 0.0000000000
8724  -37.622  -57.399  36.730 0.0000000000
9226  -36.429  -56.596  36.512 0.0000000000
101222  -35.497  -55.775  36.160 0.0000000000
12678  -31.861  -50.193  38.312 0.0000000000
12070  -31.969  -50.748  37.928 0.0000000000
12688  -31.706  -50.201  37.582 0.0000000000
13818  -31.610  -48.531  35.640 0.0000000000
13266  -31.647  -49.327  35.323 0.0000000000
13827  -31.912  -48.650  34.859 0.0000000000
15021  -33.563  -47.554  34.479 0.0000000000
9275  -44.446  -55.536  31.164 0.0000000000
9281  -43.899  -56.738  30.274 0.0000000000
8799  -43.434  -57.413  29.197 0.0000000000
9321  -46.101  -56.381  27.708 0.0000000000
9334  -46.947  -57.166  26.770 0.0000000000
8830  -46.841  -58.228  26.190 0.0000000000
9335  -48.100  -56.931  26.361 0.0000000000
9336  -48.774  -56.198  26.319 0.0000000000
8751  -46.209  -57.318  34.824 0.0000000000
9250  -45.380  -56.548  33.299 0.0000000000
9249  -44.645  -56.394  33.389 0.0000000000
9264  -44.503  -56.143  32.716 0.0000000000
9750  -39.806  -55.408  31.614 0.0000000000
9751  -40.730  -55.403  31.545 0.0000000000
10312  -44.339  -54.711  30.534 0.0000000000
10318  -43.976  -54.226  29.933 0.0000000000
106165  -42.141  -53.424  29.359 0.0000000000
10902  -43.790  -53.751  29.325 0.0000000000
10914  -43.758  -53.401  28.610 0.0000000000
10930  -43.893  -53.235  27.893 0.0000000000
8737  -45.655  -57.627  35.667 0.0000000000
8749  -43.057  -57.245  34.523 0.0000000000
8758  -41.211  -57.192  33.856 0.0000000000
9260  -39.220  -56.402  32.952 0.0000000000
8233  -40.610  -58.418  36.853 0.0000000000
99737  -38.513  -57.856  35.617 0.0000000000
8745  -38.860  -57.666  34.780 0.0000000000
8746  -39.785  -57.720  34.616 0.0000000000
8756  -39.258  -57.284  34.037 0.0000000000
9732  -37.686  -55.520  32.302 0.0000000000
10286  -37.082  -54.993  31.883 0.0000000000
10290  -35.790  -54.167  31.839 0.0000000000
11474  -34.931  -52.756  31.191 0.0000000000
10254  -35.456  -54.865  38.695 0.0000000000
9699  -35.850  -55.515  38.352 0.0000000000
9711  -36.235  -56.053  38.028 0.0000000000
9217  -35.589  -55.785  37.540 0.0000000000
9715  -35.187  -55.579  36.750 0.0000000000
9717  -34.942  -55.275  35.912 0.0000000000
12082  -32.125  -51.219  37.488 0.0000000000
111534  -32.332  -51.765  37.024 0.0000000000
11442  -32.676  -52.417  36.535 0.0000000000
11443  -33.128  -53.067  36.027 0.0000000000
10274  -33.941  -54.116  36.016 0.0000000000
10856  -34.141  -54.194  35.283 0.0000000000
100567  -34.620  -54.768  35.366 0.0000000000
10862  -34.164  -53.977  34.407 0.0000000000
10867  -34.198  -53.701  33.566 0.0000000000
112847  -32.987  -51.696  33.124 0.0000000000
108123  -33.337  -52.040  32.710 0.0000000000
11472  -33.693  -52.090  32.044 0.0000000000
12119  -33.795  -51.104  31.478 0.0000000000
7740  -46.491  -58.219  34.169 0.0000000000
8279  -43.823  -58.241  30.980 0.0000000000
7760  -43.601  -59.717  30.103 0.0000000000
7238  -44.663  -60.494  30.209 0.0000000000
7239  -45.895  -60.708  30.525 0.0000000000
12748  -35.300  -50.239  29.846 0.0000000000
12751  -37.700  -50.567  29.253 0.0000000000
12752  -38.473  -50.631  29.053 0.0000000000
12144  -39.144  -50.866  28.745 0.0000000000
12145  -39.851  -51.242  28.352 0.0000000000
12158  -41.147  -51.964  28.007 0.0000000000
12166  -40.284  -51.428  26.733 0.0000000000
12167  -40.982  -51.896  27.113 0.0000000000
11516  -41.705  -52.350  27.311 0.0000000000
10949  -44.005  -53.339  26.919 0.0000000000
12806  -41.213  -50.126  23.801 0.0000000000
12797  -41.439  -50.729  24.531 0.0000000000
114160  -41.643  -51.273  24.998 0.0000000000
11545  -42.786  -52.357  25.760 0.0000000000
10970  -47.005  -53.269  25.823 0.0000000000
10953  -47.776  -53.742  26.304 0.0000000000
10954  -49.039  -54.043  25.791 0.0000000000
8725  -38.219  -57.549  37.191 0.0000000000
8763  -46.423  -57.369  33.538 0.0000000000
9772  -45.261  -54.607  29.325 0.0000000000
9788  -45.751  -54.896  28.801 0.0000000000
9812  -48.717  -54.940  26.712 0.0000000000
10266  -35.092  -55.218  38.011 0.0000000000
10279  -35.115  -55.155  35.001 0.0000000000
10849  -33.619  -53.703  36.455 0.0000000000
10855  -33.625  -53.627  35.622 0.0000000000
10903  -44.550  -54.042  29.583 0.0000000000
11507  -41.287  -52.283  28.569 0.0000000000
12120  -34.241  -51.613  31.167 0.0000000000
12165  -39.569  -50.904  26.655 0.0000000000
12192  -43.016  -51.303  24.577 0.0000000000
12798  -42.897  -50.688  24.036 0.0000000000
13256  -31.514  -49.549  37.255 0.0000000000
15009  -32.047  -46.240  35.715 0.0000000000
103446  -37.943  -56.470  33.541 0.0000000000
105622  -43.872  -56.235  33.179 0.0000000000
109755  -33.018  -52.129  33.459 0.0000000000
111659  -33.841  -51.743  31.655 0.0000000000
114076  -32.436  -51.746  37.710 0.0000000000
