#!ascii label  , from subject sub-v1s5x0050746_ses-1 vox2ras=TkReg
1079
88482  -43.106  23.582  30.909 0.0000000000
97751  -36.819  40.900  30.914 0.0000000000
93172  -42.349  33.261  40.583 0.0000000000
92013  -44.984  30.711  31.989 0.0000000000
99052  -41.307  44.168  27.662 0.0000000000
96849  -40.443  39.269  33.110 0.0000000000
96378  -43.972  37.309  29.323 0.0000000000
92668  -37.931  31.806  30.236 0.0000000000
120090  -35.207  26.539  36.064 0.0000000000
89016  -40.847  25.295  36.894 0.0000000000
99432  -32.179  44.802  31.576 0.0000000000
99892  -36.463  47.673  26.864 0.0000000000
98281  -38.969  41.249  21.369 0.0000000000
89639  -44.721  26.713  36.790 0.0000000000
96331  -39.653  38.580  36.799 0.0000000000
93207  -39.983  32.069  36.072 0.0000000000
89724  -42.783  25.913  28.981 0.0000000000
90939  -40.973  28.310  26.312 0.0000000000
90921  -33.820  28.155  29.644 0.0000000000
87275  -41.924  22.201  28.524 0.0000000000
99085  -43.136  43.397  23.967 0.0000000000
98636  -43.715  41.547  28.582 0.0000000000
97769  -43.507  40.339  26.813 0.0000000000
96864  -40.356  38.055  29.153 0.0000000000
126580  -37.853  26.190  36.156 0.0000000000
89611  -39.689  26.498  38.736 0.0000000000
98602  -30.794  43.048  31.997 0.0000000000
98657  -37.120  43.138  25.157 0.0000000000
127619  -45.671  26.595  40.125 0.0000000000
91967  -44.993  30.886  38.952 0.0000000000
97732  -35.280  40.635  32.849 0.0000000000
98133  -38.274  43.030  35.317 0.0000000000
95163  -41.833  34.952  32.334 0.0000000000
95158  -39.768  35.787  33.978 0.0000000000
92648  -40.221  31.489  32.811 0.0000000000
90276  -39.652  27.989  32.951 0.0000000000
90917  -41.561  28.923  29.856 0.0000000000
90324  -44.752  28.710  25.529 0.0000000000
92058  -43.096  30.209  27.528 0.0000000000
91480  -35.792  30.460  27.034 0.0000000000
98631  -38.794  41.983  29.413 0.0000000000
98148  -40.380  44.084  34.821 0.0000000000
98199  -42.219  42.258  31.082 0.0000000000
117127  -43.511  38.350  31.446 0.0000000000
93864  -45.364  32.613  32.073 0.0000000000
112322  -42.214  32.066  30.450 0.0000000000
95193  -41.246  35.172  30.219 0.0000000000
119389  -37.781  35.618  30.182 0.0000000000
89677  -35.536  26.314  33.741 0.0000000000
89052  -39.103  25.641  33.903 0.0000000000
89074  -41.466  24.780  33.903 0.0000000000
97292  -32.596  40.835  34.797 0.0000000000
97739  -32.954  40.988  32.412 0.0000000000
98626  -34.171  43.292  29.973 0.0000000000
99461  -36.128  45.002  28.720 0.0000000000
99476  -38.595  45.657  26.228 0.0000000000
99506  -40.565  45.544  23.455 0.0000000000
98275  -41.264  42.113  20.315 0.0000000000
96435  -40.531  38.480  20.460 0.0000000000
89597  -43.601  25.371  39.819 0.0000000000
89030  -45.361  24.523  36.782 0.0000000000
89077  -46.336  24.330  34.174 0.0000000000
94478  -41.788  35.962  38.527 0.0000000000
96840  -40.562  39.523  35.821 0.0000000000
95143  -41.852  36.960  36.850 0.0000000000
92590  -42.918  32.883  38.116 0.0000000000
91414  -41.359  29.243  36.896 0.0000000000
89682  -43.732  26.126  33.593 0.0000000000
88483  -46.670  23.864  30.604 0.0000000000
87908  -45.470  24.117  25.137 0.0000000000
89147  -41.163  25.526  26.326 0.0000000000
89139  -37.611  25.653  28.143 0.0000000000
113158  -39.141  31.125  27.044 0.0000000000
90931  -37.286  28.406  27.836 0.0000000000
89130  -34.814  25.773  29.265 0.0000000000
88470  -40.796  24.505  31.209 0.0000000000
87853  -41.071  22.724  29.962 0.0000000000
87854  -42.578  22.976  30.026 0.0000000000
98667  -41.760  42.921  23.990 0.0000000000
98241  -43.608  41.919  25.531 0.0000000000
98240  -40.819  41.819  26.112 0.0000000000
115653  -40.489  40.780  27.364 0.0000000000
92579  -44.068  32.744  40.061 0.0000000000
97743  -36.445  40.732  31.869 0.0000000000
93862  -43.289  33.032  32.485 0.0000000000
93248  -40.979  32.249  32.684 0.0000000000
92649  -42.100  31.379  32.394 0.0000000000
91440  -40.439  29.696  31.927 0.0000000000
91449  -42.802  29.837  30.239 0.0000000000
119585  -42.902  29.671  28.450 0.0000000000
92029  -43.976  30.459  30.521 0.0000000000
119828  -39.667  43.194  28.291 0.0000000000
98214  -40.733  42.054  30.387 0.0000000000
119812  -41.945  43.188  29.591 0.0000000000
97328  -44.147  39.283  27.961 0.0000000000
97753  -43.539  40.405  30.436 0.0000000000
96858  -44.405  37.745  30.669 0.0000000000
95176  -44.923  35.239  32.063 0.0000000000
95767  -44.666  35.898  30.409 0.0000000000
94553  -42.409  34.039  30.684 0.0000000000
95209  -43.091  35.871  29.812 0.0000000000
95784  -39.323  36.671  29.669 0.0000000000
123118  -39.932  25.499  36.481 0.0000000000
89026  -38.923  25.729  35.443 0.0000000000
125221  -39.827  25.359  35.573 0.0000000000
89073  -40.509  25.114  33.537 0.0000000000
89039  -41.560  24.801  35.593 0.0000000000
99004  -31.802  43.619  31.458 0.0000000000
105910  -31.569  41.563  32.062 0.0000000000
98611  -32.274  42.786  31.076 0.0000000000
98191  -33.334  41.841  30.645 0.0000000000
99013  -33.401  43.605  30.534 0.0000000000
117064  -36.229  49.888  28.573 0.0000000000
118399  -36.152  47.476  30.376 0.0000000000
113639  -37.245  47.589  27.162 0.0000000000
99048  -37.505  44.838  27.464 0.0000000000
99893  -37.619  46.427  26.217 0.0000000000
98666  -38.428  42.637  23.808 0.0000000000
99096  -39.182  43.863  23.762 0.0000000000
98676  -39.499  42.982  22.443 0.0000000000
99111  -41.910  44.207  21.002 0.0000000000
98283  -41.035  42.578  19.939 0.0000000000
117485  -40.702  40.290  20.331 0.0000000000
126871  -40.624  40.369  19.143 0.0000000000
90206  -44.068  26.754  44.159 0.0000000000
119683  -43.323  25.920  44.750 0.0000000000
89561  -44.284  25.642  43.926 0.0000000000
107349  -43.059  25.804  41.779 0.0000000000
88968  -45.032  25.366  42.762 0.0000000000
90241  -45.631  26.643  38.856 0.0000000000
89000  -46.320  24.814  39.437 0.0000000000
89020  -46.318  24.910  37.333 0.0000000000
88417  -45.958  24.317  35.271 0.0000000000
89651  -46.234  25.274  35.468 0.0000000000
95142  -38.939  36.406  36.260 0.0000000000
124744  -39.585  35.243  36.929 0.0000000000
122927  -40.930  36.671  37.876 0.0000000000
97736  -41.724  42.321  33.512 0.0000000000
97714  -40.559  43.312  36.177 0.0000000000
96848  -40.272  39.320  34.206 0.0000000000
109811  -39.719  33.265  34.924 0.0000000000
94490  -40.691  35.626  35.471 0.0000000000
93830  -40.609  33.891  35.752 0.0000000000
93821  -42.169  34.502  37.087 0.0000000000
113121  -41.513  32.341  37.265 0.0000000000
92601  -41.957  31.578  37.642 0.0000000000
91980  -40.443  30.616  36.754 0.0000000000
89694  -40.858  26.926  32.035 0.0000000000
89665  -41.231  27.102  33.771 0.0000000000
89708  -42.919  26.001  32.047 0.0000000000
89107  -46.004  24.871  31.793 0.0000000000
109599  -44.539  24.926  29.649 0.0000000000
87891  -46.003  23.437  27.785 0.0000000000
89133  -44.197  25.278  27.865 0.0000000000
90948  -43.714  28.919  24.861 0.0000000000
89743  -44.016  26.426  24.845 0.0000000000
90329  -41.535  27.320  26.293 0.0000000000
89145  -38.562  25.332  27.420 0.0000000000
90322  -39.304  27.347  27.518 0.0000000000
92669  -39.196  31.933  30.294 0.0000000000
125776  -40.524  30.764  29.126 0.0000000000
92040  -38.204  31.177  29.039 0.0000000000
90928  -34.977  29.350  28.399 0.0000000000
91475  -36.053  29.788  27.096 0.0000000000
90923  -35.289  28.358  28.920 0.0000000000
90306  -35.895  26.881  29.174 0.0000000000
89720  -33.966  26.403  29.745 0.0000000000
89129  -33.076  25.450  29.525 0.0000000000
89102  -38.418  24.898  31.492 0.0000000000
87291  -40.857  22.641  26.929 0.0000000000
99495  -42.969  44.590  25.510 0.0000000000
99041  -42.731  43.857  28.206 0.0000000000
98647  -44.220  41.957  26.119 0.0000000000
97770  -44.110  40.282  26.753 0.0000000000
96878  -43.504  38.657  28.410 0.0000000000
96377  -41.963  37.267  29.332 0.0000000000
97325  -41.232  39.423  28.476 0.0000000000
122521  -36.576  26.446  36.124 0.0000000000
89622  -37.725  26.414  37.524 0.0000000000
123226  -40.651  25.693  37.633 0.0000000000
99431  -31.762  45.128  31.751 0.0000000000
112114  -37.089  45.235  25.739 0.0000000000
97359  -37.505  39.991  21.422 0.0000000000
118421  -39.570  40.146  19.367 0.0000000000
126315  -44.946  26.951  41.689 0.0000000000
90838  -45.196  28.665  39.376 0.0000000000
120590  -44.759  28.588  38.494 0.0000000000
118352  -39.566  39.792  36.681 0.0000000000
96357  -40.685  37.161  32.294 0.0000000000
96356  -40.050  37.300  32.925 0.0000000000
94518  -40.242  34.634  32.749 0.0000000000
116282  -39.519  33.281  33.637 0.0000000000
92628  -39.212  31.465  34.418 0.0000000000
120347  -39.125  29.534  34.869 0.0000000000
91432  -39.196  29.225  33.111 0.0000000000
90902  -40.364  28.307  31.384 0.0000000000
90301  -41.181  27.187  30.087 0.0000000000
89732  -43.611  26.464  27.376 0.0000000000
90315  -42.266  27.833  28.548 0.0000000000
91477  -44.251  29.923  26.484 0.0000000000
91489  -42.818  29.972  25.597 0.0000000000
92677  -36.511  31.524  29.056 0.0000000000
93190  -40.743  33.164  39.515 0.0000000000
98212  -37.940  41.553  29.805 0.0000000000
98166  -38.924  41.710  32.645 0.0000000000
98180  -39.692  41.484  31.711 0.0000000000
105826  -41.565  42.726  32.905 0.0000000000
97737  -42.185  41.837  32.936 0.0000000000
127185  -42.706  42.528  29.939 0.0000000000
97312  -42.746  40.438  31.960 0.0000000000
116946  -42.390  38.480  31.768 0.0000000000
95750  -42.910  36.567  31.984 0.0000000000
94520  -44.752  33.260  32.519 0.0000000000
93874  -44.484  32.512  32.216 0.0000000000
92671  -44.748  31.037  30.902 0.0000000000
120137  -43.959  32.700  31.015 0.0000000000
93888  -41.104  33.225  30.659 0.0000000000
115026  -39.781  33.276  30.620 0.0000000000
95785  -41.095  36.606  29.628 0.0000000000
95191  -39.171  35.242  30.265 0.0000000000
107457  -37.203  26.359  34.847 0.0000000000
89663  -37.779  26.175  34.312 0.0000000000
89070  -37.975  25.799  32.770 0.0000000000
89093  -39.435  25.380  32.346 0.0000000000
89094  -40.304  25.144  32.602 0.0000000000
88459  -42.765  24.297  32.486 0.0000000000
97299  -33.254  40.440  34.146 0.0000000000
97729  -33.151  41.108  33.836 0.0000000000
97721  -34.074  40.584  33.522 0.0000000000
97731  -34.426  40.672  32.791 0.0000000000
97748  -34.457  41.107  30.699 0.0000000000
98209  -35.282  41.931  29.688 0.0000000000
99844  -33.164  46.235  31.745 0.0000000000
99451  -34.487  45.277  30.598 0.0000000000
121962  -35.351  45.053  29.611 0.0000000000
98629  -36.681  42.390  28.955 0.0000000000
98639  -37.426  42.819  28.522 0.0000000000
99037  -38.012  43.376  27.982 0.0000000000
99477  -39.296  44.812  26.688 0.0000000000
99498  -38.396  45.708  25.469 0.0000000000
99901  -39.462  45.936  25.086 0.0000000000
99501  -41.173  45.625  25.404 0.0000000000
99508  -41.928  45.419  22.755 0.0000000000
99098  -42.385  43.688  21.757 0.0000000000
97353  -40.395  40.635  21.570 0.0000000000
117495  -40.153  38.821  21.474 0.0000000000
96447  -40.253  38.317  19.997 0.0000000000
89596  -41.122  26.452  39.635 0.0000000000
89006  -41.990  25.523  38.258 0.0000000000
88999  -45.963  24.754  40.733 0.0000000000
89007  -44.135  24.933  38.972 0.0000000000
89029  -43.488  24.664  36.818 0.0000000000
88416  -44.232  24.246  35.357 0.0000000000
88445  -44.304  24.141  33.917 0.0000000000
121286  -44.658  23.837  32.556 0.0000000000
93799  -42.398  34.339  39.836 0.0000000000
120890  -39.354  44.190  36.238 0.0000000000
97699  -39.919  42.396  37.062 0.0000000000
96831  -40.462  39.450  37.040 0.0000000000
95736  -40.222  37.453  34.633 0.0000000000
96333  -41.519  38.317  37.029 0.0000000000
95720  -41.392  37.923  37.485 0.0000000000
95134  -42.396  36.764  38.028 0.0000000000
94472  -42.785  35.813  38.682 0.0000000000
93807  -43.716  33.923  39.695 0.0000000000
111104  -44.002  32.470  38.761 0.0000000000
91392  -43.307  29.980  37.937 0.0000000000
90856  -42.642  28.181  36.925 0.0000000000
90864  -40.351  28.409  35.485 0.0000000000
90255  -41.840  27.486  35.396 0.0000000000
115310  -44.477  26.321  35.135 0.0000000000
89056  -45.692  25.370  33.920 0.0000000000
88474  -46.424  24.089  32.248 0.0000000000
87845  -45.303  23.351  31.083 0.0000000000
87862  -45.549  22.725  28.887 0.0000000000
87293  -43.783  22.667  27.042 0.0000000000
123755  -42.187  23.685  25.296 0.0000000000
89148  -45.302  25.408  25.088 0.0000000000
88537  -43.544  24.515  24.820 0.0000000000
127976  -40.380  23.850  25.126 0.0000000000
111538  -38.913  24.385  25.669 0.0000000000
88520  -37.205  24.594  25.683 0.0000000000
121865  -42.554  30.377  29.116 0.0000000000
92067  -41.051  30.585  26.752 0.0000000000
91487  -39.729  30.047  26.243 0.0000000000
92064  -37.294  30.869  26.869 0.0000000000
91482  -37.564  30.213  26.482 0.0000000000
111692  -38.793  28.296  27.307 0.0000000000
90314  -37.761  27.429  28.182 0.0000000000
89131  -35.611  25.732  28.943 0.0000000000
88471  -42.059  24.197  31.487 0.0000000000
88481  -41.622  23.859  30.657 0.0000000000
98250  -40.800  42.213  25.063 0.0000000000
98649  -41.725  42.478  25.355 0.0000000000
98239  -40.017  41.472  25.921 0.0000000000
92566  -43.577  32.248  40.296 0.0000000000
93173  -43.303  33.354  40.434 0.0000000000
97734  -36.983  41.161  32.870 0.0000000000
97744  -37.069  40.882  31.774 0.0000000000
92650  -44.161  31.214  32.284 0.0000000000
93249  -43.312  32.001  32.522 0.0000000000
92011  -43.109  30.696  32.003 0.0000000000
92020  -43.760  30.333  31.324 0.0000000000
106988  -44.745  30.709  31.309 0.0000000000
99039  -40.590  43.606  28.099 0.0000000000
119829  -40.302  42.913  28.884 0.0000000000
99040  -41.697  43.871  28.352 0.0000000000
96867  -44.186  37.973  29.236 0.0000000000
96860  -44.287  38.353  29.977 0.0000000000
95789  -44.439  37.135  29.788 0.0000000000
95768  -44.736  36.366  30.410 0.0000000000
95788  -44.296  36.567  29.828 0.0000000000
95210  -44.181  35.905  29.985 0.0000000000
95787  -43.460  36.660  29.496 0.0000000000
89647  -35.863  26.518  35.507 0.0000000000
89027  -40.692  25.116  36.022 0.0000000000
89038  -40.681  25.060  35.194 0.0000000000
126965  -41.510  24.919  36.301 0.0000000000
99005  -32.523  43.627  31.053 0.0000000000
98619  -32.955  42.661  30.675 0.0000000000
99006  -32.857  44.691  31.263 0.0000000000
100310  -35.700  48.478  27.399 0.0000000000
100311  -36.819  48.710  27.281 0.0000000000
100731  -37.003  49.530  28.337 0.0000000000
100312  -37.051  48.717  27.482 0.0000000000
99900  -37.263  46.838  26.563 0.0000000000
98262  -38.952  42.167  22.473 0.0000000000
98282  -39.994  42.150  20.585 0.0000000000
98685  -40.296  42.621  20.884 0.0000000000
97801  -40.282  41.726  19.855 0.0000000000
97808  -40.752  41.627  19.664 0.0000000000
97807  -40.305  41.353  19.445 0.0000000000
89557  -44.425  25.952  44.140 0.0000000000
89562  -44.675  25.749  43.467 0.0000000000
112546  -44.347  25.415  43.039 0.0000000000
90245  -44.780  27.038  37.707 0.0000000000
90246  -45.715  26.157  38.090 0.0000000000
89626  -45.971  25.528  37.186 0.0000000000
89640  -46.363  24.925  36.363 0.0000000000
121329  -45.862  25.652  36.338 0.0000000000
96341  -38.459  38.111  35.658 0.0000000000
95728  -39.367  37.461  36.593 0.0000000000
95131  -39.703  36.193  36.960 0.0000000000
95719  -40.342  37.425  37.383 0.0000000000
97308  -41.250  40.560  33.122 0.0000000000
97305  -40.701  40.770  34.081 0.0000000000
93217  -39.843  32.623  35.473 0.0000000000
122089  -40.419  32.921  36.050 0.0000000000
93208  -41.207  33.674  36.454 0.0000000000
118429  -40.787  32.596  36.581 0.0000000000
92610  -40.435  31.549  36.639 0.0000000000
92609  -39.738  31.186  36.057 0.0000000000
89717  -41.510  26.595  30.770 0.0000000000
89707  -41.651  26.484  31.589 0.0000000000
89105  -42.609  25.968  31.030 0.0000000000
89119  -44.408  25.343  30.896 0.0000000000
122121  -42.975  25.726  30.094 0.0000000000
89134  -45.714  24.264  28.582 0.0000000000
90947  -42.115  29.347  25.563 0.0000000000
122678  -42.336  28.293  25.600 0.0000000000
90323  -40.281  27.336  27.031 0.0000000000
90938  -39.773  28.365  26.843 0.0000000000
92679  -38.594  31.442  29.891 0.0000000000
113251  -37.750  31.435  29.832 0.0000000000
90922  -34.476  28.742  29.118 0.0000000000
90929  -35.705  29.181  28.096 0.0000000000
112823  -34.617  27.926  29.408 0.0000000000
90305  -35.201  27.270  29.359 0.0000000000
90304  -34.315  27.266  29.666 0.0000000000
89716  -33.065  26.521  30.012 0.0000000000
90303  -33.474  27.268  29.939 0.0000000000
89103  -39.221  25.117  31.544 0.0000000000
87274  -40.966  22.222  28.428 0.0000000000
118459  -41.503  22.449  27.603 0.0000000000
99086  -43.296  43.889  24.291 0.0000000000
122421  -43.431  44.019  26.282 0.0000000000
98659  -43.743  43.012  24.671 0.0000000000
98231  -42.983  41.082  26.432 0.0000000000
98232  -44.053  40.902  26.303 0.0000000000
97760  -43.832  39.728  27.193 0.0000000000
97326  -43.062  39.195  27.950 0.0000000000
97759  -42.311  40.029  27.718 0.0000000000
97324  -39.770  39.684  28.341 0.0000000000
106209  -37.393  26.538  38.263 0.0000000000
89624  -39.351  26.248  37.887 0.0000000000
89625  -40.172  26.115  38.117 0.0000000000
99003  -31.316  44.019  31.772 0.0000000000
97791  -36.965  40.657  23.339 0.0000000000
125146  -37.755  39.764  20.440 0.0000000000
97368  -36.758  39.450  20.665 0.0000000000
91950  -44.773  30.763  39.634 0.0000000000
122120  -45.081  29.834  39.422 0.0000000000
122045  -45.142  30.540  39.079 0.0000000000
91394  -45.226  29.637  38.998 0.0000000000
125160  -45.152  30.370  38.969 0.0000000000
97722  -34.908  40.461  33.364 0.0000000000
97295  -39.328  41.228  36.644 0.0000000000
95747  -40.997  36.030  32.264 0.0000000000
95162  -40.545  35.324  32.543 0.0000000000
93860  -40.177  33.272  32.892 0.0000000000
93238  -39.692  32.414  33.333 0.0000000000
125151  -39.288  32.112  34.065 0.0000000000
92640  -39.381  31.491  33.648 0.0000000000
91993  -39.050  30.717  34.001 0.0000000000
92002  -39.475  30.687  33.177 0.0000000000
90903  -41.140  28.980  30.632 0.0000000000
91447  -40.349  29.034  31.567 0.0000000000
90916  -40.845  28.342  30.525 0.0000000000
90300  -40.731  27.730  30.808 0.0000000000
90307  -41.052  28.034  29.911 0.0000000000
90308  -41.503  27.672  29.381 0.0000000000
90924  -41.929  28.641  29.055 0.0000000000
91471  -42.981  29.952  28.404 0.0000000000
91476  -43.679  29.925  27.516 0.0000000000
92059  -43.693  30.201  26.562 0.0000000000
91483  -44.230  30.029  25.678 0.0000000000
92068  -42.512  30.416  26.611 0.0000000000
98630  -37.653  42.146  29.101 0.0000000000
118915  -39.004  41.370  30.546 0.0000000000
98198  -41.662  42.193  31.215 0.0000000000
98197  -40.460  41.665  31.148 0.0000000000
98182  -41.791  42.349  32.171 0.0000000000
97745  -41.986  42.512  32.863 0.0000000000
107756  -42.257  42.184  32.001 0.0000000000
98635  -43.207  42.500  29.128 0.0000000000
98634  -42.532  43.051  29.509 0.0000000000
98216  -43.277  41.777  29.747 0.0000000000
96857  -43.930  38.696  30.914 0.0000000000
97313  -43.376  39.877  31.150 0.0000000000
96856  -43.239  39.367  31.437 0.0000000000
96855  -42.859  39.306  31.699 0.0000000000
96358  -41.938  37.425  31.889 0.0000000000
96362  -43.267  37.443  31.744 0.0000000000
95177  -45.230  34.004  32.108 0.0000000000
95165  -44.878  34.136  32.377 0.0000000000
94521  -45.301  33.037  32.254 0.0000000000
111457  -44.818  32.865  32.458 0.0000000000
93875  -45.282  32.419  32.021 0.0000000000
93258  -44.733  32.408  31.847 0.0000000000
93890  -43.823  32.821  31.102 0.0000000000
94552  -41.152  34.372  30.487 0.0000000000
93889  -42.219  33.548  30.741 0.0000000000
96865  -41.415  37.981  29.093 0.0000000000
96376  -40.738  37.360  29.386 0.0000000000
95764  -38.635  35.963  30.015 0.0000000000
95765  -39.601  35.846  30.018 0.0000000000
89648  -37.275  26.341  35.739 0.0000000000
89664  -38.582  25.845  34.586 0.0000000000
89679  -38.292  25.923  33.670 0.0000000000
89071  -38.837  25.662  32.997 0.0000000000
89072  -39.654  25.422  33.235 0.0000000000
88443  -41.372  24.756  33.006 0.0000000000
88458  -41.109  24.687  32.060 0.0000000000
88444  -42.716  24.457  33.453 0.0000000000
97291  -32.042  40.151  34.735 0.0000000000
97298  -32.407  39.571  34.163 0.0000000000
96844  -32.981  38.904  33.718 0.0000000000
98162  -30.415  42.215  32.438 0.0000000000
98163  -31.013  41.552  32.677 0.0000000000
98178  -32.249  41.486  31.670 0.0000000000
98164  -32.328  41.180  32.804 0.0000000000
97720  -33.529  40.923  34.002 0.0000000000
97730  -33.687  40.794  33.317 0.0000000000
97740  -33.658  40.833  31.921 0.0000000000
98620  -33.896  42.485  30.180 0.0000000000
110881  -34.139  41.654  30.368 0.0000000000
98208  -34.583  42.021  29.932 0.0000000000
98192  -34.870  41.443  30.207 0.0000000000
98627  -34.819  42.720  29.594 0.0000000000
99855  -33.937  46.165  31.657 0.0000000000
99856  -34.530  47.025  31.642 0.0000000000
99878  -36.204  46.251  29.372 0.0000000000
99452  -35.523  44.130  29.071 0.0000000000
99024  -35.504  43.309  29.108 0.0000000000
99034  -36.126  43.951  28.600 0.0000000000
99035  -36.779  43.852  28.243 0.0000000000
99475  -38.004  46.020  26.342 0.0000000000
99049  -38.016  44.520  27.309 0.0000000000
99050  -38.644  44.133  27.374 0.0000000000
99082  -36.842  44.185  25.600 0.0000000000
99497  -37.692  45.620  25.671 0.0000000000
99083  -37.741  44.516  25.302 0.0000000000
99505  -39.564  45.244  24.238 0.0000000000
99499  -39.065  45.841  25.090 0.0000000000
99500  -39.835  45.833  24.586 0.0000000000
99902  -40.368  45.926  25.123 0.0000000000
99905  -40.554  45.867  24.197 0.0000000000
99910  -41.893  45.563  23.951 0.0000000000
99507  -41.377  45.548  22.824 0.0000000000
98687  -41.306  42.595  20.049 0.0000000000
98678  -41.756  43.035  20.543 0.0000000000
98264  -41.282  42.572  22.818 0.0000000000
98263  -40.568  41.539  22.647 0.0000000000
97793  -40.584  41.202  21.546 0.0000000000
96434  -40.316  37.553  21.767 0.0000000000
117685  -40.632  37.310  20.988 0.0000000000
96940  -39.642  39.068  19.499 0.0000000000
106221  -41.840  26.260  41.704 0.0000000000
89578  -43.222  25.733  40.725 0.0000000000
89577  -41.907  26.317  40.565 0.0000000000
109689  -42.223  26.060  39.721 0.0000000000
89613  -41.522  26.061  38.938 0.0000000000
89614  -42.662  25.561  38.970 0.0000000000
90224  -45.477  26.480  41.010 0.0000000000
89580  -45.798  25.107  41.379 0.0000000000
89581  -46.003  25.642  40.538 0.0000000000
89019  -45.939  24.669  37.709 0.0000000000
89008  -45.774  24.603  38.911 0.0000000000
127596  -44.717  24.676  38.229 0.0000000000
89018  -44.181  24.680  37.535 0.0000000000
88410  -42.761  24.575  36.048 0.0000000000
88411  -44.665  24.376  36.070 0.0000000000
88431  -46.346  24.377  34.608 0.0000000000
115468  -45.458  24.131  34.821 0.0000000000
88430  -45.719  24.136  34.292 0.0000000000
88460  -44.538  24.002  33.203 0.0000000000
88446  -45.951  24.161  33.568 0.0000000000
114759  -40.135  35.066  37.429 0.0000000000
115061  -41.328  34.623  38.642 0.0000000000
113187  -39.336  43.526  34.307 0.0000000000
121771  -39.723  44.540  35.584 0.0000000000
97724  -40.599  41.650  35.737 0.0000000000
97713  -40.190  42.051  36.903 0.0000000000
97296  -40.316  40.542  36.692 0.0000000000
97285  -40.181  40.689  36.950 0.0000000000
96832  -40.611  39.448  36.989 0.0000000000
95744  -39.860  36.609  33.534 0.0000000000
96353  -39.972  37.521  33.690 0.0000000000
111249  -40.146  36.704  34.566 0.0000000000
94491  -41.320  35.475  36.132 0.0000000000
95729  -41.133  37.569  36.108 0.0000000000
95144  -41.721  37.483  36.846 0.0000000000
95721  -41.691  37.905  37.227 0.0000000000
105929  -41.702  37.638  37.366 0.0000000000
95133  -42.038  37.183  37.913 0.0000000000
94482  -42.282  36.489  37.433 0.0000000000
93197  -42.500  33.797  37.587 0.0000000000
93814  -42.951  35.167  37.872 0.0000000000
93815  -43.314  34.459  38.425 0.0000000000
93806  -43.323  34.847  39.239 0.0000000000
93191  -43.819  33.712  38.975 0.0000000000
93192  -44.183  32.941  39.454 0.0000000000
91404  -41.961  29.754  37.385 0.0000000000
91972  -42.541  30.791  37.801 0.0000000000
91405  -42.836  29.019  37.495 0.0000000000
90855  -41.975  28.913  37.090 0.0000000000
90874  -39.606  28.359  34.260 0.0000000000
90863  -39.536  28.838  35.075 0.0000000000
89681  -42.135  26.559  33.296 0.0000000000
90263  -41.520  27.264  34.615 0.0000000000
89666  -42.441  26.669  34.109 0.0000000000
89650  -43.107  27.122  35.655 0.0000000000
89667  -44.120  26.213  34.339 0.0000000000
89120  -46.205  24.507  30.928 0.0000000000
89108  -46.383  24.475  32.342 0.0000000000
89121  -46.564  24.156  31.699 0.0000000000
87846  -46.522  23.834  31.481 0.0000000000
123592  -46.451  23.554  30.595 0.0000000000
87856  -45.630  23.029  29.988 0.0000000000
87863  -46.462  23.400  29.509 0.0000000000
88523  -45.741  24.214  26.089 0.0000000000
87294  -45.062  22.871  26.950 0.0000000000
87889  -44.720  23.298  25.826 0.0000000000
87888  -43.190  23.122  25.847 0.0000000000
87907  -44.230  23.893  24.927 0.0000000000
110834  -44.491  27.650  26.288 0.0000000000
89739  -45.020  27.138  25.108 0.0000000000
89742  -42.121  26.420  25.971 0.0000000000
89152  -42.797  25.428  25.343 0.0000000000
88536  -41.598  24.196  25.343 0.0000000000
88522  -40.267  24.796  26.199 0.0000000000
88535  -39.870  23.916  24.978 0.0000000000
88521  -39.418  24.683  26.245 0.0000000000
89144  -37.876  24.947  27.264 0.0000000000
88507  -37.137  24.898  27.288 0.0000000000
112954  -37.104  25.336  28.039 0.0000000000
92670  -43.174  31.306  30.133 0.0000000000
92028  -43.544  30.440  29.942 0.0000000000
92042  -41.787  31.060  29.576 0.0000000000
92041  -39.211  31.008  28.376 0.0000000000
92056  -40.332  30.758  27.738 0.0000000000
92073  -40.406  30.413  26.495 0.0000000000
92072  -39.279  30.531  26.543 0.0000000000
92694  -36.290  31.400  27.810 0.0000000000
92063  -36.383  30.875  27.083 0.0000000000
122406  -36.434  28.918  27.854 0.0000000000
90936  -36.941  29.603  26.984 0.0000000000
90937  -38.012  29.278  26.886 0.0000000000
90320  -38.073  28.132  27.699 0.0000000000
90313  -37.128  27.490  28.431 0.0000000000
89722  -35.428  26.384  29.270 0.0000000000
89132  -36.142  26.184  28.972 0.0000000000
89137  -35.391  25.253  28.496 0.0000000000
88469  -39.835  24.630  31.006 0.0000000000
88480  -40.480  23.831  30.553 0.0000000000
87852  -39.940  22.510  30.289 0.0000000000
98658  -43.020  42.833  24.386 0.0000000000
124189  -43.761  42.778  24.855 0.0000000000
124330  -41.893  41.939  26.200 0.0000000000
98230  -41.224  41.377  26.823 0.0000000000
97768  -41.814  40.765  27.341 0.0000000000
91959  -44.404  31.739  39.897 0.0000000000
91960  -44.809  31.315  39.329 0.0000000000
97733  -36.229  40.849  33.077 0.0000000000
113744  -40.901  33.709  32.545 0.0000000000
93861  -41.952  32.783  32.541 0.0000000000
92010  -40.758  30.553  32.270 0.0000000000
92019  -41.807  30.138  31.616 0.0000000000
91448  -41.676  29.549  31.083 0.0000000000
117005  -42.611  29.733  29.249 0.0000000000
116018  -43.092  30.044  29.540 0.0000000000
98641  -39.263  42.631  28.757 0.0000000000
98632  -39.968  42.275  29.509 0.0000000000
98633  -41.158  42.622  29.728 0.0000000000
118286  -41.641  42.375  30.567 0.0000000000
97762  -44.253  39.898  27.829 0.0000000000
98201  -43.590  40.882  29.791 0.0000000000
97755  -44.067  39.839  29.034 0.0000000000
97316  -43.964  39.329  30.100 0.0000000000
116971  -44.208  37.816  31.149 0.0000000000
96363  -44.177  37.231  31.471 0.0000000000
96364  -44.627  37.022  31.079 0.0000000000
120114  -45.080  35.479  30.980 0.0000000000
94535  -45.229  33.368  31.668 0.0000000000
94554  -44.231  33.154  31.170 0.0000000000
110316  -44.392  34.040  31.022 0.0000000000
95194  -42.849  34.832  30.398 0.0000000000
96375  -39.761  37.433  29.403 0.0000000000
112163  -36.354  26.441  34.477 0.0000000000
89636  -38.527  25.947  36.151 0.0000000000
126941  -39.240  25.674  36.130 0.0000000000
89036  -39.390  25.520  34.758 0.0000000000
89053  -39.881  25.358  34.106 0.0000000000
89037  -40.066  25.262  34.811 0.0000000000
89054  -40.645  25.068  34.381 0.0000000000
89055  -41.514  24.769  34.755 0.0000000000
97718  -32.383  41.201  34.942 0.0000000000
98610  -31.273  43.000  31.667 0.0000000000
98177  -31.028  42.238  31.898 0.0000000000
114938  -31.760  42.348  31.469 0.0000000000
98190  -32.514  42.034  30.997 0.0000000000
106840  -33.004  41.285  31.293 0.0000000000
99014  -34.069  44.137  30.295 0.0000000000
100298  -35.221  49.041  28.296 0.0000000000
100716  -35.652  48.543  31.031 0.0000000000
100289  -36.702  49.392  29.604 0.0000000000
122470  -36.932  48.166  28.874 0.0000000000
99879  -36.926  46.361  28.061 0.0000000000
99462  -36.879  45.017  27.886 0.0000000000
99474  -37.526  46.418  26.799 0.0000000000
98665  -37.469  42.378  24.580 0.0000000000
99095  -38.053  43.480  24.718 0.0000000000
99097  -40.291  44.632  22.802 0.0000000000
99517  -41.433  45.012  21.873 0.0000000000
99110  -41.145  44.174  21.074 0.0000000000
98686  -41.018  42.758  19.983 0.0000000000
97802  -40.826  41.918  19.929 0.0000000000
96924  -40.773  39.903  19.623 0.0000000000
96928  -40.551  39.504  19.435 0.0000000000
115268  -42.225  28.174  43.144 0.0000000000
90795  -43.227  27.567  44.044 0.0000000000
90205  -43.876  26.979  44.940 0.0000000000
89556  -44.106  26.136  44.651 0.0000000000
123734  -43.330  25.691  42.909 0.0000000000
89570  -44.429  25.274  41.968 0.0000000000
90230  -45.482  27.310  39.449 0.0000000000
89616  -46.105  25.700  39.651 0.0000000000
89615  -46.271  25.263  38.727 0.0000000000
89627  -46.348  25.044  37.892 0.0000000000
88412  -46.003  24.496  36.025 0.0000000000
88405  -46.276  24.812  36.591 0.0000000000
89041  -46.343  24.678  35.500 0.0000000000
89057  -46.360  24.633  34.364 0.0000000000
98168  -41.176  43.068  33.882 0.0000000000
98149  -40.602  44.042  35.311 0.0000000000
97725  -41.028  42.838  34.714 0.0000000000
97304  -40.446  40.292  35.256 0.0000000000
94500  -39.869  34.885  34.395 0.0000000000
93829  -40.174  34.405  35.087 0.0000000000
93820  -41.824  35.109  36.683 0.0000000000
93209  -41.614  33.311  36.932 0.0000000000
91971  -41.375  30.626  37.323 0.0000000000
91403  -40.897  29.839  36.941 0.0000000000
90277  -40.232  27.468  32.514 0.0000000000
90271  -40.284  27.493  33.349 0.0000000000
89680  -40.994  26.964  32.901 0.0000000000
89695  -41.856  26.490  32.457 0.0000000000
89696  -43.299  26.059  32.847 0.0000000000
89095  -44.688  25.560  32.508 0.0000000000
89106  -44.375  25.532  31.783 0.0000000000
121610  -46.429  24.224  29.956 0.0000000000
88509  -46.418  23.385  28.727 0.0000000000
89141  -45.494  24.627  26.752 0.0000000000
89149  -45.722  25.031  25.394 0.0000000000
90331  -44.616  28.562  25.001 0.0000000000
109786  -44.717  27.176  24.931 0.0000000000
90330  -43.590  27.606  25.052 0.0000000000
89738  -40.709  26.453  26.819 0.0000000000
116692  -40.168  25.739  26.986 0.0000000000
89737  -39.735  26.458  27.376 0.0000000000
89736  -38.922  26.387  27.782 0.0000000000
89730  -38.144  26.462  28.173 0.0000000000
106292  -40.933  31.729  30.181 0.0000000000
92680  -39.860  31.392  29.782 0.0000000000
121131  -39.203  31.134  29.392 0.0000000000
110940  -35.344  29.975  27.480 0.0000000000
126218  -35.992  28.405  28.510 0.0000000000
90930  -36.585  27.975  28.492 0.0000000000
90311  -35.938  27.618  28.953 0.0000000000
89721  -34.768  26.612  29.524 0.0000000000
110590  -33.876  25.585  29.410 0.0000000000
89118  -33.339  25.945  29.794 0.0000000000
89117  -32.652  25.894  29.976 0.0000000000
126591  -37.958  25.356  31.937 0.0000000000
99480  -42.594  44.570  26.737 0.0000000000
99053  -42.217  44.313  27.654 0.0000000000
99054  -43.223  44.006  27.216 0.0000000000
98646  -43.618  43.090  27.403 0.0000000000
98645  -43.875  42.007  27.672 0.0000000000
98242  -44.066  41.542  25.930 0.0000000000
98233  -44.152  40.976  26.369 0.0000000000
97771  -44.224  40.529  27.284 0.0000000000
97761  -44.086  39.789  27.300 0.0000000000
96879  -43.973  38.744  28.478 0.0000000000
113166  -43.746  38.054  28.910 0.0000000000
121726  -43.169  37.380  29.211 0.0000000000
96866  -42.666  37.993  28.957 0.0000000000
96877  -42.115  38.651  28.694 0.0000000000
126578  -40.981  38.608  28.894 0.0000000000
124606  -40.833  40.259  27.960 0.0000000000
96876  -40.103  38.844  28.881 0.0000000000
120121  -35.792  26.499  36.596 0.0000000000
125772  -36.538  26.450  36.871 0.0000000000
89635  -37.294  26.364  36.681 0.0000000000
122054  -38.162  26.216  36.845 0.0000000000
106208  -38.073  26.510  38.191 0.0000000000
89623  -38.518  26.342  37.655 0.0000000000
89637  -39.084  25.957  36.923 0.0000000000
89015  -39.982  25.793  37.317 0.0000000000
99488  -36.355  45.681  26.312 0.0000000000
108926  -37.055  41.736  24.456 0.0000000000
98261  -37.792  41.795  23.821 0.0000000000
98274  -38.143  41.246  22.775 0.0000000000
97800  -38.899  40.839  20.739 0.0000000000
97369  -38.991  40.421  19.781 0.0000000000
119618  -38.965  39.496  19.589 0.0000000000
90830  -44.966  28.817  39.972 0.0000000000
117889  -45.294  27.682  40.070 0.0000000000
90847  -45.251  28.139  38.963 0.0000000000
90240  -45.128  27.334  38.463 0.0000000000
96839  -38.452  38.759  35.618 0.0000000000
96851  -40.434  38.198  32.597 0.0000000000
95746  -40.170  36.329  32.720 0.0000000000
94506  -39.708  34.813  33.424 0.0000000000
114103  -39.993  34.092  32.904 0.0000000000
93844  -39.581  34.026  33.578 0.0000000000
93225  -39.382  32.869  34.241 0.0000000000
106980  -39.412  32.302  34.755 0.0000000000
92616  -39.439  31.559  35.317 0.0000000000
91986  -39.366  30.595  35.493 0.0000000000
91994  -39.127  30.713  34.777 0.0000000000
91424  -39.084  29.165  34.121 0.0000000000
90883  -39.364  28.559  33.443 0.0000000000
118264  -39.667  29.182  32.355 0.0000000000
90901  -39.824  28.651  32.062 0.0000000000
90289  -39.835  28.076  32.209 0.0000000000
90290  -40.389  27.563  31.683 0.0000000000
89706  -40.889  27.027  31.139 0.0000000000
114297  -41.930  26.354  29.974 0.0000000000
89723  -41.987  26.902  28.907 0.0000000000
89731  -42.906  27.267  27.850 0.0000000000
90316  -43.665  28.252  27.312 0.0000000000
90932  -43.191  29.108  28.013 0.0000000000
90933  -44.249  29.459  26.794 0.0000000000
90941  -44.516  29.652  25.179 0.0000000000
121723  -43.591  29.609  25.041 0.0000000000
92667  -36.982  31.649  30.042 0.0000000000
92055  -35.651  31.164  27.425 0.0000000000
111258  -35.025  30.718  27.450 0.0000000000
91474  -34.663  30.166  28.015 0.0000000000
125075  -34.343  29.529  28.665 0.0000000000
98195  -37.297  41.237  30.240 0.0000000000
97735  -37.791  41.146  32.268 0.0000000000
120423  -38.486  41.141  31.445 0.0000000000
98167  -40.561  42.792  33.220 0.0000000000
98213  -39.744  41.783  30.144 0.0000000000
98181  -40.901  42.076  32.027 0.0000000000
98643  -42.202  43.546  29.003 0.0000000000
98215  -42.159  42.698  30.235 0.0000000000
118763  -42.646  42.160  30.615 0.0000000000
98200  -43.101  41.428  30.668 0.0000000000
97746  -43.002  40.981  31.390 0.0000000000
115483  -42.598  41.556  31.962 0.0000000000
116918  -42.385  41.717  32.465 0.0000000000
97309  -42.115  40.713  32.552 0.0000000000
96852  -41.064  39.283  32.394 0.0000000000
96361  -41.165  38.255  32.035 0.0000000000
127130  -41.651  36.585  32.067 0.0000000000
95174  -42.347  35.730  32.170 0.0000000000
95751  -44.132  36.406  31.868 0.0000000000
95175  -43.970  35.519  32.222 0.0000000000
94519  -43.216  33.669  32.472 0.0000000000
107760  -44.059  32.383  32.457 0.0000000000
93250  -45.023  31.700  32.326 0.0000000000
92659  -45.236  31.256  31.599 0.0000000000
93259  -45.189  31.499  31.620 0.0000000000
106949  -44.241  31.934  30.851 0.0000000000
93271  -40.611  32.466  30.503 0.0000000000
125488  -39.207  32.609  30.543 0.0000000000
118178  -38.285  32.474  30.530 0.0000000000
125503  -42.708  36.967  29.374 0.0000000000
95208  -41.831  35.865  29.854 0.0000000000
95207  -40.877  35.969  29.896 0.0000000000
95766  -40.195  36.297  29.798 0.0000000000
95192  -40.347  35.699  30.040 0.0000000000
116132  -40.099  34.976  30.324 0.0000000000
107029  -36.662  26.458  35.323 0.0000000000
122657  -38.022  26.105  35.323 0.0000000000
108819  -37.088  26.333  34.073 0.0000000000
122693  -37.213  25.944  32.892 0.0000000000
89091  -37.320  25.424  32.217 0.0000000000
89092  -38.632  25.446  32.167 0.0000000000
89104  -40.078  25.069  31.726 0.0000000000
124019  -31.766  41.287  33.102 0.0000000000
98144  -32.589  41.290  34.210 0.0000000000
97719  -32.975  41.092  34.435 0.0000000000
97300  -33.801  40.514  33.738 0.0000000000
98179  -33.774  41.119  30.939 0.0000000000
97741  -34.399  40.800  31.466 0.0000000000
110678  -34.975  40.625  31.927 0.0000000000
97742  -35.663  40.634  31.876 0.0000000000
97750  -36.033  40.843  30.890 0.0000000000
98194  -36.492  41.242  30.115 0.0000000000
110953  -32.579  45.656  31.723 0.0000000000
122444  -33.211  45.544  31.576 0.0000000000
99440  -33.613  44.904  30.982 0.0000000000
99866  -35.380  46.314  30.553 0.0000000000
99023  -34.771  43.917  29.642 0.0000000000
98210  -36.136  41.793  29.531 0.0000000000
98211  -37.016  41.699  29.549 0.0000000000
98640  -38.276  42.632  28.616 0.0000000000
99036  -37.377  43.651  28.046 0.0000000000
99038  -38.827  43.220  28.097 0.0000000000
99051  -39.514  43.808  27.596 0.0000000000
99478  -40.365  44.458  27.033 0.0000000000
99489  -37.433  46.102  25.940 0.0000000000
99490  -38.059  46.102  25.872 0.0000000000
99084  -38.617  44.920  24.856 0.0000000000
99491  -38.729  45.792  25.485 0.0000000000
118938  -39.061  45.756  25.751 0.0000000000
99492  -39.807  45.543  25.909 0.0000000000
99493  -40.805  45.256  26.152 0.0000000000
99494  -41.880  45.177  26.086 0.0000000000
99503  -42.617  44.904  24.496 0.0000000000
120240  -42.851  44.057  23.285 0.0000000000
99518  -42.038  45.043  21.763 0.0000000000
99100  -42.436  44.676  22.339 0.0000000000
98668  -42.656  43.524  23.310 0.0000000000
97360  -40.064  39.754  21.786 0.0000000000
97384  -40.231  39.960  19.114 0.0000000000
96941  -40.422  39.207  19.457 0.0000000000
96437  -40.546  38.394  20.071 0.0000000000
89595  -40.147  26.605  39.537 0.0000000000
89612  -40.568  26.371  38.861 0.0000000000
89005  -40.995  25.857  38.244 0.0000000000
118882  -41.452  25.401  37.585 0.0000000000
89571  -45.187  25.353  42.309 0.0000000000
88984  -45.419  25.091  41.803 0.0000000000
89579  -44.892  24.890  40.945 0.0000000000
89598  -46.231  24.832  40.242 0.0000000000
88998  -45.417  24.626  39.930 0.0000000000
108578  -43.255  25.058  38.237 0.0000000000
89017  -42.609  25.038  37.567 0.0000000000
89028  -42.013  24.934  36.884 0.0000000000
88415  -42.667  24.494  35.134 0.0000000000
88428  -42.649  24.493  34.289 0.0000000000
88429  -44.107  24.163  34.650 0.0000000000
88472  -43.864  23.757  31.808 0.0000000000
93804  -40.604  33.570  38.585 0.0000000000
115327  -41.565  33.584  39.907 0.0000000000
93181  -42.188  33.576  40.404 0.0000000000
98165  -37.902  42.224  33.735 0.0000000000
97712  -39.111  42.841  36.522 0.0000000000
98575  -40.170  44.421  36.318 0.0000000000
98118  -39.830  43.637  36.856 0.0000000000
96332  -40.696  38.204  37.425 0.0000000000
117171  -40.090  38.252  33.377 0.0000000000
96342  -40.313  38.406  34.754 0.0000000000
96343  -40.922  38.183  36.048 0.0000000000
96833  -41.056  38.769  36.662 0.0000000000
124117  -41.404  38.276  37.302 0.0000000000
95132  -41.286  37.448  37.689 0.0000000000
95123  -42.195  36.726  38.188 0.0000000000
94483  -42.616  36.014  37.656 0.0000000000
95124  -42.530  36.548  38.152 0.0000000000
95111  -42.308  36.309  38.424 0.0000000000
94471  -42.323  35.428  38.998 0.0000000000
93800  -42.914  34.258  40.237 0.0000000000
93788  -42.942  33.911  40.475 0.0000000000
93183  -43.711  33.618  40.126 0.0000000000
126137  -44.473  32.105  39.569 0.0000000000
92580  -44.632  31.843  39.051 0.0000000000
92591  -43.016  31.747  38.200 0.0000000000
91966  -44.031  31.149  38.477 0.0000000000
91393  -44.727  30.055  38.641 0.0000000000
91406  -43.876  29.173  38.045 0.0000000000
90857  -43.736  28.237  37.645 0.0000000000
90244  -43.751  27.561  37.079 0.0000000000
91416  -39.467  29.720  35.588 0.0000000000
91417  -40.041  29.047  35.893 0.0000000000
90859  -40.693  28.632  36.054 0.0000000000
90262  -40.402  27.689  34.265 0.0000000000
90254  -40.827  27.796  35.118 0.0000000000
90860  -41.482  28.563  36.490 0.0000000000
90249  -42.166  27.795  36.142 0.0000000000
90250  -43.396  27.405  36.411 0.0000000000
89638  -44.714  26.505  35.957 0.0000000000
89668  -46.048  25.340  34.584 0.0000000000
89076  -46.034  24.541  33.579 0.0000000000
89075  -45.254  25.457  33.174 0.0000000000
89096  -46.166  24.884  32.725 0.0000000000
88462  -46.254  24.308  32.734 0.0000000000
88473  -45.809  23.720  32.116 0.0000000000
87855  -44.118  23.053  30.335 0.0000000000
87861  -44.067  22.617  29.565 0.0000000000
87276  -43.145  22.347  28.273 0.0000000000
87871  -45.766  22.962  27.790 0.0000000000
87277  -44.593  22.530  28.013 0.0000000000
87292  -42.443  22.542  27.318 0.0000000000
119417  -41.782  22.879  26.276 0.0000000000
87887  -40.991  23.133  25.532 0.0000000000
89140  -45.423  25.763  25.659 0.0000000000
88539  -45.701  24.753  25.010 0.0000000000
89744  -44.883  26.309  24.821 0.0000000000
89153  -44.506  25.492  24.656 0.0000000000
88538  -45.105  24.697  24.660 0.0000000000
87906  -40.586  23.589  25.073 0.0000000000
87905  -39.686  23.684  24.944 0.0000000000
88534  -39.413  23.906  24.705 0.0000000000
110295  -38.747  23.821  24.510 0.0000000000
89146  -39.431  25.522  27.196 0.0000000000
116567  -38.164  24.374  25.341 0.0000000000
92043  -42.801  30.168  28.463 0.0000000000
126504  -41.544  30.482  28.544 0.0000000000
92057  -41.867  30.487  27.549 0.0000000000
92074  -41.870  30.298  26.217 0.0000000000
91488  -41.164  30.025  26.084 0.0000000000
90946  -40.401  29.394  26.179 0.0000000000
92678  -37.269  31.363  29.177 0.0000000000
91481  -36.602  30.339  26.709 0.0000000000
92065  -38.434  30.736  26.677 0.0000000000
91486  -38.602  30.087  26.334 0.0000000000
90945  -39.138  29.378  26.498 0.0000000000
90321  -38.485  27.349  27.878 0.0000000000
89729  -37.360  26.663  28.491 0.0000000000
90312  -36.589  26.957  28.839 0.0000000000
89728  -36.853  25.949  28.589 0.0000000000
89138  -36.310  25.402  28.348 0.0000000000
87261  -43.977  22.400  28.852 0.0000000000
87872  -46.324  23.103  28.577 0.0000000000
87890  -45.654  23.448  26.464 0.0000000000
88461  -45.957  23.928  32.819 0.0000000000
88495  -46.527  23.697  29.330 0.0000000000
88508  -46.058  23.706  27.967 0.0000000000
89009  -46.308  24.961  38.539 0.0000000000
89040  -46.456  24.626  34.852 0.0000000000
89649  -42.769  26.837  34.896 0.0000000000
90216  -45.280  25.878  42.147 0.0000000000
90270  -39.751  27.985  33.654 0.0000000000
90325  -44.625  29.302  25.091 0.0000000000
90865  -41.165  28.083  35.807 0.0000000000
90875  -40.092  28.178  34.868 0.0000000000
90889  -39.485  28.612  32.689 0.0000000000
90940  -44.561  29.599  25.688 0.0000000000
90949  -44.399  29.413  24.949 0.0000000000
91412  -40.113  29.770  36.358 0.0000000000
91413  -40.705  29.170  36.462 0.0000000000
91423  -39.056  29.938  33.593 0.0000000000
91490  -44.008  29.950  25.110 0.0000000000
91979  -39.757  30.441  36.155 0.0000000000
92012  -44.685  30.721  31.870 0.0000000000
92021  -44.931  30.746  31.920 0.0000000000
92030  -45.167  30.997  31.712 0.0000000000
92066  -39.783  30.815  26.804 0.0000000000
92075  -43.316  30.207  25.816 0.0000000000
92600  -41.037  31.309  37.182 0.0000000000
92651  -45.095  30.910  31.871 0.0000000000
92652  -45.314  31.264  31.800 0.0000000000
93182  -43.323  34.263  40.107 0.0000000000
93257  -43.040  32.950  30.890 0.0000000000
93805  -41.505  34.029  39.190 0.0000000000
93837  -39.596  33.763  34.382 0.0000000000
93863  -45.308  32.728  32.161 0.0000000000
94460  -42.954  34.917  39.588 0.0000000000
94477  -41.507  36.404  38.198 0.0000000000
94479  -42.857  36.051  38.155 0.0000000000
94522  -45.397  33.178  32.062 0.0000000000
94555  -45.174  34.265  31.642 0.0000000000
95151  -40.608  36.423  35.356 0.0000000000
95161  -39.851  35.573  33.096 0.0000000000
95164  -43.445  34.551  32.388 0.0000000000
95195  -44.841  34.924  30.865 0.0000000000
95752  -44.721  36.152  31.466 0.0000000000
95753  -44.970  36.157  31.008 0.0000000000
95786  -42.304  36.541  29.546 0.0000000000
96366  -44.658  36.999  30.536 0.0000000000
96853  -42.166  39.598  32.008 0.0000000000
96861  -44.445  37.629  30.017 0.0000000000
97319  -44.157  38.807  28.960 0.0000000000
97327  -43.999  39.234  27.725 0.0000000000
97361  -40.968  41.351  19.939 0.0000000000
97370  -40.313  40.694  19.184 0.0000000000
97371  -40.550  41.122  19.506 0.0000000000
97382  -36.884  39.114  20.218 0.0000000000
97383  -38.092  39.533  20.046 0.0000000000
97749  -35.143  40.844  30.916 0.0000000000
97752  -37.568  40.980  31.130 0.0000000000
97792  -37.783  40.525  22.309 0.0000000000
98119  -40.077  43.513  36.907 0.0000000000
98146  -37.838  42.524  34.551 0.0000000000
98183  -42.590  41.849  31.401 0.0000000000
98193  -35.658  41.289  30.130 0.0000000000
98196  -38.033  41.222  30.548 0.0000000000
98217  -43.924  40.751  28.726 0.0000000000
98276  -41.459  42.299  20.734 0.0000000000
98574  -39.904  44.305  36.617 0.0000000000
98584  -39.944  44.726  36.248 0.0000000000
98593  -40.172  44.676  35.785 0.0000000000
98628  -36.210  43.125  28.732 0.0000000000
98638  -36.832  43.099  28.493 0.0000000000
98642  -41.312  43.295  28.966 0.0000000000
98644  -43.110  43.193  28.647 0.0000000000
98677  -40.600  43.236  20.994 0.0000000000
99055  -43.904  43.130  26.218 0.0000000000
99068  -36.442  44.814  25.927 0.0000000000
99069  -43.747  43.411  25.293 0.0000000000
99070  -44.067  42.315  25.268 0.0000000000
99099  -42.613  43.976  22.623 0.0000000000
99109  -40.113  43.749  22.225 0.0000000000
99112  -42.301  44.431  21.643 0.0000000000
99120  -41.357  43.087  20.351 0.0000000000
99479  -41.505  44.640  26.956 0.0000000000
99502  -41.961  45.455  25.050 0.0000000000
99509  -42.564  44.763  23.463 0.0000000000
99865  -34.687  46.586  31.386 0.0000000000
99899  -36.978  46.963  26.475 0.0000000000
99906  -41.099  45.884  24.514 0.0000000000
99909  -41.291  45.796  23.575 0.0000000000
100279  -34.784  47.556  31.491 0.0000000000
100280  -35.379  47.640  31.362 0.0000000000
100288  -36.323  48.684  30.628 0.0000000000
100319  -37.117  47.805  26.931 0.0000000000
100724  -36.309  49.395  30.240 0.0000000000
100730  -36.769  49.800  28.170 0.0000000000
100740  -36.429  49.492  27.722 0.0000000000
100741  -36.877  49.386  27.721 0.0000000000
101140  -36.207  49.751  29.583 0.0000000000
101141  -36.662  49.866  29.087 0.0000000000
106954  -46.368  24.774  39.743 0.0000000000
110391  -38.975  30.012  34.414 0.0000000000
110564  -41.031  38.787  37.293 0.0000000000
110644  -41.436  34.223  32.426 0.0000000000
110757  -37.423  46.492  26.273 0.0000000000
111963  -39.571  29.887  32.716 0.0000000000
112341  -35.745  42.496  29.212 0.0000000000
114081  -40.179  36.872  29.590 0.0000000000
114705  -45.103  35.168  31.580 0.0000000000
114924  -35.760  40.511  33.372 0.0000000000
115737  -43.100  35.461  38.490 0.0000000000
118858  -43.883  35.193  30.329 0.0000000000
122285  -45.211  32.607  31.729 0.0000000000
123972  -45.809  25.107  32.311 0.0000000000
125140  -42.611  36.287  38.319 0.0000000000
125439  -39.129  30.887  26.776 0.0000000000
125517  -43.345  33.873  40.364 0.0000000000
126002  -46.412  24.479  34.901 0.0000000000
126190  -39.086  30.086  35.040 0.0000000000
127223  -40.023  30.935  36.420 0.0000000000
127403  -41.592  38.907  31.971 0.0000000000
