#!ascii label  , from subject sub-v1s5x0050746_ses-1 vox2ras=TkReg
1526
27759  -28.133  -46.764  5.943 0.5000000000
26862  -27.481  -47.328  5.296 0.6000000238
27773  -27.385  -46.558  5.189 0.6000000238
113221  -28.529  -45.118  6.256 0.6000000238
28639  -27.919  -45.891  5.724 0.5000000000
119690  -28.344  -44.317  6.076 0.6000000238
27785  -26.896  -47.139  4.661 0.6999999881
26873  -26.997  -47.897  4.783 0.6999999881
28638  -27.180  -45.828  5.083 0.6999999881
29509  -27.677  -45.034  5.625 0.6999999881
30346  -28.888  -43.589  6.131 0.5000000000
30345  -27.945  -43.626  5.750 0.6999999881
30347  -29.746  -43.677  6.252 0.5000000000
117961  -21.631  -58.313  10.402 0.5000000000
26872  -26.310  -47.716  4.213 0.6999999881
27772  -26.742  -46.438  4.627 0.6999999881
112591  -26.127  -46.333  4.268 0.6999999881
111998  -26.812  -45.124  5.030 0.6999999881
28637  -26.466  -45.808  4.585 0.6999999881
29529  -25.967  -45.145  4.507 0.6999999881
31165  -28.611  -42.521  5.140 0.6000000238
24074  -22.402  -50.961  4.892 0.6999999881
24073  -22.495  -50.273  4.524 0.6999999881
25935  -25.563  -48.348  3.732 0.6999999881
26880  -24.609  -48.059  3.369 0.6999999881
107434  -21.566  -58.223  11.313 0.6000000238
16325  -20.922  -60.376  10.602 0.4000000060
27784  -26.198  -46.945  4.198 0.6999999881
29518  -27.239  -44.325  5.454 0.6999999881
31164  -27.716  -42.595  5.306 0.6999999881
30355  -25.871  -43.281  4.943 0.6999999881
31984  -28.412  -42.059  3.877 0.6000000238
23236  -24.165  -51.058  6.295 0.6999999881
23235  -22.977  -51.369  5.651 0.6999999881
24078  -22.628  -50.298  3.961 0.6999999881
107783  -22.681  -50.175  5.001 0.6999999881
24066  -23.632  -50.530  5.714 0.6999999881
111849  -22.777  -55.842  11.075 0.6000000238
24990  -22.567  -49.632  4.159 0.6999999881
26879  -23.543  -47.834  3.322 0.6999999881
24994  -22.705  -49.006  3.712 0.6999999881
24984  -22.599  -49.449  4.745 0.6999999881
24985  -23.672  -49.676  5.485 0.6999999881
17828  -20.643  -58.590  12.043 0.5000000000
17843  -21.127  -58.788  11.584 0.5000000000
116759  -25.109  -45.267  4.165 0.6999999881
27783  -25.280  -46.576  3.781 0.6999999881
127263  -23.198  -49.203  5.209 0.6999999881
17080  -20.261  -59.752  11.650 0.4000000060
29517  -26.219  -44.244  4.965 0.6999999881
27792  -24.364  -47.246  3.355 0.6999999881
114493  -22.344  -48.616  4.291 0.6999999881
25928  -22.823  -48.594  5.040 0.6999999881
16305  -19.799  -60.292  11.342 0.4000000060
28649  -24.589  -45.773  3.735 0.6999999881
25927  -22.390  -47.968  4.686 0.6999999881
26860  -22.865  -47.719  5.174 0.6999999881
30356  -26.933  -43.387  5.379 0.6999999881
29528  -24.924  -44.419  4.348 0.6999999881
27780  -21.600  -46.051  3.952 0.6999999881
27781  -21.858  -46.702  4.290 0.6999999881
28658  -21.942  -45.865  3.610 0.6999999881
31983  -27.440  -41.571  3.009 0.6000000238
31163  -26.524  -42.492  4.969 0.6999999881
31162  -25.649  -42.700  4.716 0.6999999881
106117  -27.829  -40.370  2.911 0.5000000000
32863  -27.980  -41.074  1.827 0.5000000000
32847  -30.941  -40.143  3.535 0.4000000060
32865  -30.421  -40.293  2.243 0.5000000000
24067  -24.791  -50.504  6.542 0.6999999881
19384  -22.405  -55.733  11.801 0.6000000238
25940  -22.597  -48.045  3.665 0.6999999881
17829  -21.237  -58.048  11.931 0.5000000000
25929  -24.115  -48.908  5.524 0.6999999881
115828  -23.905  -44.998  3.805 0.6999999881
28659  -22.746  -46.309  3.381 0.6999999881
127864  -25.416  -43.807  4.667 0.6999999881
121555  -22.422  -44.841  3.689 0.6999999881
32000  -26.452  -41.053  2.865 0.6999999881
31179  -27.118  -41.939  4.364 0.6999999881
32001  -26.918  -41.065  2.580 0.6999999881
31982  -26.862  -41.310  2.996 0.6999999881
112065  -27.259  -40.974  2.237 0.6999999881
22421  -24.866  -52.850  10.225 0.6999999881
22422  -25.314  -52.334  9.722 0.6999999881
23193  -25.755  -51.747  9.245 0.8000000119
23209  -26.157  -51.126  8.800 0.8000000119
21651  -24.497  -53.282  10.708 0.6000000238
22414  -24.838  -52.757  11.087 0.6000000238
23181  -25.853  -51.794  10.290 0.6000000238
24036  -25.766  -50.795  7.892 0.8000000119
21643  -24.169  -53.303  11.420 0.6000000238
21637  -23.438  -53.666  11.964 0.6000000238
24967  -25.461  -49.854  6.783 0.6999999881
20148  -23.024  -55.134  11.405 0.6000000238
20926  -23.262  -54.436  11.642 0.6000000238
19383  -21.822  -56.575  11.989 0.6000000238
20139  -22.173  -55.143  12.281 0.6000000238
24979  -24.913  -49.330  6.065 0.6999999881
18588  -21.283  -57.276  12.182 0.5000000000
19382  -21.196  -56.467  12.362 0.6000000238
24980  -25.761  -49.035  6.697 0.6999999881
115033  -24.079  -48.069  5.495 0.6999999881
28648  -23.020  -45.593  3.435 0.6999999881
26859  -22.226  -47.261  4.796 0.6999999881
120606  -25.479  -41.426  3.685 0.8000000119
31178  -26.189  -41.756  4.151 0.6999999881
29527  -22.952  -44.200  3.855 0.6999999881
27769  -21.952  -46.456  5.061 0.6999999881
119383  -25.757  -41.052  3.168 0.8000000119
112279  -24.264  -43.268  4.296 0.6999999881
33701  -28.643  -40.193  2.720 0.5000000000
33687  -30.288  -39.755  3.969 0.5000000000
33688  -31.318  -39.700  4.627 0.4000000060
22415  -25.353  -52.277  10.719 0.6000000238
23194  -26.352  -51.282  9.835 0.6999999881
111806  -26.729  -50.651  9.357 0.8999999762
24037  -26.433  -50.422  8.406 0.8000000119
125257  -26.716  -49.061  7.779 0.8000000119
20917  -22.406  -54.374  12.314 0.6000000238
24968  -26.199  -49.429  7.344 0.8000000119
118029  -20.536  -57.058  12.380 0.6000000238
20138  -21.746  -55.837  12.284 0.6000000238
20916  -21.575  -54.393  12.417 0.6000000238
25920  -25.995  -48.364  6.723 0.6999999881
17827  -19.958  -58.443  12.233 0.5000000000
115664  -25.032  -47.452  5.856 0.6999999881
117744  -25.834  -47.676  6.515 0.6999999881
17842  -19.301  -59.005  11.937 0.5000000000
18586  -19.833  -57.644  12.290 0.5000000000
26861  -23.892  -47.192  5.524 0.6999999881
31999  -24.692  -41.239  3.494 0.8000000119
31177  -25.232  -42.229  4.355 0.8000000119
29526  -21.464  -44.420  4.261 0.6999999881
27768  -21.395  -45.855  4.480 0.6999999881
120389  -23.974  -42.411  4.055 0.6999999881
33702  -29.527  -40.079  2.586 0.5000000000
22407  -25.184  -52.093  11.343 0.6999999881
23173  -26.114  -51.084  11.315 0.6999999881
111010  -25.772  -51.694  11.048 0.6999999881
24018  -26.789  -50.704  10.349 0.8000000119
24019  -27.270  -50.130  9.948 0.8000000119
22406  -24.542  -52.471  11.665 0.6999999881
24002  -26.670  -50.625  11.068 0.8000000119
24938  -27.611  -49.430  9.542 0.8000000119
22405  -23.837  -52.778  12.067 0.6000000238
24952  -26.652  -49.711  8.048 0.8000000119
21636  -22.706  -53.670  12.326 0.6000000238
20137  -20.997  -55.626  12.447 0.6000000238
20915  -20.882  -54.770  12.364 0.6000000238
25910  -26.471  -47.901  7.165 0.8000000119
115282  -19.623  -56.738  12.141 0.6000000238
26841  -26.354  -47.067  6.969 0.8000000119
18602  -19.146  -58.228  12.018 0.4000000060
114617  -22.742  -46.999  5.258 0.6999999881
26849  -25.648  -46.853  6.393 0.6999999881
17095  -17.146  -59.648  10.846 0.4000000060
28636  -23.018  -45.328  5.818 0.6999999881
110796  -24.725  -46.583  5.930 0.6999999881
31980  -24.508  -41.822  3.926 0.8000000119
31176  -22.626  -42.817  4.073 0.8000000119
28635  -21.761  -45.410  5.176 0.6999999881
29515  -21.385  -44.409  4.858 0.6999999881
117861  -26.549  -39.841  3.465 0.8000000119
119176  -26.986  -40.530  3.062 0.6999999881
33700  -27.694  -39.558  3.611 0.5000000000
34473  -31.005  -38.998  4.970 0.5000000000
33686  -29.335  -39.527  3.747 0.5000000000
33676  -32.799  -39.659  5.469 0.4000000060
23987  -25.734  -50.793  11.852 0.6000000238
23988  -26.370  -50.412  11.588 0.6999999881
24003  -27.189  -50.106  10.799 0.8000000119
24923  -27.624  -49.491  10.483 0.8000000119
22395  -24.193  -52.006  12.189 0.6999999881
110933  -23.077  -52.930  12.379 0.6999999881
25884  -27.945  -48.726  9.228 0.8000000119
113739  -22.282  -52.995  12.431 0.6000000238
21634  -21.269  -53.554  12.322 0.6000000238
115145  -27.622  -47.746  8.274 0.8000000119
24969  -27.058  -48.320  7.835 0.8000000119
20136  -20.213  -55.202  12.178 0.6000000238
125722  -26.148  -46.361  6.789 0.8999999762
26842  -27.084  -47.260  7.637 0.8000000119
27757  -25.471  -46.018  6.401 0.8000000119
114956  -18.957  -57.352  11.843 0.5000000000
29506  -23.689  -44.127  6.117 0.8000000119
27771  -24.382  -45.690  6.070 0.6999999881
18601  -18.277  -57.926  11.638 0.4000000060
32861  -24.988  -40.675  3.314 0.8000000119
31979  -23.255  -42.029  3.888 0.8000000119
107947  -21.248  -43.686  4.759 0.8000000119
29516  -22.317  -44.482  5.628 0.6999999881
32862  -26.017  -40.469  3.214 0.8000000119
30363  -21.924  -43.559  4.086 0.8000000119
31175  -22.019  -42.394  4.323 0.8000000119
33699  -25.980  -39.598  3.551 0.8000000119
31978  -22.621  -41.758  3.981 0.8000000119
34470  -28.303  -38.694  4.080 0.6000000238
34472  -30.091  -38.858  4.469 0.5000000000
23972  -25.163  -50.370  12.275 0.6000000238
115036  -27.434  -49.441  11.144 0.6999999881
22394  -23.423  -52.131  12.391 0.6000000238
127169  -27.550  -48.972  11.351 0.6999999881
24924  -28.082  -48.889  10.102 0.6999999881
22393  -22.562  -52.154  12.434 0.6000000238
23971  -24.452  -50.774  12.354 0.6000000238
23161  -22.508  -51.333  12.328 0.6000000238
25902  -28.238  -47.980  8.970 0.8000000119
21642  -20.615  -53.402  11.996 0.6000000238
22392  -21.722  -52.439  12.294 0.6000000238
25885  -28.348  -48.318  9.719 0.6999999881
20923  -19.523  -54.718  11.536 0.5000000000
26834  -27.774  -47.065  8.261 0.8000000119
20147  -19.357  -55.719  11.730 0.3000000119
29502  -26.722  -44.753  7.371 0.8000000119
27758  -26.748  -46.361  7.299 0.8000000119
28624  -25.275  -45.146  6.423 0.8000000119
28615  -26.258  -45.532  6.934 0.8000000119
113035  -23.387  -43.057  5.960 0.8000000119
31998  -23.520  -41.340  3.651 0.8000000119
30354  -21.523  -43.696  5.199 0.8000000119
30342  -22.830  -43.650  5.759 0.8000000119
28623  -24.004  -44.838  6.126 0.6999999881
30353  -21.462  -43.075  4.956 0.8000000119
31161  -21.801  -42.250  4.836 0.8000000119
124500  -27.068  -39.529  3.629 0.6999999881
121928  -28.975  -38.041  4.381 0.6000000238
35197  -32.989  -38.124  5.441 0.3000000119
23973  -25.904  -50.054  12.121 0.6000000238
24900  -26.564  -49.698  11.880 0.6999999881
25852  -27.675  -48.441  11.587 0.6999999881
25853  -28.229  -47.982  11.207 0.6999999881
23192  -19.377  -51.511  8.842 0.5000000000
113139  -23.073  -51.578  12.448 0.6000000238
23970  -23.718  -50.500  12.376 0.6000000238
25873  -28.379  -48.201  10.477 0.6999999881
21641  -20.028  -53.372  11.424 0.5000000000
23169  -21.801  -51.645  12.166 0.5000000000
109769  -23.108  -50.971  12.403 0.6000000238
119825  -28.975  -46.816  9.688 0.6999999881
20932  -19.062  -54.226  10.710 0.3000000119
20924  -20.226  -54.196  11.963 0.5000000000
26835  -28.453  -47.143  8.948 0.8000000119
29499  -28.304  -44.995  8.411 0.8000000119
27739  -28.141  -46.412  8.439 0.8000000119
29508  -25.947  -44.577  6.859 0.8999999762
28616  -27.099  -45.587  7.555 0.8000000119
28612  -27.835  -45.667  8.099 0.8000000119
19390  -18.751  -56.476  11.489 0.4000000060
30343  -24.408  -43.448  6.399 0.8999999762
29507  -24.951  -44.307  6.432 0.8999999762
118517  -26.387  -44.066  7.235 0.8999999762
111980  -23.968  -39.106  3.500 0.8000000119
119457  -24.106  -40.848  3.396 0.8000000119
30341  -22.169  -43.091  5.456 0.8000000119
33698  -25.068  -39.858  3.404 0.8000000119
34483  -26.533  -38.898  3.861 0.6999999881
35207  -30.799  -37.693  4.785 0.6000000238
34458  -31.299  -38.177  5.149 0.6000000238
24878  -25.293  -49.521  12.350 0.6000000238
24879  -26.064  -49.280  12.273 0.6000000238
25828  -27.098  -48.496  12.102 0.6999999881
113390  -24.406  -49.831  12.358 0.6000000238
26789  -28.041  -47.743  11.691 0.6999999881
23969  -22.972  -50.271  12.206 0.6000000238
26790  -28.504  -47.185  11.495 0.8000000119
122451  -20.625  -51.626  11.066 0.6000000238
23984  -21.295  -51.191  11.534 0.5000000000
26806  -28.674  -47.472  10.768 0.6999999881
27732  -29.158  -46.219  9.625 0.8000000119
21649  -19.422  -53.354  10.560 0.4000000060
27740  -28.754  -46.394  9.097 0.6999999881
28613  -28.535  -45.774  8.684 0.8000000119
30337  -26.374  -43.355  7.343 0.8000000119
115290  -24.452  -42.475  6.432 0.8999999762
30344  -25.666  -43.751  6.863 0.8000000119
29503  -27.520  -44.824  7.835 0.8000000119
31996  -22.347  -41.098  4.232 0.8000000119
31967  -22.253  -41.463  5.079 0.8000000119
33697  -23.801  -40.091  3.448 0.8000000119
127262  -22.872  -41.885  5.512 0.8000000119
31152  -22.010  -42.402  5.194 0.8000000119
118722  -25.955  -38.036  4.009 0.8000000119
33696  -22.611  -40.001  3.737 0.8000000119
35205  -27.995  -37.822  4.138 0.6999999881
127877  -29.535  -37.501  4.331 0.6999999881
36067  -30.512  -36.497  3.692 0.6000000238
36068  -31.524  -36.312  3.843 0.6000000238
36069  -32.488  -36.186  3.999 0.6000000238
25825  -24.698  -48.845  12.282 0.6000000238
110528  -27.491  -47.295  12.310 0.8000000119
26767  -27.574  -47.842  12.054 0.6999999881
24920  -20.962  -49.284  9.471 0.5000000000
23986  -22.256  -50.233  11.809 0.5000000000
27722  -28.982  -46.767  10.951 0.8000000119
26807  -29.005  -47.021  10.332 0.6999999881
24000  -20.869  -50.540  10.496 0.5000000000
27705  -28.889  -46.402  11.537 0.8000000119
27723  -29.251  -46.158  11.057 0.8000000119
23180  -20.131  -51.300  9.829 0.5000000000
27733  -29.280  -46.328  10.314 0.8000000119
28610  -29.390  -45.573  9.785 0.8000000119
29496  -29.321  -44.801  9.459 0.8000000119
28609  -28.980  -45.248  9.024 0.8000000119
30338  -27.096  -43.937  7.628 0.8000000119
30336  -25.527  -42.900  6.932 0.8000000119
111496  -27.945  -44.018  8.208 0.8000000119
33683  -22.324  -39.893  4.242 0.8000000119
31957  -23.902  -41.773  6.006 0.8000000119
31968  -23.355  -41.168  5.550 0.8999999762
116592  -24.601  -38.073  3.672 0.8000000119
34480  -22.777  -39.193  3.684 0.8000000119
34468  -26.961  -38.001  4.128 0.6999999881
35222  -26.446  -37.521  3.860 0.6999999881
36050  -29.633  -36.859  3.930 0.6999999881
35223  -27.222  -37.290  3.844 0.6999999881
35224  -28.069  -36.944  3.720 0.6999999881
35225  -28.917  -36.553  3.374 0.6999999881
119085  -29.765  -36.410  3.286 0.6999999881
27686  -26.073  -46.937  12.450 0.8000000119
26766  -25.774  -47.798  12.391 0.6000000238
27687  -27.020  -46.845  12.511 0.8000000119
27720  -21.323  -46.600  10.006 0.6000000238
26803  -21.831  -47.140  9.638 0.5000000000
25824  -23.920  -48.963  12.088 0.6000000238
25851  -24.149  -48.076  11.831 0.6000000238
27689  -28.448  -46.644  11.995 0.8000000119
26784  -20.828  -46.901  10.767 0.6000000238
27701  -22.515  -46.159  10.612 0.6000000238
25871  -22.422  -47.701  10.257 0.5000000000
25849  -22.853  -48.436  11.117 0.5000000000
115806  -19.681  -45.349  12.886 0.5000000000
28566  -20.356  -45.932  12.671 0.5000000000
27685  -21.391  -46.020  12.098 0.6000000238
27700  -21.863  -46.219  10.650 0.6000000238
24921  -21.591  -48.941  10.118 0.5000000000
26785  -23.062  -47.519  10.771 0.5000000000
28591  -29.234  -45.625  11.597 0.8000000119
28604  -29.492  -45.559  10.731 0.8000000119
29461  -20.326  -44.973  12.830 0.5000000000
24897  -21.910  -49.592  11.091 0.5000000000
119106  -18.875  -45.230  12.904 0.4000000060
23985  -21.571  -50.386  11.324 0.5000000000
29497  -29.666  -44.792  10.189 0.6999999881
30334  -27.784  -43.056  8.219 0.8000000119
29500  -28.822  -44.414  8.848 0.8000000119
30331  -29.425  -43.931  9.522 0.6999999881
31141  -25.620  -42.025  6.927 0.8000000119
30330  -28.640  -43.486  8.736 0.8000000119
121253  -27.468  -43.505  7.935 0.8000000119
114524  -27.318  -42.405  7.863 0.8000000119
34481  -22.969  -38.216  3.567 0.8999999762
122510  -22.382  -39.273  4.028 0.8999999762
107255  -23.098  -39.809  5.204 0.8000000119
31958  -24.946  -41.510  6.505 0.8000000119
33671  -22.572  -39.814  4.693 1.0000000000
32832  -23.762  -40.331  5.562 0.8000000119
36064  -26.377  -36.935  3.538 0.6999999881
27704  -25.377  -46.046  12.100 0.8000000119
111112  -26.464  -46.131  12.497 0.8000000119
119284  -27.429  -46.137  12.559 0.8000000119
28587  -22.247  -45.749  11.493 0.6000000238
27703  -24.591  -46.319  11.633 0.6000000238
26788  -25.145  -47.003  12.072 0.6000000238
27688  -27.846  -46.748  12.357 0.8000000119
28573  -27.918  -45.452  12.687 0.8000000119
28567  -21.095  -45.319  12.641 0.5000000000
26787  -24.249  -47.032  11.487 0.6000000238
119702  -28.268  -46.099  12.364 0.8000000119
28575  -29.322  -44.938  11.981 0.8000000119
28589  -23.677  -45.561  11.345 0.6000000238
29460  -19.420  -44.476  12.746 0.4000000060
114734  -20.975  -44.589  12.861 0.4000000060
29462  -21.780  -44.749  12.767 0.4000000060
108223  -29.863  -43.996  10.530 0.6999999881
30298  -20.343  -43.916  12.814 0.4000000060
30299  -21.304  -43.802  13.021 0.4000000060
28569  -23.328  -45.084  11.962 0.4000000060
31097  -21.322  -42.771  12.974 0.4000000060
30276  -22.449  -43.282  13.303 0.5000000000
31137  -29.249  -42.895  9.211 0.6999999881
105980  -20.764  -43.093  12.796 0.3000000119
31070  -21.958  -42.580  13.205 0.5000000000
30300  -22.964  -43.945  13.159 0.5000000000
31142  -26.465  -42.442  7.418 0.8000000119
120824  -27.905  -42.340  8.226 0.8000000119
31939  -29.110  -42.057  8.874 0.8000000119
116348  -28.402  -41.861  8.414 0.8000000119
113877  -22.359  -38.215  3.934 0.8000000119
33684  -22.408  -39.105  4.293 1.0000000000
33673  -23.955  -39.442  5.501 0.8000000119
32816  -24.402  -40.931  6.014 0.8000000119
31959  -25.809  -41.162  6.857 0.8000000119
31947  -26.376  -41.544  7.278 0.8000000119
115717  -25.550  -39.818  6.284 0.8000000119
34455  -22.832  -38.174  4.731 0.8000000119
33674  -24.976  -39.291  5.844 0.8000000119
106611  -25.341  -37.294  3.583 0.8999999762
36065  -27.266  -36.664  3.316 0.6999999881
36066  -28.072  -36.478  3.112 0.6999999881
36083  -28.558  -36.172  2.438 0.6999999881
36084  -29.468  -36.134  2.532 0.6999999881
36085  -30.284  -36.083  2.709 0.6999999881
36847  -31.966  -35.789  3.269 0.6000000238
36862  -30.807  -35.726  2.076 0.6999999881
36860  -29.150  -35.833  1.660 0.6999999881
114165  -32.338  -35.352  2.829 0.6000000238
36863  -31.581  -35.527  2.465 0.6000000238
28572  -26.947  -45.426  12.690 0.8000000119
28588  -22.972  -45.632  11.195 0.5000000000
125349  -25.036  -45.134  12.035 0.8000000119
109432  -25.530  -44.639  12.487 0.8000000119
28571  -25.942  -45.326  12.435 0.8000000119
119603  -21.770  -45.431  12.355 0.5000000000
28574  -28.774  -45.377  12.322 0.6999999881
29463  -22.699  -44.601  12.703 0.5000000000
127089  -24.854  -44.608  12.289 0.6999999881
28590  -24.423  -45.629  11.617 0.6999999881
29469  -28.350  -44.708  12.792 0.6999999881
29470  -29.056  -44.543  12.494 0.6999999881
29482  -29.564  -44.263  11.998 0.6999999881
111296  -29.885  -43.863  11.377 0.6999999881
30324  -30.080  -43.390  10.827 0.6999999881
31124  -30.242  -42.726  10.807 0.6999999881
31071  -22.653  -42.537  13.441 0.5000000000
31927  -29.836  -42.126  9.578 0.6999999881
31889  -21.526  -41.884  12.821 0.4000000060
112544  -22.244  -41.841  13.228 0.4000000060
31949  -27.560  -41.022  7.737 0.8000000119
116549  -26.916  -41.076  7.473 0.8000000119
32805  -27.239  -40.324  7.358 0.8000000119
33647  -27.884  -39.538  7.296 0.6999999881
110457  -23.568  -38.706  5.281 0.8000000119
32818  -26.034  -40.340  6.716 0.8000000119
35221  -23.608  -37.320  3.366 0.8999999762
35220  -22.373  -37.244  3.641 0.8999999762
35219  -22.231  -37.219  3.931 0.8000000119
35192  -22.331  -37.296  4.283 0.8000000119
34456  -24.016  -38.149  5.395 0.8000000119
112983  -25.418  -36.702  3.205 0.8999999762
36063  -24.085  -36.662  3.078 0.8000000119
36081  -26.215  -36.370  2.678 0.8999999762
36070  -33.391  -36.179  3.977 0.4000000060
36082  -27.475  -36.200  2.359 0.8000000119
36095  -28.154  -35.839  1.597 0.6999999881
36861  -30.035  -35.829  1.790 0.6999999881
37725  -32.869  -34.199  1.844 0.5000000000
29467  -26.427  -44.672  12.735 0.6999999881
29466  -25.105  -44.101  12.740 0.6999999881
29450  -27.910  -44.053  13.212 0.6999999881
123288  -21.831  -43.304  13.170 0.4000000060
30302  -24.554  -43.637  13.198 0.6000000238
29448  -25.915  -44.036  12.919 0.6999999881
125509  -29.332  -43.790  12.559 0.6999999881
31109  -29.950  -42.782  12.139 0.6999999881
30314  -30.074  -43.126  11.469 0.6999999881
31072  -23.364  -42.444  13.656 0.5000000000
125574  -22.851  -41.893  13.556 0.4000000060
31132  -30.206  -42.345  10.233 0.6999999881
121118  -21.969  -41.151  12.727 0.3000000119
31870  -23.455  -41.623  13.808 0.5000000000
120482  -28.980  -41.397  8.556 0.6999999881
31928  -30.252  -41.268  9.597 0.6999999881
32694  -22.729  -41.097  13.352 0.4000000060
32806  -28.101  -40.285  7.678 0.6999999881
31938  -28.381  -41.020  8.149 0.6999999881
33661  -27.121  -39.516  6.943 0.6999999881
35193  -23.354  -37.322  4.984 0.8000000119
33659  -25.723  -39.019  6.123 0.8000000119
33660  -26.346  -39.491  6.562 0.8000000119
34457  -25.057  -38.497  5.739 0.8000000119
36061  -22.201  -36.273  3.587 0.8000000119
36080  -24.641  -36.175  2.457 0.8000000119
36079  -22.881  -35.747  2.488 0.8000000119
36062  -22.455  -36.481  3.173 0.8999999762
36093  -26.562  -35.913  1.879 0.8000000119
36876  -28.742  -35.633  0.829 0.8000000119
36879  -31.299  -35.325  1.613 0.6999999881
36880  -32.132  -35.008  2.120 0.6000000238
36878  -30.588  -35.543  1.220 0.6999999881
36902  -29.089  -35.265  -0.299 0.6999999881
29449  -26.877  -44.014  13.123 0.6999999881
31074  -25.585  -42.795  13.797 0.6000000238
30280  -26.245  -43.394  13.445 0.6999999881
125549  -27.353  -43.258  13.628 0.6999999881
30281  -28.333  -43.433  13.384 0.6999999881
29451  -28.732  -43.969  12.973 0.6999999881
30278  -23.948  -43.073  13.568 0.5000000000
31077  -28.319  -42.618  13.738 0.6999999881
30282  -29.102  -43.131  13.134 0.6999999881
105708  -24.743  -42.917  13.682 0.6000000238
31073  -24.100  -42.277  13.944 0.5000000000
31056  -25.797  -42.039  14.260 0.6000000238
31110  -30.283  -42.353  11.562 0.6999999881
32695  -23.553  -40.695  13.727 0.4000000060
31857  -24.299  -41.289  14.208 0.5000000000
31858  -25.247  -41.342  14.415 0.6000000238
32795  -30.202  -40.651  8.995 0.6999999881
109243  -30.586  -41.173  10.338 0.6999999881
31940  -29.653  -41.370  8.979 0.6999999881
33559  -23.474  -39.453  12.654 0.3000000119
33649  -29.420  -39.738  8.013 0.6999999881
34446  -25.856  -38.212  5.978 0.8000000119
34447  -26.634  -38.147  6.272 0.8000000119
118350  -26.924  -38.826  6.575 0.6999999881
34448  -27.657  -38.791  6.837 0.6999999881
33648  -28.684  -39.570  7.601 0.6999999881
36038  -24.063  -36.500  4.980 0.8000000119
35184  -26.209  -37.442  5.859 0.8000000119
36078  -22.088  -35.706  3.080 0.8000000119
36047  -22.083  -36.348  3.962 0.8000000119
36037  -22.763  -36.646  4.509 0.8000000119
35194  -24.944  -37.503  5.524 0.8000000119
113771  -23.856  -35.416  1.687 0.8000000119
117688  -23.269  -34.641  2.917 0.8000000119
36049  -24.013  -35.864  4.619 0.8000000119
36823  -24.749  -35.524  4.467 0.8000000119
115849  -25.445  -34.728  3.586 0.8000000119
37746  -32.306  -33.940  0.969 0.6000000238
37734  -31.695  -34.717  1.155 0.6999999881
36891  -28.408  -35.453  0.035 0.8000000119
36877  -29.768  -35.618  0.821 0.6000000238
37755  -28.851  -34.601  -0.777 0.6999999881
37743  -29.722  -34.995  -0.472 0.6000000238
37745  -31.016  -34.937  0.344 0.6000000238
31075  -26.461  -42.658  13.948 0.6000000238
120721  -29.221  -42.156  13.394 0.6999999881
31057  -26.591  -41.907  14.307 0.6000000238
31098  -29.662  -42.473  12.759 0.6999999881
31099  -30.124  -41.952  12.322 0.6999999881
32696  -24.286  -40.339  13.993 0.4000000060
32683  -24.876  -40.608  14.318 0.4000000060
32685  -26.489  -40.651  14.502 0.5000000000
31872  -29.334  -41.230  13.483 0.6999999881
113472  -30.464  -41.479  11.715 0.6999999881
32684  -25.646  -40.626  14.460 0.5000000000
33541  -26.099  -39.915  14.336 0.5000000000
120990  -30.654  -41.121  11.074 0.6999999881
33547  -23.831  -39.866  13.418 0.3000000119
33548  -24.679  -39.605  13.676 0.3000000119
126899  -24.743  -40.124  14.105 0.4000000060
32767  -30.826  -40.456  10.763 0.6999999881
105888  -24.206  -39.129  12.921 0.3000000119
126206  -30.616  -40.006  9.081 0.6999999881
33641  -30.688  -39.389  8.786 0.6999999881
35195  -25.646  -36.678  5.427 0.8000000119
34435  -28.433  -38.773  7.168 0.6999999881
34420  -30.821  -38.670  8.520 0.6999999881
126508  -28.891  -38.138  7.067 0.6999999881
34419  -30.277  -38.367  7.821 0.6999999881
36832  -22.213  -35.648  3.746 0.8000000119
35179  -29.609  -37.887  7.270 0.6999999881
36019  -29.780  -37.052  6.968 0.6999999881
36842  -22.114  -35.432  3.134 0.8000000119
36048  -22.874  -36.002  4.365 0.8000000119
36028  -26.770  -36.797  5.764 0.8000000119
120118  -28.414  -36.944  6.399 0.8000000119
36031  -30.020  -36.254  6.741 0.6999999881
36857  -22.365  -35.169  2.528 0.8000000119
36039  -25.190  -36.052  4.935 0.8000000119
36834  -26.826  -35.282  4.501 0.8000000119
110805  -28.030  -35.784  5.440 0.8000000119
36858  -22.869  -35.016  1.921 0.8000000119
118903  -23.528  -34.606  1.359 0.8000000119
36844  -24.213  -34.949  3.715 0.8000000119
36824  -26.035  -35.670  4.787 0.8000000119
36835  -27.884  -35.233  4.801 0.8000000119
36874  -24.586  -35.063  0.959 0.8000000119
37722  -24.116  -33.879  1.540 0.8000000119
36845  -25.686  -35.192  4.194 0.8000000119
36888  -25.238  -34.707  0.320 0.8000000119
37710  -25.978  -34.385  3.117 0.8000000119
108403  -26.434  -35.063  0.109 0.8000000119
38637  -33.133  -33.429  1.145 0.5000000000
38649  -31.589  -34.195  0.329 0.6000000238
36899  -26.450  -34.518  -0.422 0.8000000119
36890  -27.422  -35.162  -0.188 0.8000000119
37757  -30.892  -34.504  -0.262 0.6000000238
38661  -31.396  -33.723  -0.446 0.6000000238
31076  -27.311  -42.384  14.092 0.6999999881
123871  -27.943  -41.957  14.166 0.6999999881
31859  -26.067  -41.318  14.485 0.6000000238
32699  -28.797  -40.829  13.946 0.6999999881
124729  -29.810  -40.828  13.091 0.6999999881
32697  -27.135  -39.942  14.379 0.5000000000
32700  -29.407  -40.271  13.484 0.6999999881
33540  -25.249  -39.985  14.205 0.4000000060
33549  -25.649  -39.175  13.733 0.4000000060
33550  -26.511  -39.275  14.052 0.5000000000
31904  -30.647  -40.530  11.676 0.6999999881
34345  -24.978  -38.745  13.053 0.3000000119
34346  -25.659  -38.393  13.156 0.3000000119
115638  -30.762  -39.657  11.871 0.6999999881
33600  -31.141  -39.566  10.440 0.6999999881
34358  -24.415  -38.286  12.359 0.3000000119
35101  -25.720  -37.121  12.429 0.3000000119
35938  -25.449  -36.527  12.175 0.3000000119
34421  -31.379  -38.176  9.155 0.6999999881
36029  -27.663  -36.905  6.143 0.8000000119
35187  -28.982  -37.385  6.766 0.6999999881
35164  -31.003  -37.883  8.243 0.6999999881
35186  -28.074  -37.826  6.631 0.6999999881
36020  -30.539  -36.728  7.300 0.6999999881
36833  -23.278  -35.449  4.142 0.8000000119
36030  -29.107  -36.470  6.416 0.8000000119
37708  -22.533  -34.935  2.588 0.8000000119
36815  -28.817  -35.793  5.860 0.8000000119
109507  -23.260  -34.396  1.992 0.8000000119
36825  -27.127  -35.747  5.090 0.8000000119
37690  -28.650  -34.885  4.818 0.8000000119
37733  -23.578  -34.042  1.054 0.8000000119
36873  -24.157  -34.259  0.621 0.8000000119
37709  -24.510  -34.335  2.761 0.8000000119
37699  -26.482  -34.842  3.861 0.8000000119
37711  -27.174  -34.486  3.449 0.8000000119
115497  -28.278  -34.675  4.224 0.8000000119
37742  -24.712  -33.968  -0.051 0.8000000119
36887  -24.206  -33.805  0.576 0.8000000119
37723  -25.356  -33.913  2.170 0.8000000119
37724  -26.601  -34.077  2.598 0.8000000119
37713  -28.916  -34.198  3.737 0.8000000119
36901  -28.170  -34.999  -0.470 0.8000000119
32686  -27.319  -40.875  14.465 0.6000000238
32698  -28.072  -40.440  14.310 0.6000000238
121925  -28.735  -40.096  13.906 0.6000000238
109845  -27.285  -39.041  13.972 0.5000000000
33552  -28.941  -39.377  13.679 0.6999999881
33562  -30.386  -39.316  12.573 0.6999999881
108864  -28.121  -38.934  13.814 0.6000000238
34350  -29.353  -38.774  13.382 0.6999999881
33561  -29.756  -39.400  13.219 0.6999999881
35100  -24.957  -37.113  12.052 0.3000000119
35087  -26.052  -37.762  12.918 0.3000000119
34362  -29.992  -38.467  12.988 0.6999999881
35955  -24.322  -36.750  11.616 0.3000000119
35940  -26.873  -36.220  12.536 0.3000000119
33579  -30.898  -38.864  11.972 0.6999999881
34378  -31.193  -38.494  11.480 0.6999999881
109917  -24.225  -34.001  12.636 0.3000000119
37592  -25.315  -34.880  12.393 0.3000000119
120186  -26.696  -34.837  12.475 0.3000000119
38495  -23.671  -33.523  12.528 0.3000000119
35181  -31.106  -37.089  7.912 0.6999999881
36816  -29.586  -35.724  6.251 0.8000000119
36827  -29.406  -35.257  5.694 0.8000000119
37691  -29.305  -34.790  5.144 0.8000000119
38631  -24.219  -33.749  0.715 0.8000000119
122636  -24.952  -33.543  1.194 0.8000000119
38621  -26.135  -33.635  1.704 0.8000000119
38622  -27.095  -33.801  2.111 0.8000000119
38623  -27.603  -34.098  2.810 0.8000000119
38610  -28.536  -33.948  2.921 0.8000000119
37752  -25.486  -33.769  -0.468 0.8000000119
36900  -27.276  -34.604  -0.574 0.8000000119
111059  -27.673  -34.240  -0.869 0.6999999881
37761  -29.211  -33.956  -1.177 0.6000000238
33551  -28.118  -39.600  14.115 0.6000000238
34361  -29.176  -38.016  13.283 0.6000000238
108193  -27.300  -36.703  12.792 0.4000000060
124643  -28.857  -37.271  13.154 0.6000000238
35105  -30.469  -37.853  12.490 0.6999999881
34363  -30.569  -38.510  12.411 0.6999999881
35942  -28.963  -36.438  12.918 0.4000000060
34377  -30.997  -38.050  11.998 0.6999999881
35122  -31.324  -37.859  11.302 0.6999999881
34389  -31.367  -38.540  10.700 0.6999999881
106703  -27.250  -34.139  12.608 0.3000000119
36736  -29.496  -35.669  12.601 0.4000000060
35957  -30.740  -36.415  12.025 0.6000000238
115714  -31.421  -37.132  10.978 0.6999999881
112587  -31.542  -38.033  10.002 0.6999999881
35150  -31.479  -37.218  8.815 0.6999999881
35989  -31.638  -36.798  9.625 0.6999999881
36021  -31.463  -36.465  8.293 0.6999999881
36807  -31.406  -35.839  7.754 0.6999999881
36042  -28.231  -36.342  5.988 0.8000000119
36826  -28.673  -35.290  5.293 0.8000000119
122985  -27.769  -34.633  3.861 0.8000000119
37702  -29.984  -34.274  4.844 0.8000000119
38611  -29.524  -33.740  3.081 0.8000000119
38657  -25.310  -33.296  -0.253 0.8000000119
38632  -25.611  -33.274  0.684 0.8000000119
38633  -26.926  -33.335  1.157 0.8000000119
115343  -27.954  -33.705  2.065 0.8000000119
38660  -30.721  -33.987  -0.827 0.6000000238
123299  -27.019  -33.444  -1.142 0.8000000119
38666  -29.733  -33.280  -1.467 0.6000000238
37754  -28.067  -33.722  -1.193 0.6999999881
109201  -28.523  -33.013  -1.456 0.6999999881
34349  -28.586  -38.513  13.558 0.6000000238
35104  -29.765  -37.367  12.906 0.6000000238
35941  -27.819  -36.063  12.709 0.3000000119
35120  -30.521  -37.149  12.355 0.6000000238
125059  -27.439  -34.808  12.534 0.3000000119
36722  -28.643  -35.621  12.701 0.3000000119
35956  -30.030  -36.450  12.582 0.5000000000
37594  -29.030  -34.822  12.592 0.3000000119
35958  -31.246  -36.373  11.326 0.6999999881
40413  -25.560  -32.388  12.368 0.3000000119
38498  -27.745  -33.370  12.618 0.3000000119
37611  -31.072  -34.765  11.366 0.4000000060
35972  -31.542  -36.342  10.431 0.6999999881
40426  -25.423  -31.526  11.678 0.3000000119
36770  -31.642  -35.372  10.109 0.6000000238
106366  -31.741  -35.074  7.904 0.6000000238
37657  -31.956  -34.800  8.763 0.6000000238
36818  -31.193  -35.244  7.025 0.8000000119
112908  -32.052  -34.265  8.077 0.6000000238
36817  -30.368  -35.563  6.573 0.8000000119
37685  -31.259  -34.576  6.636 0.6999999881
37675  -31.690  -34.475  7.268 0.6999999881
37692  -30.176  -34.651  5.619 0.8000000119
37693  -31.065  -34.255  6.045 0.6999999881
38586  -31.657  -33.946  6.653 0.6999999881
37701  -29.150  -34.464  4.497 0.8000000119
38594  -30.960  -33.868  5.218 0.6999999881
38595  -31.665  -33.514  5.948 0.6999999881
38603  -29.908  -33.937  4.003 0.8000000119
38605  -31.244  -33.293  4.444 0.6999999881
39562  -31.771  -32.970  5.203 0.6999999881
38645  -24.635  -33.606  0.200 0.8000000119
38646  -25.282  -33.201  -0.069 0.8000000119
38612  -30.490  -33.400  3.243 0.8000000119
38647  -25.934  -32.806  -0.048 0.8000000119
38634  -28.201  -33.241  1.253 0.8000000119
38624  -29.077  -33.527  2.048 0.8000000119
37751  -24.954  -33.633  -0.126 0.8000000119
39599  -25.916  -32.794  -0.622 0.8000000119
38648  -27.148  -32.690  0.310 0.8000000119
38635  -29.058  -33.122  1.304 0.8000000119
105852  -25.769  -33.128  -0.650 0.8000000119
38658  -26.134  -32.803  -1.031 0.8000000119
38665  -26.971  -32.633  -1.348 0.6999999881
38667  -30.588  -33.348  -1.350 0.6000000238
39623  -31.291  -32.526  -1.833 0.6000000238
40579  -28.267  -31.322  -2.115 0.6999999881
37593  -28.145  -34.233  12.595 0.3000000119
112965  -29.884  -35.028  12.423 0.4000000060
36738  -30.919  -35.605  11.653 0.5000000000
36754  -31.364  -35.515  10.932 0.6000000238
38499  -28.634  -33.281  12.540 0.3000000119
39479  -28.022  -31.902  12.362 0.3000000119
38513  -29.534  -33.251  12.353 0.3000000119
37628  -31.468  -34.637  10.598 0.6000000238
37644  -31.829  -34.488  9.687 0.6000000238
41256  -25.209  -30.902  10.947 0.3000000119
40428  -27.690  -31.177  11.832 0.3000000119
39481  -30.136  -32.641  11.952 0.3000000119
108981  -26.807  -31.022  11.496 0.3000000119
41277  -25.046  -30.548  10.070 0.3000000119
38625  -30.112  -33.264  2.331 0.8000000119
39577  -31.292  -32.890  3.588 0.6999999881
39569  -31.759  -32.585  4.362 0.6999999881
39581  -30.932  -32.736  2.620 0.6999999881
38636  -29.681  -33.094  1.651 0.8000000119
39593  -30.366  -32.529  1.673 0.6999999881
39600  -26.194  -32.310  -0.814 0.8000000119
39601  -27.320  -32.090  -0.317 0.6999999881
39591  -28.440  -32.695  0.656 0.8000000119
39603  -29.837  -32.016  0.833 0.6000000238
113922  -32.770  -31.147  -2.762 0.6000000238
39611  -26.312  -31.999  -1.115 0.6999999881
39619  -26.426  -31.746  -1.354 0.6999999881
40566  -26.266  -31.538  -1.373 0.6999999881
39621  -29.112  -32.309  -1.789 0.6999999881
39622  -30.316  -32.510  -1.918 0.6999999881
39620  -27.576  -31.985  -1.613 0.6999999881
42204  -28.336  -28.415  -2.991 0.5000000000
43120  -29.473  -28.449  -2.985 0.5000000000
38530  -31.580  -33.768  10.375 0.6000000238
38540  -31.914  -33.608  9.672 0.6000000238
38541  -32.190  -32.971  9.184 0.6000000238
38577  -32.085  -33.712  7.416 0.6999999881
38578  -32.379  -32.941  7.567 0.6999999881
38596  -32.124  -32.881  5.925 0.6999999881
42062  -23.468  -30.139  8.343 0.3000000119
39570  -32.188  -32.204  4.962 0.6999999881
38587  -32.191  -33.113  6.678 0.6999999881
39563  -32.238  -32.422  5.581 0.6999999881
39602  -28.771  -32.107  0.312 0.6999999881
39582  -31.544  -32.183  3.015 0.6999999881
113043  -31.758  -32.241  3.756 0.6000000238
40537  -31.174  -31.982  2.174 0.6999999881
39612  -26.410  -31.672  -1.310 0.6999999881
40555  -27.610  -31.353  -0.562 0.6999999881
41387  -28.841  -30.824  0.156 0.6000000238
40567  -26.604  -30.961  -1.494 0.6999999881
40581  -30.892  -31.601  -2.809 0.6000000238
40582  -31.833  -31.448  -2.833 0.5000000000
40593  -27.400  -30.254  -2.374 0.6999999881
40594  -29.189  -30.568  -2.860 0.6999999881
41405  -29.982  -29.718  -3.536 0.6000000238
40451  -31.579  -31.646  10.285 0.4000000060
39501  -31.698  -32.799  10.189 0.5000000000
125196  -32.011  -32.205  9.663 0.5000000000
39511  -32.347  -32.081  8.985 0.6000000238
113444  -32.496  -32.305  7.712 0.6000000238
41307  -24.178  -30.422  8.067 0.3000000119
39556  -32.383  -32.341  6.226 0.6999999881
40518  -32.348  -31.568  4.865 0.6000000238
40507  -32.450  -31.734  5.606 0.6000000238
40517  -32.102  -31.877  4.292 0.6000000238
40557  -29.840  -31.229  0.812 0.6000000238
40538  -31.584  -31.393  2.782 0.6000000238
40556  -29.105  -31.539  0.316 0.6000000238
40545  -30.531  -31.641  1.478 0.6000000238
41386  -27.353  -30.460  -0.831 0.6999999881
40597  -32.278  -30.365  -3.765 0.5000000000
40595  -30.467  -30.624  -3.365 0.6000000238
40596  -31.457  -30.535  -3.589 0.6000000238
41407  -31.990  -29.873  -3.993 0.5000000000
41404  -28.825  -29.764  -3.105 0.5000000000
42205  -30.349  -29.244  -3.544 0.5000000000
42206  -31.482  -29.656  -3.644 0.5000000000
42193  -30.603  -28.937  -2.916 0.5000000000
43110  -30.063  -28.387  -1.781 0.5000000000
41282  -31.242  -30.670  10.378 0.4000000060
122433  -28.786  -30.350  11.115 0.4000000060
40458  -32.347  -31.321  8.751 0.6000000238
42080  -25.159  -30.223  7.601 0.3000000119
41310  -26.263  -30.267  8.563 0.3000000119
40495  -32.573  -31.564  6.547 0.6000000238
43030  -24.255  -29.442  6.968 0.3000000119
112973  -32.493  -31.017  5.212 0.6000000238
41357  -31.897  -30.748  3.464 0.5000000000
40529  -32.276  -31.037  4.328 0.6000000238
41378  -30.359  -30.785  1.480 0.6000000238
40546  -31.064  -31.160  2.078 0.6000000238
41377  -29.542  -30.379  0.949 0.6000000238
41368  -31.397  -30.547  2.718 0.6000000238
125504  -26.180  -30.549  -1.684 0.6999999881
42165  -28.606  -29.982  0.308 0.6000000238
41398  -26.332  -29.507  -2.160 0.6999999881
119235  -27.912  -29.285  -2.798 0.5000000000
115698  -29.253  -29.029  -3.445 0.5000000000
43119  -29.119  -27.726  -2.039 0.5000000000
41281  -30.486  -30.515  10.796 0.4000000060
122048  -31.734  -30.944  9.847 0.4000000060
40457  -32.059  -31.489  9.492 0.5000000000
115267  -30.080  -29.466  9.820 0.4000000060
40466  -32.525  -31.157  7.969 0.4000000060
115496  -32.624  -31.007  7.191 0.5000000000
42101  -25.614  -29.730  7.460 0.3000000119
42082  -26.682  -29.933  8.159 0.4000000060
41335  -32.578  -30.745  6.489 0.4000000060
43031  -25.236  -29.096  7.320 0.3000000119
118696  -27.255  -29.710  8.445 0.4000000060
41348  -32.415  -30.325  4.904 0.5000000000
112788  -32.566  -31.081  5.911 0.6000000238
42139  -32.144  -30.152  4.163 0.5000000000
42155  -29.956  -29.891  1.686 0.6000000238
42138  -31.560  -29.784  3.399 0.5000000000
42154  -29.124  -29.509  1.253 0.6000000238
42179  -26.218  -30.127  -1.682 0.6000000238
43099  -27.436  -28.595  -0.071 0.6000000238
41392  -26.165  -29.692  -2.034 0.5000000000
42203  -27.029  -28.604  -2.457 0.5000000000
43128  -28.471  -27.818  -2.643 0.5000000000
42052  -29.873  -29.819  10.406 0.4000000060
41298  -32.044  -30.764  9.225 0.4000000060
41297  -31.549  -30.293  9.645 0.4000000060
41311  -31.916  -30.094  8.903 0.4000000060
42088  -32.180  -29.947  8.129 0.4000000060
42086  -30.587  -29.340  9.292 0.4000000060
42104  -31.880  -29.387  7.651 0.4000000060
42105  -32.332  -29.899  7.302 0.4000000060
42121  -32.343  -29.703  5.353 0.4000000060
117339  -32.460  -30.055  6.540 0.5000000000
43952  -23.909  -28.460  6.853 0.3000000119
42128  -31.894  -29.353  4.283 0.4000000060
42137  -30.793  -29.126  3.000 0.5000000000
43071  -31.270  -28.836  3.778 0.4000000060
42145  -29.491  -29.066  2.014 0.6000000238
42146  -30.299  -29.467  2.367 0.5000000000
42153  -28.271  -29.109  0.686 0.6000000238
43088  -28.687  -28.672  1.600 0.5000000000
42192  -26.294  -28.869  -2.088 0.5000000000
42178  -26.685  -28.983  -1.411 0.6000000238
43087  -27.884  -28.179  1.046 0.6000000238
43098  -26.981  -28.117  -0.865 0.6000000238
43118  -26.698  -28.028  -2.155 0.5000000000
44052  -28.299  -27.307  -2.028 0.5000000000
43100  -31.054  -28.420  -0.106 0.5000000000
43108  -26.603  -28.185  -1.777 0.5000000000
45707  -22.392  -25.146  5.394 0.3000000119
45692  -23.562  -25.684  6.333 0.4000000060
45693  -24.582  -25.334  6.514 0.4000000060
124739  -22.528  -23.823  4.974 0.4000000060
43086  -27.333  -27.530  0.192 0.5000000000
44010  -28.580  -27.412  2.709 0.5000000000
44032  -27.418  -26.786  -0.152 0.5000000000
44009  -27.847  -26.841  2.249 0.5000000000
44051  -27.454  -27.365  -1.996 0.5000000000
44041  -27.468  -26.866  -1.075 0.6000000238
44035  -31.151  -27.941  0.747 0.5000000000
44043  -28.742  -26.996  -1.294 0.6000000238
44033  -29.296  -26.814  -0.409 0.5000000000
44034  -30.263  -27.558  0.057 0.6000000238
44023  -31.395  -27.575  1.542 0.4000000060
46561  -23.900  -24.217  5.795 0.4000000060
45694  -25.554  -25.343  6.616 0.4000000060
44020  -27.460  -26.612  0.814 0.5000000000
44908  -27.571  -26.159  0.460 0.5000000000
44910  -28.235  -25.858  0.039 0.5000000000
45758  -28.022  -25.499  0.769 0.5000000000
45753  -27.838  -25.462  1.426 0.5000000000
44042  -27.989  -26.691  -1.359 0.5000000000
44919  -28.433  -26.359  -0.631 0.5000000000
44022  -30.517  -27.149  1.043 0.4000000060
44911  -29.634  -26.599  0.498 0.5000000000
46562  -24.956  -24.006  5.836 0.4000000060
48442  -22.979  -22.776  4.400 0.4000000060
44008  -27.524  -26.314  1.648 0.5000000000
43998  -28.035  -26.436  3.027 0.4000000060
109471  -28.809  -25.732  0.811 0.4000000060
44901  -29.880  -26.269  1.367 0.4000000060
44011  -30.832  -26.802  1.844 0.5000000000
44891  -27.632  -25.807  2.420 0.4000000060
44893  -31.211  -26.532  2.620 0.4000000060
45736  -30.698  -25.799  2.969 0.4000000060
44900  -29.135  -25.400  1.794 0.4000000060
45724  -32.816  -25.395  4.500 0.4000000060
44892  -30.227  -26.000  2.199 0.4000000060
44868  -31.260  -25.604  3.677 0.4000000060
46591  -29.892  -24.574  3.644 0.4000000060
45723  -31.860  -25.364  4.210 0.4000000060
44869  -32.249  -25.951  4.051 0.4000000060
124004  -33.489  -24.385  4.676 0.4000000060
122038  -30.183  -25.125  3.373 0.4000000060
45722  -30.945  -24.908  4.024 0.3000000119
112506  -32.095  -24.738  4.502 0.4000000060
112573  -33.370  -23.446  4.801 0.4000000060
46577  -31.278  -24.200  4.368 0.4000000060
46578  -32.344  -23.912  4.651 0.5000000000
26871  -25.495  -47.475  3.706 0.6999999881
24054  -25.451  -50.480  7.195 0.6999999881
119304  -26.387  -48.696  7.260 0.8000000119
24038  -27.088  -49.980  8.918 0.8000000119
23163  -24.496  -51.415  12.236 0.6000000238
23989  -26.959  -49.957  11.372 0.6999999881
27747  -27.446  -46.389  7.851 0.8000000119
22412  -19.578  -52.377  9.935 0.4000000060
32860  -23.164  -40.693  3.576 0.8000000119
111675  -26.774  -47.694  12.408 0.6000000238
25870  -21.811  -47.919  9.645 0.5000000000
126724  -28.787  -46.054  12.005 0.8000000119
28568  -22.471  -45.249  12.222 0.5000000000
28570  -24.218  -44.911  11.885 0.6000000238
32819  -26.643  -40.095  6.963 0.6999999881
124813  -29.587  -43.153  12.528 0.6999999881
31871  -28.065  -41.261  14.297 0.6999999881
37700  -27.435  -34.868  4.153 0.8000000119
32723  -30.057  -40.141  12.939 0.6999999881
127152  -31.106  -36.435  7.647 0.6999999881
36806  -30.789  -36.020  7.132 0.6999999881
36004  -31.667  -36.446  9.003 0.6999999881
36787  -31.737  -35.702  8.658 0.6000000238
34360  -28.248  -37.696  13.345 0.6000000238
37610  -30.496  -34.876  11.995 0.5000000000
39483  -31.256  -33.106  10.997 0.4000000060
40528  -31.912  -31.585  3.590 0.6000000238
41296  -30.837  -29.822  10.082 0.4000000060
43109  -29.657  -27.642  -0.990 0.5000000000
42087  -31.664  -29.544  8.480 0.4000000060
45754  -28.240  -25.288  1.555 0.4000000060
28625  -28.709  -45.942  6.417 0.5000000000
29510  -29.222  -44.317  6.451 0.5000000000
24986  -26.448  -49.391  4.658 0.6999999881
31166  -29.309  -42.556  4.766 0.5000000000
19417  -21.999  -57.092  9.807 0.5000000000
120222  -24.602  -49.993  6.094 0.6999999881
27791  -22.953  -47.133  3.365 0.6999999881
124032  -22.254  -47.233  3.838 0.6999999881
28647  -21.711  -45.229  3.867 0.6999999881
26869  -22.128  -46.532  3.696 0.6999999881
32864  -28.912  -40.686  1.420 0.5000000000
33685  -28.478  -39.516  3.646 0.5000000000
20925  -22.754  -54.881  11.954 0.6000000238
25919  -25.213  -48.418  6.054 0.6999999881
31981  -26.343  -41.166  3.054 0.6999999881
116216  -23.714  -53.996  11.388 0.6000000238
24055  -26.038  -50.131  7.582 0.8000000119
21635  -21.975  -53.680  12.448 0.6000000238
112907  -20.881  -54.043  12.278 0.6000000238
123504  -24.042  -41.610  3.689 0.8000000119
23171  -24.880  -51.793  11.887 0.6999999881
24953  -27.291  -49.122  8.510 0.6999999881
34471  -29.184  -38.713  4.237 0.5000000000
22391  -21.094  -52.823  12.132 0.6000000238
127333  -28.028  -47.492  8.576 0.8000000119
34469  -27.450  -38.725  3.989 0.6999999881
107286  -29.912  -38.083  4.609 0.6000000238
25872  -27.911  -48.803  10.962 0.6999999881
23170  -21.949  -50.905  12.008 0.6000000238
31153  -23.151  -42.505  5.740 0.8999999762
32830  -22.349  -40.610  4.646 0.8000000119
116799  -30.241  -37.233  4.378 0.6000000238
35209  -32.553  -37.410  5.080 0.4000000060
22420  -18.890  -52.321  8.929 0.3000000119
22403  -20.490  -52.596  11.483 0.5000000000
22402  -19.909  -52.773  10.858 0.5000000000
113329  -19.631  -53.963  11.313 0.5000000000
21648  -18.721  -53.714  9.828 0.4000000060
25827  -26.333  -48.522  12.333 0.6000000238
25826  -25.509  -48.659  12.369 0.6000000238
26768  -28.065  -47.272  12.032 0.8000000119
24877  -23.508  -49.679  12.174 0.5000000000
22413  -20.151  -52.160  10.654 0.4000000060
31143  -27.076  -43.105  7.735 0.8000000119
35206  -28.861  -37.245  4.056 0.6999999881
36846  -31.091  -35.970  2.980 0.6000000238
36848  -32.884  -35.612  3.414 0.4000000060
24936  -20.680  -48.379  8.583 0.5000000000
24001  -21.376  -49.793  10.547 0.5000000000
24899  -23.275  -48.958  11.746 0.5000000000
29492  -29.665  -44.752  11.242 0.6999999881
26765  -24.901  -47.899  12.152 0.6000000238
27721  -21.968  -46.570  9.949 0.5000000000
26804  -22.488  -46.866  10.191 0.6000000238
26805  -22.597  -46.420  10.457 0.6000000238
24937  -21.248  -48.212  9.069 0.5000000000
25850  -23.480  -48.244  11.489 0.5000000000
27684  -20.782  -46.613  12.152 0.6000000238
27699  -21.339  -46.456  11.121 0.6000000238
26786  -23.287  -46.637  10.774 0.6000000238
24922  -22.217  -48.665  10.648 0.5000000000
121939  -23.650  -47.487  11.255 0.5000000000
32817  -25.284  -40.647  6.416 0.8000000119
33672  -22.894  -39.048  4.876 0.8999999762
27702  -23.149  -46.013  10.782 0.6000000238
106650  -23.872  -46.125  11.172 0.6000000238
110158  -22.166  -43.995  13.100 0.4000000060
29464  -23.577  -44.447  12.579 0.5000000000
115279  -29.905  -43.086  10.065 0.6999999881
30277  -23.189  -43.208  13.439 0.5000000000
127787  -22.509  -38.611  4.444 0.8000000119
29468  -27.437  -44.729  12.890 0.6999999881
31917  -30.454  -41.881  10.810 0.6999999881
30279  -25.356  -43.490  13.289 0.6000000238
29465  -24.373  -44.278  12.605 0.6000000238
30301  -23.774  -43.813  13.150 0.5000000000
32794  -29.365  -40.631  8.435 0.6999999881
32779  -30.737  -40.408  9.797 0.6999999881
32722  -23.068  -40.179  13.075 0.3000000119
36859  -25.380  -35.744  1.766 0.8999999762
36094  -27.239  -35.797  1.516 0.8000000119
117453  -26.164  -35.498  0.951 0.8000000119
116923  -29.216  -35.514  0.228 0.6000000238
36894  -31.032  -35.240  0.891 0.6000000238
36892  -29.827  -35.391  0.016 0.6000000238
31055  -24.936  -42.141  14.180 0.6000000238
111713  -28.655  -41.700  13.888 0.6999999881
114020  -30.125  -39.954  8.517 0.6999999881
35185  -27.116  -37.521  6.232 0.8000000119
34436  -29.372  -38.827  7.557 0.6999999881
36875  -27.549  -35.550  0.652 0.8000000119
31891  -30.246  -40.950  12.496 0.6999999881
110565  -24.715  -37.699  12.181 0.3000000119
33622  -31.008  -39.529  9.510 0.6999999881
33640  -30.145  -39.175  8.149 0.6999999881
34405  -31.135  -38.929  9.158 0.6999999881
35180  -30.421  -37.532  7.564 0.6999999881
36040  -26.401  -36.186  5.285 0.8000000119
36041  -27.394  -36.295  5.612 0.8000000119
34347  -26.461  -38.492  13.534 0.5000000000
32724  -30.446  -40.121  12.355 0.6999999881
32748  -30.925  -39.880  11.205 0.6999999881
34359  -25.230  -37.880  12.545 0.3000000119
34348  -27.507  -38.232  13.546 0.5000000000
35088  -26.760  -37.756  13.191 0.4000000060
33623  -31.344  -38.811  9.816 0.6999999881
35937  -24.905  -36.266  11.924 0.3000000119
125142  -31.552  -37.504  9.571 0.6999999881
107894  -27.185  -35.474  12.505 0.3000000119
106257  -25.946  -34.390  12.615 0.3000000119
125654  -26.560  -34.033  12.665 0.3000000119
35121  -31.081  -37.224  11.772 0.6999999881
127164  -31.472  -37.761  10.642 0.6999999881
35136  -31.566  -37.259  10.226 0.6999999881
115049  -31.714  -35.988  9.560 0.6000000238
38604  -30.570  -33.798  4.512 0.8000000119
36721  -28.008  -35.175  12.609 0.3000000119
111306  -28.056  -36.896  13.024 0.5000000000
36737  -30.306  -35.679  12.249 0.5000000000
40427  -26.218  -31.648  11.957 0.3000000119
39465  -27.409  -32.547  12.534 0.3000000119
38515  -31.192  -33.936  11.144 0.5000000000
120689  -31.822  -35.266  9.361 0.6000000238
37684  -30.661  -34.914  6.324 0.8000000119
114884  -32.281  -33.433  8.254 0.6000000238
38613  -30.747  -33.516  3.948 0.6999999881
37608  -29.048  -33.938  12.533 0.3000000119
40414  -27.100  -31.740  12.228 0.3000000119
124797  -30.213  -33.451  12.066 0.3000000119
41257  -25.988  -30.937  11.193 0.3000000119
41258  -27.426  -30.532  11.056 0.3000000119
38553  -32.104  -33.943  8.939 0.6000000238
40578  -26.601  -31.071  -1.513 0.6999999881
38554  -32.411  -32.612  8.334 0.6000000238
39540  -32.490  -32.345  7.022 0.6999999881
41393  -26.282  -30.188  -1.675 0.6999999881
39500  -31.208  -32.218  11.002 0.4000000060
42164  -27.585  -29.537  -0.459 0.6000000238
41406  -31.077  -29.819  -3.739 0.6000000238
42050  -27.946  -29.885  9.788 0.4000000060
42099  -23.849  -30.019  6.873 0.3000000119
42100  -24.733  -29.921  7.199 0.3000000119
41341  -32.499  -30.374  5.764 0.5000000000
41367  -30.702  -30.286  2.160 0.5000000000
41326  -32.447  -30.484  7.691 0.4000000060
42102  -26.432  -29.574  7.707 0.4000000060
43032  -26.163  -28.962  7.493 0.4000000060
43049  -32.076  -29.331  6.671 0.4000000060
43062  -32.090  -29.113  5.016 0.4000000060
43078  -29.934  -28.682  2.679 0.5000000000
114316  -27.096  -27.524  -0.979 0.6000000238
45708  -23.162  -24.962  5.937 0.3000000119
45709  -24.559  -24.606  6.141 0.4000000060
44021  -27.621  -27.220  1.387 0.5000000000
45710  -25.274  -24.701  6.241 0.4000000060
45746  -29.538  -25.193  2.650 0.4000000060
46576  -30.293  -24.260  4.000 0.4000000060
21699  -24.887  -53.549  5.668 0.5000000000
22459  -26.040  -52.668  6.036 0.5000000000
19447  -23.269  -56.111  5.663 0.4000000060
20973  -22.964  -54.571  5.640 0.5000000000
20974  -24.101  -54.812  5.765 0.5000000000
113683  -24.482  -54.163  5.768 0.5000000000
106438  -24.344  -53.099  5.065 0.6000000238
22466  -24.455  -52.579  4.717 0.6000000238
114742  -22.530  -55.226  5.856 0.5000000000
20195  -22.012  -55.345  6.249 0.5000000000
21696  -22.500  -53.622  5.572 0.5000000000
21697  -22.482  -53.192  5.027 0.5000000000
20966  -22.239  -54.588  6.329 0.5000000000
22465  -22.994  -52.816  4.516 0.6000000238
22472  -23.597  -52.078  4.101 0.6000000238
23245  -24.162  -51.308  3.785 0.6000000238
24080  -24.727  -50.410  3.737 0.6000000238
24081  -25.830  -50.126  4.404 0.6000000238
117797  -25.429  -49.377  3.830 0.6000000238
22464  -22.199  -52.513  4.924 0.6000000238
20959  -22.116  -54.734  6.856 0.5000000000
21683  -22.403  -54.150  6.655 0.5000000000
22471  -22.451  -52.049  4.460 0.6000000238
19426  -21.972  -55.992  8.214 0.5000000000
20181  -22.136  -55.229  7.629 0.5000000000
23244  -22.992  -51.468  3.909 0.6000000238
24087  -24.114  -49.774  3.462 0.6000000238
25930  -26.361  -48.564  4.356 0.6000000238
21689  -22.427  -53.667  5.854 0.5000000000
22455  -22.332  -52.947  5.261 0.5000000000
20960  -22.546  -54.488  7.532 0.5000000000
21690  -22.621  -53.466  6.461 0.5000000000
127434  -22.365  -53.059  5.639 0.5000000000
23234  -22.111  -51.889  4.988 0.6000000238
20954  -22.783  -54.821  8.482 0.5000000000
23241  -22.374  -51.462  4.487 0.6000000238
20169  -22.509  -55.500  8.846 0.5000000000
108388  -22.570  -50.874  4.174 0.6000000238
24079  -23.368  -50.628  3.621 0.6000000238
21684  -22.946  -53.858  7.490 0.5000000000
22448  -23.629  -52.369  6.957 0.5000000000
22457  -22.639  -52.150  5.789 0.6000000238
23223  -23.899  -51.659  6.577 0.6000000238
21672  -23.488  -53.726  8.312 0.5000000000
22456  -22.238  -52.534  5.252 0.6000000238
19418  -22.285  -56.252  9.349 0.5000000000
19404  -22.177  -57.057  10.913 0.5000000000
24086  -22.982  -49.818  3.619 0.6000000238
25941  -23.521  -48.546  3.368 0.6000000238
21673  -23.976  -53.454  8.792 0.5000000000
22433  -23.541  -53.152  7.640 0.5000000000
20170  -23.039  -55.054  9.523 0.5000000000
20154  -22.753  -55.724  10.027 0.5000000000
20942  -23.509  -54.548  10.095 0.6000000238
22434  -24.566  -52.881  8.958 0.6000000238
113900  -24.357  -52.500  7.964 0.5000000000
23207  -24.619  -51.878  7.601 0.5000000000
23224  -24.963  -51.138  7.170 0.6000000238
21661  -24.309  -53.413  9.789 0.6000000238
20933  -23.539  -54.581  11.037 0.5000000000
21650  -23.987  -53.909  10.589 0.6000000238
18603  -21.753  -57.350  11.591 0.4000000060
22435  -25.088  -52.181  8.607 0.6000000238
23208  -25.435  -51.489  8.217 0.6000000238
120914  -29.660  -34.495  -0.826 0.5000000000
38668  -31.160  -33.365  -1.120 0.5000000000
40580  -29.764  -31.571  -2.510 0.5000000000
47512  -32.454  -22.990  4.645 0.4000000060
49420  -32.756  -22.008  4.649 0.3000000119
125079  -33.251  -21.275  4.692 0.3000000119
50391  -33.150  -20.545  4.670 0.3000000119
20204  -24.674  -55.661  5.962 0.5000000000
20975  -25.021  -54.957  6.150 0.5000000000
23237  -26.648  -51.185  5.793 0.5000000000
20202  -22.241  -55.885  5.909 0.4000000060
22467  -26.004  -51.890  5.520 0.6000000238
22473  -25.043  -51.824  4.568 0.6000000238
125613  -25.891  -51.283  5.104 0.5000000000
110561  -26.529  -49.998  5.042 0.5000000000
19440  -21.789  -56.335  6.146 0.4000000060
20187  -21.714  -55.883  6.585 0.5000000000
106413  -21.479  -56.807  7.588 0.5000000000
20180  -21.639  -55.971  7.272 0.5000000000
19425  -21.750  -56.730  8.527 0.3000000119
120915  -21.691  -57.790  9.795 0.4000000060
17862  -21.446  -58.956  10.864 0.4000000060
35208  -31.655  -37.481  4.972 0.4000000060
36052  -32.056  -36.803  4.535 0.4000000060
36051  -31.117  -36.963  4.427 0.4000000060
35103  -27.369  -37.362  13.129 0.4000000060
39613  -31.864  -32.896  -0.905 0.5000000000
116431  -33.054  -19.847  4.669 0.3000000119
19446  -22.715  -56.654  5.609 0.4000000060
18604  -22.255  -56.520  11.405 0.5000000000
107965  -22.448  -56.443  10.500 0.5000000000
20155  -23.187  -55.185  10.631 0.6000000238
22458  -25.198  -52.927  5.516 0.6000000238
20203  -23.700  -55.475  5.718 0.4000000060
111594  -23.349  -54.006  5.422 0.5000000000
21698  -23.774  -53.522  5.163 0.6000000238
20972  -22.369  -54.353  5.972 0.5000000000
113282  -22.655  -52.813  6.173 0.5000000000
21660  -23.702  -53.980  9.282 0.5000000000
24068  -26.939  -50.318  5.623 0.4000000060
24987  -27.063  -49.560  5.397 0.4000000060
19433  -21.460  -56.561  6.770 0.4000000060
24035  -19.825  -49.193  7.880 0.4000000060
118317  -20.426  -48.958  8.486 0.3000000119
24017  -20.367  -50.032  9.130 0.4000000060
25900  -19.859  -47.533  8.191 0.4000000060
25882  -20.571  -47.736  8.544 0.4000000060
25847  -19.821  -48.493  11.496 0.4000000060
25869  -20.281  -47.245  9.801 0.4000000060
26801  -20.002  -47.284  8.809 0.4000000060
26820  -21.244  -46.952  9.388 0.4000000060
26744  -19.447  -48.280  12.904 0.3000000119
25823  -19.928  -48.168  12.196 0.3000000119
27682  -18.905  -46.726  13.171 0.4000000060
26763  -19.802  -47.702  12.659 0.4000000060
26764  -20.382  -47.411  12.062 0.5000000000
111863  -19.373  -46.028  12.999 0.4000000060
27683  -19.843  -46.873  12.762 0.4000000060
35102  -26.580  -37.042  12.715 0.3000000119
38514  -30.656  -34.067  11.796 0.3000000119
37609  -29.884  -34.168  12.338 0.3000000119
40449  -30.179  -31.149  11.436 0.3000000119
41260  -29.563  -30.383  11.040 0.3000000119
43077  -29.058  -28.271  2.352 0.4000000060
43076  -28.243  -27.798  1.949 0.4000000060
42051  -28.852  -29.857  10.381 0.3000000119
41295  -27.314  -30.038  9.346 0.3000000119
42063  -26.980  -30.032  8.772 0.3000000119
43070  -30.417  -28.340  3.405 0.4000000060
43069  -29.511  -27.882  3.059 0.3000000119
45744  -27.805  -25.313  2.081 0.3000000119
42066  -29.379  -29.538  9.863 0.3000000119
42064  -27.763  -29.737  8.948 0.3000000119
42065  -28.623  -29.560  9.452 0.3000000119
42085  -29.537  -29.241  9.161 0.3000000119
43010  -29.307  -28.867  8.546 0.3000000119
42084  -28.565  -29.279  8.758 0.3000000119
43035  -29.609  -28.334  7.903 0.3000000119
116566  -31.266  -28.958  8.071 0.3000000119
42103  -27.171  -29.429  7.978 0.3000000119
42083  -27.820  -29.328  8.356 0.3000000119
42114  -32.343  -29.696  6.015 0.3000000119
43954  -25.779  -28.002  7.507 0.3000000119
43055  -31.667  -28.488  5.419 0.3000000119
44820  -25.349  -27.011  7.436 0.3000000119
43061  -31.579  -28.571  4.621 0.3000000119
43060  -30.888  -28.004  4.207 0.3000000119
44000  -30.016  -27.502  3.849 0.3000000119
119921  -23.952  -24.901  6.203 0.3000000119
47492  -23.519  -23.645  5.360 0.3000000119
45745  -28.276  -24.946  2.458 0.3000000119
43011  -30.355  -28.841  8.514 0.3000000119
43009  -28.575  -28.810  8.221 0.3000000119
106179  -30.704  -28.385  7.608 0.3000000119
43048  -31.614  -28.586  6.257 0.3000000119
43033  -27.029  -28.859  7.668 0.3000000119
43008  -27.819  -28.822  7.878 0.3000000119
105988  -27.797  -27.921  7.579 0.3000000119
43958  -30.221  -27.760  7.096 0.3000000119
43047  -31.000  -28.080  6.705 0.3000000119
43955  -26.762  -27.972  7.584 0.3000000119
43956  -28.650  -27.489  7.426 0.3000000119
44836  -24.042  -26.371  6.747 0.3000000119
44821  -26.309  -26.935  7.497 0.3000000119
43992  -31.193  -27.798  5.023 0.3000000119
43991  -30.449  -27.265  4.699 0.3000000119
43990  -29.539  -26.683  4.329 0.3000000119
47493  -24.247  -23.496  5.458 0.3000000119
115280  -24.962  -23.333  5.464 0.3000000119
43999  -29.005  -27.001  3.467 0.3000000119
44878  -27.832  -25.473  3.192 0.3000000119
111305  -27.856  -25.207  2.699 0.3000000119
43957  -29.368  -27.592  7.341 0.3000000119
43974  -29.834  -27.069  6.633 0.3000000119
43975  -30.551  -27.400  6.232 0.3000000119
44822  -27.292  -26.880  7.443 0.3000000119
44823  -28.247  -26.813  7.271 0.3000000119
43973  -29.079  -26.861  6.978 0.3000000119
43984  -31.188  -27.861  5.805 0.3000000119
45683  -25.921  -26.044  7.091 0.3000000119
44838  -26.829  -26.021  7.072 0.3000000119
43983  -30.604  -27.263  5.407 0.3000000119
44867  -29.957  -26.609  5.062 0.3000000119
44879  -28.406  -26.071  3.801 0.3000000119
47504  -24.512  -22.845  5.094 0.3000000119
47505  -25.401  -22.833  5.198 0.3000000119
45735  -28.807  -24.574  3.261 0.3000000119
114194  -27.232  -25.454  6.553 0.3000000119
44839  -27.777  -25.987  6.813 0.3000000119
44840  -28.668  -26.210  6.582 0.3000000119
44842  -30.040  -26.750  5.764 0.3000000119
115702  -28.356  -25.651  6.190 0.3000000119
44841  -29.396  -26.407  6.195 0.3000000119
124479  -25.981  -24.806  6.260 0.3000000119
45695  -26.495  -25.267  6.536 0.3000000119
107813  -25.905  -24.257  5.876 0.3000000119
47494  -25.731  -23.563  5.542 0.3000000119
47506  -26.345  -23.028  5.245 0.3000000119
46574  -28.189  -24.712  4.657 0.3000000119
44866  -28.981  -25.986  4.706 0.3000000119
48445  -25.974  -22.313  4.828 0.3000000119
45721  -28.108  -25.127  4.030 0.3000000119
46589  -28.411  -24.625  3.898 0.3000000119
45734  -28.036  -24.895  3.212 0.3000000119
46549  -27.257  -24.918  6.120 0.3000000119
44855  -28.884  -25.801  5.803 0.3000000119
44856  -29.366  -26.176  5.411 0.3000000119
46563  -26.651  -24.558  5.977 0.3000000119
45696  -27.814  -25.284  6.171 0.3000000119
47495  -26.732  -23.822  5.537 0.3000000119
45711  -28.693  -25.469  5.042 0.3000000119
49413  -25.749  -21.599  4.347 0.3000000119
48444  -24.956  -22.131  4.606 0.3000000119
48446  -26.864  -22.523  4.875 0.3000000119
46590  -29.261  -24.216  3.814 0.3000000119
45697  -28.267  -25.209  5.511 0.3000000119
46550  -27.773  -24.855  5.708 0.3000000119
46564  -27.451  -24.367  5.568 0.3000000119
47496  -27.501  -23.769  5.263 0.3000000119
46565  -28.002  -24.585  5.235 0.3000000119
125804  -28.229  -24.191  4.764 0.3000000119
47507  -27.224  -23.209  5.135 0.3000000119
49414  -26.603  -21.801  4.532 0.3000000119
46575  -28.717  -24.055  4.256 0.3000000119
47510  -30.593  -23.694  4.215 0.3000000119
49434  -26.441  -21.109  4.041 0.3000000119
47497  -27.966  -24.020  5.078 0.3000000119
122846  -27.327  -22.064  4.611 0.3000000119
117514  -27.934  -23.409  4.884 0.3000000119
47508  -28.438  -23.687  4.597 0.3000000119
47509  -29.152  -23.452  4.265 0.3000000119
119297  -29.481  -22.742  4.230 0.3000000119
119495  -30.160  -22.617  4.077 0.3000000119
48449  -29.982  -23.249  4.171 0.3000000119
115417  -29.688  -23.828  4.059 0.3000000119
48450  -30.824  -22.884  4.157 0.3000000119
50406  -26.375  -20.419  3.378 0.3000000119
119515  -27.064  -20.722  3.766 0.3000000119
119575  -28.110  -22.023  4.450 0.3000000119
48448  -28.582  -22.900  4.507 0.3000000119
49436  -28.519  -21.195  3.951 0.3000000119
49417  -29.883  -22.000  3.920 0.3000000119
49418  -30.633  -22.077  3.878 0.3000000119
47511  -31.506  -23.439  4.410 0.3000000119
50407  -27.377  -20.196  3.302 0.3000000119
49415  -27.408  -21.324  4.234 0.3000000119
124979  -28.476  -20.645  3.570 0.3000000119
49416  -29.041  -22.024  4.183 0.3000000119
49437  -29.495  -21.286  3.670 0.3000000119
48451  -31.610  -22.796  4.340 0.3000000119
115203  -31.994  -22.369  4.359 0.3000000119
49435  -27.865  -20.667  3.715 0.3000000119
25931  -27.129  -48.707  5.155 0.4000000060
25822  -19.494  -48.986  12.466 0.3000000119
26802  -20.675  -47.018  9.463 0.4000000060
25883  -21.212  -47.463  9.111 0.4000000060
25848  -20.285  -47.683  11.274 0.4000000060
111437  -30.731  -33.297  11.590 0.3000000119
42067  -31.347  -29.674  9.241 0.3000000119
44837  -24.984  -26.136  7.010 0.3000000119
47491  -22.881  -24.164  5.404 0.3000000119
115908  -22.948  -23.461  4.976 0.3000000119
47503  -23.676  -23.072  5.001 0.3000000119
43036  -31.462  -28.758  7.167 0.3000000119
24919  -19.451  -48.566  10.365 0.4000000060
25868  -19.650  -47.538  9.191 0.4000000060
117883  -18.340  -47.359  13.285 0.3000000119
43034  -28.631  -28.213  7.727 0.3000000119
48447  -27.690  -22.704  4.757 0.3000000119
109242  -31.343  -22.225  4.073 0.3000000119
35196  -32.144  -38.073  5.351 0.4000000060
17841  -18.449  -58.799  11.725 0.3000000119
16304  -19.005  -60.204  11.302 0.3000000119
17840  -17.626  -58.481  11.456 0.3000000119
17061  -20.062  -59.140  12.008 0.3000000119
110986  -18.375  -45.896  13.038 0.3000000119
25880  -18.624  -48.021  7.537 0.3000000119
25881  -19.345  -47.621  8.166 0.3000000119
127819  -19.951  -47.827  10.420 0.3000000119
24951  -19.954  -48.150  7.879 0.3000000119
24918  -18.768  -49.062  9.705 0.3000000119
24935  -18.949  -47.995  8.657 0.3000000119
34460  -32.515  -38.786  5.492 0.3000000119
16306  -20.468  -60.223  11.200 0.4000000060
16307  -21.023  -59.649  11.233 0.4000000060
16323  -19.444  -60.727  10.805 0.4000000060
17062  -20.635  -59.182  11.739 0.5000000000
17077  -17.791  -59.299  11.395 0.4000000060
17078  -18.680  -59.551  11.576 0.3000000119
17079  -19.494  -59.699  11.699 0.3000000119
17880  -21.509  -58.276  9.338 0.4000000060
18587  -20.635  -57.870  12.285 0.5000000000
18619  -21.884  -57.675  10.740 0.5000000000
19381  -20.335  -56.151  12.326 0.6000000238
20188  -21.883  -55.276  6.717 0.5000000000
20918  -22.961  -54.246  12.086 0.6000000238
20955  -23.163  -54.231  8.357 0.5000000000
22404  -21.120  -52.031  11.855 0.5000000000
23162  -23.780  -51.337  12.402 0.6000000238
23164  -25.082  -51.135  12.108 0.6000000238
23172  -25.494  -51.458  11.576 0.6999999881
23182  -26.305  -51.236  10.720 0.8000000119
24075  -25.366  -50.949  4.380 0.6000000238
24880  -26.682  -49.069  12.110 0.6999999881
24898  -22.681  -49.408  11.611 0.5000000000
24901  -27.172  -49.183  11.671 0.6999999881
24995  -23.544  -49.238  3.418 0.6000000238
25901  -27.641  -48.392  8.538 0.8000000119
25942  -24.551  -48.909  3.418 0.6000000238
26762  -19.215  -47.540  13.102 0.4000000060
26819  -20.552  -47.256  8.841 0.4000000060
26821  -28.697  -47.612  9.838 0.6999999881
26870  -22.192  -47.646  4.248 0.6999999881
27770  -23.176  -46.262  5.639 0.6999999881
27782  -23.860  -46.437  3.353 0.6999999881
28634  -21.167  -45.139  4.424 0.6999999881
28650  -25.668  -45.844  4.189 0.6999999881
30313  -29.769  -43.518  12.040 0.6999999881
30352  -21.614  -42.788  4.788 0.8000000119
30357  -28.539  -43.003  5.706 0.6000000238
30362  -21.602  -43.121  4.605 0.8000000119
31135  -27.734  -41.734  8.012 0.8000000119
31136  -28.505  -42.619  8.606 0.8000000119
31180  -27.924  -42.132  4.536 0.6999999881
31190  -22.204  -41.724  4.389 0.8000000119
31860  -27.311  -41.637  14.337 0.6000000238
31890  -29.778  -41.595  12.949 0.6999999881
31948  -27.045  -41.715  7.642 0.8000000119
31977  -22.205  -41.352  4.611 0.8000000119
31997  -22.615  -41.197  3.884 0.8000000119
32002  -27.316  -41.063  2.219 0.6000000238
32804  -26.484  -40.760  7.161 0.8000000119
32807  -28.788  -40.248  7.962 0.6999999881
32831  -22.743  -40.509  5.146 0.8000000119
32833  -24.741  -40.090  5.913 0.8000000119
32846  -22.339  -40.586  4.265 0.8000000119
32859  -22.460  -40.588  3.900 0.8000000119
33580  -31.113  -39.176  11.295 0.6999999881
33675  -31.889  -39.341  5.296 0.3000000119
33695  -22.323  -40.061  3.989 0.8000000119
34459  -31.772  -38.673  5.341 0.3000000119
34467  -22.273  -38.265  4.087 0.8000000119
34482  -25.424  -38.871  3.719 0.8000000119
36828  -30.006  -35.210  6.098 0.8000000119
36843  -22.629  -35.088  3.429 0.8000000119
36864  -33.146  -34.916  2.750 0.6000000238
36889  -25.620  -34.425  -0.189 0.8000000119
36893  -30.465  -35.342  0.469 0.6000000238
37591  -24.479  -34.649  12.398 0.3000000119
37712  -28.075  -34.386  3.512 0.8000000119
37721  -22.897  -34.674  1.879 0.8000000119
37744  -30.391  -35.050  -0.141 0.6000000238
37753  -26.447  -33.748  -0.847 0.8000000119
37756  -30.257  -34.579  -0.617 0.6000000238
38630  -24.114  -33.797  0.652 0.8000000119
38659  -30.067  -34.035  -1.081 0.5000000000
39466  -28.193  -32.648  12.521 0.3000000119
39592  -29.456  -32.643  1.047 0.6000000238
40450  -30.962  -31.310  11.038 0.4000000060
40480  -32.572  -31.713  7.436 0.5000000000
41312  -32.289  -30.596  8.477 0.4000000060
42129  -32.248  -29.713  4.737 0.5000000000
42147  -31.000  -29.827  2.685 0.5000000000
43056  -32.092  -29.122  5.779 0.3000000119
43127  -27.590  -27.875  -2.545 0.5000000000
44050  -26.951  -27.607  -1.685 0.5000000000
44060  -27.937  -27.544  -2.417 0.5000000000
44890  -27.602  -25.726  1.653 0.5000000000
44909  -27.820  -25.869  0.194 0.5000000000
44917  -27.678  -26.319  -0.253 0.5000000000
44918  -27.908  -26.210  -0.569 0.6000000238
45752  -27.685  -25.734  0.941 0.5000000000
107150  -26.016  -35.129  12.366 0.3000000119
108153  -22.044  -35.793  3.494 0.8000000119
110333  -30.421  -28.222  -0.743 0.5000000000
111411  -21.653  -53.087  12.366 0.6000000238
112530  -23.272  -54.525  9.138 0.5000000000
113764  -31.117  -29.224  8.756 0.3000000119
113846  -26.316  -38.746  6.310 0.8000000119
115072  -21.482  -55.174  12.414 0.6000000238
117622  -26.240  -50.638  5.068 0.5000000000
117839  -28.853  -26.163  0.014 0.5000000000
118466  -32.484  -31.865  8.210 0.6000000238
118786  -24.384  -38.820  5.573 0.8000000119
121392  -21.377  -45.581  3.983 0.6999999881
123095  -30.613  -38.367  4.833 0.6000000238
123231  -27.478  -26.038  1.136 0.5000000000
123322  -32.534  -30.425  7.035 0.4000000060
123616  -25.397  -52.355  5.309 0.6000000238
124682  -29.026  -45.864  9.229 0.6999999881
124966  -30.796  -37.569  12.171 0.6999999881
125502  -30.331  -41.792  10.066 0.6999999881
126033  -21.679  -56.358  7.874 0.5000000000
126130  -27.310  -38.225  6.512 0.8000000119
126552  -27.794  -44.371  5.735 0.6999999881
126698  -22.556  -50.752  12.212 0.6000000238
127570  -26.739  -41.291  14.467 0.5000000000
127687  -21.504  -57.154  8.164 0.3000000119
127775  -24.841  -33.472  0.448 0.8000000119
127800  -25.955  -42.313  4.639 0.6999999881
