#!ascii label  , from subject sub-v1s5x0050746_ses-1 vox2ras=TkReg
590
108704  -43.767  -70.024  17.075 0.0000000000
11970  -40.252  -66.497  14.679 0.0000000000
14670  -40.754  -62.686  17.957 0.0000000000
10646  -44.942  -68.436  9.898 0.0000000000
17017  -45.090  -59.026  17.590 0.0000000000
13189  -44.732  -64.737  21.398 0.0000000000
110784  -39.013  -57.955  21.572 0.0000000000
19160  -39.769  -56.397  27.232 0.0000000000
17010  -37.461  -59.457  17.685 0.0000000000
113426  -43.074  -60.972  17.629 0.0000000000
106277  -39.501  -57.764  17.333 0.0000000000
15401  -41.506  -61.473  21.857 0.0000000000
18479  -42.187  -57.454  22.488 0.0000000000
20762  -37.534  -54.648  28.614 0.0000000000
123125  -35.999  -55.518  26.142 0.0000000000
7473  -41.612  -72.965  14.645 0.0000000000
11987  -42.751  -66.443  12.624 0.0000000000
8693  -42.321  -72.186  9.405 0.0000000000
9285  -39.582  -70.638  13.429 0.0000000000
11931  -42.225  -66.642  17.088 0.0000000000
9911  -44.098  -69.419  13.739 0.0000000000
13274  -47.093  -64.089  14.230 0.0000000000
14700  -45.180  -62.290  14.899 0.0000000000
13204  -41.278  -64.363  20.278 0.0000000000
15412  -38.818  -61.473  20.118 0.0000000000
17742  -35.482  -58.297  20.098 0.0000000000
19196  -43.003  -56.575  24.858 0.0000000000
19218  -39.313  -56.564  24.156 0.0000000000
20042  -36.076  -55.646  22.915 0.0000000000
20827  -33.205  -54.694  21.678 0.0000000000
8079  -43.731  -73.024  9.921 0.0000000000
16283  -40.960  -60.183  13.717 0.0000000000
110983  -38.561  -64.044  15.785 0.0000000000
11940  -35.117  -66.186  16.143 0.0000000000
17781  -35.915  -58.135  17.663 0.0000000000
107131  -38.758  -58.929  17.321 0.0000000000
9254  -43.101  -70.751  15.321 0.0000000000
11971  -41.744  -66.538  13.512 0.0000000000
10628  -41.239  -68.293  13.073 0.0000000000
10615  -40.178  -68.253  13.998 0.0000000000
9908  -38.373  -69.577  14.568 0.0000000000
10598  -38.732  -67.997  14.888 0.0000000000
13233  -41.924  -64.400  17.780 0.0000000000
13969  -42.580  -63.772  17.582 0.0000000000
16238  -44.360  -60.183  17.602 0.0000000000
14674  -46.111  -62.245  17.264 0.0000000000
15453  -47.104  -61.351  17.033 0.0000000000
14002  -46.389  -63.120  14.223 0.0000000000
15472  -47.154  -61.398  16.328 0.0000000000
12556  -42.267  -65.773  20.042 0.0000000000
13188  -43.088  -64.572  21.123 0.0000000000
16969  -40.137  -59.581  21.592 0.0000000000
15399  -39.907  -61.193  21.267 0.0000000000
16187  -38.830  -60.226  21.047 0.0000000000
16986  -37.067  -60.072  19.822 0.0000000000
17734  -37.575  -58.500  21.078 0.0000000000
19180  -41.203  -56.552  26.612 0.0000000000
108529  -40.516  -56.679  24.935 0.0000000000
122766  -39.391  -56.564  25.643 0.0000000000
20798  -34.703  -54.769  26.069 0.0000000000
20022  -35.542  -55.473  24.580 0.0000000000
20820  -34.110  -54.747  23.839 0.0000000000
20040  -34.656  -55.304  22.443 0.0000000000
9927  -44.841  -69.281  11.611 0.0000000000
9288  -43.890  -71.076  12.485 0.0000000000
9302  -44.544  -70.267  9.904 0.0000000000
105760  -41.709  -75.382  8.868 0.0000000000
114060  -41.128  -60.697  12.644 0.0000000000
15466  -39.597  -61.286  15.038 0.0000000000
13249  -36.039  -64.469  16.224 0.0000000000
15447  -39.491  -61.087  17.831 0.0000000000
112576  -42.180  -62.209  17.627 0.0000000000
110430  -40.645  -60.313  17.500 0.0000000000
17014  -41.108  -59.604  17.432 0.0000000000
107127  -42.625  -58.887  17.538 0.0000000000
14628  -42.713  -62.351  22.037 0.0000000000
16950  -42.148  -58.903  22.080 0.0000000000
17737  -40.866  -58.273  21.825 0.0000000000
19968  -38.723  -55.502  28.375 0.0000000000
19176  -38.045  -56.315  26.501 0.0000000000
127713  -36.487  -54.888  27.771 0.0000000000
20772  -35.455  -54.555  27.278 0.0000000000
21520  -33.776  -52.972  27.098 0.0000000000
10630  -44.024  -67.559  10.658 0.0000000000
122663  -43.384  -69.289  10.052 0.0000000000
116883  -42.073  -68.646  12.038 0.0000000000
8681  -40.323  -71.293  12.354 0.0000000000
8064  -39.171  -72.362  12.438 0.0000000000
115633  -38.118  -72.316  13.215 0.0000000000
120165  -37.248  -71.338  14.399 0.0000000000
9252  -35.774  -70.225  15.218 0.0000000000
10588  -42.860  -68.598  16.431 0.0000000000
9896  -43.496  -69.517  14.994 0.0000000000
11274  -43.843  -67.256  14.571 0.0000000000
11290  -46.075  -66.597  12.193 0.0000000000
13970  -43.911  -63.209  17.354 0.0000000000
13263  -46.961  -64.480  14.650 0.0000000000
12661  -46.303  -65.745  11.447 0.0000000000
12630  -45.478  -64.624  12.445 0.0000000000
12629  -43.296  -64.897  13.392 0.0000000000
13270  -42.188  -64.494  14.447 0.0000000000
11243  -42.551  -67.739  18.222 0.0000000000
12580  -41.396  -65.555  18.579 0.0000000000
13212  -40.660  -64.359  19.172 0.0000000000
13922  -41.260  -63.076  21.134 0.0000000000
114438  -40.369  -63.111  20.419 0.0000000000
14656  -39.600  -62.420  18.743 0.0000000000
15420  -38.234  -60.995  19.079 0.0000000000
16984  -35.899  -59.221  18.942 0.0000000000
17750  -34.776  -58.043  18.956 0.0000000000
19252  -42.154  -56.842  23.359 0.0000000000
119183  -41.005  -56.978  22.787 0.0000000000
19271  -38.724  -56.381  22.444 0.0000000000
19193  -37.919  -56.436  25.026 0.0000000000
19247  -37.501  -55.998  23.213 0.0000000000
19278  -37.438  -56.062  22.000 0.0000000000
18489  -36.379  -56.826  21.341 0.0000000000
19285  -34.676  -56.774  20.696 0.0000000000
9270  -43.356  -70.845  14.083 0.0000000000
8047  -42.452  -72.989  13.130 0.0000000000
8703  -43.261  -72.488  8.771 0.0000000000
6970  -41.965  -76.049  10.102 0.0000000000
16251  -45.826  -59.322  16.151 0.0000000000
14699  -43.286  -62.195  15.233 0.0000000000
13260  -41.253  -64.137  15.122 0.0000000000
113427  -40.532  -62.955  15.480 0.0000000000
108068  -39.619  -65.036  15.420 0.0000000000
11950  -37.880  -66.852  15.465 0.0000000000
116516  -36.380  -67.301  15.621 0.0000000000
18522  -35.314  -57.856  17.921 0.0000000000
106280  -36.639  -57.979  17.427 0.0000000000
8641  -43.125  -71.043  16.442 0.0000000000
9245  -43.398  -70.217  15.948 0.0000000000
114856  -41.216  -66.145  14.193 0.0000000000
11302  -40.785  -67.648  13.805 0.0000000000
11287  -39.992  -67.411  14.489 0.0000000000
10614  -39.352  -68.121  14.548 0.0000000000
117237  -39.518  -66.808  14.959 0.0000000000
13968  -41.547  -63.947  17.955 0.0000000000
13234  -42.745  -64.601  17.332 0.0000000000
114238  -41.832  -63.372  17.795 0.0000000000
16239  -45.570  -60.604  17.561 0.0000000000
16240  -46.745  -60.508  17.272 0.0000000000
15454  -47.343  -61.207  16.809 0.0000000000
17019  -47.013  -59.911  17.062 0.0000000000
12539  -44.633  -65.482  21.030 0.0000000000
12557  -43.552  -65.288  20.868 0.0000000000
13925  -43.787  -64.031  21.542 0.0000000000
17736  -39.562  -58.261  21.605 0.0000000000
16188  -39.628  -60.331  21.346 0.0000000000
112323  -38.945  -58.636  21.414 0.0000000000
125611  -37.962  -58.953  21.092 0.0000000000
17735  -38.360  -58.294  21.338 0.0000000000
19146  -40.208  -56.131  28.119 0.0000000000
19147  -41.010  -56.003  28.640 0.0000000000
19161  -40.680  -56.441  27.347 0.0000000000
119346  -41.620  -56.454  27.503 0.0000000000
19179  -40.342  -56.550  26.510 0.0000000000
112819  -40.056  -56.605  25.699 0.0000000000
19178  -39.522  -56.518  26.370 0.0000000000
20796  -33.471  -54.034  25.251 0.0000000000
20813  -34.148  -54.607  24.793 0.0000000000
21546  -32.891  -53.779  23.834 0.0000000000
10632  -45.101  -68.438  10.808 0.0000000000
9939  -44.919  -69.298  10.356 0.0000000000
9950  -44.622  -69.483  9.592 0.0000000000
15465  -38.448  -62.011  15.052 0.0000000000
13995  -37.078  -63.527  15.805 0.0000000000
13994  -36.105  -63.311  15.617 0.0000000000
16234  -38.774  -60.480  17.810 0.0000000000
16235  -40.213  -60.899  17.627 0.0000000000
111068  -39.712  -60.378  17.559 0.0000000000
106278  -38.549  -58.136  17.281 0.0000000000
107130  -39.616  -58.959  17.295 0.0000000000
107129  -40.565  -58.912  17.346 0.0000000000
107128  -41.620  -58.888  17.460 0.0000000000
17787  -41.124  -58.141  17.413 0.0000000000
17738  -41.591  -58.346  21.956 0.0000000000
18494  -41.776  -57.756  22.174 0.0000000000
19955  -39.095  -55.063  29.023 0.0000000000
19967  -37.906  -55.332  28.182 0.0000000000
19966  -37.101  -55.122  27.985 0.0000000000
20771  -34.670  -54.087  27.109 0.0000000000
7461  -40.981  -73.684  15.001 0.0000000000
11304  -43.392  -66.980  11.687 0.0000000000
9938  -43.241  -68.445  10.724 0.0000000000
10629  -42.545  -67.856  11.999 0.0000000000
9925  -40.392  -69.107  13.462 0.0000000000
9286  -40.652  -70.233  12.748 0.0000000000
118285  -39.350  -71.496  13.064 0.0000000000
113644  -38.533  -72.886  12.412 0.0000000000
9895  -37.906  -68.958  14.941 0.0000000000
9268  -38.016  -70.534  14.403 0.0000000000
9267  -37.208  -70.529  14.741 0.0000000000
9266  -36.309  -70.991  14.869 0.0000000000
9253  -36.747  -69.991  15.078 0.0000000000
11262  -42.448  -67.498  16.674 0.0000000000
11273  -42.939  -67.579  15.617 0.0000000000
11973  -45.218  -66.891  13.459 0.0000000000
11954  -44.848  -66.502  14.348 0.0000000000
15451  -42.993  -61.787  17.582 0.0000000000
122374  -42.854  -62.336  17.572 0.0000000000
114389  -43.704  -62.350  17.530 0.0000000000
13985  -46.472  -63.585  16.261 0.0000000000
13252  -47.081  -63.856  15.128 0.0000000000
12631  -46.941  -65.214  12.757 0.0000000000
13273  -47.015  -64.594  13.431 0.0000000000
12645  -46.248  -65.342  11.657 0.0000000000
14014  -45.463  -63.456  13.798 0.0000000000
13271  -44.071  -63.993  13.727 0.0000000000
14013  -43.670  -63.372  14.446 0.0000000000
12555  -41.707  -65.049  20.143 0.0000000000
12571  -41.517  -65.611  19.344 0.0000000000
12570  -40.967  -65.037  18.968 0.0000000000
13203  -40.760  -64.208  19.791 0.0000000000
15384  -42.319  -61.540  22.163 0.0000000000
106123  -42.281  -63.042  21.571 0.0000000000
14627  -41.822  -62.285  21.749 0.0000000000
15413  -39.461  -61.838  20.548 0.0000000000
14638  -39.910  -62.499  20.503 0.0000000000
14637  -39.421  -62.400  20.011 0.0000000000
13935  -39.783  -62.884  19.771 0.0000000000
14647  -39.367  -62.346  19.377 0.0000000000
14646  -39.129  -61.975  18.927 0.0000000000
16210  -38.286  -61.006  19.722 0.0000000000
16979  -36.631  -59.371  20.178 0.0000000000
16985  -36.468  -59.624  19.402 0.0000000000
17752  -35.920  -59.031  19.731 0.0000000000
17751  -35.283  -58.581  19.164 0.0000000000
18509  -34.865  -57.932  19.635 0.0000000000
19221  -42.423  -56.670  24.177 0.0000000000
19219  -40.134  -56.655  24.137 0.0000000000
19220  -40.943  -56.750  24.098 0.0000000000
19249  -39.800  -56.525  23.263 0.0000000000
114702  -40.241  -56.769  22.655 0.0000000000
19248  -38.943  -56.355  23.206 0.0000000000
19990  -36.596  -55.744  26.479 0.0000000000
19175  -37.335  -56.249  25.936 0.0000000000
20002  -36.482  -55.902  25.678 0.0000000000
20037  -36.162  -55.725  23.837 0.0000000000
19215  -36.898  -56.033  24.024 0.0000000000
19246  -36.781  -55.794  23.075 0.0000000000
112286  -37.299  -55.910  22.519 0.0000000000
19269  -36.669  -55.819  22.247 0.0000000000
127260  -36.816  -56.171  21.776 0.0000000000
19268  -35.980  -56.082  21.720 0.0000000000
20039  -33.886  -55.056  22.064 0.0000000000
20045  -34.436  -55.614  21.694 0.0000000000
20044  -33.645  -55.415  21.176 0.0000000000
19284  -34.061  -56.530  20.245 0.0000000000
9255  -43.584  -70.161  14.595 0.0000000000
9271  -44.045  -70.234  13.325 0.0000000000
8682  -43.752  -72.200  11.454 0.0000000000
8065  -43.288  -73.158  11.531 0.0000000000
7493  -42.247  -74.265  12.157 0.0000000000
9300  -42.925  -71.376  9.353 0.0000000000
6390  -41.398  -76.721  9.675 0.0000000000
6971  -42.296  -75.272  9.268 0.0000000000
17030  -46.718  -58.826  16.804 0.0000000000
17805  -46.190  -57.884  16.441 0.0000000000
15469  -42.903  -61.263  15.491 0.0000000000
125605  -41.893  -63.051  15.261 0.0000000000
14698  -42.051  -62.419  15.339 0.0000000000
13997  -38.901  -63.266  15.651 0.0000000000
14696  -40.096  -62.053  15.369 0.0000000000
112604  -39.766  -63.071  15.544 0.0000000000
13258  -39.519  -64.031  15.632 0.0000000000
13257  -38.953  -64.664  15.664 0.0000000000
12610  -38.860  -65.495  15.524 0.0000000000
11951  -38.073  -65.903  15.665 0.0000000000
11941  -36.093  -66.023  16.060 0.0000000000
11949  -36.590  -66.581  15.784 0.0000000000
11948  -35.822  -66.789  15.839 0.0000000000
17782  -36.346  -58.683  17.746 0.0000000000
17011  -38.271  -59.600  17.554 0.0000000000
17783  -37.079  -58.757  17.497 0.0000000000
106279  -37.568  -58.133  17.332 0.0000000000
107125  -38.090  -57.375  17.313 0.0000000000
113637  -36.688  -54.377  28.361 0.0000000000
21502  -36.925  -53.123  29.309 0.0000000000
8650  -42.670  -71.448  14.830 0.0000000000
11303  -41.827  -67.254  13.063 0.0000000000
9924  -39.662  -69.719  13.780 0.0000000000
9269  -38.898  -70.143  14.111 0.0000000000
9909  -39.032  -69.396  14.292 0.0000000000
10613  -38.725  -68.730  14.665 0.0000000000
10597  -38.142  -68.207  15.069 0.0000000000
12588  -41.694  -65.139  17.906 0.0000000000
12589  -42.478  -65.605  17.171 0.0000000000
125116  -43.165  -65.008  16.920 0.0000000000
13251  -44.147  -64.585  16.666 0.0000000000
15452  -44.304  -61.354  17.607 0.0000000000
117601  -44.861  -62.016  17.490 0.0000000000
125972  -45.824  -61.364  17.477 0.0000000000
14675  -47.158  -62.032  16.771 0.0000000000
13986  -47.116  -63.109  15.623 0.0000000000
14003  -47.012  -63.486  14.686 0.0000000000
109200  -47.068  -62.835  15.426 0.0000000000
14701  -46.764  -62.615  15.022 0.0000000000
15471  -46.539  -61.556  15.674 0.0000000000
13205  -42.593  -65.121  20.598 0.0000000000
13187  -42.122  -64.351  20.807 0.0000000000
16190  -41.262  -60.735  21.894 0.0000000000
107646  -40.731  -61.333  21.572 0.0000000000
16189  -40.583  -60.318  21.675 0.0000000000
16201  -38.494  -60.775  20.425 0.0000000000
16200  -37.804  -60.444  20.141 0.0000000000
16980  -38.186  -60.135  20.725 0.0000000000
16966  -37.532  -59.538  20.657 0.0000000000
17743  -36.231  -58.562  20.469 0.0000000000
19181  -42.080  -56.528  26.657 0.0000000000
19194  -41.720  -56.616  25.830 0.0000000000
119720  -41.468  -56.685  24.853 0.0000000000
112818  -40.870  -56.634  25.754 0.0000000000
108530  -39.705  -56.623  24.957 0.0000000000
108010  -38.834  -56.541  25.115 0.0000000000
20001  -35.342  -55.171  26.112 0.0000000000
119060  -35.745  -55.508  25.476 0.0000000000
20000  -34.889  -55.055  25.318 0.0000000000
20021  -34.797  -55.123  24.259 0.0000000000
20036  -35.449  -55.449  23.605 0.0000000000
20041  -35.382  -55.480  22.732 0.0000000000
20035  -34.755  -55.165  23.295 0.0000000000
20824  -34.062  -54.846  22.914 0.0000000000
20823  -33.350  -54.500  22.523 0.0000000000
10631  -44.814  -68.821  12.229 0.0000000000
116244  -44.510  -69.613  12.642 0.0000000000
8683  -44.540  -70.183  11.634 0.0000000000
8695  -44.350  -71.261  10.548 0.0000000000
8694  -44.033  -72.155  9.606 0.0000000000
8077  -41.914  -73.680  9.144 0.0000000000
119182  -40.023  -61.043  12.998 0.0000000000
111769  -39.842  -60.757  13.845 0.0000000000
16266  -40.416  -60.460  14.445 0.0000000000
15484  -39.029  -61.416  14.679 0.0000000000
114558  -38.287  -62.710  15.462 0.0000000000
13996  -38.029  -63.415  15.728 0.0000000000
12609  -37.351  -65.245  15.958 0.0000000000
12602  -36.471  -65.225  16.150 0.0000000000
12601  -35.641  -65.286  16.260 0.0000000000
14669  -40.169  -62.253  18.103 0.0000000000
14671  -41.547  -62.763  17.762 0.0000000000
15449  -41.117  -62.001  17.693 0.0000000000
16236  -41.130  -61.036  17.592 0.0000000000
16237  -42.144  -60.788  17.595 0.0000000000
17012  -39.179  -59.654  17.439 0.0000000000
17013  -40.123  -59.638  17.385 0.0000000000
110429  -41.642  -60.255  17.521 0.0000000000
17015  -42.156  -59.556  17.515 0.0000000000
17016  -43.420  -59.390  17.579 0.0000000000
17789  -43.842  -58.332  17.542 0.0000000000
16173  -42.875  -60.691  22.390 0.0000000000
115839  -42.515  -59.757  22.256 0.0000000000
16172  -41.980  -60.686  22.170 0.0000000000
106999  -40.947  -59.131  21.786 0.0000000000
118802  -40.206  -58.701  21.658 0.0000000000
19969  -39.552  -55.601  28.612 0.0000000000
19145  -39.203  -56.054  27.870 0.0000000000
19159  -38.781  -56.325  27.023 0.0000000000
19983  -38.333  -55.877  27.701 0.0000000000
19982  -37.538  -55.666  27.527 0.0000000000
19981  -36.695  -55.396  27.267 0.0000000000
126461  -36.082  -54.925  27.392 0.0000000000
19980  -35.870  -55.184  26.782 0.0000000000
20782  -35.039  -54.698  26.641 0.0000000000
20781  -34.309  -54.271  26.428 0.0000000000
21528  -33.608  -53.844  26.101 0.0000000000
110964  -45.012  -67.655  10.243 0.0000000000
10656  -44.297  -68.923  9.759 0.0000000000
9937  -42.393  -69.324  11.172 0.0000000000
9287  -41.861  -70.248  11.282 0.0000000000
9299  -41.435  -71.216  11.089 0.0000000000
8076  -39.602  -73.582  11.086 0.0000000000
120107  -38.017  -71.316  14.038 0.0000000000
8679  -37.686  -71.850  13.856 0.0000000000
8046  -36.929  -72.073  14.106 0.0000000000
8662  -36.391  -71.752  14.486 0.0000000000
108898  -35.267  -71.892  14.649 0.0000000000
9888  -43.300  -69.530  16.079 0.0000000000
10599  -43.194  -68.626  15.328 0.0000000000
10600  -43.697  -68.757  14.481 0.0000000000
10617  -44.465  -68.397  13.446 0.0000000000
11289  -44.782  -67.603  13.383 0.0000000000
11305  -45.377  -67.528  11.509 0.0000000000
12001  -45.972  -66.270  11.389 0.0000000000
14672  -42.641  -62.894  17.636 0.0000000000
13235  -43.618  -63.962  17.230 0.0000000000
14673  -44.770  -62.605  17.386 0.0000000000
111906  -46.073  -64.348  15.926 0.0000000000
11955  -46.557  -65.355  14.040 0.0000000000
11990  -46.539  -65.839  11.882 0.0000000000
117284  -45.350  -67.051  10.724 0.0000000000
12000  -45.656  -66.363  11.089 0.0000000000
11988  -44.394  -66.221  11.514 0.0000000000
125554  -43.374  -65.955  12.410 0.0000000000
13272  -46.428  -64.141  12.952 0.0000000000
12644  -44.401  -65.455  12.191 0.0000000000
11972  -42.499  -65.819  13.285 0.0000000000
12628  -41.721  -65.318  14.261 0.0000000000
12612  -41.156  -64.830  14.886 0.0000000000
10582  -43.473  -68.993  17.380 0.0000000000
10581  -42.648  -68.169  17.356 0.0000000000
11242  -41.916  -66.864  17.981 0.0000000000
11907  -42.304  -66.587  19.427 0.0000000000
11921  -41.725  -66.286  18.641 0.0000000000
11930  -41.741  -66.051  17.889 0.0000000000
119716  -41.187  -64.996  18.513 0.0000000000
13224  -41.305  -64.537  18.226 0.0000000000
13958  -40.956  -64.069  18.354 0.0000000000
13924  -42.737  -63.799  21.372 0.0000000000
13923  -41.998  -63.632  21.170 0.0000000000
13937  -41.515  -63.838  20.770 0.0000000000
110946  -40.998  -62.132  21.438 0.0000000000
14626  -40.519  -62.579  20.985 0.0000000000
13936  -40.840  -63.749  20.366 0.0000000000
13947  -40.321  -63.623  19.561 0.0000000000
13946  -39.869  -63.035  19.079 0.0000000000
14657  -40.247  -62.935  18.494 0.0000000000
15433  -39.410  -61.743  18.328 0.0000000000
123578  -38.909  -61.180  18.215 0.0000000000
15431  -38.345  -60.822  18.442 0.0000000000
16209  -37.630  -60.528  19.411 0.0000000000
16208  -36.984  -60.135  19.058 0.0000000000
16995  -37.156  -59.901  18.275 0.0000000000
17764  -36.194  -59.141  18.277 0.0000000000
105836  -35.100  -58.161  18.516 0.0000000000
126736  -41.690  -56.751  23.918 0.0000000000
19251  -41.367  -56.826  23.329 0.0000000000
18478  -41.421  -57.361  22.463 0.0000000000
18477  -40.658  -57.208  22.317 0.0000000000
18476  -39.903  -56.978  22.136 0.0000000000
18492  -39.452  -57.431  21.795 0.0000000000
19177  -38.794  -56.495  26.079 0.0000000000
107022  -38.185  -56.451  25.750 0.0000000000
19217  -38.481  -56.449  24.164 0.0000000000
20023  -36.301  -55.851  24.797 0.0000000000
19216  -37.671  -56.280  24.123 0.0000000000
120971  -38.206  -56.200  23.300 0.0000000000
125155  -38.494  -56.212  22.818 0.0000000000
19279  -38.198  -56.533  21.898 0.0000000000
18491  -38.699  -57.304  21.678 0.0000000000
18490  -37.870  -57.420  21.446 0.0000000000
17733  -36.863  -57.782  21.097 0.0000000000
18499  -35.876  -57.689  20.791 0.0000000000
20046  -35.286  -55.671  22.023 0.0000000000
18488  -35.463  -56.868  21.076 0.0000000000
18498  -35.091  -57.527  20.410 0.0000000000
18497  -34.448  -57.250  19.952 0.0000000000
18507  -33.937  -56.763  19.348 0.0000000000
8649  -42.386  -72.219  14.160 0.0000000000
8663  -43.142  -71.693  13.438 0.0000000000
7472  -41.487  -73.764  13.677 0.0000000000
9949  -44.090  -69.835  9.404 0.0000000000
8704  -43.857  -71.921  8.819 0.0000000000
123452  -43.721  -72.588  9.058 0.0000000000
8078  -42.628  -73.039  8.905 0.0000000000
7531  -42.846  -74.149  8.906 0.0000000000
7513  -42.840  -74.537  10.307 0.0000000000
107126  -36.690  -57.042  17.358 0.0000000000
106276  -40.575  -57.388  17.420 0.0000000000
17788  -42.367  -58.147  17.501 0.0000000000
17790  -45.570  -58.109  17.425 0.0000000000
17018  -46.765  -58.990  17.060 0.0000000000
15462  -46.895  -60.422  16.469 0.0000000000
125760  -45.877  -61.967  15.149 0.0000000000
108717  -45.146  -60.489  15.844 0.0000000000
15470  -44.510  -61.460  15.461 0.0000000000
14000  -42.808  -62.973  15.021 0.0000000000
13261  -42.352  -63.649  14.846 0.0000000000
12611  -40.525  -65.512  14.915 0.0000000000
16254  -40.258  -61.015  15.108 0.0000000000
16255  -41.018  -60.623  15.088 0.0000000000
15467  -41.202  -61.613  15.368 0.0000000000
13998  -40.443  -63.696  15.453 0.0000000000
13259  -40.395  -64.547  15.299 0.0000000000
11952  -39.569  -66.004  15.173 0.0000000000
119127  -38.765  -66.583  15.299 0.0000000000
11271  -38.381  -67.472  15.189 0.0000000000
11270  -37.645  -67.653  15.341 0.0000000000
107320  -37.121  -67.097  15.566 0.0000000000
10595  -36.614  -68.561  15.370 0.0000000000
9893  -36.228  -69.355  15.308 0.0000000000
6991  -41.814  -76.116  9.159 0.0000000000
7494  -42.817  -73.812  11.756 0.0000000000
7514  -43.319  -73.796  10.056 0.0000000000
7530  -42.082  -74.648  8.774 0.0000000000
8048  -42.958  -72.438  12.845 0.0000000000
8062  -36.645  -72.774  13.709 0.0000000000
8089  -43.354  -73.181  9.082 0.0000000000
8705  -44.191  -71.172  9.361 0.0000000000
9301  -43.125  -70.133  9.784 0.0000000000
9311  -43.924  -70.842  9.091 0.0000000000
9312  -44.331  -70.283  9.343 0.0000000000
9907  -37.586  -69.774  14.842 0.0000000000
9910  -39.533  -68.882  14.175 0.0000000000
10616  -43.599  -67.976  14.559 0.0000000000
10645  -44.501  -68.136  10.034 0.0000000000
11253  -42.233  -67.373  17.470 0.0000000000
11268  -36.137  -68.006  15.526 0.0000000000
11269  -36.898  -67.831  15.445 0.0000000000
11272  -39.114  -67.421  14.934 0.0000000000
11288  -40.926  -66.947  14.036 0.0000000000
11322  -44.921  -66.963  10.649 0.0000000000
11323  -45.131  -67.709  10.435 0.0000000000
11922  -42.152  -67.009  18.691 0.0000000000
11974  -46.520  -65.948  12.763 0.0000000000
11989  -45.713  -65.797  11.243 0.0000000000
12646  -46.720  -65.485  12.022 0.0000000000
13213  -41.092  -64.781  19.599 0.0000000000
13223  -40.875  -64.509  18.702 0.0000000000
13290  -46.830  -64.923  12.332 0.0000000000
13957  -40.489  -63.772  18.766 0.0000000000
13967  -40.942  -63.406  18.103 0.0000000000
13971  -45.543  -63.084  17.086 0.0000000000
13982  -35.617  -63.807  16.099 0.0000000000
13983  -36.343  -63.848  16.045 0.0000000000
13999  -41.262  -63.383  15.320 0.0000000000
14001  -44.320  -62.864  14.621 0.0000000000
14015  -46.938  -63.889  13.751 0.0000000000
14629  -43.195  -63.145  21.826 0.0000000000
14676  -47.305  -61.607  16.692 0.0000000000
14686  -47.193  -62.251  16.225 0.0000000000
14687  -47.266  -61.561  16.578 0.0000000000
14695  -39.124  -62.418  15.438 0.0000000000
14697  -41.160  -62.590  15.419 0.0000000000
14702  -47.122  -62.125  15.836 0.0000000000
15400  -40.207  -61.971  21.135 0.0000000000
15421  -38.813  -61.641  19.385 0.0000000000
15422  -39.119  -62.003  19.868 0.0000000000
15432  -38.766  -61.444  18.755 0.0000000000
15448  -40.213  -61.532  17.789 0.0000000000
15450  -42.093  -61.457  17.596 0.0000000000
15463  -47.285  -60.903  16.813 0.0000000000
16202  -39.156  -61.024  20.823 0.0000000000
16218  -37.648  -60.475  18.703 0.0000000000
16233  -37.859  -60.195  17.967 0.0000000000
16241  -47.262  -60.619  16.918 0.0000000000
16252  -47.096  -59.894  16.922 0.0000000000
16265  -39.635  -60.935  14.456 0.0000000000
16299  -42.522  -60.219  12.416 0.0000000000
16967  -38.431  -59.347  21.138 0.0000000000
16968  -39.376  -59.319  21.416 0.0000000000
16970  -41.578  -59.767  22.011 0.0000000000
16994  -36.531  -59.595  18.630 0.0000000000
17009  -36.735  -59.314  17.896 0.0000000000
17744  -36.941  -58.818  20.712 0.0000000000
17763  -35.657  -58.613  18.288 0.0000000000
17784  -37.914  -58.849  17.378 0.0000000000
17785  -39.254  -58.420  17.307 0.0000000000
17786  -40.054  -58.273  17.326 0.0000000000
17801  -46.487  -58.184  16.927 0.0000000000
18493  -41.119  -57.723  22.054 0.0000000000
18508  -34.412  -57.514  19.148 0.0000000000
18537  -34.975  -57.106  17.797 0.0000000000
19158  -37.975  -56.101  27.155 0.0000000000
19192  -37.069  -56.218  24.968 0.0000000000
19250  -40.584  -56.700  23.314 0.0000000000
19270  -38.019  -56.113  22.495 0.0000000000
19272  -41.797  -57.059  22.851 0.0000000000
19276  -34.222  -56.077  20.956 0.0000000000
19277  -34.980  -56.202  21.407 0.0000000000
19280  -39.113  -56.794  22.052 0.0000000000
19991  -37.330  -55.976  26.850 0.0000000000
20761  -35.974  -54.412  27.842 0.0000000000
20797  -34.152  -54.451  25.687 0.0000000000
21510  -36.625  -53.648  28.810 0.0000000000
21529  -33.947  -53.624  26.814 0.0000000000
105827  -46.261  -58.691  17.305 0.0000000000
106196  -38.251  -64.897  15.799 0.0000000000
106291  -41.037  -56.328  28.020 0.0000000000
106331  -36.120  -72.299  14.255 0.0000000000
107628  -40.289  -57.713  21.864 0.0000000000
108411  -42.226  -56.621  25.131 0.0000000000
109335  -39.236  -61.732  15.190 0.0000000000
110428  -42.774  -60.217  17.572 0.0000000000
110956  -46.270  -59.618  17.423 0.0000000000
111221  -42.965  -56.804  23.397 0.0000000000
114396  -37.303  -56.650  21.614 0.0000000000
114425  -42.072  -73.533  13.153 0.0000000000
114471  -36.931  -62.936  15.384 0.0000000000
117158  -37.691  -64.208  15.930 0.0000000000
117682  -39.473  -56.581  22.549 0.0000000000
120194  -42.647  -71.426  15.825 0.0000000000
122664  -37.305  -57.459  17.334 0.0000000000
122821  -35.924  -55.701  22.283 0.0000000000
123047  -43.903  -64.812  21.240 0.0000000000
124430  -35.609  -67.524  15.680 0.0000000000
125876  -46.915  -59.564  16.733 0.0000000000
126021  -33.764  -55.924  20.517 0.0000000000
126918  -41.595  -58.997  21.933 0.0000000000
