#!ascii label  , from subject sub-v1s5x0050734_ses-1 vox2ras=TkReg
713
16188  19.304  -65.393  -2.329 0.6000000238
13517  23.080  -68.817  5.840 0.6999999881
14433  22.834  -67.634  3.961 0.6999999881
112750  21.913  -68.247  0.848 0.8999999762
14485  21.344  -67.784  0.261 0.8000000119
15317  19.825  -66.553  -0.805 0.8000000119
16178  19.081  -65.595  -1.702 0.6000000238
17932  19.026  -64.033  -2.292 0.6999999881
17925  19.512  -63.209  -2.240 0.6999999881
13518  22.768  -67.996  5.683 0.6999999881
13512  22.669  -68.566  6.487 0.6999999881
13532  22.914  -67.862  4.869 0.6999999881
15251  22.274  -66.864  3.791 0.6000000238
14434  22.572  -67.315  3.286 0.6999999881
13559  22.543  -67.583  2.550 0.6999999881
15288  22.047  -66.996  2.020 0.8000000119
15290  20.718  -66.175  0.660 0.8000000119
15304  21.151  -66.923  0.465 0.8000000119
15305  20.476  -66.648  -0.146 0.8000000119
15318  19.298  -65.920  -0.955 0.6000000238
17057  18.371  -64.093  -1.761 0.6000000238
17926  18.538  -63.250  -1.917 0.6999999881
18758  20.239  -62.486  -2.037 0.6999999881
14402  22.270  -67.638  6.392 0.5000000000
13504  22.314  -68.813  7.304 0.6000000238
14410  22.149  -67.117  5.711 0.4000000060
132289  22.578  -67.504  5.248 0.6000000238
15238  21.571  -66.335  4.396 0.5000000000
16130  21.009  -65.723  3.090 0.6000000238
15268  21.612  -66.294  2.519 0.8000000119
130657  20.794  -65.820  1.415 0.6999999881
16153  20.255  -65.488  0.919 0.6999999881
130211  18.884  -64.801  0.010 0.6999999881
17048  17.901  -64.167  -1.054 0.5000000000
18760  17.912  -62.590  -1.565 0.6000000238
18749  18.123  -62.030  -1.279 0.6000000238
18759  19.086  -62.429  -1.679 0.6000000238
19686  21.449  -61.485  -1.428 0.5000000000
14395  21.477  -67.426  7.542 0.5000000000
13505  21.779  -68.267  7.782 0.6000000238
13496  21.458  -68.577  8.471 0.6000000238
115477  21.760  -67.311  6.915 0.5000000000
15252  21.642  -66.269  3.461 0.5000000000
16131  20.372  -65.280  2.706 0.6000000238
16132  19.758  -64.841  2.316 0.6000000238
17037  18.840  -64.448  0.844 0.6000000238
17038  18.213  -64.343  -0.106 0.5000000000
17039  17.431  -63.738  -0.340 0.5000000000
123134  17.098  -62.970  -1.224 0.6000000238
18750  17.260  -62.233  -1.259 0.6000000238
19677  19.278  -61.817  -1.088 0.5000000000
121607  19.513  -61.653  0.004 0.5000000000
19663  21.879  -61.354  0.023 0.5000000000
19676  20.493  -61.538  -0.935 0.5000000000
14389  21.278  -67.708  8.282 0.5000000000
13497  21.049  -67.976  9.090 0.5000000000
116009  21.230  -66.492  6.120 0.5000000000
15229  20.589  -66.035  5.748 0.4000000060
129427  19.488  -65.282  5.278 0.3000000119
16100  19.733  -65.308  4.558 0.4000000060
16101  19.404  -64.898  4.084 0.3000000119
16989  19.265  -64.473  4.066 0.3000000119
16109  19.673  -64.845  3.219 0.5000000000
17010  19.189  -64.430  2.834 0.5000000000
17900  17.968  -63.646  2.152 0.5000000000
17027  17.814  -63.911  0.640 0.5000000000
17910  16.891  -63.353  0.308 0.5000000000
17918  16.724  -63.055  -0.680 0.6000000238
19679  16.574  -61.987  -0.835 0.6000000238
111873  18.378  -61.610  -0.432 0.5000000000
19664  20.678  -61.649  0.081 0.5000000000
14390  20.827  -67.176  8.676 0.5000000000
14396  20.808  -66.817  8.024 0.5000000000
117494  19.924  -65.683  7.018 0.5000000000
16073  19.537  -65.246  6.500 0.4000000060
16088  19.736  -65.523  5.818 0.5000000000
120513  19.343  -65.112  5.735 0.4000000060
17855  19.333  -64.326  4.497 0.3000000119
17879  18.991  -63.871  3.905 0.3000000119
17887  18.211  -63.541  2.796 0.4000000060
17901  17.334  -63.462  1.409 0.5000000000
17902  16.426  -62.846  0.879 0.4000000060
19678  17.280  -61.731  -0.823 0.5000000000
19666  17.615  -61.256  0.182 0.5000000000
19665  18.756  -61.365  0.760 0.5000000000
19649  20.941  -61.701  1.167 0.5000000000
20587  20.173  -61.282  2.035 0.4000000060
19650  19.812  -61.545  1.113 0.5000000000
115992  20.606  -67.061  9.268 0.5000000000
15211  20.397  -66.383  8.642 0.5000000000
16064  19.673  -65.219  7.268 0.5000000000
16065  19.517  -64.983  6.870 0.4000000060
16966  19.765  -64.461  6.038 0.4000000060
17864  19.870  -63.570  4.874 0.3000000119
17866  18.851  -63.218  3.881 0.3000000119
18728  17.832  -62.966  3.014 0.4000000060
18729  16.985  -62.489  2.416 0.4000000060
17888  17.502  -63.204  2.281 0.4000000060
17889  16.809  -62.913  1.709 0.4000000060
18736  15.799  -62.069  0.439 0.5000000000
19668  15.609  -61.244  0.563 0.5000000000
116691  15.922  -61.821  -0.188 0.6000000238
20596  18.158  -61.016  1.079 0.4000000060
20588  19.101  -61.023  1.727 0.5000000000
16054  20.061  -65.449  8.737 0.4000000060
16955  19.848  -64.590  6.707 0.4000000060
112931  19.827  -65.135  7.939 0.4000000060
17846  20.727  -63.912  6.196 0.4000000060
125595  20.728  -63.131  5.238 0.4000000060
18710  19.682  -62.858  4.510 0.4000000060
19606  18.717  -61.882  4.063 0.4000000060
18718  18.381  -62.618  3.643 0.4000000060
18719  17.601  -62.253  3.209 0.4000000060
19637  16.946  -61.874  2.875 0.4000000060
18730  16.161  -62.270  1.439 0.5000000000
19652  15.517  -61.380  1.215 0.5000000000
19669  15.430  -60.637  0.874 0.6000000238
19651  16.984  -60.700  0.635 0.5000000000
121296  17.000  -59.869  1.209 0.4000000060
20589  18.165  -60.357  1.535 0.4000000060
16920  20.225  -64.915  9.441 0.4000000060
17829  21.034  -64.051  7.134 0.4000000060
131260  20.631  -64.376  8.020 0.4000000060
18700  20.381  -62.628  4.849 0.4000000060
19618  18.055  -61.890  3.664 0.4000000060
20566  17.182  -60.869  3.485 0.4000000060
19621  15.772  -60.981  2.334 0.4000000060
19639  15.376  -60.725  1.588 0.5000000000
20599  15.413  -60.175  1.233 0.4000000060
20590  16.155  -60.223  0.760 0.6000000238
17808  20.809  -64.299  8.693 0.4000000060
132096  22.279  -63.332  7.241 0.4000000060
17844  21.758  -63.364  6.378 0.4000000060
18699  21.275  -62.400  5.338 0.4000000060
19596  20.524  -61.651  4.935 0.4000000060
19597  19.858  -60.957  4.768 0.4000000060
20533  19.362  -60.274  4.669 0.5000000000
120932  18.103  -61.141  3.926 0.4000000060
121445  17.784  -60.340  3.875 0.3000000119
20551  16.986  -60.138  3.461 0.3000000119
20567  16.291  -60.571  2.955 0.4000000060
21478  15.332  -59.421  1.827 0.4000000060
21489  15.453  -59.575  1.593 0.4000000060
20598  15.583  -60.192  0.945 0.5000000000
17795  20.606  -64.436  9.424 0.4000000060
18692  21.919  -62.769  5.874 0.4000000060
19595  21.170  -61.224  5.359 0.4000000060
20532  20.054  -60.211  5.052 0.3000000119
21420  19.669  -59.572  4.918 0.3000000119
21438  18.195  -59.655  4.164 0.3000000119
129913  17.560  -59.727  3.774 0.3000000119
21460  16.172  -59.778  2.943 0.3000000119
22292  15.422  -58.885  1.877 0.4000000060
23127  15.725  -58.447  1.672 0.4000000060
17807  21.627  -63.828  8.213 0.3000000119
18691  22.490  -62.633  6.484 0.3000000119
19586  22.099  -61.731  5.825 0.3000000119
20521  21.627  -60.509  5.713 0.3000000119
20531  20.771  -60.272  5.391 0.3000000119
116799  19.926  -58.984  5.156 0.3000000119
21421  18.952  -59.590  4.557 0.4000000060
119505  18.504  -57.947  4.328 0.4000000060
22270  18.532  -58.776  4.369 0.3000000119
21439  17.723  -59.021  3.859 0.3000000119
119466  16.171  -58.211  2.783 0.3000000119
23111  15.811  -57.689  2.329 0.4000000060
23910  15.702  -57.389  1.948 0.4000000060
23918  16.088  -56.781  1.774 0.4000000060
22261  19.364  -58.884  4.773 0.4000000060
23092  18.836  -57.341  4.482 0.4000000060
23093  18.158  -57.362  4.039 0.4000000060
23094  17.348  -57.453  3.592 0.3000000119
23110  16.448  -57.515  3.056 0.4000000060
123042  16.353  -56.005  2.751 0.4000000060
24671  16.166  -55.218  2.086 0.4000000060
23900  15.697  -57.213  2.028 0.4000000060
23909  15.948  -56.273  2.051 0.4000000060
24653  18.038  -55.925  3.869 0.4000000060
24654  17.118  -55.982  3.454 0.5000000000
125328  16.624  -55.279  3.181 0.4000000060
25467  16.259  -54.512  2.951 0.4000000060
24680  16.248  -55.652  1.859 0.3000000119
25477  16.134  -54.490  2.464 0.3000000119
14468  21.728  -67.354  1.112 0.8000000119
16179  18.582  -64.840  -1.408 0.6000000238
16169  19.188  -65.315  -0.414 0.6999999881
15228  21.469  -66.437  5.297 0.4000000060
16107  20.805  -65.754  4.036 0.4000000060
16152  21.000  -65.763  2.172 0.6999999881
16154  19.692  -64.901  1.373 0.6999999881
16170  18.564  -64.836  -0.711 0.6999999881
15219  20.914  -66.536  7.062 0.5000000000
17026  18.277  -63.970  1.605 0.5000000000
16990  18.853  -64.030  3.328 0.4000000060
17911  16.227  -62.671  -0.005 0.6000000238
19667  16.428  -61.452  -0.152 0.5000000000
132452  15.835  -61.394  0.142 0.6000000238
20549  19.048  -61.075  4.381 0.3000000119
20568  15.471  -60.141  2.224 0.4000000060
17794  21.293  -63.886  9.261 0.4000000060
21440  16.937  -59.347  3.450 0.3000000119
22272  16.963  -58.373  3.443 0.3000000119
23887  16.732  -56.712  3.254 0.3000000119
25487  16.240  -54.659  1.988 0.3000000119
10225  22.543  -72.402  -0.445 0.6000000238
10237  22.302  -72.243  -1.221 0.6000000238
10268  23.454  -72.179  -3.206 0.6000000238
121922  23.187  -71.004  -4.244 0.6000000238
9425  23.647  -73.743  0.513 0.5000000000
10212  22.776  -72.543  0.214 0.6000000238
134171  22.396  -71.229  0.494 0.6999999881
11006  22.398  -71.849  0.236 0.6999999881
10224  23.223  -73.057  -0.183 0.6000000238
11029  21.801  -71.659  -1.365 0.6000000238
10252  22.261  -71.941  -1.980 0.6000000238
11906  22.010  -70.752  -2.792 0.6000000238
11923  22.213  -70.257  -3.555 0.6000000238
11944  22.727  -70.153  -4.455 0.6000000238
12785  22.715  -69.252  -4.877 0.6000000238
13656  23.833  -68.738  -4.791 0.6999999881
9414  23.485  -73.680  1.859 0.6000000238
10991  23.336  -71.932  1.647 0.6999999881
134897  23.368  -73.512  1.152 0.5000000000
10198  23.324  -72.847  1.522 0.6999999881
11005  22.902  -72.269  0.877 0.6999999881
11849  21.950  -71.073  -0.001 0.6999999881
11019  21.566  -71.144  -0.822 0.6999999881
11907  21.371  -70.515  -2.043 0.5000000000
131360  22.028  -69.451  -4.048 0.6000000238
13658  22.497  -68.073  -4.793 0.6000000238
13657  23.126  -68.296  -4.901 0.6999999881
14538  23.129  -67.210  -3.963 0.6999999881
13638  24.300  -68.301  -3.105 0.6999999881
14517  24.027  -67.916  -2.296 0.6999999881
13554  29.297  -68.675  2.730 0.4000000060
112620  26.149  -67.595  2.328 0.5000000000
14482  25.224  -67.959  0.843 0.6000000238
13595  25.009  -68.212  -0.151 0.6000000238
14502  24.122  -67.758  -1.440 0.6999999881
8669  22.806  -74.965  4.068 0.5000000000
9401  23.685  -73.922  3.651 0.5000000000
112423  23.992  -72.422  2.899 0.6000000238
9408  23.647  -73.847  2.746 0.5000000000
10979  23.806  -71.716  2.448 0.6999999881
10192  23.664  -73.070  2.417 0.6000000238
11826  23.002  -70.387  1.472 0.6999999881
10992  22.816  -71.342  1.060 0.6999999881
12712  21.999  -70.086  0.279 0.6999999881
11886  21.231  -70.514  -1.187 0.6999999881
13659  21.834  -68.005  -4.529 0.6000000238
14539  22.510  -66.971  -4.268 0.6999999881
113140  23.201  -66.872  -3.025 0.6999999881
14518  23.606  -67.332  -2.117 0.6999999881
116283  24.304  -67.633  -0.494 0.6000000238
14503  23.599  -67.018  -1.003 0.6000000238
10153  22.752  -72.617  5.741 0.5000000000
8651  22.072  -74.300  4.976 0.4000000060
10168  23.923  -72.609  4.628 0.5000000000
9380  23.277  -73.127  5.169 0.5000000000
112660  24.000  -73.194  3.979 0.5000000000
10954  24.208  -71.622  4.330 0.6000000238
10965  24.174  -71.665  3.322 0.6000000238
12671  23.497  -69.365  2.700 0.6999999881
118328  23.954  -70.902  2.802 0.6000000238
12690  23.080  -69.499  1.847 0.6999999881
12691  22.541  -69.731  1.046 0.6999999881
12729  21.047  -69.810  -0.889 0.6999999881
12757  21.102  -69.664  -2.300 0.6999999881
122574  21.340  -69.206  -3.177 0.6999999881
13648  21.304  -68.021  -3.983 0.6999999881
15346  21.990  -66.865  -4.381 0.6999999881
15342  22.757  -66.484  -3.716 0.8000000119
15327  23.222  -66.526  -2.036 0.6999999881
112176  24.941  -66.908  1.750 0.5000000000
14484  23.958  -66.961  0.128 0.6000000238
116232  23.259  -66.190  -1.167 0.6000000238
9382  21.529  -73.560  5.467 0.4000000060
10944  23.623  -71.416  5.582 0.6000000238
10955  23.954  -71.796  5.032 0.6000000238
118921  24.058  -71.084  5.071 0.6000000238
111797  24.028  -70.055  4.161 0.6000000238
112047  23.327  -68.730  2.970 0.6000000238
13576  22.539  -68.758  1.465 0.6999999881
12713  21.501  -69.527  -0.200 0.6999999881
13613  20.978  -69.013  -0.706 0.6999999881
13614  20.516  -68.499  -1.213 0.8000000119
12730  20.741  -69.235  -1.336 0.8000000119
13639  20.484  -68.231  -2.574 0.6000000238
15344  21.451  -66.565  -3.981 0.6000000238
15334  22.514  -65.887  -3.512 0.8000000119
15333  22.872  -65.894  -2.961 0.6999999881
15285  25.277  -66.354  2.295 0.5000000000
15286  24.455  -66.132  1.669 0.6000000238
16168  23.242  -65.404  -0.834 0.6999999881
15266  25.050  -65.611  2.189 0.6000000238
10931  22.529  -71.386  6.551 0.5000000000
10134  21.330  -72.378  6.424 0.4000000060
10135  20.465  -72.416  6.380 0.4000000060
10930  23.225  -70.992  6.208 0.5000000000
10945  23.035  -71.811  6.019 0.5000000000
11785  23.670  -70.570  5.666 0.6000000238
12647  23.704  -69.346  4.689 0.6000000238
121611  23.184  -68.316  3.483 0.6000000238
128183  22.700  -68.214  2.113 0.6999999881
13597  21.459  -68.648  0.028 0.8000000119
14504  20.875  -68.196  -0.501 0.8000000119
14519  20.130  -67.871  -1.823 0.6000000238
15335  20.139  -66.654  -2.903 0.6000000238
16192  21.567  -65.735  -3.708 0.6999999881
16186  22.538  -65.103  -3.159 0.6999999881
17056  23.208  -64.315  -1.824 0.6999999881
15287  23.952  -65.556  1.155 0.6000000238
115851  23.400  -64.639  -0.564 0.6000000238
17909  24.210  -63.143  -0.368 0.6000000238
16151  24.463  -65.229  1.618 0.6000000238
17035  24.374  -63.779  0.529 0.6000000238
134205  22.817  -70.117  6.827 0.5000000000
10909  22.091  -71.012  7.115 0.5000000000
10933  20.844  -72.017  6.993 0.5000000000
10119  19.851  -72.074  7.001 0.5000000000
13511  23.073  -69.315  6.238 0.5000000000
12623  23.200  -70.107  6.357 0.5000000000
123549  23.268  -68.665  5.188 0.6000000238
14520  19.899  -67.148  -1.383 0.6999999881
15336  19.582  -66.128  -2.370 0.6000000238
131245  20.121  -66.027  -3.019 0.6000000238
17063  21.514  -64.412  -3.196 0.6000000238
17062  22.357  -64.286  -3.027 0.6999999881
17929  21.777  -63.509  -2.803 0.6000000238
17927  23.096  -63.236  -2.273 0.6000000238
17047  23.628  -63.679  -0.919 0.6999999881
16128  25.536  -65.194  2.275 0.5000000000
12613  22.285  -69.508  7.483 0.5000000000
118345  21.865  -69.885  7.917 0.5000000000
11735  20.549  -70.666  8.651 0.5000000000
11736  19.794  -70.934  8.960 0.5000000000
10880  18.994  -71.138  9.164 0.5000000000
10881  18.118  -71.070  9.198 0.5000000000
17065  19.505  -64.764  -2.584 0.6000000238
116425  20.846  -63.953  -2.927 0.6000000238
18762  22.312  -62.763  -2.437 0.4000000060
17923  23.409  -62.233  -1.873 0.5000000000
18748  23.685  -61.295  -1.392 0.4000000060
17908  24.839  -62.309  0.101 0.4000000060
17917  23.955  -62.280  -1.270 0.5000000000
12614  21.907  -69.099  7.962 0.6000000238
12598  21.362  -69.490  8.574 0.5000000000
11710  20.302  -70.247  9.439 0.5000000000
11711  19.459  -70.633  9.722 0.5000000000
11712  18.630  -70.787  9.889 0.5000000000
11713  17.729  -70.748  9.959 0.5000000000
11714  16.774  -70.648  10.116 0.4000000060
124004  15.875  -70.747  10.064 0.5000000000
11715  15.058  -70.897  9.989 0.4000000060
11716  14.258  -70.938  9.901 0.4000000060
10885  13.876  -71.336  9.287 0.4000000060
18757  21.081  -61.991  -2.009 0.6000000238
18756  22.181  -61.835  -2.029 0.4000000060
19684  23.276  -60.761  -1.169 0.4000000060
18742  24.622  -60.944  -0.217 0.4000000060
12581  20.838  -69.501  9.303 0.5000000000
11695  19.108  -70.364  10.494 0.4000000060
11696  18.286  -70.441  10.617 0.5000000000
11682  17.085  -70.069  11.324 0.4000000060
126086  16.737  -70.346  10.810 0.5000000000
12560  16.574  -69.686  11.909 0.4000000060
12561  15.761  -69.720  11.654 0.5000000000
126035  15.681  -70.159  11.164 0.5000000000
12544  15.110  -69.304  11.838 0.3000000119
12572  13.813  -69.860  10.780 0.3000000119
123662  13.458  -69.311  10.778 0.3000000119
118167  21.691  -61.118  -0.917 0.4000000060
13481  20.763  -68.715  9.778 0.5000000000
12570  20.006  -69.503  10.637 0.5000000000
12571  19.466  -69.793  10.953 0.4000000060
14379  20.652  -67.774  9.860 0.4000000060
120078  20.519  -68.309  10.405 0.4000000060
12556  19.816  -69.104  11.299 0.4000000060
13442  19.183  -68.522  12.539 0.4000000060
129435  20.443  -66.952  9.957 0.4000000060
14355  20.092  -67.641  11.533 0.4000000060
13455  19.731  -68.418  11.844 0.4000000060
15187  20.279  -66.847  11.023 0.4000000060
14342  19.618  -67.770  12.408 0.4000000060
14343  18.931  -67.913  13.315 0.4000000060
14344  18.020  -68.233  13.635 0.4000000060
15188  19.909  -66.792  12.014 0.4000000060
16041  20.201  -65.516  9.684 0.3000000119
15180  19.589  -66.283  12.890 0.4000000060
15182  17.721  -67.120  14.173 0.4000000060
15171  16.861  -66.200  14.126 0.4000000060
16035  20.210  -65.533  10.393 0.4000000060
117925  16.212  -66.114  13.752 0.4000000060
16022  16.056  -65.264  13.637 0.4000000060
16915  20.421  -64.514  10.316 0.3000000119
16028  19.984  -65.380  11.697 0.4000000060
16021  19.698  -65.329  12.644 0.4000000060
16012  18.964  -65.716  13.661 0.4000000060
16013  17.879  -65.596  14.214 0.4000000060
16014  16.864  -65.500  14.144 0.4000000060
16894  17.478  -64.809  14.148 0.3000000119
16187  19.857  -65.458  -2.829 0.6000000238
115586  23.501  -69.575  5.604 0.5000000000
17930  20.646  -63.168  -2.514 0.6000000238
19685  22.486  -61.020  -1.350 0.4000000060
11052  23.053  -71.587  -3.387 0.6000000238
129401  23.569  -68.047  -4.175 0.6999999881
13557  26.901  -67.911  2.595 0.5000000000
14451  26.024  -66.671  2.666 0.5000000000
13575  25.893  -68.221  1.428 0.5000000000
14465  25.403  -67.552  1.670 0.4000000060
14483  24.605  -67.546  0.433 0.6000000238
8662  22.638  -74.559  4.549 0.5000000000
12745  20.734  -69.323  -1.851 0.6999999881
15316  23.466  -66.232  -0.230 0.6000000238
112135  23.920  -70.057  3.218 0.6000000238
12771  21.012  -68.470  -3.281 0.6999999881
15343  22.191  -66.266  -4.005 0.8000000119
16177  23.072  -65.558  -1.935 0.6999999881
10154  21.871  -72.868  5.920 0.4000000060
14530  20.255  -67.443  -2.744 0.6000000238
14541  20.748  -66.993  -3.543 0.6000000238
17061  22.820  -64.192  -2.698 0.6999999881
16185  22.902  -64.942  -2.665 0.6999999881
130738  25.832  -65.782  2.597 0.5000000000
15265  26.667  -66.180  2.778 0.5000000000
16162  23.526  -65.322  0.287 0.6000000238
14531  19.780  -67.001  -2.149 0.6999999881
17068  21.281  -65.072  -3.423 0.6999999881
17067  22.026  -65.019  -3.430 0.6999999881
115814  23.496  -63.077  -1.806 0.6000000238
17024  23.995  -64.772  0.936 0.6000000238
17899  25.075  -63.196  0.856 0.6000000238
11759  21.646  -70.648  7.684 0.5000000000
11760  20.904  -71.041  8.021 0.5000000000
10911  19.583  -71.678  7.757 0.4000000060
17064  20.459  -64.738  -3.083 0.6000000238
17924  22.905  -62.454  -2.223 0.6000000238
10898  14.418  -71.608  8.624 0.3000000119
18755  23.096  -61.457  -1.766 0.5000000000
134953  23.779  -60.708  -0.876 0.4000000060
11697  17.425  -70.406  10.687 0.5000000000
11685  14.425  -70.123  10.882 0.4000000060
11717  13.450  -70.801  9.823 0.4000000060
15195  20.108  -65.943  11.169 0.4000000060
117857  19.881  -65.940  12.070 0.4000000060
10265  33.698  -72.690  -3.609 0.3000000119
117652  34.499  -72.430  -4.043 0.3000000119
127669  30.159  -70.563  -3.124 0.4000000060
126308  32.328  -70.460  -1.883 0.4000000060
11917  32.402  -70.347  -3.718 0.4000000060
11935  32.626  -70.218  -4.671 0.4000000060
117120  29.293  -70.578  -1.114 0.4000000060
121452  29.128  -70.546  -2.094 0.4000000060
11904  28.274  -70.325  -2.179 0.4000000060
114252  27.791  -70.157  -2.717 0.5000000000
11922  26.987  -69.984  -4.172 0.5000000000
113349  30.960  -70.627  -0.742 0.4000000060
11882  30.699  -70.607  -1.736 0.5000000000
11903  29.461  -70.550  -2.985 0.5000000000
11962  25.966  -70.216  -5.586 0.5000000000
130014  31.710  -70.555  -0.594 0.5000000000
11901  31.557  -70.538  -2.302 0.5000000000
11864  32.524  -70.447  -0.934 0.5000000000
11900  32.321  -70.420  -2.771 0.4000000060
11899  33.094  -70.284  -2.292 0.4000000060
115978  33.224  -70.078  -4.006 0.4000000060
118536  34.066  -69.736  -4.251 0.4000000060
11933  34.468  -69.614  -5.300 0.3000000119
11966  35.530  -70.419  -7.016 0.4000000060
11824  29.662  -70.373  1.426 0.4000000060
11848  28.086  -70.199  0.216 0.4000000060
12727  27.426  -69.906  -0.243 0.4000000060
11845  30.155  -70.555  0.939 0.4000000060
11866  29.483  -70.602  -0.210 0.4000000060
11847  28.895  -70.467  0.439 0.4000000060
11885  27.843  -70.157  -1.653 0.4000000060
123192  27.289  -69.873  -1.176 0.5000000000
12767  27.103  -69.862  -3.160 0.5000000000
117282  30.821  -70.522  0.830 0.4000000060
114409  30.340  -70.636  0.099 0.4000000060
11883  29.842  -70.600  -1.645 0.4000000060
12742  26.587  -69.501  -1.626 0.5000000000
131258  26.459  -69.528  -2.642 0.5000000000
12768  26.272  -69.602  -3.686 0.5000000000
115900  25.433  -69.348  -4.134 0.6000000238
12769  24.657  -69.029  -4.545 0.6000000238
12793  24.922  -69.780  -5.422 0.6000000238
12783  24.311  -69.401  -5.216 0.5000000000
114930  33.767  -69.952  -3.160 0.4000000060
12795  23.299  -69.799  -5.137 0.5000000000
11916  34.509  -69.633  -3.599 0.4000000060
12781  35.037  -69.419  -4.502 0.4000000060
12792  35.488  -69.466  -5.711 0.4000000060
12710  27.031  -69.533  0.452 0.4000000060
12711  26.237  -69.044  -0.030 0.5000000000
127500  25.623  -68.676  -0.370 0.5000000000
12756  25.666  -69.237  -3.142 0.5000000000
13611  25.199  -68.551  -1.015 0.5000000000
13637  25.137  -68.772  -2.604 0.6000000238
13612  24.648  -68.149  -0.974 0.6000000238
13627  24.667  -68.335  -1.865 0.6000000238
10266  32.963  -72.975  -3.139 0.3000000119
10263  36.047  -72.224  -3.638 0.3000000119
11950  37.965  -69.779  -5.626 0.3000000119
11809  29.834  -70.012  2.096 0.4000000060
129181  29.354  -69.527  2.397 0.4000000060
115631  28.659  -69.341  2.396 0.4000000060
12709  27.751  -69.830  0.946 0.4000000060
12689  27.321  -69.207  1.615 0.4000000060
13593  26.449  -68.874  1.007 0.4000000060
13594  25.722  -68.531  0.454 0.5000000000
13647  24.256  -68.558  -4.128 0.6000000238
12794  23.842  -69.752  -5.332 0.5000000000
12670  27.966  -69.129  2.313 0.4000000060
11884  28.526  -70.416  -1.382 0.4000000060
11942  25.478  -69.837  -5.324 0.5000000000
12790  37.291  -69.637  -5.853 0.3000000119
12688  28.485  -70.175  1.118 0.4000000060
12728  26.725  -69.519  -0.614 0.5000000000
122668  25.959  -69.010  -1.075 0.5000000000
13626  25.378  -68.763  -1.725 0.6000000238
21461  15.608  -59.376  2.376 0.3000000119
8661  23.235  -74.308  4.272 0.5000000000
8663  21.436  -74.850  4.746 0.4000000060
8679  23.421  -74.554  3.003 0.5000000000
9393  23.585  -73.550  4.457 0.5000000000
9394  22.956  -73.952  4.894 0.5000000000
10133  22.223  -72.148  6.299 0.5000000000
10152  23.492  -72.245  5.404 0.6000000238
10182  24.163  -72.481  3.760 0.5000000000
10211  23.110  -73.027  0.667 0.6000000238
10236  23.029  -72.729  -1.039 0.6000000238
10884  14.783  -71.270  9.320 0.3000000119
10892  20.106  -71.289  8.262 0.4000000060
10893  19.320  -71.393  8.443 0.5000000000
10894  18.529  -71.378  8.495 0.5000000000
10895  17.658  -71.186  8.411 0.5000000000
10910  20.428  -71.625  7.587 0.5000000000
10932  21.721  -71.730  6.819 0.4000000060
11018  21.971  -71.802  -0.591 0.6000000238
11030  21.511  -71.065  -1.491 0.6000000238
11039  22.925  -72.075  -2.599 0.6000000238
11041  21.805  -71.304  -2.070 0.6000000238
11053  22.602  -70.882  -3.523 0.6000000238
11683  16.320  -70.096  11.274 0.4000000060
11684  15.034  -69.892  11.330 0.4000000060
11694  19.819  -70.057  10.243 0.4000000060
11698  16.106  -70.441  10.700 0.5000000000
11699  15.236  -70.467  10.693 0.5000000000
11700  13.176  -70.046  10.334 0.3000000119
11734  21.245  -70.324  8.318 0.5000000000
11775  22.734  -70.626  6.719 0.5000000000
11792  24.159  -70.780  4.505 0.6000000238
11800  24.189  -70.840  3.730 0.6000000238
11810  23.540  -70.190  2.310 0.6999999881
11822  31.180  -70.205  1.453 0.4000000060
11823  30.380  -70.319  1.530 0.4000000060
11825  29.110  -70.396  1.163 0.4000000060
11827  22.457  -70.634  0.716 0.6999999881
11846  29.599  -70.552  0.660 0.4000000060
11850  21.512  -70.387  -0.460 0.6999999881
11865  31.272  -70.578  0.063 0.4000000060
11867  28.697  -70.465  -0.466 0.4000000060
11868  27.958  -70.217  -0.778 0.4000000060
11881  31.631  -70.567  -1.372 0.5000000000
11898  33.977  -69.978  -2.088 0.4000000060
11905  27.266  -69.875  -2.169 0.5000000000
11924  21.678  -69.989  -2.966 0.6000000238
11941  26.051  -69.748  -4.778 0.5000000000
11943  23.341  -70.456  -4.906 0.6000000238
11951  37.578  -70.319  -5.888 0.3000000119
11964  24.434  -70.198  -5.571 0.5000000000
12559  17.486  -69.698  11.995 0.4000000060
12599  20.898  -70.073  8.884 0.5000000000
12624  22.735  -69.520  6.876 0.5000000000
12657  23.661  -69.153  3.659 0.6000000238
12668  30.062  -69.312  2.483 0.4000000060
12669  29.007  -70.074  1.896 0.4000000060
12743  25.862  -69.155  -2.124 0.5000000000
12744  20.970  -69.874  -1.568 0.6999999881
12758  20.798  -68.955  -2.455 0.6999999881
12770  21.590  -68.622  -4.020 0.6999999881
12782  25.160  -69.457  -4.968 0.6000000238
12784  23.396  -69.091  -5.084 0.5000000000
12786  22.213  -68.639  -4.670 0.6000000238
13454  20.229  -68.371  11.099 0.4000000060
13465  20.367  -68.958  10.586 0.4000000060
13541  23.320  -68.470  4.322 0.6999999881
13558  22.943  -68.226  2.757 0.6999999881
13574  26.656  -68.445  1.981 0.5000000000
13596  22.028  -69.151  0.565 0.6999999881
13628  20.475  -68.723  -1.836 0.6999999881
13646  24.912  -68.872  -3.624 0.6000000238
13649  20.804  -67.750  -3.442 0.6999999881
14367  20.426  -67.561  10.629 0.4000000060
14394  22.137  -67.975  7.098 0.6000000238
14403  21.725  -67.008  6.438 0.5000000000
14452  22.830  -67.803  3.201 0.6000000238
14466  24.393  -66.893  1.028 0.6000000238
14467  22.287  -67.833  1.669 0.8000000119
14486  20.741  -67.404  -0.287 0.8000000119
14505  20.299  -67.754  -0.979 0.6999999881
14529  23.637  -67.640  -3.109 0.6999999881
14540  21.474  -67.357  -4.169 0.6000000238
14545  22.857  -67.613  -4.599 0.6999999881
14546  22.202  -67.452  -4.567 0.6000000238
15170  18.265  -66.043  14.112 0.4000000060
15172  16.439  -66.898  13.774 0.4000000060
15181  18.959  -66.778  13.608 0.4000000060
15194  20.272  -66.241  10.263 0.4000000060
15199  20.303  -66.221  9.395 0.5000000000
15220  20.175  -65.894  6.408 0.5000000000
15237  22.350  -67.058  4.754 0.6000000238
15267  22.208  -66.821  2.927 0.6999999881
15289  21.374  -66.430  1.464 0.8000000119
15303  23.826  -66.224  0.773 0.6000000238
15328  19.481  -66.439  -1.592 0.6999999881
15345  20.730  -66.248  -3.495 0.6999999881
16036  20.157  -65.055  10.931 0.4000000060
16089  19.278  -64.955  4.891 0.3000000119
16099  20.460  -65.801  5.036 0.4000000060
16108  20.148  -65.288  3.632 0.5000000000
16129  25.094  -64.815  1.917 0.5000000000
16163  19.967  -65.839  -0.075 0.8000000119
16164  19.520  -65.108  0.435 0.6999999881
16191  22.235  -65.635  -3.584 0.8000000119
16193  20.640  -65.541  -3.328 0.6000000238
16932  20.191  -64.802  8.508 0.4000000060
16942  19.898  -64.791  7.508 0.4000000060
16956  19.399  -64.935  6.267 0.4000000060
16967  19.436  -64.683  5.415 0.4000000060
17011  18.590  -63.988  2.475 0.5000000000
17023  24.659  -64.318  1.306 0.6000000238
17025  19.093  -64.397  1.918 0.6000000238
17036  23.747  -64.281  0.072 0.6000000238
17049  17.289  -63.471  -1.032 0.5000000000
17058  17.701  -63.298  -1.489 0.6000000238
17066  18.875  -64.824  -2.082 0.6999999881
17845  21.275  -63.249  5.717 0.4000000060
17854  20.310  -63.771  5.533 0.4000000060
17865  19.272  -63.456  4.287 0.3000000119
17880  18.521  -63.403  3.423 0.4000000060
17916  24.482  -61.919  -0.611 0.4000000060
17919  16.301  -62.350  -0.567 0.6000000238
17928  22.652  -63.446  -2.568 0.6000000238
17931  19.920  -63.989  -2.684 0.6000000238
18711  19.083  -62.657  4.150 0.4000000060
18747  24.191  -61.085  -0.893 0.4000000060
18751  16.826  -62.490  -1.100 0.6000000238
18761  17.298  -62.660  -1.373 0.6000000238
18763  21.496  -62.596  -2.376 0.6000000238
18764  20.853  -62.518  -2.261 0.6000000238
19605  19.660  -61.949  4.475 0.3000000119
19619  17.418  -61.562  3.391 0.4000000060
19620  16.574  -61.290  2.943 0.4000000060
19638  16.129  -61.694  2.183 0.4000000060
19653  15.344  -60.643  1.072 0.4000000060
19673  24.049  -60.561  -0.339 0.4000000060
19687  20.308  -61.940  -1.489 0.6000000238
20550  18.564  -60.352  4.313 0.3000000119
20591  15.343  -60.091  1.468 0.4000000060
20597  15.829  -60.846  0.458 0.6000000238
21419  20.323  -59.526  5.302 0.3000000119
21495  15.608  -59.530  1.380 0.5000000000
22271  17.910  -58.155  3.929 0.4000000060
22282  16.188  -58.949  2.888 0.3000000119
22283  15.529  -58.608  2.187 0.3000000119
22301  15.548  -58.956  1.667 0.4000000060
23118  15.531  -57.981  1.992 0.4000000060
23124  15.546  -58.213  1.911 0.4000000060
23885  18.473  -56.630  4.214 0.4000000060
23886  17.693  -56.670  3.725 0.3000000119
23899  16.090  -56.863  2.469 0.4000000060
23919  15.855  -57.785  1.714 0.4000000060
24663  16.227  -55.253  2.518 0.4000000060
26222  16.012  -53.850  2.489 0.3000000119
111656  24.875  -67.415  1.169 0.6000000238
113605  30.102  -70.642  -0.893 0.4000000060
114432  23.458  -71.061  1.937 0.6999999881
114869  28.171  -69.690  1.776 0.4000000060
114914  13.912  -70.414  10.394 0.3000000119
115131  23.923  -73.177  3.267 0.5000000000
117131  23.552  -74.233  1.296 0.5000000000
117880  23.623  -72.392  2.184 0.6999999881
118030  23.043  -68.770  2.283 0.6999999881
118437  32.969  -70.259  -3.184 0.4000000060
118951  30.011  -70.583  -2.390 0.4000000060
120120  20.217  -65.066  10.114 0.4000000060
121259  20.369  -65.330  1.818 0.6999999881
121868  18.865  -65.366  -1.059 0.6000000238
122521  23.974  -70.247  5.007 0.6000000238
122876  20.460  -60.824  5.126 0.3000000119
125377  19.266  -64.508  3.576 0.4000000060
125723  20.394  -69.516  10.013 0.4000000060
127054  22.384  -70.201  7.278 0.5000000000
127473  14.562  -70.585  10.390 0.4000000060
127586  27.787  -70.136  -2.191 0.5000000000
128221  21.290  -71.384  7.404 0.5000000000
129387  19.487  -67.130  12.912 0.4000000060
129656  20.068  -65.834  7.814 0.5000000000
131056  16.381  -70.867  9.474 0.4000000060
131504  27.564  -69.884  0.352 0.4000000060
131670  15.976  -62.208  -0.139 0.6000000238
131829  25.513  -67.021  2.270 0.4000000060
132459  32.835  -70.370  -1.621 0.4000000060
132944  32.712  -70.343  -0.257 0.5000000000
133652  22.783  -68.615  -4.935 0.6000000238
133832  20.381  -66.902  10.451 0.4000000060
134363  15.557  -61.205  1.801 0.5000000000
134482  20.226  -67.116  -0.731 0.8000000119
134580  21.151  -68.860  9.063 0.5000000000
134975  16.733  -55.060  1.696 0.3000000119
