#!ascii label  , from subject sub-v1s5x0050750_ses-1 vox2ras=TkReg
2160
51729  -44.342  -33.746  57.928 0.0000000000
40793  -32.763  -45.203  65.731 0.0000000000
53074  -47.180  -33.625  39.060 0.0000000000
49766  -35.118  -34.873  46.459 0.0000000000
47809  -45.914  -38.081  48.965 0.0000000000
140924  -40.653  -39.697  59.382 0.0000000000
36103  -33.413  -49.743  51.097 0.0000000000
41881  -32.157  -43.587  47.834 0.0000000000
45573  -25.628  -40.059  66.742 0.0000000000
59430  -54.965  -26.392  43.637 0.0000000000
42847  -30.178  -42.425  52.655 0.0000000000
49690  -40.177  -35.456  52.067 0.0000000000
50809  -40.821  -34.082  46.957 0.0000000000
54002  -45.468  -31.537  52.453 0.0000000000
47694  -46.343  -37.839  59.269 0.0000000000
118158  -39.228  -44.086  54.600 0.0000000000
45721  -38.891  -39.849  53.382 0.0000000000
46794  -31.887  -39.091  48.173 0.0000000000
61374  -53.504  -23.888  40.468 0.0000000000
41696  -28.824  -44.299  67.639 0.0000000000
42760  -28.623  -42.862  59.384 0.0000000000
40873  -32.711  -44.330  59.742 0.0000000000
51918  -48.117  -33.719  44.919 0.0000000000
43762  -35.532  -41.216  61.454 0.0000000000
121348  -37.372  -47.866  58.884 0.0000000000
129680  -40.539  -47.946  55.983 0.0000000000
38150  -36.986  -47.112  46.607 0.0000000000
39888  -24.591  -45.857  66.434 0.0000000000
47802  -52.381  -37.979  51.425 0.0000000000
50882  -53.852  -34.476  45.279 0.0000000000
56158  -56.278  -29.811  47.074 0.0000000000
129493  -54.770  -33.829  39.637 0.0000000000
55168  -53.684  -31.061  37.971 0.0000000000
135712  -23.831  -42.982  59.377 0.0000000000
39081  -33.466  -46.355  53.740 0.0000000000
50706  -42.703  -35.017  54.581 0.0000000000
123774  -43.315  -33.415  52.857 0.0000000000
53936  -43.769  -31.706  55.756 0.0000000000
49603  -46.801  -35.653  58.705 0.0000000000
45699  -43.939  -39.312  55.563 0.0000000000
48719  -42.967  -37.102  54.880 0.0000000000
121380  -39.655  -37.785  52.096 0.0000000000
54134  -44.572  -31.949  36.660 0.0000000000
55175  -46.600  -30.522  37.578 0.0000000000
39882  -30.259  -46.121  67.523 0.0000000000
40803  -30.060  -45.671  63.712 0.0000000000
39003  -32.737  -47.343  63.225 0.0000000000
51930  -35.830  -33.427  43.594 0.0000000000
49740  -43.772  -35.767  48.024 0.0000000000
49790  -41.784  -35.236  44.301 0.0000000000
49781  -44.518  -35.966  45.515 0.0000000000
51915  -45.633  -33.349  43.929 0.0000000000
49756  -46.912  -36.167  47.271 0.0000000000
135311  -38.112  -40.249  60.190 0.0000000000
41775  -38.459  -44.336  59.238 0.0000000000
41790  -39.987  -43.951  57.753 0.0000000000
143119  -35.435  -44.378  51.545 0.0000000000
39094  -37.999  -46.288  50.858 0.0000000000
40099  -34.874  -45.484  46.513 0.0000000000
47828  -33.236  -37.139  47.822 0.0000000000
50801  -53.136  -35.035  48.416 0.0000000000
54065  -55.931  -32.300  43.660 0.0000000000
54062  -52.725  -30.570  43.219 0.0000000000
54102  -54.222  -32.947  37.928 0.0000000000
57333  -51.410  -28.589  42.448 0.0000000000
59494  -52.649  -26.419  37.428 0.0000000000
128197  -24.351  -41.916  66.885 0.0000000000
40815  -24.577  -44.769  62.170 0.0000000000
119680  -25.704  -42.723  62.832 0.0000000000
43805  -29.353  -41.807  56.107 0.0000000000
43820  -26.622  -41.315  55.506 0.0000000000
42844  -27.174  -42.447  52.489 0.0000000000
36035  -34.954  -50.956  56.119 0.0000000000
39053  -36.787  -46.641  55.253 0.0000000000
36054  -32.756  -49.691  53.872 0.0000000000
49728  -37.700  -35.452  49.349 0.0000000000
51884  -37.754  -33.833  46.737 0.0000000000
51847  -40.909  -33.512  50.095 0.0000000000
51850  -43.543  -32.965  50.233 0.0000000000
50775  -46.545  -34.291  50.055 0.0000000000
46645  -43.723  -39.229  59.676 0.0000000000
42768  -42.939  -43.387  58.277 0.0000000000
43788  -44.190  -42.387  58.181 0.0000000000
42830  -38.106  -42.043  54.205 0.0000000000
43859  -34.943  -41.831  51.546 0.0000000000
43875  -31.233  -41.746  48.113 0.0000000000
45734  -35.471  -39.523  50.770 0.0000000000
47807  -36.404  -37.613  49.788 0.0000000000
60414  -53.924  -25.418  42.334 0.0000000000
64294  -57.841  -21.843  42.756 0.0000000000
44648  -27.818  -41.161  67.382 0.0000000000
43736  -27.305  -41.565  63.578 0.0000000000
42715  -29.014  -43.035  63.851 0.0000000000
41769  -30.652  -43.544  59.720 0.0000000000
42821  -31.973  -42.147  55.561 0.0000000000
51933  -38.757  -33.976  43.941 0.0000000000
52007  -46.321  -34.758  40.857 0.0000000000
49828  -47.769  -36.627  40.981 0.0000000000
41732  -33.987  -42.654  63.240 0.0000000000
39007  -36.367  -47.559  63.048 0.0000000000
40841  -37.939  -46.119  62.207 0.0000000000
35987  -38.604  -50.019  59.308 0.0000000000
36069  -36.356  -50.156  53.507 0.0000000000
39070  -41.454  -46.457  54.918 0.0000000000
37173  -39.282  -48.176  51.297 0.0000000000
37202  -34.916  -48.065  49.411 0.0000000000
55978  -43.985  -29.957  59.145 0.0000000000
42676  -33.226  -42.543  66.940 0.0000000000
43743  -38.875  -41.301  64.189 0.0000000000
45609  -40.813  -39.989  63.491 0.0000000000
54961  -46.371  -30.101  56.374 0.0000000000
53985  -48.277  -31.816  53.920 0.0000000000
50766  -49.351  -35.356  51.993 0.0000000000
139361  -50.920  -36.173  54.234 0.0000000000
46771  -49.293  -38.444  50.837 0.0000000000
49759  -49.653  -35.448  48.182 0.0000000000
50857  -51.044  -34.260  45.211 0.0000000000
49815  -50.721  -36.201  42.056 0.0000000000
131338  -57.011  -32.829  45.978 0.0000000000
50938  -55.763  -34.486  41.041 0.0000000000
53032  -50.649  -32.818  40.225 0.0000000000
54127  -50.227  -31.349  37.862 0.0000000000
59481  -50.850  -26.826  39.587 0.0000000000
39012  -22.749  -47.029  61.682 0.0000000000
41820  -22.471  -43.842  55.434 0.0000000000
42757  -25.744  -42.190  58.765 0.0000000000
43818  -23.720  -41.565  55.468 0.0000000000
39983  -35.843  -45.599  59.099 0.0000000000
41823  -34.991  -43.834  55.536 0.0000000000
40966  -32.181  -44.024  52.941 0.0000000000
127209  -29.903  -47.071  53.635 0.0000000000
50674  -43.736  -34.401  55.896 0.0000000000
131920  -43.468  -33.772  54.770 0.0000000000
52854  -43.550  -32.138  57.146 0.0000000000
50649  -45.241  -34.222  58.401 0.0000000000
48694  -44.808  -36.591  56.500 0.0000000000
49630  -44.106  -35.111  56.289 0.0000000000
49658  -42.887  -36.018  54.944 0.0000000000
52029  -47.254  -35.527  39.063 0.0000000000
53073  -46.290  -33.534  38.242 0.0000000000
54135  -45.167  -31.279  37.021 0.0000000000
54113  -46.782  -31.751  38.568 0.0000000000
39890  -31.543  -46.605  66.634 0.0000000000
38971  -31.425  -47.497  65.180 0.0000000000
38961  -33.314  -47.157  65.001 0.0000000000
50869  -33.510  -34.356  44.805 0.0000000000
51892  -34.965  -34.074  44.903 0.0000000000
48801  -44.985  -37.394  48.453 0.0000000000
48814  -43.864  -37.095  46.868 0.0000000000
47838  -44.985  -37.727  47.206 0.0000000000
49769  -45.643  -35.967  46.315 0.0000000000
47830  -46.202  -38.110  47.855 0.0000000000
44739  -39.765  -39.709  60.451 0.0000000000
137867  -38.240  -41.174  58.075 0.0000000000
43774  -39.856  -41.369  57.806 0.0000000000
40977  -33.426  -44.436  49.015 0.0000000000
40065  -34.372  -45.130  48.635 0.0000000000
41009  -33.695  -44.799  47.430 0.0000000000
41070  -34.260  -45.687  43.379 0.0000000000
49750  -33.787  -35.677  46.994 0.0000000000
48823  -32.248  -36.281  46.660 0.0000000000
49776  -32.315  -35.298  45.637 0.0000000000
57302  -54.021  -28.745  44.833 0.0000000000
57301  -53.313  -28.463  44.296 0.0000000000
56223  -51.824  -29.642  42.780 0.0000000000
58350  -52.439  -27.869  43.371 0.0000000000
43673  -24.636  -41.397  66.380 0.0000000000
43711  -24.894  -41.936  65.057 0.0000000000
43712  -25.502  -41.522  64.681 0.0000000000
43834  -29.591  -41.406  54.142 0.0000000000
43833  -28.752  -41.341  53.906 0.0000000000
42845  -28.571  -42.488  52.432 0.0000000000
41850  -27.450  -43.253  52.558 0.0000000000
40963  -28.640  -44.152  52.864 0.0000000000
35034  -34.009  -50.889  53.894 0.0000000000
36056  -34.063  -50.563  54.884 0.0000000000
35032  -32.954  -50.412  53.096 0.0000000000
49717  -38.790  -35.562  50.623 0.0000000000
50783  -38.836  -34.191  49.392 0.0000000000
50762  -40.682  -34.240  51.310 0.0000000000
52931  -44.300  -32.394  52.832 0.0000000000
51836  -43.387  -32.901  50.977 0.0000000000
52944  -44.900  -32.113  51.447 0.0000000000
51852  -45.202  -33.004  50.102 0.0000000000
52946  -46.608  -32.165  51.424 0.0000000000
47693  -45.510  -38.403  59.472 0.0000000000
43768  -44.996  -41.473  58.590 0.0000000000
44765  -45.301  -40.744  58.801 0.0000000000
136809  -40.999  -39.471  54.211 0.0000000000
135260  -41.373  -40.146  55.333 0.0000000000
44797  -38.883  -40.537  54.166 0.0000000000
42850  -36.533  -41.971  52.842 0.0000000000
44805  -36.605  -40.620  52.395 0.0000000000
44813  -34.432  -40.779  50.792 0.0000000000
45725  -37.123  -39.909  52.188 0.0000000000
48749  -40.226  -36.460  52.399 0.0000000000
47788  -38.469  -37.530  51.071 0.0000000000
48761  -38.788  -36.379  50.955 0.0000000000
48784  -36.793  -36.402  49.301 0.0000000000
43660  -28.166  -42.149  68.142 0.0000000000
42689  -28.526  -42.424  65.311 0.0000000000
41719  -29.148  -44.085  65.482 0.0000000000
40838  -32.044  -44.962  61.133 0.0000000000
40836  -30.635  -44.288  61.142 0.0000000000
41770  -31.470  -43.651  59.445 0.0000000000
42788  -31.675  -42.729  57.441 0.0000000000
41801  -32.901  -43.449  57.771 0.0000000000
51875  -39.393  -33.544  47.329 0.0000000000
51896  -38.473  -33.787  45.466 0.0000000000
50826  -39.893  -34.261  45.841 0.0000000000
50899  -42.399  -34.463  43.201 0.0000000000
50918  -41.026  -34.406  42.841 0.0000000000
51983  -41.686  -33.232  41.438 0.0000000000
51916  -46.521  -33.439  44.237 0.0000000000
51967  -46.535  -33.590  42.058 0.0000000000
51968  -47.361  -34.347  42.131 0.0000000000
49827  -47.266  -36.590  40.658 0.0000000000
50902  -48.330  -34.630  42.838 0.0000000000
43754  -34.641  -41.610  62.791 0.0000000000
140747  -35.602  -44.076  62.181 0.0000000000
141318  -35.963  -43.376  61.022 0.0000000000
39040  -40.407  -47.476  58.267 0.0000000000
39031  -39.182  -47.512  60.262 0.0000000000
36019  -39.341  -49.475  57.514 0.0000000000
35004  -37.961  -50.805  56.899 0.0000000000
36059  -38.383  -49.415  54.926 0.0000000000
41817  -42.395  -44.219  56.370 0.0000000000
40011  -42.354  -45.345  56.150 0.0000000000
40023  -40.222  -45.596  54.425 0.0000000000
124170  -38.136  -46.961  48.074 0.0000000000
119515  -39.170  -47.128  49.369 0.0000000000
38131  -38.226  -47.357  48.347 0.0000000000
37194  -38.082  -48.290  49.550 0.0000000000
44820  -31.439  -40.573  48.295 0.0000000000
44703  -39.828  -40.768  63.350 0.0000000000
49567  -42.696  -35.270  61.408 0.0000000000
56005  -45.261  -29.573  57.609 0.0000000000
54982  -48.556  -30.720  55.857 0.0000000000
52901  -49.055  -32.423  54.324 0.0000000000
51815  -48.791  -33.352  52.419 0.0000000000
51795  -49.891  -33.740  53.859 0.0000000000
47784  -51.647  -38.116  53.025 0.0000000000
47782  -50.392  -37.896  52.281 0.0000000000
46772  -50.635  -38.395  50.748 0.0000000000
48788  -49.942  -37.431  49.188 0.0000000000
48789  -50.912  -37.234  49.478 0.0000000000
50838  -53.459  -34.330  46.610 0.0000000000
50836  -51.898  -34.223  46.485 0.0000000000
50880  -51.886  -34.536  44.593 0.0000000000
50905  -50.945  -35.620  43.406 0.0000000000
49804  -52.654  -35.620  43.146 0.0000000000
54051  -56.921  -31.774  46.401 0.0000000000
52999  -54.842  -33.064  41.320 0.0000000000
51970  -56.795  -33.911  41.474 0.0000000000
51991  -55.229  -34.014  40.012 0.0000000000
51990  -52.709  -34.220  40.619 0.0000000000
52012  -53.529  -34.068  39.739 0.0000000000
54099  -50.221  -32.052  39.460 0.0000000000
53056  -52.140  -33.061  39.119 0.0000000000
54119  -53.715  -31.635  38.342 0.0000000000
54129  -52.111  -32.386  37.127 0.0000000000
54137  -52.347  -32.006  36.693 0.0000000000
61360  -53.981  -24.221  41.213 0.0000000000
60426  -52.675  -25.351  41.273 0.0000000000
60439  -52.355  -25.043  40.549 0.0000000000
41749  -23.797  -44.046  60.225 0.0000000000
40854  -23.587  -45.125  60.409 0.0000000000
40886  -23.028  -44.552  58.801 0.0000000000
41799  -22.557  -44.521  57.155 0.0000000000
42780  -22.848  -43.433  56.916 0.0000000000
121695  -27.827  -42.607  61.756 0.0000000000
122012  -26.857  -42.516  60.925 0.0000000000
42733  -27.205  -42.496  60.168 0.0000000000
136852  -25.357  -41.411  56.362 0.0000000000
40044  -24.638  -45.236  52.655 0.0000000000
129536  -36.901  -47.328  60.797 0.0000000000
39020  -35.682  -47.123  61.426 0.0000000000
39984  -36.577  -46.064  58.963 0.0000000000
142830  -34.363  -47.064  54.110 0.0000000000
40008  -36.025  -45.251  55.014 0.0000000000
40936  -34.945  -45.013  54.012 0.0000000000
41842  -33.907  -43.763  53.984 0.0000000000
125998  -33.264  -45.281  53.523 0.0000000000
39077  -29.848  -46.222  54.308 0.0000000000
50725  -41.692  -34.726  53.202 0.0000000000
50745  -41.599  -34.324  52.366 0.0000000000
50727  -43.089  -33.817  53.601 0.0000000000
52899  -43.967  -32.703  54.079 0.0000000000
53961  -44.513  -31.172  54.514 0.0000000000
48673  -46.999  -37.006  59.135 0.0000000000
45691  -45.822  -39.397  57.670 0.0000000000
47732  -45.719  -38.093  56.981 0.0000000000
46712  -43.817  -38.531  55.355 0.0000000000
46731  -41.281  -38.546  53.662 0.0000000000
46729  -40.092  -38.765  52.938 0.0000000000
47759  -41.788  -37.253  53.987 0.0000000000
48717  -41.626  -36.186  53.912 0.0000000000
56270  -46.716  -29.832  36.236 0.0000000000
135140  -29.450  -44.920  68.261 0.0000000000
132677  -29.462  -44.989  65.086 0.0000000000
39905  -30.213  -46.783  65.487 0.0000000000
39002  -31.815  -46.481  62.788 0.0000000000
39950  -32.678  -45.763  61.454 0.0000000000
50811  -42.326  -34.728  47.447 0.0000000000
50850  -41.239  -35.051  45.533 0.0000000000
49768  -42.507  -35.978  46.131 0.0000000000
132770  -43.138  -36.228  45.295 0.0000000000
50901  -43.752  -34.362  43.991 0.0000000000
51965  -43.971  -33.010  42.737 0.0000000000
50851  -44.809  -34.962  45.187 0.0000000000
50852  -45.724  -34.279  45.385 0.0000000000
50854  -47.251  -34.018  46.109 0.0000000000
44736  -36.390  -40.775  60.392 0.0000000000
41773  -36.508  -43.040  60.026 0.0000000000
42764  -36.984  -41.815  58.737 0.0000000000
41789  -39.094  -43.978  58.169 0.0000000000
137228  -41.151  -46.810  57.465 0.0000000000
40967  -37.146  -44.327  53.012 0.0000000000
40048  -37.751  -45.394  52.720 0.0000000000
40052  -36.683  -45.800  51.152 0.0000000000
40083  -36.761  -46.247  47.844 0.0000000000
40116  -36.786  -46.756  46.162 0.0000000000
39188  -34.548  -47.364  44.555 0.0000000000
40143  -35.169  -46.559  44.249 0.0000000000
47815  -32.959  -37.911  48.166 0.0000000000
47837  -31.060  -37.268  46.561 0.0000000000
48766  -53.898  -36.990  51.789 0.0000000000
49733  -52.738  -36.353  49.514 0.0000000000
122152  -54.306  -35.790  49.736 0.0000000000
50802  -54.817  -34.532  48.322 0.0000000000
51879  -55.468  -34.053  46.999 0.0000000000
56157  -55.843  -29.068  46.553 0.0000000000
55107  -55.762  -30.596  45.699 0.0000000000
55106  -54.925  -30.038  45.308 0.0000000000
54056  -54.021  -30.986  43.970 0.0000000000
54072  -53.770  -32.248  42.021 0.0000000000
54083  -54.415  -33.157  39.362 0.0000000000
54082  -52.636  -31.536  41.072 0.0000000000
55145  -52.301  -30.954  40.626 0.0000000000
55154  -52.009  -30.221  40.137 0.0000000000
63378  -53.388  -22.693  39.316 0.0000000000
61392  -52.166  -24.358  39.233 0.0000000000
61411  -52.385  -24.021  37.618 0.0000000000
41708  -24.362  -43.788  66.200 0.0000000000
121686  -24.569  -45.306  63.818 0.0000000000
41722  -24.598  -43.837  64.680 0.0000000000
41731  -24.903  -43.966  62.522 0.0000000000
41751  -25.092  -43.236  61.141 0.0000000000
42785  -28.540  -42.404  57.779 0.0000000000
42784  -27.656  -42.222  57.837 0.0000000000
43821  -27.982  -41.525  55.580 0.0000000000
43831  -26.940  -41.156  53.779 0.0000000000
42842  -25.495  -42.244  52.555 0.0000000000
40045  -25.388  -44.827  53.002 0.0000000000
138042  -26.198  -43.723  52.831 0.0000000000
125033  -37.180  -49.031  58.039 0.0000000000
39044  -37.447  -47.064  56.844 0.0000000000
131990  -35.605  -49.446  56.030 0.0000000000
38069  -34.834  -48.209  54.734 0.0000000000
37152  -32.629  -48.550  53.799 0.0000000000
49753  -36.315  -35.115  47.646 0.0000000000
50824  -36.546  -34.371  46.611 0.0000000000
50795  -37.889  -34.298  48.088 0.0000000000
51858  -39.211  -33.658  48.749 0.0000000000
140066  -40.872  -33.358  48.961 0.0000000000
51834  -41.994  -33.507  51.039 0.0000000000
51849  -42.665  -33.214  50.443 0.0000000000
51871  -42.800  -33.759  48.975 0.0000000000
50784  -43.635  -34.063  49.057 0.0000000000
50786  -45.243  -34.682  49.375 0.0000000000
49731  -46.197  -36.266  49.585 0.0000000000
45663  -42.131  -39.601  59.578 0.0000000000
44761  -41.887  -40.856  58.703 0.0000000000
44762  -43.333  -41.747  58.795 0.0000000000
42770  -43.692  -43.010  58.145 0.0000000000
41816  -41.525  -43.150  56.131 0.0000000000
44776  -43.446  -40.531  56.365 0.0000000000
43828  -41.766  -41.319  56.193 0.0000000000
126597  -38.582  -43.001  54.453 0.0000000000
41843  -36.784  -43.334  53.015 0.0000000000
41858  -34.563  -43.036  51.296 0.0000000000
41865  -32.929  -43.258  49.706 0.0000000000
41871  -31.770  -42.887  48.294 0.0000000000
43862  -33.102  -41.741  50.045 0.0000000000
44817  -33.212  -40.936  49.876 0.0000000000
45736  -33.755  -39.472  49.568 0.0000000000
46752  -37.588  -38.660  51.266 0.0000000000
46766  -35.909  -38.823  50.437 0.0000000000
46781  -34.772  -38.420  49.472 0.0000000000
47817  -35.299  -37.115  48.830 0.0000000000
48813  -35.269  -36.010  48.020 0.0000000000
60399  -54.367  -25.913  43.005 0.0000000000
61346  -56.585  -24.711  43.027 0.0000000000
62338  -55.514  -24.030  42.133 0.0000000000
63348  -55.739  -22.609  41.597 0.0000000000
64320  -55.217  -21.407  40.786 0.0000000000
65183  -54.614  -20.919  40.195 0.0000000000
44647  -27.205  -40.417  66.839 0.0000000000
44670  -26.955  -41.011  65.023 0.0000000000
43693  -27.587  -41.307  65.402 0.0000000000
42714  -28.487  -42.385  63.406 0.0000000000
130009  -28.913  -43.238  61.053 0.0000000000
40802  -29.763  -44.757  63.076 0.0000000000
41740  -29.468  -43.708  61.434 0.0000000000
42743  -29.368  -43.214  59.766 0.0000000000
42787  -30.349  -42.463  57.471 0.0000000000
43807  -31.184  -41.857  55.812 0.0000000000
43836  -31.176  -41.713  54.454 0.0000000000
51894  -36.745  -33.875  45.477 0.0000000000
51932  -37.747  -33.676  43.824 0.0000000000
50871  -40.197  -34.613  44.114 0.0000000000
50966  -46.835  -37.099  39.484 0.0000000000
50948  -47.857  -36.462  40.274 0.0000000000
41729  -33.422  -43.965  64.363 0.0000000000
38973  -34.665  -46.745  64.253 0.0000000000
40804  -34.779  -44.741  63.486 0.0000000000
40820  -36.822  -46.020  63.031 0.0000000000
39023  -37.883  -47.621  61.833 0.0000000000
40876  -38.102  -44.667  60.391 0.0000000000
38011  -38.414  -48.244  60.490 0.0000000000
37061  -37.834  -49.844  59.755 0.0000000000
34973  -36.680  -50.933  57.897 0.0000000000
139464  -35.839  -51.490  55.555 0.0000000000
36086  -35.308  -49.945  52.422 0.0000000000
42793  -41.288  -43.290  57.963 0.0000000000
40004  -42.225  -45.977  56.308 0.0000000000
38050  -41.125  -47.338  55.164 0.0000000000
128190  -39.721  -46.554  52.947 0.0000000000
38090  -40.063  -47.400  52.526 0.0000000000
121861  -39.665  -47.873  53.151 0.0000000000
37154  -38.242  -48.455  52.665 0.0000000000
37171  -36.221  -48.898  51.712 0.0000000000
41890  -31.011  -42.759  46.315 0.0000000000
51712  -44.671  -32.533  59.356 0.0000000000
53892  -43.681  -31.454  58.343 0.0000000000
42657  -24.275  -42.588  67.493 0.0000000000
45561  -25.701  -39.471  67.492 0.0000000000
45563  -27.164  -39.679  68.317 0.0000000000
44637  -27.848  -41.289  68.604 0.0000000000
40762  -29.814  -44.750  68.716 0.0000000000
142193  -31.231  -44.193  68.574 0.0000000000
41698  -32.077  -43.926  67.572 0.0000000000
130179  -32.515  -43.319  66.023 0.0000000000
43695  -33.472  -42.070  65.220 0.0000000000
43717  -34.058  -41.646  64.425 0.0000000000
43756  -35.966  -41.114  63.098 0.0000000000
127372  -37.540  -41.686  65.251 0.0000000000
43757  -37.155  -41.060  63.049 0.0000000000
44720  -38.453  -40.590  62.086 0.0000000000
122238  -39.765  -40.461  62.528 0.0000000000
45635  -40.912  -39.417  61.896 0.0000000000
45636  -41.445  -38.850  61.575 0.0000000000
137013  -42.295  -38.067  60.804 0.0000000000
48645  -43.635  -36.964  60.186 0.0000000000
50635  -46.907  -34.158  59.523 0.0000000000
54958  -43.723  -30.853  57.259 0.0000000000
54978  -44.551  -30.567  55.815 0.0000000000
55001  -45.920  -30.559  54.946 0.0000000000
56022  -47.739  -29.725  56.934 0.0000000000
55002  -47.046  -30.739  54.852 0.0000000000
53983  -46.664  -31.115  53.289 0.0000000000
52947  -47.378  -32.440  51.646 0.0000000000
50764  -48.012  -34.117  50.898 0.0000000000
49720  -47.534  -36.044  50.415 0.0000000000
49692  -49.969  -36.053  52.702 0.0000000000
48763  -48.922  -37.102  51.381 0.0000000000
46785  -47.310  -38.334  49.629 0.0000000000
48802  -47.660  -37.620  48.224 0.0000000000
49758  -48.710  -35.306  47.760 0.0000000000
50833  -48.713  -34.009  46.514 0.0000000000
49745  -51.428  -35.563  48.673 0.0000000000
50834  -50.298  -34.123  46.894 0.0000000000
50878  -49.522  -34.314  44.513 0.0000000000
50922  -49.459  -35.920  42.660 0.0000000000
137932  -48.742  -36.328  41.355 0.0000000000
50949  -49.236  -35.582  40.808 0.0000000000
128631  -56.184  -33.677  47.296 0.0000000000
120273  -55.895  -34.418  44.774 0.0000000000
54059  -56.850  -32.428  44.786 0.0000000000
138528  -57.134  -34.214  43.115 0.0000000000
49806  -54.796  -35.247  43.189 0.0000000000
49832  -52.541  -35.494  41.730 0.0000000000
51988  -51.167  -34.184  41.018 0.0000000000
53031  -49.006  -33.369  40.242 0.0000000000
140897  -48.529  -31.644  39.408 0.0000000000
55165  -48.665  -30.724  38.249 0.0000000000
55187  -48.869  -30.256  36.791 0.0000000000
54118  -51.907  -32.575  37.693 0.0000000000
55178  -50.428  -31.196  37.033 0.0000000000
56273  -49.267  -30.102  35.965 0.0000000000
59441  -52.433  -26.552  42.366 0.0000000000
57346  -50.655  -28.165  40.901 0.0000000000
57369  -51.867  -28.859  39.174 0.0000000000
59490  -51.405  -26.315  38.473 0.0000000000
57378  -52.414  -28.365  38.614 0.0000000000
55179  -53.890  -30.642  37.441 0.0000000000
39931  -23.892  -46.414  62.184 0.0000000000
43735  -26.464  -41.703  63.517 0.0000000000
42722  -25.741  -42.870  61.416 0.0000000000
42756  -24.917  -42.329  59.006 0.0000000000
43784  -26.209  -41.652  57.037 0.0000000000
43783  -25.189  -41.646  57.300 0.0000000000
42781  -23.617  -42.293  57.499 0.0000000000
42819  -22.788  -42.669  55.196 0.0000000000
39005  -34.656  -47.744  63.347 0.0000000000
39952  -34.071  -46.601  61.444 0.0000000000
123197  -34.036  -44.804  59.327 0.0000000000
40002  -36.689  -45.499  57.152 0.0000000000
40916  -35.617  -44.457  56.921 0.0000000000
41787  -34.001  -44.070  58.014 0.0000000000
41813  -33.821  -43.229  55.849 0.0000000000
42829  -32.811  -42.782  54.409 0.0000000000
41854  -31.469  -43.534  52.761 0.0000000000
37169  -31.310  -48.993  52.416 0.0000000000
38100  -30.833  -48.013  52.785 0.0000000000
39079  -31.763  -46.427  53.632 0.0000000000
132612  -31.116  -45.917  53.775 0.0000000000
40948  -30.396  -44.796  53.330 0.0000000000
40947  -29.388  -44.608  53.243 0.0000000000
51746  -43.951  -33.709  57.142 0.0000000000
51756  -43.744  -33.676  56.307 0.0000000000
52855  -43.810  -32.882  57.760 0.0000000000
125556  -44.627  -34.562  57.531 0.0000000000
131592  -44.469  -35.061  56.908 0.0000000000
50675  -44.054  -34.426  56.654 0.0000000000
52049  -46.742  -34.432  38.604 0.0000000000
134770  -46.686  -32.902  38.637 0.0000000000
54112  -46.182  -32.358  38.165 0.0000000000
40781  -32.167  -45.406  66.691 0.0000000000
39898  -32.403  -46.394  66.092 0.0000000000
39899  -33.126  -46.342  65.394 0.0000000000
50823  -34.251  -34.755  45.858 0.0000000000
50870  -34.230  -34.382  45.183 0.0000000000
50845  -34.990  -34.424  45.604 0.0000000000
48786  -45.523  -37.528  48.977 0.0000000000
47818  -44.996  -37.832  47.791 0.0000000000
47819  -45.505  -38.002  48.396 0.0000000000
48816  -45.626  -37.705  47.302 0.0000000000
47820  -46.176  -38.250  48.509 0.0000000000
45661  -40.448  -39.547  60.129 0.0000000000
44749  -39.693  -39.869  59.286 0.0000000000
125260  -39.973  -40.541  58.396 0.0000000000
40990  -32.871  -44.167  48.298 0.0000000000
40991  -33.702  -44.758  48.269 0.0000000000
49765  -34.094  -35.190  46.448 0.0000000000
49764  -33.350  -35.418  46.413 0.0000000000
136151  -33.645  -35.032  46.006 0.0000000000
50843  -32.762  -34.724  45.123 0.0000000000
58352  -54.522  -27.115  44.099 0.0000000000
58334  -54.162  -27.912  44.601 0.0000000000
58351  -53.351  -27.592  43.882 0.0000000000
59429  -53.839  -26.661  43.451 0.0000000000
44644  -24.909  -40.617  66.701 0.0000000000
44657  -25.046  -41.097  65.874 0.0000000000
44645  -25.583  -40.602  66.029 0.0000000000
43847  -30.030  -41.817  53.023 0.0000000000
43846  -29.341  -41.570  53.262 0.0000000000
42846  -29.340  -42.441  52.490 0.0000000000
41851  -28.373  -43.372  52.484 0.0000000000
129547  -29.054  -43.048  52.336 0.0000000000
35042  -33.701  -50.605  53.035 0.0000000000
35033  -33.454  -50.588  53.643 0.0000000000
36084  -33.370  -50.233  52.055 0.0000000000
49707  -39.967  -34.798  51.435 0.0000000000
49718  -39.373  -34.831  50.779 0.0000000000
53981  -44.769  -31.708  53.119 0.0000000000
126394  -44.368  -32.326  52.102 0.0000000000
54013  -45.391  -31.805  51.861 0.0000000000
52945  -45.808  -32.033  51.291 0.0000000000
54014  -46.095  -31.700  51.886 0.0000000000
119287  -45.660  -39.334  59.154 0.0000000000
46664  -46.049  -39.000  58.847 0.0000000000
45710  -40.246  -39.708  54.052 0.0000000000
135704  -39.499  -39.944  53.907 0.0000000000
44801  -37.685  -40.818  53.411 0.0000000000
44807  -38.046  -40.115  53.097 0.0000000000
45726  -38.441  -39.492  52.639 0.0000000000
48762  -39.274  -36.680  51.440 0.0000000000
49706  -39.414  -35.672  51.342 0.0000000000
42658  -28.482  -43.114  67.636 0.0000000000
42690  -28.791  -43.300  65.869 0.0000000000
41709  -28.936  -44.288  66.581 0.0000000000
41755  -32.060  -44.399  60.403 0.0000000000
40856  -31.451  -44.457  60.895 0.0000000000
41771  -32.215  -43.821  59.189 0.0000000000
122354  -32.435  -43.547  58.411 0.0000000000
41772  -32.936  -44.025  58.936 0.0000000000
51887  -40.034  -33.877  46.708 0.0000000000
51935  -42.475  -33.864  42.645 0.0000000000
50919  -41.797  -34.262  42.713 0.0000000000
51917  -47.308  -33.554  44.533 0.0000000000
51939  -46.716  -33.446  43.145 0.0000000000
51940  -47.656  -33.996  42.976 0.0000000000
51941  -48.074  -33.956  43.786 0.0000000000
42727  -34.868  -41.771  61.999 0.0000000000
140430  -35.084  -43.078  61.978 0.0000000000
42728  -35.154  -42.091  61.319 0.0000000000
38037  -40.529  -48.035  57.120 0.0000000000
38026  -40.136  -48.216  58.228 0.0000000000
37090  -39.846  -48.686  56.818 0.0000000000
37089  -39.052  -49.538  56.530 0.0000000000
37106  -39.122  -48.847  55.369 0.0000000000
41824  -40.306  -43.997  55.198 0.0000000000
40928  -41.452  -44.983  55.451 0.0000000000
40022  -39.551  -45.051  54.365 0.0000000000
133955  -37.339  -46.976  47.092 0.0000000000
38142  -37.758  -47.090  47.727 0.0000000000
38141  -37.292  -47.286  47.414 0.0000000000
38130  -37.626  -47.624  48.089 0.0000000000
38149  -35.918  -47.472  46.425 0.0000000000
45740  -31.985  -39.970  48.591 0.0000000000
45745  -31.345  -39.787  47.991 0.0000000000
52916  -49.617  -33.128  54.277 0.0000000000
128710  -53.356  -37.307  52.830 0.0000000000
47785  -52.401  -37.677  53.514 0.0000000000
47793  -52.475  -38.061  52.499 0.0000000000
47792  -51.548  -38.389  52.064 0.0000000000
47801  -51.523  -38.221  51.070 0.0000000000
47813  -51.269  -37.831  50.195 0.0000000000
48777  -52.186  -37.569  50.517 0.0000000000
50860  -53.892  -34.287  46.018 0.0000000000
50859  -52.887  -34.263  45.931 0.0000000000
50881  -52.842  -34.481  44.920 0.0000000000
50907  -52.784  -34.961  44.006 0.0000000000
57270  -56.498  -28.149  48.250 0.0000000000
56142  -56.458  -29.398  47.875 0.0000000000
55085  -56.619  -30.597  47.562 0.0000000000
55096  -56.571  -30.857  46.738 0.0000000000
53018  -55.409  -33.812  40.350 0.0000000000
52013  -54.569  -34.000  39.460 0.0000000000
53034  -52.845  -33.599  39.468 0.0000000000
52032  -54.088  -33.793  38.764 0.0000000000
138964  -53.848  -32.236  37.694 0.0000000000
54138  -53.178  -32.109  36.904 0.0000000000
55191  -52.736  -31.546  36.324 0.0000000000
62353  -54.292  -23.470  40.817 0.0000000000
134511  -53.148  -24.633  40.888 0.0000000000
61373  -52.694  -24.362  40.118 0.0000000000
38957  -24.521  -46.727  65.130 0.0000000000
41767  -24.155  -43.154  59.931 0.0000000000
41766  -23.523  -43.622  59.377 0.0000000000
41785  -23.207  -43.573  58.514 0.0000000000
42754  -23.398  -42.794  58.103 0.0000000000
120512  -28.069  -42.727  60.148 0.0000000000
118695  -27.702  -42.632  60.974 0.0000000000
42742  -27.634  -42.552  59.356 0.0000000000
119849  -23.955  -44.740  52.303 0.0000000000
39033  -37.173  -47.147  60.062 0.0000000000
39985  -37.208  -46.726  58.714 0.0000000000
39082  -34.328  -46.524  53.878 0.0000000000
39083  -34.935  -45.985  53.834 0.0000000000
40037  -34.233  -45.620  53.669 0.0000000000
141194  -32.932  -46.019  53.672 0.0000000000
49674  -41.925  -35.245  53.910 0.0000000000
50726  -42.482  -34.491  53.783 0.0000000000
50707  -43.117  -34.162  54.347 0.0000000000
52884  -43.691  -32.639  55.527 0.0000000000
119648  -43.703  -33.075  54.784 0.0000000000
53960  -43.950  -32.031  54.825 0.0000000000
52900  -44.365  -31.853  53.953 0.0000000000
49618  -46.844  -36.530  58.584 0.0000000000
47720  -46.301  -37.744  57.738 0.0000000000
48683  -46.306  -36.852  57.777 0.0000000000
48705  -44.153  -36.899  55.788 0.0000000000
47747  -44.406  -38.026  55.767 0.0000000000
47746  -43.649  -37.567  55.314 0.0000000000
46721  -42.542  -38.576  54.557 0.0000000000
47760  -42.440  -37.665  54.454 0.0000000000
47773  -41.295  -37.830  53.518 0.0000000000
134611  -43.226  -35.288  55.184 0.0000000000
49657  -42.236  -35.759  54.386 0.0000000000
49673  -41.182  -35.580  53.317 0.0000000000
53086  -45.025  -33.042  37.059 0.0000000000
55174  -45.822  -30.805  37.360 0.0000000000
55186  -46.181  -30.184  36.869 0.0000000000
39881  -29.844  -45.829  67.632 0.0000000000
39889  -29.692  -46.096  66.933 0.0000000000
39897  -30.101  -46.738  66.482 0.0000000000
120722  -32.073  -47.673  64.580 0.0000000000
39916  -31.222  -47.285  64.461 0.0000000000
38986  -31.902  -47.316  63.762 0.0000000000
39934  -32.660  -46.551  62.292 0.0000000000
120333  -34.939  -33.679  44.199 0.0000000000
50812  -43.073  -35.197  47.697 0.0000000000
49754  -42.725  -35.695  46.926 0.0000000000
49755  -43.403  -36.272  47.255 0.0000000000
48836  -44.246  -36.895  45.961 0.0000000000
48835  -43.517  -36.675  45.813 0.0000000000
49780  -43.811  -36.292  45.381 0.0000000000
50874  -43.239  -35.091  44.220 0.0000000000
49793  -44.143  -35.590  45.061 0.0000000000
50875  -44.136  -34.798  44.561 0.0000000000
48829  -46.042  -36.746  46.859 0.0000000000
50830  -46.075  -34.841  46.098 0.0000000000
49770  -46.574  -35.359  46.701 0.0000000000
50853  -46.567  -34.097  45.785 0.0000000000
50832  -47.295  -34.549  46.688 0.0000000000
44737  -37.254  -40.490  60.516 0.0000000000
44746  -36.662  -40.816  59.678 0.0000000000
43767  -37.032  -40.986  58.905 0.0000000000
41805  -39.086  -42.991  57.713 0.0000000000
42766  -38.323  -42.076  57.802 0.0000000000
40891  -39.878  -44.991  58.036 0.0000000000
39996  -40.886  -45.679  57.760 0.0000000000
120483  -36.438  -44.072  52.517 0.0000000000
129490  -36.877  -44.908  52.465 0.0000000000
40051  -35.667  -45.228  51.162 0.0000000000
40081  -34.655  -45.307  47.611 0.0000000000
40066  -35.419  -45.625  48.960 0.0000000000
40082  -35.779  -45.768  47.759 0.0000000000
40101  -37.070  -46.675  46.896 0.0000000000
40115  -36.071  -46.414  45.682 0.0000000000
39189  -35.683  -46.834  44.797 0.0000000000
40132  -35.583  -46.468  44.856 0.0000000000
142152  -31.818  -37.818  47.477 0.0000000000
48809  -31.822  -37.105  47.032 0.0000000000
48767  -54.450  -36.432  51.812 0.0000000000
49722  -54.237  -36.398  50.487 0.0000000000
123513  -55.861  -34.332  49.186 0.0000000000
50789  -55.101  -34.906  49.235 0.0000000000
50803  -55.527  -34.317  48.634 0.0000000000
50819  -54.691  -34.323  47.498 0.0000000000
50820  -55.599  -34.095  47.872 0.0000000000
139976  -56.354  -27.030  45.401 0.0000000000
58324  -56.553  -26.896  46.410 0.0000000000
58323  -55.770  -27.746  45.695 0.0000000000
57289  -55.453  -28.567  45.847 0.0000000000
56173  -55.450  -29.558  45.865 0.0000000000
56172  -54.732  -29.102  45.354 0.0000000000
56194  -53.336  -29.278  44.369 0.0000000000
55117  -53.562  -30.109  44.284 0.0000000000
55124  -53.255  -30.548  43.722 0.0000000000
54063  -53.604  -31.449  43.129 0.0000000000
54071  -52.855  -31.290  42.487 0.0000000000
119103  -53.156  -31.939  41.512 0.0000000000
140247  -52.417  -31.173  41.933 0.0000000000
56222  -51.361  -29.194  42.284 0.0000000000
55128  -51.543  -29.944  42.025 0.0000000000
122821  -51.529  -30.155  41.084 0.0000000000
56239  -51.205  -29.425  40.644 0.0000000000
63377  -52.877  -23.080  38.634 0.0000000000
42673  -24.324  -42.751  66.596 0.0000000000
41718  -24.474  -43.493  65.391 0.0000000000
42688  -24.436  -42.802  65.778 0.0000000000
42701  -25.156  -42.290  64.348 0.0000000000
42710  -24.966  -43.242  63.976 0.0000000000
41727  -25.259  -43.298  63.057 0.0000000000
41738  -25.389  -43.300  62.095 0.0000000000
42809  -28.949  -42.166  56.960 0.0000000000
43804  -28.475  -41.802  56.273 0.0000000000
43844  -27.393  -41.482  53.063 0.0000000000
43832  -27.847  -41.278  53.821 0.0000000000
43852  -26.884  -41.812  52.684 0.0000000000
43843  -26.507  -41.370  53.101 0.0000000000
42843  -26.320  -42.310  52.528 0.0000000000
41849  -26.617  -43.103  52.565 0.0000000000
138654  -27.727  -44.784  53.712 0.0000000000
40945  -27.078  -44.565  53.589 0.0000000000
37087  -36.060  -49.992  56.886 0.0000000000
36036  -35.381  -50.664  56.529 0.0000000000
36055  -33.369  -50.121  54.317 0.0000000000
37127  -34.509  -49.463  55.253 0.0000000000
37126  -33.249  -49.205  54.330 0.0000000000
38067  -33.451  -48.088  54.232 0.0000000000
49739  -36.669  -35.401  48.309 0.0000000000
50793  -37.062  -34.778  47.858 0.0000000000
50794  -37.385  -35.044  48.569 0.0000000000
51846  -40.190  -33.777  50.082 0.0000000000
141182  -39.886  -33.474  48.847 0.0000000000
51867  -39.644  -33.469  48.177 0.0000000000
51860  -40.475  -33.465  49.344 0.0000000000
50746  -42.464  -34.027  52.861 0.0000000000
51812  -42.177  -33.771  51.904 0.0000000000
51813  -42.824  -33.530  52.189 0.0000000000
138632  -43.959  -32.675  50.688 0.0000000000
51861  -42.229  -33.341  49.619 0.0000000000
51862  -43.118  -33.339  49.653 0.0000000000
51863  -43.966  -33.439  49.620 0.0000000000
51853  -46.086  -33.197  50.258 0.0000000000
50774  -45.677  -33.911  49.784 0.0000000000
50787  -46.038  -35.046  49.620 0.0000000000
49730  -45.546  -35.815  49.265 0.0000000000
45649  -42.540  -39.050  60.046 0.0000000000
44752  -42.620  -40.476  59.115 0.0000000000
45664  -43.442  -40.087  59.408 0.0000000000
142889  -44.708  -41.695  58.563 0.0000000000
43778  -44.139  -42.219  58.430 0.0000000000
42796  -43.556  -42.755  57.549 0.0000000000
42816  -43.145  -43.418  57.134 0.0000000000
43808  -42.474  -42.203  56.665 0.0000000000
45690  -45.268  -39.412  56.661 0.0000000000
44778  -44.884  -40.149  56.767 0.0000000000
44791  -44.115  -39.982  56.085 0.0000000000
44787  -39.942  -40.805  55.155 0.0000000000
44788  -40.926  -40.864  55.646 0.0000000000
43838  -39.429  -41.475  55.036 0.0000000000
42824  -39.774  -42.270  55.303 0.0000000000
42831  -38.953  -42.176  54.793 0.0000000000
41832  -37.816  -42.933  53.908 0.0000000000
42839  -37.427  -42.313  53.627 0.0000000000
42854  -35.304  -42.287  51.864 0.0000000000
41855  -35.716  -42.837  52.227 0.0000000000
42853  -34.684  -42.397  51.410 0.0000000000
41862  -33.445  -43.193  50.283 0.0000000000
42856  -33.379  -42.407  50.345 0.0000000000
41861  -32.828  -42.547  49.824 0.0000000000
122632  -33.670  -41.940  50.581 0.0000000000
44814  -35.190  -40.321  51.150 0.0000000000
123992  -34.677  -39.907  50.511 0.0000000000
44816  -32.861  -40.152  49.314 0.0000000000
45733  -34.306  -39.532  50.013 0.0000000000
46742  -40.204  -38.067  52.597 0.0000000000
46740  -38.769  -38.837  52.181 0.0000000000
46754  -39.051  -38.206  51.816 0.0000000000
47797  -37.793  -37.561  50.595 0.0000000000
46768  -37.490  -38.179  50.788 0.0000000000
46783  -36.371  -38.256  50.221 0.0000000000
46782  -35.615  -38.271  49.814 0.0000000000
139318  -35.228  -38.032  49.427 0.0000000000
47805  -34.958  -37.777  49.090 0.0000000000
47806  -35.596  -37.619  49.355 0.0000000000
119669  -37.283  -36.090  49.476 0.0000000000
48798  -36.351  -36.075  48.743 0.0000000000
49738  -35.940  -35.716  48.126 0.0000000000
62339  -56.610  -23.537  42.523 0.0000000000
63334  -56.386  -22.891  42.171 0.0000000000
62355  -55.634  -23.334  41.813 0.0000000000
63349  -56.654  -22.217  42.173 0.0000000000
64307  -55.850  -21.820  41.475 0.0000000000
65171  -55.886  -20.990  41.357 0.0000000000
65184  -55.263  -20.544  40.692 0.0000000000
44660  -27.052  -40.761  65.862 0.0000000000
43674  -27.662  -41.185  66.325 0.0000000000
42702  -28.552  -42.332  64.346 0.0000000000
42720  -28.978  -43.132  62.872 0.0000000000
42719  -28.306  -42.632  62.402 0.0000000000
122951  -29.622  -44.872  64.030 0.0000000000
122391  -30.302  -45.326  62.811 0.0000000000
41753  -30.292  -43.805  60.449 0.0000000000
41741  -29.951  -44.271  61.701 0.0000000000
41752  -29.516  -43.526  60.562 0.0000000000
42744  -30.028  -43.237  59.302 0.0000000000
42761  -30.015  -42.837  58.421 0.0000000000
42812  -31.667  -42.341  56.549 0.0000000000
136313  -31.088  -42.446  57.228 0.0000000000
43825  -31.462  -41.792  55.085 0.0000000000
50825  -37.098  -34.188  46.829 0.0000000000
50847  -36.330  -34.222  45.993 0.0000000000
51883  -37.105  -33.934  46.168 0.0000000000
51912  -38.570  -33.886  44.777 0.0000000000
51911  -37.842  -33.702  44.590 0.0000000000
121804  -41.174  -35.095  44.771 0.0000000000
133271  -40.563  -34.777  44.629 0.0000000000
50872  -41.002  -34.933  44.103 0.0000000000
51961  -40.585  -34.010  42.268 0.0000000000
51938  -45.104  -33.180  43.377 0.0000000000
51966  -44.983  -32.838  42.717 0.0000000000
136568  -46.281  -33.847  41.356 0.0000000000
49842  -46.276  -37.002  39.883 0.0000000000
137234  -46.770  -36.955  39.879 0.0000000000
49843  -47.345  -36.701  40.443 0.0000000000
50967  -47.571  -36.278  39.643 0.0000000000
49844  -47.927  -36.642  40.902 0.0000000000
135336  -33.420  -42.875  63.875 0.0000000000
39917  -34.218  -45.266  64.237 0.0000000000
41730  -33.962  -43.773  63.592 0.0000000000
40840  -37.034  -45.161  62.186 0.0000000000
40839  -36.183  -44.884  62.510 0.0000000000
39953  -37.340  -46.622  62.766 0.0000000000
39954  -37.592  -47.387  62.366 0.0000000000
39966  -38.318  -46.874  61.982 0.0000000000
41774  -37.695  -43.665  59.429 0.0000000000
119972  -37.250  -43.862  60.285 0.0000000000
37055  -39.040  -49.037  59.798 0.0000000000
37054  -38.592  -49.007  60.059 0.0000000000
37053  -38.191  -49.130  60.107 0.0000000000
35986  -37.873  -50.281  59.357 0.0000000000
35999  -37.263  -50.545  58.665 0.0000000000
34959  -37.596  -50.690  58.663 0.0000000000
36037  -37.682  -50.618  55.750 0.0000000000
35019  -36.693  -51.226  55.623 0.0000000000
36057  -36.371  -50.936  54.585 0.0000000000
35036  -35.621  -50.968  54.081 0.0000000000
43776  -42.488  -42.210  58.532 0.0000000000
42767  -41.600  -42.583  58.213 0.0000000000
42794  -42.478  -43.831  57.990 0.0000000000
40010  -41.966  -45.879  55.513 0.0000000000
39997  -42.329  -45.266  56.874 0.0000000000
131460  -42.006  -46.387  55.699 0.0000000000
39056  -41.690  -46.867  55.476 0.0000000000
39055  -41.336  -46.928  54.697 0.0000000000
140764  -38.011  -45.924  52.146 0.0000000000
39084  -38.976  -46.378  52.286 0.0000000000
39095  -38.561  -46.373  51.442 0.0000000000
38107  -39.573  -47.974  50.352 0.0000000000
38101  -39.884  -47.680  51.200 0.0000000000
38071  -40.211  -47.502  53.609 0.0000000000
37155  -39.534  -48.007  52.258 0.0000000000
37130  -38.421  -48.645  53.703 0.0000000000
37185  -38.757  -48.366  50.785 0.0000000000
37193  -36.578  -48.342  49.786 0.0000000000
121556  -36.421  -48.568  50.724 0.0000000000
37192  -35.138  -48.365  50.074 0.0000000000
129714  -35.177  -48.825  50.781 0.0000000000
136795  -34.175  -48.604  50.097 0.0000000000
42862  -31.701  -42.144  48.615 0.0000000000
41880  -31.553  -43.036  47.504 0.0000000000
42866  -31.292  -42.341  47.909 0.0000000000
41680  -24.326  -43.333  68.196 0.0000000000
45546  -26.581  -39.086  68.852 0.0000000000
40761  -29.258  -44.248  68.960 0.0000000000
42692  -32.865  -42.567  65.884 0.0000000000
43676  -33.757  -42.175  66.228 0.0000000000
132209  -34.782  -41.405  63.996 0.0000000000
43741  -35.797  -41.360  64.120 0.0000000000
43701  -39.086  -41.203  65.244 0.0000000000
140021  -38.495  -41.510  65.001 0.0000000000
43742  -37.795  -41.440  64.205 0.0000000000
44683  -38.398  -41.137  63.427 0.0000000000
44701  -37.949  -40.809  62.533 0.0000000000
44704  -40.407  -40.347  63.062 0.0000000000
44722  -40.356  -39.986  62.187 0.0000000000
45621  -40.858  -39.792  62.767 0.0000000000
46604  -41.427  -38.438  62.174 0.0000000000
47669  -41.647  -37.834  61.845 0.0000000000
46616  -41.787  -38.223  61.417 0.0000000000
47670  -42.099  -37.451  61.163 0.0000000000
49580  -43.115  -36.064  60.561 0.0000000000
49581  -43.808  -35.296  60.682 0.0000000000
126197  -44.250  -36.073  60.225 0.0000000000
140182  -45.420  -33.184  59.363 0.0000000000
53882  -43.803  -30.715  58.765 0.0000000000
54944  -43.702  -30.785  57.947 0.0000000000
54933  -43.947  -30.148  58.342 0.0000000000
56020  -45.791  -29.835  57.059 0.0000000000
54946  -44.781  -29.999  57.174 0.0000000000
54960  -45.184  -30.173  56.436 0.0000000000
55000  -44.912  -30.623  55.060 0.0000000000
54979  -45.590  -30.367  55.710 0.0000000000
53938  -48.155  -30.985  55.192 0.0000000000
54981  -47.611  -30.559  55.713 0.0000000000
53964  -47.809  -31.232  54.388 0.0000000000
53963  -47.037  -30.972  53.995 0.0000000000
53984  -47.520  -31.414  53.559 0.0000000000
54004  -47.219  -31.575  52.768 0.0000000000
52915  -47.976  -31.945  53.100 0.0000000000
50747  -49.148  -34.257  52.106 0.0000000000
51838  -48.469  -33.684  51.604 0.0000000000
50765  -48.689  -34.727  51.426 0.0000000000
50777  -48.150  -35.316  50.861 0.0000000000
49708  -48.826  -35.904  51.391 0.0000000000
48731  -51.451  -36.871  54.367 0.0000000000
50749  -50.345  -35.607  53.516 0.0000000000
47791  -49.845  -38.166  51.554 0.0000000000
48764  -49.695  -37.536  51.791 0.0000000000
47790  -49.083  -38.001  51.204 0.0000000000
48776  -48.383  -37.703  50.822 0.0000000000
46770  -48.539  -38.495  50.273 0.0000000000
46798  -47.674  -38.398  49.324 0.0000000000
46786  -48.553  -38.416  49.579 0.0000000000
48804  -49.543  -36.631  48.628 0.0000000000
49743  -48.935  -36.185  48.253 0.0000000000
50814  -49.562  -34.572  47.461 0.0000000000
49746  -52.469  -35.603  48.883 0.0000000000
49732  -51.998  -36.154  49.202 0.0000000000
50800  -52.182  -34.944  48.130 0.0000000000
50835  -51.062  -34.125  46.198 0.0000000000
118587  -51.116  -34.259  47.125 0.0000000000
120039  -50.249  -34.032  45.913 0.0000000000
50856  -49.381  -33.964  45.601 0.0000000000
120365  -50.232  -34.304  44.893 0.0000000000
129762  -49.569  -34.900  43.510 0.0000000000
125115  -50.251  -34.818  43.888 0.0000000000
49802  -50.810  -36.163  42.668 0.0000000000
49801  -50.008  -36.285  42.374 0.0000000000
49830  -49.914  -36.256  41.759 0.0000000000
50933  -49.742  -35.785  41.213 0.0000000000
52978  -57.055  -32.472  46.569 0.0000000000
52976  -56.927  -32.582  47.394 0.0000000000
51889  -56.757  -33.128  46.717 0.0000000000
51888  -56.216  -33.732  46.425 0.0000000000
51902  -56.740  -33.878  44.662 0.0000000000
54058  -56.185  -31.939  44.546 0.0000000000
54052  -56.347  -31.578  45.329 0.0000000000
52983  -56.896  -32.731  43.818 0.0000000000
50939  -56.580  -34.093  41.278 0.0000000000
50925  -57.110  -34.048  41.801 0.0000000000
50924  -56.512  -34.497  41.726 0.0000000000
50909  -56.036  -34.928  42.729 0.0000000000
50923  -55.392  -35.106  42.065 0.0000000000
49818  -53.518  -35.547  42.435 0.0000000000
49833  -53.576  -35.322  41.624 0.0000000000
52011  -52.025  -33.650  40.519 0.0000000000
51989  -51.954  -34.288  41.002 0.0000000000
52010  -50.873  -33.393  40.600 0.0000000000
50950  -50.139  -34.417  40.916 0.0000000000
52009  -49.919  -33.157  40.477 0.0000000000
53053  -48.540  -32.399  39.772 0.0000000000
53054  -49.479  -32.379  39.985 0.0000000000
54117  -50.193  -31.647  38.688 0.0000000000
54116  -49.353  -31.098  38.479 0.0000000000
55177  -48.349  -30.395  37.633 0.0000000000
55166  -49.388  -30.727  37.528 0.0000000000
54093  -54.373  -33.128  38.554 0.0000000000
53058  -54.147  -33.431  38.283 0.0000000000
53077  -53.781  -33.321  37.842 0.0000000000
54136  -51.387  -31.676  36.732 0.0000000000
55188  -49.798  -30.590  36.554 0.0000000000
60415  -54.917  -25.228  42.660 0.0000000000
59442  -53.372  -26.201  42.715 0.0000000000
60413  -52.996  -25.746  41.996 0.0000000000
59467  -50.863  -26.791  40.395 0.0000000000
59453  -50.954  -27.063  41.137 0.0000000000
57367  -50.658  -27.679  40.122 0.0000000000
57359  -50.842  -28.622  40.338 0.0000000000
57368  -51.073  -28.336  39.571 0.0000000000
60468  -51.679  -25.447  38.187 0.0000000000
60465  -51.330  -25.671  38.914 0.0000000000
58418  -52.003  -26.913  37.956 0.0000000000
57379  -53.418  -28.741  38.302 0.0000000000
56258  -53.593  -29.894  38.212 0.0000000000
39914  -24.486  -45.677  63.195 0.0000000000
39948  -24.183  -45.561  61.833 0.0000000000
40871  -22.705  -45.386  59.036 0.0000000000
39962  -23.288  -46.054  60.733 0.0000000000
39992  -22.123  -45.456  58.001 0.0000000000
41812  -22.492  -44.214  56.295 0.0000000000
40915  -22.195  -44.796  56.530 0.0000000000
40926  -22.132  -44.549  55.766 0.0000000000
125236  -22.087  -44.268  54.707 0.0000000000
140204  -27.431  -41.457  64.075 0.0000000000
43714  -26.856  -41.279  64.210 0.0000000000
43752  -27.069  -41.861  62.841 0.0000000000
42732  -26.340  -42.499  60.258 0.0000000000
42723  -26.438  -42.582  61.548 0.0000000000
42740  -25.656  -42.443  59.622 0.0000000000
42731  -25.499  -42.734  60.540 0.0000000000
43802  -26.873  -41.584  56.340 0.0000000000
42783  -26.765  -41.989  57.859 0.0000000000
123307  -24.541  -41.340  55.612 0.0000000000
43800  -24.466  -41.562  56.627 0.0000000000
42782  -24.314  -41.871  57.472 0.0000000000
43799  -23.708  -41.873  56.766 0.0000000000
125093  -23.181  -42.465  56.803 0.0000000000
42808  -23.212  -41.997  55.939 0.0000000000
40029  -25.902  -45.122  53.564 0.0000000000
39093  -25.262  -45.585  53.267 0.0000000000
39918  -35.504  -46.713  63.789 0.0000000000
38990  -35.024  -47.349  63.788 0.0000000000
119176  -35.453  -47.798  62.893 0.0000000000
39965  -35.232  -46.248  60.351 0.0000000000
39964  -34.653  -46.437  60.925 0.0000000000
40875  -34.952  -45.355  59.352 0.0000000000
40859  -34.325  -45.561  60.052 0.0000000000
38049  -37.190  -47.524  56.086 0.0000000000
40003  -37.253  -46.176  56.921 0.0000000000
39054  -37.234  -46.397  56.077 0.0000000000
132265  -35.578  -44.521  55.317 0.0000000000
124421  -35.628  -44.363  56.099 0.0000000000
41815  -35.065  -43.971  56.492 0.0000000000
40900  -34.770  -44.339  57.864 0.0000000000
41814  -34.440  -43.549  56.166 0.0000000000
128430  -33.754  -43.386  56.642 0.0000000000
41822  -34.315  -43.435  55.463 0.0000000000
41841  -32.751  -43.872  53.203 0.0000000000
41829  -33.025  -43.365  53.710 0.0000000000
41840  -32.217  -43.355  53.217 0.0000000000
130393  -31.548  -42.672  53.222 0.0000000000
138063  -31.602  -44.252  52.889 0.0000000000
37168  -30.490  -48.542  52.008 0.0000000000
37150  -31.733  -48.512  53.181 0.0000000000
38098  -29.166  -47.792  53.018 0.0000000000
38085  -30.510  -47.160  53.375 0.0000000000
129123  -30.918  -46.494  53.655 0.0000000000
137020  -30.350  -46.508  53.830 0.0000000000
40033  -29.879  -45.435  53.983 0.0000000000
40019  -29.260  -45.721  54.473 0.0000000000
50690  -43.373  -34.476  55.121 0.0000000000
51764  -43.621  -33.599  55.485 0.0000000000
139508  -43.651  -33.027  56.077 0.0000000000
52870  -43.609  -32.283  56.312 0.0000000000
50663  -45.749  -35.118  58.157 0.0000000000
49632  -45.422  -36.291  57.198 0.0000000000
49616  -45.131  -35.457  57.396 0.0000000000
49631  -44.638  -35.736  56.713 0.0000000000
139808  -43.444  -36.695  55.288 0.0000000000
48704  -43.569  -35.973  55.501 0.0000000000
49644  -43.669  -35.173  55.673 0.0000000000
50980  -46.809  -36.528  38.734 0.0000000000
52048  -46.367  -35.073  38.163 0.0000000000
53087  -45.728  -33.363  37.691 0.0000000000
54124  -45.177  -32.212  37.245 0.0000000000
54125  -45.676  -31.789  37.622 0.0000000000
54126  -46.309  -31.267  37.983 0.0000000000
137082  -31.162  -46.084  67.342 0.0000000000
38958  -30.758  -47.255  65.921 0.0000000000
38950  -31.868  -47.068  66.057 0.0000000000
129818  -32.115  -47.614  65.104 0.0000000000
38987  -32.821  -47.760  64.055 0.0000000000
51909  -35.721  -33.757  44.595 0.0000000000
49741  -44.506  -36.412  48.393 0.0000000000
48799  -44.049  -36.822  47.639 0.0000000000
48800  -44.552  -37.318  47.935 0.0000000000
48827  -44.412  -37.310  46.663 0.0000000000
48837  -44.901  -36.439  45.952 0.0000000000
48828  -45.041  -37.231  46.518 0.0000000000
48817  -46.493  -37.368  47.429 0.0000000000
126229  -38.973  -39.964  60.336 0.0000000000
44759  -37.876  -40.704  58.677 0.0000000000
44748  -38.474  -40.209  59.360 0.0000000000
43773  -38.872  -41.433  57.764 0.0000000000
42792  -40.074  -43.114  57.695 0.0000000000
40974  -34.455  -44.620  50.416 0.0000000000
40055  -34.872  -45.282  49.954 0.0000000000
40054  -34.120  -44.776  49.632 0.0000000000
40114  -34.959  -45.666  45.361 0.0000000000
128577  -33.897  -45.043  45.205 0.0000000000
41049  -33.853  -45.047  44.166 0.0000000000
48811  -33.529  -36.359  47.448 0.0000000000
48810  -32.702  -36.698  47.259 0.0000000000
48824  -33.010  -35.954  46.877 0.0000000000
49762  -31.893  -35.878  46.060 0.0000000000
57288  -54.875  -28.246  45.196 0.0000000000
56212  -52.778  -29.816  43.789 0.0000000000
123041  -52.257  -29.960  43.217 0.0000000000
56211  -52.224  -29.343  43.370 0.0000000000
57315  -52.247  -28.648  43.414 0.0000000000
58349  -51.810  -28.252  42.893 0.0000000000
133031  -24.618  -42.221  65.512 0.0000000000
43692  -24.758  -41.664  65.687 0.0000000000
43734  -25.748  -41.900  63.932 0.0000000000
43823  -29.754  -41.520  55.132 0.0000000000
130306  -29.040  -41.428  54.672 0.0000000000
43845  -28.349  -41.546  53.108 0.0000000000
43853  -27.884  -41.950  52.607 0.0000000000
127898  -27.893  -42.640  52.422 0.0000000000
40962  -27.780  -44.135  53.026 0.0000000000
35000  -34.677  -51.063  55.489 0.0000000000
36034  -34.480  -50.460  55.531 0.0000000000
35017  -34.320  -51.103  54.693 0.0000000000
36067  -33.080  -50.247  53.774 0.0000000000
36066  -32.449  -49.970  53.321 0.0000000000
49716  -38.242  -35.518  50.010 0.0000000000
118706  -38.320  -34.905  49.561 0.0000000000
118634  -38.801  -34.814  50.116 0.0000000000
50771  -39.465  -34.208  50.121 0.0000000000
50773  -40.611  -33.870  50.619 0.0000000000
52930  -43.875  -32.797  52.434 0.0000000000
51814  -43.374  -33.093  51.871 0.0000000000
52943  -44.048  -32.548  51.446 0.0000000000
52955  -44.646  -32.500  50.688 0.0000000000
51851  -44.358  -32.920  50.095 0.0000000000
52956  -45.508  -32.467  50.690 0.0000000000
52957  -46.379  -32.576  50.802 0.0000000000
46632  -43.921  -38.598  59.808 0.0000000000
45665  -44.711  -40.234  59.351 0.0000000000
45666  -45.422  -40.109  59.116 0.0000000000
44764  -45.154  -41.098  58.710 0.0000000000
44768  -44.525  -41.594  57.808 0.0000000000
44790  -43.176  -39.708  55.465 0.0000000000
45697  -42.166  -39.870  55.310 0.0000000000
44799  -40.615  -40.066  54.885 0.0000000000
44798  -39.703  -40.310  54.517 0.0000000000
43849  -38.170  -41.112  53.982 0.0000000000
43848  -37.541  -41.580  53.623 0.0000000000
43856  -36.197  -41.378  52.416 0.0000000000
43860  -35.508  -41.586  51.921 0.0000000000
44810  -35.002  -41.161  51.411 0.0000000000
44804  -35.809  -40.711  51.831 0.0000000000
118567  -36.453  -40.087  51.868 0.0000000000
45730  -35.965  -39.857  51.375 0.0000000000
137831  -40.484  -36.979  52.677 0.0000000000
47789  -39.115  -37.488  51.528 0.0000000000
47780  -39.740  -37.039  51.911 0.0000000000
128984  -38.812  -37.046  51.117 0.0000000000
47808  -37.195  -37.275  50.056 0.0000000000
131605  -36.777  -36.981  49.616 0.0000000000
48772  -37.763  -36.837  50.241 0.0000000000
131436  -37.707  -36.142  49.920 0.0000000000
43675  -28.153  -41.962  66.910 0.0000000000
43694  -28.126  -41.814  65.826 0.0000000000
42674  -28.479  -42.628  66.352 0.0000000000
42703  -28.954  -43.105  64.850 0.0000000000
39933  -31.078  -45.557  62.417 0.0000000000
121063  -30.478  -44.828  62.002 0.0000000000
40837  -31.254  -44.905  61.585 0.0000000000
41754  -31.231  -43.974  60.269 0.0000000000
41786  -30.935  -43.234  58.844 0.0000000000
118283  -31.750  -43.476  58.821 0.0000000000
42789  -32.320  -43.112  57.646 0.0000000000
42813  -32.258  -42.762  56.967 0.0000000000
51874  -38.573  -33.628  47.047 0.0000000000
123499  -37.843  -33.699  46.004 0.0000000000
51886  -39.238  -33.730  46.455 0.0000000000
51897  -39.177  -33.980  45.618 0.0000000000
123507  -39.386  -34.252  44.404 0.0000000000
50898  -41.589  -34.784  43.485 0.0000000000
51962  -41.318  -33.882  42.142 0.0000000000
131919  -45.824  -33.111  42.829 0.0000000000
51987  -46.920  -35.111  41.276 0.0000000000
50947  -46.608  -36.386  40.474 0.0000000000
50932  -47.618  -35.978  41.471 0.0000000000
49812  -48.124  -36.325  41.523 0.0000000000
43753  -34.162  -41.928  63.127 0.0000000000
41733  -34.530  -43.446  62.873 0.0000000000
118183  -35.944  -43.914  61.647 0.0000000000
39986  -39.426  -45.843  59.263 0.0000000000
40877  -38.842  -45.541  60.276 0.0000000000
39035  -39.739  -47.541  59.227 0.0000000000
38018  -39.661  -48.377  59.197 0.0000000000
36001  -39.063  -49.848  58.536 0.0000000000
34988  -37.755  -50.983  58.067 0.0000000000
36018  -38.624  -50.312  57.720 0.0000000000
36038  -38.480  -49.937  55.852 0.0000000000
36058  -37.487  -50.186  54.699 0.0000000000
136628  -43.026  -44.362  56.928 0.0000000000
40906  -43.022  -44.376  57.304 0.0000000000
40929  -42.223  -44.746  56.045 0.0000000000
40024  -41.074  -45.742  54.870 0.0000000000
132656  -40.637  -46.288  54.252 0.0000000000
39100  -37.931  -46.393  49.878 0.0000000000
140392  -38.910  -46.670  49.864 0.0000000000
39108  -38.657  -47.088  48.687 0.0000000000
38118  -38.817  -47.670  49.084 0.0000000000
37195  -39.034  -48.156  49.847 0.0000000000
38117  -37.964  -48.026  48.705 0.0000000000
38129  -36.214  -47.814  48.297 0.0000000000
43872  -32.063  -40.813  48.899 0.0000000000
141021  -35.078  -42.226  67.115 0.0000000000
44671  -39.692  -40.913  64.839 0.0000000000
43744  -39.703  -41.011  64.125 0.0000000000
44672  -40.157  -40.605  64.405 0.0000000000
48633  -42.219  -36.420  61.245 0.0000000000
57096  -44.573  -28.758  58.988 0.0000000000
55993  -44.257  -29.419  58.692 0.0000000000
55994  -45.072  -29.028  58.319 0.0000000000
135702  -46.220  -29.290  57.708 0.0000000000
53939  -49.053  -31.357  55.549 0.0000000000
53965  -48.638  -31.666  54.803 0.0000000000
137430  -48.541  -32.369  53.484 0.0000000000
136210  -49.092  -33.052  53.403 0.0000000000
51816  -49.504  -33.912  52.944 0.0000000000
49677  -52.917  -36.401  54.744 0.0000000000
48732  -52.256  -37.090  54.366 0.0000000000
142594  -51.152  -37.337  53.787 0.0000000000
49693  -50.659  -36.751  53.525 0.0000000000
47783  -51.026  -38.225  52.572 0.0000000000
46756  -50.627  -38.312  51.905 0.0000000000
46788  -49.863  -38.511  50.609 0.0000000000
47811  -49.412  -38.223  49.516 0.0000000000
47812  -50.237  -38.251  49.918 0.0000000000
48805  -50.506  -36.321  48.898 0.0000000000
50817  -52.951  -34.586  47.549 0.0000000000
50816  -51.987  -34.456  47.338 0.0000000000
50837  -52.686  -34.325  46.822 0.0000000000
50858  -51.907  -34.257  45.523 0.0000000000
50879  -51.024  -34.683  44.261 0.0000000000
50906  -51.829  -35.211  43.714 0.0000000000
49803  -51.696  -35.973  42.928 0.0000000000
55075  -56.718  -31.034  48.414 0.0000000000
54048  -57.074  -31.962  47.126 0.0000000000
122358  -57.020  -32.387  45.913 0.0000000000
52986  -55.827  -32.754  42.656 0.0000000000
53000  -56.755  -33.411  42.033 0.0000000000
51969  -55.985  -33.481  41.390 0.0000000000
51992  -55.955  -34.044  40.721 0.0000000000
50953  -55.395  -34.208  40.370 0.0000000000
50937  -53.682  -34.885  40.996 0.0000000000
50951  -53.734  -34.454  40.321 0.0000000000
53033  -51.514  -33.047  40.064 0.0000000000
125296  -50.211  -32.470  40.032 0.0000000000
53055  -50.958  -32.543  39.679 0.0000000000
54100  -51.289  -32.373  38.729 0.0000000000
54101  -53.666  -32.020  38.891 0.0000000000
53078  -53.640  -32.721  37.567 0.0000000000
54130  -52.932  -32.555  37.108 0.0000000000
61345  -54.570  -24.600  41.992 0.0000000000
60427  -53.546  -24.985  41.618 0.0000000000
60425  -51.864  -25.699  40.882 0.0000000000
60452  -51.135  -26.038  39.689 0.0000000000
119537  -53.396  -27.227  37.594 0.0000000000
140854  -52.680  -27.064  37.735 0.0000000000
39001  -23.503  -47.081  62.645 0.0000000000
40835  -24.333  -44.817  61.559 0.0000000000
40855  -24.136  -44.453  60.974 0.0000000000
40872  -23.283  -44.820  59.594 0.0000000000
133515  -22.421  -45.059  57.704 0.0000000000
41784  -22.815  -44.474  58.014 0.0000000000
42718  -27.529  -42.319  62.302 0.0000000000
42724  -27.197  -42.467  61.615 0.0000000000
42741  -26.597  -42.360  59.325 0.0000000000
43830  -25.624  -41.018  54.192 0.0000000000
43819  -25.643  -41.173  55.295 0.0000000000
127177  -24.863  -41.146  54.574 0.0000000000
42820  -23.245  -41.851  54.898 0.0000000000
40958  -23.110  -44.665  52.429 0.0000000000
141654  -23.991  -45.547  52.411 0.0000000000
39092  -24.433  -46.104  52.827 0.0000000000
119611  -36.621  -47.696  62.060 0.0000000000
39016  -36.095  -47.705  62.487 0.0000000000
39021  -36.279  -46.973  60.894 0.0000000000
39028  -36.400  -46.476  59.905 0.0000000000
39068  -36.140  -46.779  54.609 0.0000000000
40021  -36.360  -46.002  54.783 0.0000000000
40020  -35.652  -45.820  54.315 0.0000000000
126929  -35.501  -44.894  54.638 0.0000000000
40937  -35.061  -44.225  54.726 0.0000000000
131179  -34.364  -43.608  54.763 0.0000000000
40952  -34.113  -44.628  53.712 0.0000000000
40951  -33.366  -44.179  53.473 0.0000000000
40950  -32.721  -44.496  53.296 0.0000000000
38084  -28.900  -47.825  53.749 0.0000000000
38066  -29.440  -47.039  54.186 0.0000000000
49691  -40.891  -34.932  52.588 0.0000000000
50744  -40.516  -34.748  51.910 0.0000000000
142135  -43.476  -33.423  53.499 0.0000000000
51777  -43.543  -33.438  54.075 0.0000000000
52913  -43.847  -32.994  53.350 0.0000000000
52914  -44.215  -32.387  53.478 0.0000000000
118633  -44.991  -31.048  53.777 0.0000000000
47695  -46.753  -37.340  59.198 0.0000000000
46665  -46.390  -38.453  58.843 0.0000000000
46682  -46.489  -38.234  58.546 0.0000000000
135510  -45.739  -38.867  57.014 0.0000000000
45700  -44.575  -38.941  55.856 0.0000000000
48695  -45.636  -37.175  57.030 0.0000000000
46699  -45.138  -38.514  56.371 0.0000000000
45698  -42.379  -39.219  54.729 0.0000000000
123941  -41.616  -39.038  54.126 0.0000000000
45723  -40.737  -39.062  53.592 0.0000000000
45727  -39.300  -39.150  52.765 0.0000000000
46730  -40.737  -38.319  53.181 0.0000000000
47772  -40.701  -37.453  52.970 0.0000000000
48718  -42.306  -36.634  54.438 0.0000000000
48730  -41.232  -36.924  53.466 0.0000000000
48729  -40.754  -36.471  53.044 0.0000000000
49672  -40.610  -35.709  52.731 0.0000000000
55184  -44.714  -30.888  36.299 0.0000000000
40780  -29.319  -45.235  67.356 0.0000000000
40787  -29.308  -45.162  66.232 0.0000000000
39896  -29.691  -46.032  65.837 0.0000000000
121970  -30.436  -46.605  64.474 0.0000000000
38970  -30.772  -47.236  65.150 0.0000000000
39915  -30.899  -46.373  63.448 0.0000000000
39949  -31.897  -45.658  61.911 0.0000000000
40857  -32.870  -45.082  60.622 0.0000000000
50810  -41.576  -34.369  47.207 0.0000000000
50828  -41.350  -34.784  46.382 0.0000000000
50829  -42.037  -35.188  46.650 0.0000000000
49767  -41.864  -35.505  45.831 0.0000000000
49778  -41.842  -35.537  45.037 0.0000000000
48826  -43.243  -36.546  46.387 0.0000000000
48825  -42.921  -36.413  45.781 0.0000000000
49791  -42.616  -35.633  44.688 0.0000000000
50873  -42.425  -35.039  43.903 0.0000000000
50900  -43.097  -34.484  43.617 0.0000000000
51936  -43.119  -33.771  43.002 0.0000000000
51964  -43.049  -33.047  42.224 0.0000000000
51937  -43.822  -33.743  43.463 0.0000000000
51914  -44.536  -33.756  43.965 0.0000000000
50876  -45.083  -34.045  44.685 0.0000000000
49782  -45.283  -35.372  45.743 0.0000000000
51898  -45.873  -33.640  44.719 0.0000000000
51899  -46.518  -33.638  45.071 0.0000000000
51900  -47.268  -33.680  45.391 0.0000000000
51901  -47.815  -33.781  45.725 0.0000000000
44735  -35.884  -41.032  60.684 0.0000000000
42734  -35.569  -41.862  60.599 0.0000000000
43764  -36.043  -41.279  60.006 0.0000000000
42746  -36.636  -42.394  59.327 0.0000000000
42747  -37.273  -42.715  58.866 0.0000000000
43772  -37.596  -41.445  58.346 0.0000000000
41788  -38.149  -43.114  58.310 0.0000000000
40890  -39.081  -44.948  58.874 0.0000000000
39987  -40.082  -45.970  58.418 0.0000000000
39036  -40.522  -46.624  58.153 0.0000000000
38027  -40.934  -47.349  57.297 0.0000000000
40953  -37.942  -44.623  53.487 0.0000000000
40954  -38.794  -44.860  53.997 0.0000000000
40047  -37.274  -45.708  51.896 0.0000000000
40050  -35.237  -45.257  50.514 0.0000000000
40056  -35.867  -45.766  49.730 0.0000000000
39107  -37.418  -46.322  49.162 0.0000000000
39117  -37.032  -46.288  48.471 0.0000000000
39149  -36.963  -46.932  46.380 0.0000000000
38155  -35.714  -47.356  45.585 0.0000000000
38164  -35.466  -47.196  44.860 0.0000000000
39200  -34.565  -46.852  43.832 0.0000000000
39199  -33.599  -46.820  43.489 0.0000000000
40131  -34.836  -45.836  44.215 0.0000000000
46795  -32.700  -38.697  48.451 0.0000000000
131736  -31.227  -39.120  47.687 0.0000000000
46804  -31.499  -38.466  47.599 0.0000000000
47826  -31.221  -37.857  47.086 0.0000000000
47836  -30.582  -37.952  46.571 0.0000000000
142582  -30.534  -37.424  46.146 0.0000000000
48765  -53.187  -37.579  51.680 0.0000000000
48791  -52.877  -37.019  50.142 0.0000000000
48779  -53.623  -37.033  50.789 0.0000000000
49734  -53.563  -36.469  49.936 0.0000000000
49747  -53.372  -35.723  49.235 0.0000000000
49735  -55.129  -35.523  50.232 0.0000000000
50788  -54.105  -35.103  48.762 0.0000000000
118584  -53.882  -34.594  47.966 0.0000000000
50839  -54.541  -34.261  46.613 0.0000000000
50861  -54.962  -34.350  45.641 0.0000000000
57279  -56.245  -28.661  47.288 0.0000000000
55095  -56.034  -30.210  46.379 0.0000000000
54057  -55.022  -31.493  44.304 0.0000000000
56195  -54.129  -29.602  44.834 0.0000000000
55118  -54.471  -30.522  44.656 0.0000000000
54064  -54.724  -31.935  43.457 0.0000000000
54073  -54.681  -32.512  42.412 0.0000000000
131491  -54.398  -33.003  40.531 0.0000000000
53035  -54.283  -33.582  38.894 0.0000000000
142755  -53.551  -32.386  40.456 0.0000000000
54092  -53.395  -32.091  39.785 0.0000000000
55129  -52.135  -30.456  42.546 0.0000000000
55135  -51.972  -30.698  41.610 0.0000000000
55146  -52.891  -31.188  39.781 0.0000000000
55155  -53.053  -30.855  39.252 0.0000000000
55167  -53.276  -30.394  38.676 0.0000000000
62368  -53.778  -23.103  40.116 0.0000000000
62367  -52.991  -23.585  39.535 0.0000000000
61408  -52.170  -24.189  38.328 0.0000000000
60469  -52.095  -25.241  37.550 0.0000000000
39895  -24.641  -45.732  65.445 0.0000000000
40786  -24.500  -44.446  65.395 0.0000000000
40792  -24.571  -44.945  64.609 0.0000000000
121736  -24.692  -44.280  63.891 0.0000000000
42700  -24.674  -42.778  64.945 0.0000000000
41726  -24.893  -43.870  63.287 0.0000000000
41737  -24.710  -43.983  61.603 0.0000000000
41750  -24.434  -43.598  60.746 0.0000000000
42759  -28.102  -42.572  58.567 0.0000000000
43786  -28.087  -42.070  57.064 0.0000000000
43803  -27.665  -41.723  56.373 0.0000000000
124708  -27.303  -41.481  55.747 0.0000000000
125991  -28.296  -41.367  54.705 0.0000000000
127168  -27.341  -41.258  54.819 0.0000000000
126787  -26.390  -41.080  54.552 0.0000000000
142865  -26.214  -41.073  53.742 0.0000000000
41848  -25.713  -43.084  52.548 0.0000000000
40961  -26.881  -43.879  52.960 0.0000000000
40030  -26.588  -45.111  53.922 0.0000000000
133995  -37.385  -47.871  57.853 0.0000000000
38036  -37.364  -47.954  57.036 0.0000000000
37105  -36.489  -48.563  56.003 0.0000000000
37129  -35.989  -48.370  55.398 0.0000000000
37104  -34.881  -50.107  55.911 0.0000000000
37128  -35.218  -48.837  55.367 0.0000000000
38070  -35.730  -47.755  54.803 0.0000000000
38068  -34.244  -47.677  54.363 0.0000000000
38089  -33.799  -47.152  54.036 0.0000000000
38088  -33.011  -47.337  53.872 0.0000000000
50806  -36.021  -34.800  46.977 0.0000000000
50807  -36.741  -34.577  47.224 0.0000000000
50808  -37.417  -34.256  47.363 0.0000000000
50782  -38.086  -34.625  48.931 0.0000000000
136134  -38.549  -34.030  48.619 0.0000000000
51866  -38.744  -33.668  47.937 0.0000000000
51876  -40.233  -33.573  47.581 0.0000000000
51877  -41.040  -33.695  47.785 0.0000000000
138399  -41.003  -34.439  51.973 0.0000000000
50763  -41.447  -33.994  51.568 0.0000000000
51833  -41.225  -33.705  50.809 0.0000000000
51835  -42.748  -33.321  51.373 0.0000000000
51848  -41.707  -33.393  50.233 0.0000000000
129411  -41.323  -33.372  49.401 0.0000000000
51870  -41.989  -33.568  48.803 0.0000000000
51878  -41.818  -33.923  47.988 0.0000000000
50796  -42.574  -34.254  48.234 0.0000000000
50797  -43.370  -34.660  48.423 0.0000000000
50798  -44.136  -35.127  48.646 0.0000000000
51864  -44.814  -33.634  49.648 0.0000000000
50785  -44.437  -34.388  49.190 0.0000000000
49729  -44.870  -35.505  48.930 0.0000000000
132216  -45.681  -36.823  49.286 0.0000000000
48787  -46.196  -37.507  49.455 0.0000000000
45662  -41.230  -39.437  59.859 0.0000000000
44750  -40.704  -40.196  58.785 0.0000000000
44751  -41.458  -39.892  59.131 0.0000000000
44753  -44.612  -41.180  59.095 0.0000000000
43777  -43.688  -42.751  58.343 0.0000000000
42769  -43.447  -43.430  58.035 0.0000000000
128740  -42.761  -43.791  56.709 0.0000000000
121331  -40.438  -43.118  55.527 0.0000000000
45685  -45.777  -39.791  58.278 0.0000000000
44769  -45.001  -40.930  57.809 0.0000000000
43809  -43.841  -41.569  57.244 0.0000000000
124859  -42.644  -40.317  55.914 0.0000000000
44775  -42.745  -41.307  56.538 0.0000000000
43827  -41.289  -41.953  56.135 0.0000000000
41834  -39.469  -43.082  55.015 0.0000000000
41833  -38.242  -43.837  54.039 0.0000000000
123946  -37.499  -43.638  53.506 0.0000000000
40971  -35.670  -43.712  52.024 0.0000000000
42838  -36.864  -42.515  53.191 0.0000000000
128822  -34.971  -43.677  51.421 0.0000000000
41863  -34.268  -43.633  50.843 0.0000000000
41866  -33.351  -43.905  49.723 0.0000000000
41872  -32.303  -43.354  48.668 0.0000000000
42863  -32.473  -42.989  49.297 0.0000000000
42860  -32.259  -42.321  49.231 0.0000000000
42859  -32.085  -41.623  49.079 0.0000000000
43863  -33.734  -41.240  50.423 0.0000000000
43867  -32.611  -41.200  49.485 0.0000000000
45741  -33.222  -39.140  49.000 0.0000000000
45731  -37.856  -39.233  51.957 0.0000000000
45735  -36.204  -39.238  50.952 0.0000000000
47787  -38.074  -38.076  51.100 0.0000000000
46767  -36.804  -38.638  50.762 0.0000000000
46765  -34.983  -39.036  50.141 0.0000000000
46780  -33.993  -38.742  49.222 0.0000000000
46796  -33.505  -38.369  48.681 0.0000000000
132593  -33.770  -37.607  48.377 0.0000000000
48795  -34.061  -36.824  48.043 0.0000000000
48783  -36.115  -36.879  49.180 0.0000000000
48796  -34.881  -36.602  48.289 0.0000000000
48812  -34.478  -36.019  47.616 0.0000000000
49752  -35.396  -35.419  47.408 0.0000000000
60400  -55.486  -25.715  43.267 0.0000000000
60416  -55.861  -25.170  42.947 0.0000000000
124605  -55.568  -24.660  42.538 0.0000000000
137607  -56.260  -24.225  42.608 0.0000000000
61361  -54.813  -23.787  41.504 0.0000000000
62354  -55.025  -23.045  41.157 0.0000000000
63360  -55.158  -22.258  40.928 0.0000000000
63359  -54.480  -22.678  40.531 0.0000000000
64319  -54.566  -21.818  40.334 0.0000000000
63379  -53.945  -22.241  39.888 0.0000000000
64340  -54.087  -21.361  39.676 0.0000000000
66096  -54.667  -20.015  40.108 0.0000000000
65196  -53.791  -20.953  38.928 0.0000000000
44646  -26.413  -40.325  66.288 0.0000000000
44659  -26.298  -40.718  65.505 0.0000000000
133373  -27.515  -41.393  64.586 0.0000000000
43715  -28.109  -41.776  64.882 0.0000000000
43737  -27.967  -41.745  63.967 0.0000000000
42725  -28.352  -42.873  61.465 0.0000000000
41739  -28.825  -43.071  60.274 0.0000000000
41723  -29.309  -43.949  64.423 0.0000000000
41728  -29.385  -43.918  63.402 0.0000000000
40817  -29.945  -44.654  62.360 0.0000000000
40816  -29.500  -43.937  62.374 0.0000000000
136519  -29.008  -42.737  58.492 0.0000000000
42786  -29.447  -42.471  57.677 0.0000000000
42810  -29.847  -42.141  56.818 0.0000000000
42762  -30.966  -42.771  57.960 0.0000000000
42811  -30.745  -42.128  56.645 0.0000000000
43806  -30.284  -41.778  55.950 0.0000000000
43824  -30.745  -41.592  55.133 0.0000000000
140272  -30.818  -41.692  53.859 0.0000000000
42837  -30.761  -42.056  53.230 0.0000000000
36113  -32.691  -49.537  50.909 0.0000000000
50846  -35.654  -34.420  45.964 0.0000000000
51893  -35.843  -34.093  45.349 0.0000000000
51910  -36.476  -33.747  44.903 0.0000000000
51895  -37.651  -33.698  45.360 0.0000000000
120334  -37.140  -33.676  44.985 0.0000000000
51931  -36.381  -33.602  44.300 0.0000000000
121043  -36.830  -33.510  43.585 0.0000000000
50849  -40.560  -34.712  45.280 0.0000000000
50848  -39.834  -34.452  44.962 0.0000000000
51934  -39.712  -34.349  43.682 0.0000000000
50897  -40.709  -34.652  43.502 0.0000000000
137891  -40.211  -34.518  43.572 0.0000000000
51960  -39.379  -34.096  43.064 0.0000000000
51986  -45.658  -33.036  41.796 0.0000000000
49855  -46.406  -37.330  39.534 0.0000000000
50968  -48.093  -35.300  39.809 0.0000000000
41724  -32.870  -43.996  65.123 0.0000000000
40794  -33.406  -45.196  64.951 0.0000000000
128496  -35.058  -45.893  63.926 0.0000000000
39935  -36.314  -46.672  63.412 0.0000000000
40818  -35.392  -44.476  62.783 0.0000000000
40819  -36.190  -45.599  63.151 0.0000000000
39936  -36.906  -47.013  63.126 0.0000000000
39017  -36.950  -47.604  62.791 0.0000000000
39022  -37.215  -47.648  61.605 0.0000000000
139123  -37.663  -47.978  60.491 0.0000000000
135602  -35.954  -42.853  60.533 0.0000000000
41757  -36.588  -43.850  60.982 0.0000000000
119566  -37.637  -44.848  61.327 0.0000000000
39975  -39.184  -46.597  60.464 0.0000000000
39967  -38.752  -46.591  61.332 0.0000000000
39024  -38.356  -47.318  61.674 0.0000000000
38007  -38.086  -47.734  61.225 0.0000000000
38010  -38.023  -48.357  60.554 0.0000000000
38017  -37.776  -48.922  59.963 0.0000000000
37074  -37.317  -50.010  58.999 0.0000000000
36017  -36.740  -50.335  57.978 0.0000000000
36016  -36.004  -50.933  57.284 0.0000000000
34987  -36.994  -51.226  57.641 0.0000000000
35002  -35.919  -51.471  56.405 0.0000000000
35001  -35.225  -51.365  56.004 0.0000000000
35018  -35.126  -51.441  55.019 0.0000000000
35043  -34.560  -50.658  53.157 0.0000000000
36085  -34.376  -50.189  52.223 0.0000000000
43775  -40.996  -41.264  58.253 0.0000000000
43787  -40.403  -42.352  57.759 0.0000000000
40905  -42.700  -44.702  57.161 0.0000000000
40904  -42.196  -44.896  57.369 0.0000000000
40903  -40.998  -44.879  57.651 0.0000000000
121605  -41.716  -46.115  57.192 0.0000000000
38038  -41.249  -47.334  56.243 0.0000000000
40038  -38.739  -45.650  53.273 0.0000000000
40039  -39.694  -45.843  53.809 0.0000000000
39086  -40.319  -46.743  53.494 0.0000000000
39096  -39.741  -47.067  51.002 0.0000000000
39085  -39.998  -47.113  52.030 0.0000000000
38091  -40.456  -47.107  53.382 0.0000000000
38072  -40.816  -47.192  54.214 0.0000000000
37107  -40.198  -47.910  54.851 0.0000000000
37131  -39.296  -48.297  54.254 0.0000000000
36070  -37.279  -49.559  53.711 0.0000000000
37184  -37.774  -48.482  50.617 0.0000000000
37172  -37.247  -48.601  51.796 0.0000000000
36087  -36.200  -49.508  52.638 0.0000000000
130813  -35.179  -49.356  51.578 0.0000000000
36104  -34.221  -49.706  51.349 0.0000000000
37182  -33.438  -49.144  50.422 0.0000000000
45744  -30.738  -39.583  47.445 0.0000000000
138707  -44.636  -33.266  58.677 0.0000000000
52838  -43.931  -32.296  58.586 0.0000000000
53883  -44.091  -31.588  59.315 0.0000000000
54922  -44.111  -30.631  59.620 0.0000000000
41694  -24.314  -43.558  67.224 0.0000000000
43659  -24.267  -41.746  67.772 0.0000000000
120591  -24.464  -41.133  67.188 0.0000000000
45560  -24.966  -39.860  67.354 0.0000000000
45575  -27.067  -39.885  67.541 0.0000000000
44636  -27.520  -40.330  67.839 0.0000000000
44624  -27.582  -40.429  69.052 0.0000000000
42641  -28.515  -43.105  68.895 0.0000000000
41695  -28.831  -44.037  68.604 0.0000000000
40772  -30.023  -45.491  68.161 0.0000000000
40773  -30.801  -45.525  67.961 0.0000000000
41710  -31.698  -45.026  67.515 0.0000000000
41711  -32.263  -44.092  66.713 0.0000000000
41720  -32.469  -44.050  65.884 0.0000000000
42691  -32.726  -43.165  65.378 0.0000000000
42704  -32.997  -43.048  64.633 0.0000000000
43716  -33.348  -42.235  64.429 0.0000000000
43738  -33.737  -41.987  63.689 0.0000000000
43739  -34.352  -41.619  63.514 0.0000000000
43740  -35.052  -41.332  63.279 0.0000000000
43755  -35.336  -41.269  62.445 0.0000000000
125508  -36.715  -41.303  63.787 0.0000000000
44699  -36.172  -40.846  62.201 0.0000000000
44700  -37.029  -40.697  62.117 0.0000000000
44719  -37.592  -40.557  61.618 0.0000000000
44738  -38.453  -40.345  61.211 0.0000000000
44702  -39.011  -40.794  62.830 0.0000000000
142918  -39.086  -40.485  62.066 0.0000000000
44721  -39.541  -40.082  61.442 0.0000000000
45634  -40.347  -39.589  61.160 0.0000000000
45610  -41.066  -39.442  63.154 0.0000000000
45622  -41.198  -39.138  62.481 0.0000000000
45647  -41.118  -39.228  60.879 0.0000000000
45648  -41.746  -38.878  60.761 0.0000000000
46630  -42.026  -38.530  60.781 0.0000000000
46631  -42.977  -38.418  60.211 0.0000000000
47680  -42.847  -37.615  60.483 0.0000000000
47681  -43.700  -37.922  60.059 0.0000000000
47682  -44.627  -37.639  59.849 0.0000000000
48646  -44.780  -36.855  59.981 0.0000000000
48660  -45.749  -37.355  59.732 0.0000000000
49582  -44.976  -35.465  60.541 0.0000000000
48647  -45.845  -36.355  60.197 0.0000000000
48661  -46.634  -36.884  59.622 0.0000000000
48662  -47.083  -36.515  59.593 0.0000000000
49604  -47.200  -36.167  59.324 0.0000000000
50650  -46.618  -34.727  58.957 0.0000000000
51730  -45.869  -33.849  59.108 0.0000000000
52837  -43.590  -32.026  57.896 0.0000000000
53903  -43.598  -31.405  57.535 0.0000000000
53918  -43.658  -31.369  56.643 0.0000000000
54945  -44.010  -30.327  57.539 0.0000000000
54959  -44.115  -30.527  56.651 0.0000000000
53919  -43.903  -31.000  55.990 0.0000000000
121194  -45.249  -30.728  54.421 0.0000000000
53982  -45.670  -31.147  53.142 0.0000000000
56006  -47.357  -29.268  57.501 0.0000000000
56021  -46.811  -29.737  57.037 0.0000000000
54962  -47.996  -30.228  56.354 0.0000000000
124112  -47.206  -30.249  56.151 0.0000000000
54980  -46.651  -30.406  55.651 0.0000000000
53962  -46.066  -30.779  54.012 0.0000000000
54003  -46.352  -31.401  52.549 0.0000000000
52932  -46.917  -31.829  52.051 0.0000000000
52958  -47.070  -32.683  51.058 0.0000000000
51854  -47.073  -33.462  50.587 0.0000000000
52948  -48.123  -32.849  51.951 0.0000000000
51837  -47.730  -33.158  51.243 0.0000000000
50776  -47.383  -34.765  50.426 0.0000000000
48774  -46.897  -36.836  49.958 0.0000000000
50728  -50.139  -34.571  53.610 0.0000000000
50748  -49.737  -34.919  52.769 0.0000000000
48750  -50.210  -37.144  52.578 0.0000000000
49709  -49.529  -36.509  51.925 0.0000000000
49721  -48.240  -36.578  50.889 0.0000000000
48775  -47.626  -37.314  50.430 0.0000000000
47810  -46.550  -38.214  49.255 0.0000000000
46784  -46.929  -38.439  48.994 0.0000000000
47831  -46.882  -37.800  47.871 0.0000000000
48818  -47.331  -36.909  47.700 0.0000000000
47823  -49.069  -37.775  48.946 0.0000000000
48819  -48.167  -36.484  48.022 0.0000000000
133790  -47.745  -35.755  47.557 0.0000000000
49757  -48.051  -34.643  47.155 0.0000000000
118196  -47.929  -34.038  46.374 0.0000000000
50855  -48.487  -33.826  45.706 0.0000000000
48790  -51.968  -37.007  49.670 0.0000000000
48806  -51.335  -36.408  49.186 0.0000000000
49744  -50.529  -35.372  48.359 0.0000000000
50799  -51.250  -34.776  47.907 0.0000000000
50815  -50.382  -34.656  47.697 0.0000000000
135983  -49.513  -34.053  46.646 0.0000000000
119008  -48.876  -33.978  44.999 0.0000000000
50877  -48.851  -34.220  44.172 0.0000000000
50903  -48.906  -34.812  43.146 0.0000000000
50921  -48.655  -35.934  42.245 0.0000000000
50904  -50.165  -35.861  43.085 0.0000000000
49814  -49.171  -36.388  41.992 0.0000000000
49813  -48.454  -36.334  41.530 0.0000000000
128542  -48.457  -36.267  40.716 0.0000000000
52008  -48.682  -35.087  40.265 0.0000000000
50840  -55.502  -34.108  46.270 0.0000000000
50883  -54.815  -34.625  44.794 0.0000000000
55108  -56.487  -31.206  46.031 0.0000000000
54053  -56.892  -32.046  45.591 0.0000000000
52980  -57.045  -32.748  45.190 0.0000000000
51942  -57.138  -33.666  42.221 0.0000000000
52988  -57.188  -33.359  43.091 0.0000000000
50885  -57.158  -33.700  43.632 0.0000000000
50884  -56.636  -34.339  43.898 0.0000000000
126349  -55.538  -34.835  43.886 0.0000000000
50908  -53.997  -34.912  44.256 0.0000000000
49805  -53.646  -35.391  43.316 0.0000000000
49817  -52.548  -35.765  42.316 0.0000000000
49831  -51.536  -35.713  41.745 0.0000000000
50936  -52.533  -34.892  41.177 0.0000000000
50935  -51.418  -35.136  41.314 0.0000000000
50934  -50.537  -35.380  41.280 0.0000000000
138510  -49.414  -34.255  40.574 0.0000000000
52031  -48.282  -33.784  39.842 0.0000000000
53052  -47.746  -32.945  39.464 0.0000000000
54098  -47.933  -31.846  39.383 0.0000000000
54114  -47.527  -31.325  38.860 0.0000000000
125686  -49.252  -31.604  39.341 0.0000000000
54115  -48.425  -31.118  38.992 0.0000000000
55164  -47.878  -30.698  38.379 0.0000000000
55176  -47.441  -30.363  37.687 0.0000000000
126994  -47.939  -30.042  36.945 0.0000000000
53057  -53.575  -33.603  38.294 0.0000000000
53076  -52.799  -33.298  37.899 0.0000000000
138803  -50.911  -31.964  38.045 0.0000000000
53088  -52.985  -33.027  37.410 0.0000000000
54128  -51.139  -31.873  37.392 0.0000000000
56272  -48.412  -29.867  36.147 0.0000000000
58364  -52.012  -27.419  42.684 0.0000000000
58363  -51.330  -27.897  42.249 0.0000000000
59454  -52.110  -26.104  41.604 0.0000000000
59440  -51.493  -26.990  41.857 0.0000000000
56230  -50.819  -28.853  41.022 0.0000000000
56251  -52.401  -29.802  39.403 0.0000000000
61372  -52.022  -24.839  39.902 0.0000000000
61391  -51.610  -25.207  39.399 0.0000000000
58402  -51.000  -26.786  38.995 0.0000000000
58412  -52.788  -27.693  38.101 0.0000000000
119559  -52.000  -27.628  38.408 0.0000000000
57377  -51.559  -27.992  38.892 0.0000000000
56257  -52.883  -29.327  38.801 0.0000000000
126147  -24.447  -46.280  63.676 0.0000000000
39913  -24.147  -46.447  62.926 0.0000000000
39013  -23.276  -46.927  61.876 0.0000000000
40834  -23.897  -45.386  61.163 0.0000000000
127706  -21.423  -45.007  57.025 0.0000000000
40899  -22.055  -45.181  57.175 0.0000000000
40914  -21.724  -44.870  56.237 0.0000000000
44669  -26.204  -41.105  64.796 0.0000000000
43713  -26.142  -41.454  64.213 0.0000000000
42712  -25.891  -42.194  63.316 0.0000000000
118530  -26.744  -42.351  62.181 0.0000000000
42716  -25.995  -42.670  62.134 0.0000000000
137316  -24.856  -42.682  59.811 0.0000000000
42739  -24.211  -42.652  59.243 0.0000000000
42758  -27.196  -42.308  58.580 0.0000000000
135425  -26.428  -42.148  58.503 0.0000000000
43771  -25.886  -41.874  57.965 0.0000000000
43770  -25.016  -41.980  58.163 0.0000000000
42755  -24.113  -42.311  58.360 0.0000000000
136146  -23.169  -42.807  57.436 0.0000000000
42807  -22.791  -43.032  56.114 0.0000000000
41828  -22.505  -43.437  54.484 0.0000000000
118540  -24.767  -44.412  52.549 0.0000000000
39906  -33.846  -46.384  64.766 0.0000000000
38988  -33.534  -47.709  64.167 0.0000000000
118550  -33.663  -47.707  63.659 0.0000000000
39015  -35.057  -47.346  61.924 0.0000000000
39014  -34.387  -47.390  62.388 0.0000000000
39951  -33.424  -46.618  61.876 0.0000000000
142953  -33.335  -45.923  61.171 0.0000000000
40858  -33.504  -44.939  59.935 0.0000000000
40874  -33.367  -44.439  59.325 0.0000000000
39039  -37.398  -46.880  57.718 0.0000000000
39994  -36.658  -45.690  58.012 0.0000000000
39993  -36.011  -45.241  58.267 0.0000000000
129170  -36.726  -45.532  56.329 0.0000000000
40902  -36.138  -45.003  57.437 0.0000000000
40889  -35.254  -44.890  58.471 0.0000000000
40888  -34.438  -44.580  58.620 0.0000000000
40887  -33.661  -44.275  58.734 0.0000000000
121105  -33.243  -43.829  58.233 0.0000000000
41802  -33.547  -43.609  57.480 0.0000000000
42790  -32.962  -43.124  56.999 0.0000000000
134119  -32.614  -42.647  56.157 0.0000000000
41821  -33.804  -43.174  55.139 0.0000000000
42823  -33.252  -42.901  54.926 0.0000000000
42822  -32.688  -42.533  55.190 0.0000000000
42828  -32.007  -42.169  54.584 0.0000000000
41853  -30.581  -43.383  52.527 0.0000000000
36083  -32.357  -50.058  52.415 0.0000000000
37170  -31.889  -49.546  52.890 0.0000000000
37151  -32.254  -49.363  53.408 0.0000000000
38087  -32.203  -47.449  53.546 0.0000000000
38099  -29.928  -47.773  52.752 0.0000000000
38086  -31.319  -47.313  53.335 0.0000000000
39080  -32.640  -46.568  53.695 0.0000000000
133823  -32.442  -45.837  53.646 0.0000000000
40035  -31.669  -45.493  53.635 0.0000000000
130677  -31.993  -44.720  53.301 0.0000000000
39078  -30.492  -45.952  54.006 0.0000000000
40034  -30.782  -45.446  53.734 0.0000000000
40949  -31.233  -44.856  53.365 0.0000000000
40965  -30.927  -44.196  52.728 0.0000000000
40964  -30.070  -44.053  52.601 0.0000000000
41852  -29.752  -43.209  52.399 0.0000000000
132829  -29.225  -43.757  52.552 0.0000000000
40946  -28.432  -44.706  53.534 0.0000000000
34974  -37.152  -50.960  58.275 0.0000000000
34985  -35.552  -51.149  56.617 0.0000000000
34986  -36.185  -51.228  57.228 0.0000000000
35003  -36.853  -51.345  56.666 0.0000000000
35016  -33.721  -50.617  54.234 0.0000000000
35035  -34.757  -51.078  54.105 0.0000000000
36000  -38.264  -50.504  58.719 0.0000000000
36068  -35.471  -50.486  53.293 0.0000000000
36102  -32.744  -49.945  51.571 0.0000000000
37062  -38.448  -49.623  59.820 0.0000000000
37063  -39.323  -49.263  59.171 0.0000000000
37075  -39.792  -48.929  57.984 0.0000000000
37088  -36.925  -48.820  56.958 0.0000000000
37153  -37.106  -48.951  52.804 0.0000000000
38012  -39.115  -48.390  59.952 0.0000000000
38025  -37.381  -49.093  59.161 0.0000000000
38048  -36.491  -47.576  55.242 0.0000000000
38116  -36.467  -48.093  49.017 0.0000000000
38119  -39.382  -47.612  49.809 0.0000000000
38156  -36.630  -47.036  45.882 0.0000000000
38165  -36.174  -46.959  45.320 0.0000000000
38174  -35.240  -46.989  44.329 0.0000000000
38948  -30.561  -46.778  66.810 0.0000000000
38949  -31.217  -47.150  66.267 0.0000000000
38959  -31.620  -47.351  65.647 0.0000000000
38960  -32.506  -47.232  65.450 0.0000000000
38972  -33.816  -47.345  64.474 0.0000000000
38989  -34.309  -47.624  64.001 0.0000000000
39000  -22.846  -47.291  62.315 0.0000000000
39004  -33.592  -47.393  62.791 0.0000000000
39006  -35.630  -47.427  63.384 0.0000000000
39029  -37.708  -47.738  61.079 0.0000000000
39030  -38.655  -47.383  61.103 0.0000000000
39034  -37.479  -47.969  59.911 0.0000000000
39045  -41.738  -46.669  56.511 0.0000000000
39067  -35.103  -46.966  54.221 0.0000000000
39069  -40.847  -46.840  54.146 0.0000000000
39099  -36.266  -45.830  50.421 0.0000000000
39101  -39.414  -46.934  50.099 0.0000000000
39102  -39.724  -47.527  50.348 0.0000000000
39130  -37.654  -46.868  47.510 0.0000000000
39169  -36.125  -46.828  45.277 0.0000000000
39170  -36.589  -46.901  45.790 0.0000000000
39903  -24.621  -46.020  64.497 0.0000000000
39904  -29.828  -45.889  64.722 0.0000000000
39932  -24.389  -45.609  62.544 0.0000000000
39963  -33.761  -45.736  60.649 0.0000000000
39974  -35.738  -46.100  59.855 0.0000000000
39976  -39.649  -46.715  59.346 0.0000000000
39995  -37.126  -46.100  57.671 0.0000000000
40009  -36.609  -45.719  55.496 0.0000000000
40036  -32.416  -45.192  53.514 0.0000000000
40046  -36.168  -44.919  51.924 0.0000000000
40100  -36.038  -46.032  46.687 0.0000000000
40142  -34.617  -46.192  43.616 0.0000000000
40801  -24.659  -44.752  63.048 0.0000000000
40805  -35.648  -45.737  63.519 0.0000000000
40860  -38.426  -45.757  61.418 0.0000000000
40901  -35.478  -44.639  57.698 0.0000000000
40917  -36.197  -44.900  56.610 0.0000000000
40918  -42.695  -44.749  56.751 0.0000000000
40927  -36.176  -44.959  55.800 0.0000000000
40938  -40.253  -44.895  54.825 0.0000000000
40960  -25.548  -44.023  52.758 0.0000000000
40970  -34.908  -44.499  51.055 0.0000000000
40976  -32.809  -43.705  49.171 0.0000000000
41030  -33.803  -44.910  46.324 0.0000000000
41682  -29.705  -44.102  69.242 0.0000000000
41756  -35.547  -42.834  61.126 0.0000000000
41768  -29.941  -43.492  59.957 0.0000000000
41791  -43.130  -43.876  57.743 0.0000000000
41800  -22.989  -43.554  57.707 0.0000000000
41803  -34.402  -43.832  57.134 0.0000000000
41804  -35.073  -44.214  57.224 0.0000000000
41806  -42.702  -44.355  57.570 0.0000000000
41818  -43.179  -44.045  57.339 0.0000000000
41825  -41.392  -44.023  55.750 0.0000000000
41830  -33.548  -43.252  54.474 0.0000000000
41831  -34.524  -44.181  54.230 0.0000000000
41856  -36.339  -42.680  52.673 0.0000000000
41859  -35.127  -42.971  51.722 0.0000000000
41879  -31.037  -42.519  47.151 0.0000000000
42711  -25.455  -42.585  63.589 0.0000000000
42713  -27.831  -41.972  63.070 0.0000000000
42717  -26.272  -42.228  62.770 0.0000000000
42721  -34.461  -42.306  62.601 0.0000000000
42726  -28.921  -43.267  61.918 0.0000000000
42730  -24.778  -43.023  60.458 0.0000000000
42738  -23.640  -42.874  58.876 0.0000000000
42745  -36.071  -42.148  59.874 0.0000000000
42763  -31.686  -43.123  58.210 0.0000000000
42765  -37.590  -42.217  58.314 0.0000000000
42791  -39.331  -42.192  57.633 0.0000000000
42795  -43.430  -43.558  57.796 0.0000000000
42814  -33.283  -43.057  56.234 0.0000000000
42815  -42.237  -42.845  56.560 0.0000000000
42825  -40.599  -42.383  55.707 0.0000000000
42848  -30.959  -42.751  52.757 0.0000000000
42849  -35.906  -42.124  52.351 0.0000000000
42857  -34.002  -42.605  50.872 0.0000000000
43720  -39.218  -41.238  64.670 0.0000000000
43766  -36.490  -41.511  59.346 0.0000000000
43779  -45.168  -41.502  58.893 0.0000000000
43780  -45.440  -40.501  58.105 0.0000000000
43785  -27.221  -41.880  57.104 0.0000000000
43789  -44.735  -41.780  58.591 0.0000000000
43801  -26.147  -41.407  56.136 0.0000000000
43822  -28.815  -41.565  55.427 0.0000000000
43826  -40.257  -41.577  55.507 0.0000000000
43835  -30.396  -41.511  54.379 0.0000000000
43837  -38.751  -41.354  54.526 0.0000000000
43851  -26.027  -41.720  52.716 0.0000000000
43854  -28.851  -41.909  52.701 0.0000000000
43855  -29.563  -41.932  52.781 0.0000000000
43864  -34.311  -41.707  51.048 0.0000000000
43871  -31.562  -41.345  48.508 0.0000000000
44658  -25.562  -41.026  65.325 0.0000000000
44684  -39.226  -41.047  63.608 0.0000000000
44685  -40.333  -40.535  63.787 0.0000000000
44718  -36.482  -40.688  61.261 0.0000000000
44747  -37.491  -40.515  59.490 0.0000000000
44754  -45.037  -41.006  59.146 0.0000000000
44755  -45.385  -40.489  58.886 0.0000000000
44760  -38.946  -40.618  58.365 0.0000000000
44763  -44.379  -41.887  58.651 0.0000000000
44777  -44.317  -40.758  56.977 0.0000000000
44789  -41.846  -40.588  55.896 0.0000000000
44802  -38.322  -40.483  53.624 0.0000000000
44806  -37.338  -40.416  52.796 0.0000000000
44812  -33.820  -40.286  50.102 0.0000000000
45667  -45.737  -39.669  58.918 0.0000000000
45675  -45.683  -39.872  58.842 0.0000000000
45684  -45.461  -40.126  57.588 0.0000000000
45711  -41.552  -39.601  54.718 0.0000000000
45722  -39.824  -39.402  53.401 0.0000000000
45737  -34.366  -39.033  49.680 0.0000000000
46646  -44.876  -39.217  59.490 0.0000000000
46647  -46.078  -38.807  59.025 0.0000000000
46648  -46.482  -38.216  58.934 0.0000000000
46681  -46.064  -39.096  58.558 0.0000000000
46711  -43.199  -38.972  55.013 0.0000000000
46720  -41.878  -38.277  54.080 0.0000000000
46741  -39.534  -38.480  52.377 0.0000000000
46751  -36.862  -39.371  51.469 0.0000000000
46753  -38.343  -38.496  51.609 0.0000000000
46755  -50.135  -38.447  51.236 0.0000000000
46769  -47.932  -38.492  49.891 0.0000000000
46787  -49.275  -38.556  50.133 0.0000000000
46797  -34.285  -38.067  48.882 0.0000000000
46805  -32.195  -38.237  47.933 0.0000000000
47692  -44.510  -38.347  59.731 0.0000000000
47708  -46.737  -37.807  58.939 0.0000000000
47731  -44.973  -37.548  56.358 0.0000000000
47761  -43.129  -38.119  54.874 0.0000000000
47781  -40.186  -37.338  52.419 0.0000000000
47796  -37.033  -37.925  50.358 0.0000000000
47798  -47.043  -37.865  49.863 0.0000000000
47799  -47.889  -38.205  50.259 0.0000000000
47800  -48.630  -38.236  50.656 0.0000000000
47816  -34.550  -37.338  48.588 0.0000000000
47821  -46.830  -38.218  48.363 0.0000000000
47822  -48.192  -38.112  48.793 0.0000000000
47827  -32.443  -37.476  47.620 0.0000000000
47829  -45.542  -38.034  47.817 0.0000000000
48644  -42.710  -36.878  60.654 0.0000000000
48684  -46.744  -37.409  58.540 0.0000000000
48748  -39.742  -36.245  51.856 0.0000000000
48751  -51.581  -37.554  53.779 0.0000000000
48773  -38.350  -36.982  50.687 0.0000000000
48778  -52.896  -37.458  50.855 0.0000000000
48780  -54.252  -36.642  51.162 0.0000000000
48785  -37.264  -36.648  49.769 0.0000000000
48797  -35.647  -36.396  48.536 0.0000000000
48803  -48.622  -37.185  48.433 0.0000000000
48815  -44.492  -37.488  47.295 0.0000000000
48822  -31.498  -36.571  46.365 0.0000000000
49617  -46.091  -35.971  57.927 0.0000000000
49645  -44.150  -35.908  56.049 0.0000000000
49719  -46.808  -35.533  49.961 0.0000000000
49727  -37.013  -35.741  48.955 0.0000000000
49742  -45.173  -36.628  48.916 0.0000000000
49751  -34.544  -35.417  46.985 0.0000000000
49763  -32.630  -35.629  46.274 0.0000000000
49771  -47.296  -35.214  47.144 0.0000000000
49777  -33.036  -35.113  45.839 0.0000000000
49779  -42.482  -35.952  45.431 0.0000000000
49792  -43.476  -35.708  44.840 0.0000000000
49816  -51.589  -36.026  42.193 0.0000000000
49819  -54.339  -35.397  42.555 0.0000000000
49829  -48.120  -36.558  41.209 0.0000000000
49834  -54.571  -35.191  41.663 0.0000000000
50618  -45.496  -35.018  60.988 0.0000000000
50772  -40.036  -34.249  50.751 0.0000000000
50813  -48.903  -34.438  47.177 0.0000000000
50818  -53.765  -34.398  47.216 0.0000000000
50827  -40.636  -34.496  46.110 0.0000000000
50831  -46.742  -34.500  46.325 0.0000000000
50844  -33.561  -34.711  45.473 0.0000000000
50862  -56.151  -34.045  45.587 0.0000000000
50910  -56.972  -34.376  42.447 0.0000000000
50920  -47.996  -35.211  42.202 0.0000000000
50952  -54.727  -34.354  40.175 0.0000000000
51713  -46.469  -33.463  59.699 0.0000000000
51745  -43.641  -32.937  56.778 0.0000000000
51859  -39.676  -33.737  49.433 0.0000000000
51868  -40.479  -33.434  48.475 0.0000000000
51869  -41.244  -33.482  48.577 0.0000000000
51885  -38.476  -33.681  46.220 0.0000000000
51903  -56.765  -33.352  45.575 0.0000000000
51913  -39.104  -34.102  45.010 0.0000000000
51943  -57.308  -33.897  42.610 0.0000000000
52030  -47.688  -34.458  39.441 0.0000000000
52933  -47.689  -32.179  52.352 0.0000000000
52934  -48.374  -32.603  52.757 0.0000000000
52984  -57.135  -33.029  44.119 0.0000000000
52987  -56.880  -33.020  42.835 0.0000000000
53075  -47.254  -32.306  39.063 0.0000000000
53937  -44.150  -31.128  55.286 0.0000000000
54001  -44.812  -31.922  52.297 0.0000000000
54131  -53.671  -31.780  37.290 0.0000000000
55119  -55.440  -31.008  45.016 0.0000000000
55163  -47.049  -30.865  38.282 0.0000000000
56004  -44.486  -29.719  57.910 0.0000000000
56193  -52.689  -28.991  43.918 0.0000000000
56210  -51.753  -28.965  42.916 0.0000000000
56231  -51.153  -29.379  41.493 0.0000000000
56250  -51.431  -29.226  39.865 0.0000000000
56285  -48.773  -29.712  35.326 0.0000000000
57316  -52.753  -28.323  43.821 0.0000000000
57347  -50.987  -28.555  41.729 0.0000000000
58378  -50.714  -27.496  40.787 0.0000000000
58379  -50.903  -27.684  41.470 0.0000000000
58403  -50.963  -27.455  39.272 0.0000000000
58411  -51.398  -27.174  38.620 0.0000000000
59416  -55.575  -26.743  44.201 0.0000000000
59428  -52.855  -27.012  43.132 0.0000000000
59468  -51.314  -26.067  40.434 0.0000000000
59493  -51.921  -26.010  37.721 0.0000000000
60438  -51.638  -25.444  40.150 0.0000000000
61407  -51.735  -24.911  38.629 0.0000000000
61410  -51.992  -24.703  37.905 0.0000000000
62383  -52.493  -23.709  38.731 0.0000000000
62396  -52.518  -23.509  38.055 0.0000000000
64339  -53.617  -21.834  39.118 0.0000000000
65197  -54.194  -20.467  39.515 0.0000000000
119486  -37.009  -43.147  59.541 0.0000000000
119498  -29.931  -43.966  61.045 0.0000000000
119538  -57.030  -33.312  44.574 0.0000000000
120450  -32.893  -47.629  64.667 0.0000000000
120616  -37.077  -33.615  44.435 0.0000000000
121007  -41.757  -39.154  60.250 0.0000000000
121272  -38.246  -36.257  50.422 0.0000000000
121611  -32.211  -42.678  53.781 0.0000000000
121738  -47.237  -33.581  43.769 0.0000000000
121754  -31.444  -42.089  53.824 0.0000000000
122371  -33.819  -44.053  50.255 0.0000000000
122492  -35.018  -33.377  43.374 0.0000000000
122678  -38.625  -37.966  51.413 0.0000000000
122818  -37.745  -39.811  52.545 0.0000000000
124278  -51.361  -26.424  41.081 0.0000000000
124476  -33.979  -48.852  54.705 0.0000000000
125462  -41.801  -45.445  57.338 0.0000000000
125489  -47.037  -30.036  36.979 0.0000000000
126400  -24.450  -42.082  66.111 0.0000000000
126511  -56.862  -31.458  47.586 0.0000000000
126549  -39.288  -40.879  54.723 0.0000000000
126804  -54.692  -34.759  40.864 0.0000000000
127078  -56.849  -31.389  47.063 0.0000000000
127511  -32.538  -41.889  49.564 0.0000000000
127734  -30.174  -41.595  53.609 0.0000000000
128467  -31.753  -49.575  52.264 0.0000000000
128494  -33.695  -49.776  54.698 0.0000000000
129078  -47.249  -29.986  56.548 0.0000000000
129108  -32.986  -42.531  65.061 0.0000000000
129546  -43.816  -37.044  46.301 0.0000000000
129704  -46.126  -38.612  57.749 0.0000000000
130541  -43.814  -41.258  59.121 0.0000000000
131550  -26.174  -42.650  60.948 0.0000000000
131573  -35.955  -34.535  46.410 0.0000000000
131641  -29.386  -43.014  59.077 0.0000000000
131692  -52.412  -24.577  37.279 0.0000000000
132136  -51.058  -26.312  39.130 0.0000000000
132341  -32.521  -39.426  48.697 0.0000000000
132408  -23.860  -41.600  56.108 0.0000000000
132841  -34.086  -49.893  55.075 0.0000000000
132914  -52.402  -25.705  37.325 0.0000000000
133732  -39.718  -48.518  55.881 0.0000000000
133921  -55.841  -20.286  41.215 0.0000000000
134156  -50.767  -35.855  41.676 0.0000000000
134977  -47.426  -38.293  48.738 0.0000000000
135454  -47.160  -36.906  39.993 0.0000000000
136004  -31.961  -43.975  59.817 0.0000000000
136099  -37.257  -42.924  53.465 0.0000000000
136149  -32.073  -42.727  48.857 0.0000000000
136482  -38.057  -33.889  47.436 0.0000000000
136511  -42.169  -43.356  58.205 0.0000000000
137288  -45.260  -41.260  58.648 0.0000000000
137401  -30.053  -46.426  67.135 0.0000000000
137623  -37.023  -41.923  53.316 0.0000000000
137998  -28.674  -43.509  66.796 0.0000000000
138172  -33.252  -42.920  55.564 0.0000000000
138326  -53.184  -34.385  47.050 0.0000000000
138844  -40.195  -47.068  52.816 0.0000000000
139042  -28.390  -42.874  60.770 0.0000000000
139064  -25.102  -41.414  65.300 0.0000000000
139069  -36.933  -41.235  53.042 0.0000000000
139454  -41.332  -44.167  57.721 0.0000000000
139623  -50.936  -37.732  53.172 0.0000000000
140256  -42.120  -38.841  54.358 0.0000000000
140894  -44.565  -39.556  56.130 0.0000000000
141212  -44.495  -33.269  43.265 0.0000000000
141394  -40.693  -41.831  57.917 0.0000000000
141510  -41.168  -36.266  53.461 0.0000000000
141938  -36.186  -43.313  52.493 0.0000000000
142033  -50.046  -35.907  48.555 0.0000000000
142446  -56.532  -34.613  43.227 0.0000000000
142463  -50.873  -38.414  51.457 0.0000000000
142941  -38.141  -48.443  51.859 0.0000000000
142960  -37.551  -50.208  59.270 0.0000000000
