#!ascii label  , from subject sub-v1s5x0050750_ses-1 vox2ras=TkReg
995
125126  -49.323  16.898  28.691 0.0000000000
127403  -43.694  32.301  26.524 0.0000000000
99145  -39.707  20.054  31.263 0.0000000000
100399  -48.499  22.168  22.890 0.0000000000
106856  -49.717  34.202  26.146 0.0000000000
102708  -48.533  26.122  29.942 0.0000000000
125725  -49.342  26.782  26.412 0.0000000000
140314  -45.062  23.111  21.752 0.0000000000
90584  -49.481  7.155  36.280 0.0000000000
94823  -49.335  13.517  33.727 0.0000000000
108794  -40.671  37.228  22.474 0.0000000000
106908  -44.110  33.766  20.799 0.0000000000
107467  -49.568  34.554  19.990 0.0000000000
140780  -44.730  17.333  30.544 0.0000000000
102147  -42.132  26.176  29.724 0.0000000000
100353  -43.669  22.097  28.344 0.0000000000
98077  -45.162  18.648  26.102 0.0000000000
98645  -43.269  19.161  22.417 0.0000000000
99206  -39.740  20.879  20.451 0.0000000000
95500  -46.454  15.411  27.245 0.0000000000
105734  -51.171  31.530  24.517 0.0000000000
104476  -51.066  29.725  26.986 0.0000000000
105077  -49.253  29.967  25.617 0.0000000000
102754  -46.787  26.881  25.166 0.0000000000
92772  -51.279  10.399  35.948 0.0000000000
92769  -47.670  10.080  35.446 0.0000000000
109768  -40.632  39.822  24.063 0.0000000000
106925  -47.270  34.103  19.988 0.0000000000
96180  -44.176  15.582  32.448 0.0000000000
127454  -41.848  18.180  30.670 0.0000000000
106312  -40.120  32.452  26.603 0.0000000000
103839  -42.581  28.931  27.831 0.0000000000
100992  -49.482  23.589  26.602 0.0000000000
101571  -47.143  23.907  29.551 0.0000000000
101003  -46.089  23.324  25.589 0.0000000000
99174  -43.913  20.261  26.262 0.0000000000
99794  -46.334  20.463  23.731 0.0000000000
98090  -45.119  18.434  24.489 0.0000000000
98663  -46.820  19.630  21.146 0.0000000000
99810  -41.415  22.090  20.225 0.0000000000
106853  -46.509  33.965  26.377 0.0000000000
104467  -45.683  29.806  27.590 0.0000000000
104470  -48.816  30.136  28.092 0.0000000000
121080  -51.096  25.684  28.432 0.0000000000
101027  -51.267  23.717  23.422 0.0000000000
101046  -48.274  22.762  20.171 0.0000000000
101613  -47.507  25.167  22.676 0.0000000000
101606  -45.371  25.112  24.133 0.0000000000
92787  -51.522  10.351  33.889 0.0000000000
140908  -51.621  13.646  32.969 0.0000000000
96187  -50.171  16.282  31.777 0.0000000000
108782  -35.549  37.502  25.140 0.0000000000
107908  -38.030  35.330  24.250 0.0000000000
120638  -40.914  34.504  24.862 0.0000000000
106868  -44.222  34.053  24.601 0.0000000000
107439  -47.083  34.323  24.289 0.0000000000
107449  -50.004  34.844  22.573 0.0000000000
105794  -50.559  31.099  20.891 0.0000000000
132647  -49.175  32.764  17.870 0.0000000000
94820  -45.735  13.112  33.091 0.0000000000
96182  -47.014  15.932  32.827 0.0000000000
127508  -47.146  17.571  29.987 0.0000000000
100947  -41.186  23.663  31.281 0.0000000000
133999  -45.387  26.610  29.408 0.0000000000
101553  -44.095  24.122  30.540 0.0000000000
99748  -42.364  21.523  30.211 0.0000000000
98612  -42.653  19.940  28.082 0.0000000000
97491  -44.841  18.220  27.998 0.0000000000
97501  -46.473  17.649  27.805 0.0000000000
96915  -44.831  16.422  26.484 0.0000000000
97515  -42.946  17.008  25.368 0.0000000000
97521  -40.877  17.307  23.955 0.0000000000
99220  -44.352  20.849  19.661 0.0000000000
128434  -41.695  20.028  20.925 0.0000000000
97536  -39.441  17.945  20.816 0.0000000000
96898  -50.404  16.903  28.765 0.0000000000
96200  -49.727  16.385  28.173 0.0000000000
96212  -47.933  15.773  27.777 0.0000000000
105747  -50.801  31.179  23.349 0.0000000000
105093  -50.942  30.707  24.776 0.0000000000
124551  -48.284  30.613  24.475 0.0000000000
104487  -47.238  29.696  25.196 0.0000000000
98049  -40.701  18.817  30.956 0.0000000000
106314  -41.942  32.898  26.478 0.0000000000
138941  -49.019  23.320  25.032 0.0000000000
101004  -47.162  23.593  25.860 0.0000000000
101024  -47.835  22.847  23.902 0.0000000000
129241  -45.810  22.046  24.356 0.0000000000
100398  -47.344  21.954  23.351 0.0000000000
99194  -47.093  19.733  22.533 0.0000000000
99201  -47.907  20.502  21.372 0.0000000000
106320  -48.278  33.279  26.641 0.0000000000
105723  -47.609  32.253  26.827 0.0000000000
105724  -48.815  32.286  27.014 0.0000000000
103853  -50.486  28.406  27.287 0.0000000000
103842  -50.888  27.952  28.299 0.0000000000
102725  -51.055  26.043  27.736 0.0000000000
102178  -51.557  24.566  26.552 0.0000000000
102196  -50.396  25.236  24.271 0.0000000000
121357  -49.883  24.783  22.584 0.0000000000
139983  -49.150  25.829  24.387 0.0000000000
102760  -46.414  26.280  24.713 0.0000000000
93465  -49.966  11.739  34.891 0.0000000000
137626  -51.687  11.975  34.407 0.0000000000
94824  -50.429  13.835  33.740 0.0000000000
96185  -50.694  15.413  32.278 0.0000000000
95481  -50.166  15.110  32.973 0.0000000000
109276  -41.106  38.653  23.185 0.0000000000
108789  -38.419  37.547  23.441 0.0000000000
107917  -39.046  36.037  23.171 0.0000000000
107436  -39.292  34.799  23.799 0.0000000000
107921  -39.895  34.875  23.066 0.0000000000
107458  -42.993  34.828  20.983 0.0000000000
106885  -42.490  33.593  22.477 0.0000000000
121905  -44.132  33.140  22.714 0.0000000000
106869  -45.154  34.078  24.562 0.0000000000
106888  -45.450  33.163  22.057 0.0000000000
107460  -48.375  34.496  20.131 0.0000000000
106900  -48.142  34.103  21.573 0.0000000000
118523  -49.738  34.699  21.455 0.0000000000
106892  -50.584  33.343  22.032 0.0000000000
106914  -50.120  34.007  20.545 0.0000000000
106377  -49.974  31.895  19.458 0.0000000000
130131  -49.496  34.206  19.163 0.0000000000
94142  -42.418  12.617  35.156 0.0000000000
94144  -43.242  12.090  35.907 0.0000000000
93459  -43.702  11.567  34.813 0.0000000000
93473  -44.877  11.596  33.919 0.0000000000
94818  -43.734  12.815  33.235 0.0000000000
96873  -43.910  16.696  31.862 0.0000000000
123880  -45.116  15.650  32.563 0.0000000000
96875  -45.763  16.888  31.968 0.0000000000
96876  -46.813  17.113  31.899 0.0000000000
97474  -45.637  17.432  30.276 0.0000000000
102145  -40.541  25.803  30.204 0.0000000000
102134  -40.480  25.027  30.798 0.0000000000
102135  -41.306  25.263  30.528 0.0000000000
103829  -46.785  28.411  28.592 0.0000000000
132183  -45.604  28.268  28.444 0.0000000000
133947  -46.751  26.319  29.736 0.0000000000
141977  -45.514  23.158  29.009 0.0000000000
134238  -45.691  23.872  30.075 0.0000000000
100340  -44.066  22.572  29.804 0.0000000000
100334  -43.264  22.706  30.567 0.0000000000
99760  -43.211  21.765  28.876 0.0000000000
99153  -41.993  20.146  29.325 0.0000000000
99766  -43.147  21.466  27.976 0.0000000000
98620  -44.598  19.460  26.163 0.0000000000
98619  -43.768  19.720  26.768 0.0000000000
98070  -44.921  18.731  26.825 0.0000000000
97492  -45.818  18.034  27.960 0.0000000000
133875  -46.038  17.941  27.065 0.0000000000
96916  -45.753  17.057  26.747 0.0000000000
97517  -45.292  17.812  26.038 0.0000000000
98098  -43.687  18.559  23.333 0.0000000000
97524  -43.379  17.479  25.098 0.0000000000
125673  -42.903  18.297  23.847 0.0000000000
97522  -41.619  17.316  24.458 0.0000000000
98097  -41.771  18.402  23.458 0.0000000000
100418  -46.301  22.805  20.431 0.0000000000
99825  -45.560  21.754  19.535 0.0000000000
134699  -44.647  22.377  20.262 0.0000000000
121569  -40.101  21.527  20.499 0.0000000000
99207  -41.455  20.723  20.185 0.0000000000
126201  -40.028  20.406  20.412 0.0000000000
98105  -40.283  18.800  21.909 0.0000000000
98104  -39.411  18.958  20.698 0.0000000000
98113  -38.861  18.442  20.038 0.0000000000
139770  -52.184  15.290  29.696 0.0000000000
121838  -45.347  14.655  26.303 0.0000000000
106330  -50.869  32.578  25.071 0.0000000000
106322  -50.490  32.275  26.387 0.0000000000
105079  -51.084  30.753  25.701 0.0000000000
104489  -50.302  29.780  26.063 0.0000000000
103852  -49.273  28.386  26.546 0.0000000000
102755  -47.823  26.877  25.462 0.0000000000
103868  -47.575  28.157  25.852 0.0000000000
91348  -51.293  8.666  36.841 0.0000000000
92071  -49.399  8.592  37.341 0.0000000000
93464  -48.695  11.520  34.598 0.0000000000
138949  -43.705  39.081  23.043 0.0000000000
106910  -45.603  33.428  20.605 0.0000000000
107941  -47.949  35.865  18.630 0.0000000000
107943  -49.152  35.792  18.654 0.0000000000
141817  -43.273  14.158  32.603 0.0000000000
96872  -42.935  16.582  31.869 0.0000000000
97471  -43.198  17.499  30.643 0.0000000000
103247  -42.440  27.735  28.565 0.0000000000
101562  -49.598  24.826  29.548 0.0000000000
122662  -47.431  24.488  29.910 0.0000000000
100978  -47.984  23.722  27.920 0.0000000000
100977  -46.460  23.462  27.669 0.0000000000
100366  -44.955  22.906  26.414 0.0000000000
100364  -43.592  21.844  27.159 0.0000000000
100377  -44.588  22.280  25.769 0.0000000000
99181  -44.988  20.422  25.180 0.0000000000
98624  -45.356  19.421  25.114 0.0000000000
98084  -45.084  18.272  25.364 0.0000000000
98629  -45.747  19.018  24.461 0.0000000000
98634  -45.486  18.687  23.157 0.0000000000
98661  -45.324  18.949  22.263 0.0000000000
100416  -43.158  22.459  20.772 0.0000000000
128721  -38.999  21.191  31.455 0.0000000000
106317  -45.234  32.870  26.479 0.0000000000
105070  -44.427  30.972  26.857 0.0000000000
105708  -46.003  31.269  26.917 0.0000000000
104452  -47.275  29.245  28.267 0.0000000000
103816  -48.061  28.549  28.876 0.0000000000
105062  -50.365  30.401  27.826 0.0000000000
103831  -50.098  28.400  28.999 0.0000000000
102710  -50.516  26.101  29.433 0.0000000000
133011  -50.868  24.522  28.377 0.0000000000
101007  -51.008  23.265  25.427 0.0000000000
130335  -50.455  22.835  22.929 0.0000000000
99805  -48.943  21.688  21.016 0.0000000000
101628  -49.764  23.656  21.452 0.0000000000
101626  -47.746  24.312  21.384 0.0000000000
101032  -46.410  23.914  21.786 0.0000000000
102193  -47.128  25.926  24.069 0.0000000000
102199  -46.145  25.190  23.595 0.0000000000
92784  -51.852  10.559  35.048 0.0000000000
93483  -51.751  12.262  33.315 0.0000000000
141588  -51.635  13.793  31.635 0.0000000000
96189  -51.589  15.256  30.958 0.0000000000
96880  -50.575  16.646  30.943 0.0000000000
96883  -49.797  17.379  30.189 0.0000000000
107391  -35.860  34.110  26.027 0.0000000000
108348  -36.721  36.680  24.434 0.0000000000
106858  -37.691  34.136  25.682 0.0000000000
106860  -39.306  34.112  25.971 0.0000000000
106847  -40.904  34.004  26.323 0.0000000000
107393  -42.102  34.626  26.062 0.0000000000
108364  -41.445  36.118  21.868 0.0000000000
138483  -41.217  34.103  23.001 0.0000000000
106866  -42.343  34.098  24.391 0.0000000000
107395  -43.696  34.740  26.062 0.0000000000
107415  -45.293  34.749  25.965 0.0000000000
107417  -47.353  35.037  25.940 0.0000000000
107418  -48.523  35.138  25.866 0.0000000000
135953  -47.020  33.639  21.427 0.0000000000
107448  -48.534  34.551  23.285 0.0000000000
107433  -49.585  35.011  24.562 0.0000000000
106882  -50.616  33.505  23.726 0.0000000000
105767  -50.929  31.577  22.722 0.0000000000
105159  -50.213  30.414  20.293 0.0000000000
105186  -49.987  29.972  18.398 0.0000000000
107476  -49.207  34.683  18.297 0.0000000000
93462  -46.428  11.137  34.298 0.0000000000
94165  -47.314  12.705  33.525 0.0000000000
94832  -45.191  13.835  32.775 0.0000000000
95478  -46.583  15.013  32.878 0.0000000000
95468  -48.076  14.403  33.232 0.0000000000
96865  -48.384  16.723  32.289 0.0000000000
97467  -48.224  17.434  30.957 0.0000000000
97494  -48.411  17.468  29.221 0.0000000000
100325  -40.365  22.074  31.376 0.0000000000
103841  -44.390  29.142  27.768 0.0000000000
103249  -44.108  27.698  28.610 0.0000000000
133291  -43.728  26.929  29.108 0.0000000000
102151  -46.220  24.844  30.049 0.0000000000
102149  -44.550  25.526  29.933 0.0000000000
102136  -42.867  24.953  30.456 0.0000000000
101552  -42.832  24.061  30.877 0.0000000000
100332  -41.460  22.143  31.177 0.0000000000
99150  -41.208  20.548  30.589 0.0000000000
98597  -41.521  19.706  30.031 0.0000000000
98053  -42.007  18.751  29.867 0.0000000000
98055  -43.194  18.243  28.975 0.0000000000
98613  -43.115  19.844  27.468 0.0000000000
98064  -43.349  18.683  28.187 0.0000000000
97473  -44.745  17.589  29.686 0.0000000000
97481  -45.676  17.762  29.130 0.0000000000
97482  -47.128  17.672  29.105 0.0000000000
138247  -47.374  17.213  28.216 0.0000000000
96211  -46.394  16.175  27.418 0.0000000000
95499  -45.772  15.612  27.072 0.0000000000
96223  -44.423  15.780  26.421 0.0000000000
97516  -44.237  17.355  25.555 0.0000000000
96923  -43.581  16.573  25.780 0.0000000000
96234  -43.289  15.846  25.784 0.0000000000
96232  -41.757  16.165  24.828 0.0000000000
96242  -41.224  16.065  24.262 0.0000000000
139427  -47.236  21.009  19.576 0.0000000000
131401  -45.147  20.234  20.392 0.0000000000
99209  -44.057  20.170  20.645 0.0000000000
139500  -42.765  21.434  19.632 0.0000000000
99208  -42.441  20.375  20.486 0.0000000000
98659  -42.374  19.639  21.619 0.0000000000
98106  -41.096  18.866  22.550 0.0000000000
97537  -39.955  18.059  22.183 0.0000000000
96213  -48.977  15.713  27.686 0.0000000000
96199  -48.680  16.395  28.242 0.0000000000
105746  -50.024  31.010  23.129 0.0000000000
105113  -49.066  30.900  23.923 0.0000000000
98046  -40.639  18.200  31.273 0.0000000000
98594  -40.209  19.431  31.093 0.0000000000
106315  -42.819  32.700  26.479 0.0000000000
105719  -42.999  31.650  26.650 0.0000000000
130849  -43.752  31.337  26.723 0.0000000000
101025  -49.362  22.634  23.319 0.0000000000
101014  -47.918  23.372  24.875 0.0000000000
118398  -47.980  21.378  22.486 0.0000000000
106855  -48.789  34.513  26.316 0.0000000000
106321  -49.565  33.175  26.601 0.0000000000
103277  -49.746  27.465  26.935 0.0000000000
131809  -50.267  26.736  27.124 0.0000000000
102737  -50.535  26.126  26.776 0.0000000000
102177  -51.021  25.465  26.148 0.0000000000
102757  -49.812  26.204  26.064 0.0000000000
102188  -49.840  25.824  25.273 0.0000000000
102756  -48.844  26.544  25.708 0.0000000000
90585  -50.642  7.939  36.188 0.0000000000
94166  -49.248  12.759  34.077 0.0000000000
94167  -50.395  13.132  34.136 0.0000000000
95470  -50.595  14.433  33.370 0.0000000000
95469  -49.311  14.474  33.331 0.0000000000
109281  -40.426  37.946  22.797 0.0000000000
109280  -39.632  37.926  22.986 0.0000000000
108793  -39.847  37.323  22.727 0.0000000000
142968  -39.332  35.369  23.253 0.0000000000
142410  -40.070  36.681  22.555 0.0000000000
107459  -43.731  34.404  20.554 0.0000000000
106896  -43.462  33.842  21.296 0.0000000000
119996  -43.744  33.231  21.915 0.0000000000
106887  -44.584  33.100  21.975 0.0000000000
121904  -44.995  33.144  22.777 0.0000000000
106898  -45.081  33.224  21.303 0.0000000000
124876  -49.133  34.996  19.829 0.0000000000
106913  -49.067  34.635  20.896 0.0000000000
107461  -49.645  34.639  20.706 0.0000000000
106926  -49.834  33.382  19.761 0.0000000000
107473  -49.320  35.131  19.200 0.0000000000
94808  -41.524  13.374  34.338 0.0000000000
94150  -42.154  12.826  34.554 0.0000000000
94151  -43.057  12.067  35.138 0.0000000000
93471  -43.241  12.108  34.302 0.0000000000
94161  -43.695  12.234  33.731 0.0000000000
133764  -44.139  17.132  31.181 0.0000000000
96874  -44.833  16.788  31.832 0.0000000000
97464  -45.227  17.113  31.234 0.0000000000
97465  -46.198  17.244  31.196 0.0000000000
102701  -41.568  26.695  29.392 0.0000000000
102146  -41.366  26.014  29.930 0.0000000000
130382  -42.065  25.484  30.264 0.0000000000
103252  -47.388  27.713  29.182 0.0000000000
103236  -46.989  26.969  29.489 0.0000000000
102707  -47.545  26.172  29.879 0.0000000000
100354  -44.335  22.569  27.901 0.0000000000
100966  -44.877  22.887  28.995 0.0000000000
100346  -44.225  22.528  29.050 0.0000000000
100345  -43.689  22.218  29.291 0.0000000000
99759  -42.722  21.161  28.659 0.0000000000
140495  -44.496  19.187  26.620 0.0000000000
98078  -45.538  18.221  26.577 0.0000000000
97508  -45.695  17.776  26.539 0.0000000000
98088  -42.163  17.868  24.232 0.0000000000
98633  -42.746  18.709  23.175 0.0000000000
127210  -45.237  22.781  20.926 0.0000000000
100427  -45.442  22.286  19.943 0.0000000000
99216  -40.535  21.036  20.141 0.0000000000
98657  -40.060  19.692  20.872 0.0000000000
98656  -39.320  20.013  20.374 0.0000000000
125816  -38.785  19.230  20.275 0.0000000000
96192  -51.954  15.703  30.009 0.0000000000
94859  -46.724  14.737  26.846 0.0000000000
121454  -45.901  14.930  26.837 0.0000000000
105728  -51.143  31.541  25.307 0.0000000000
105094  -51.172  30.968  24.833 0.0000000000
105078  -50.622  30.296  25.537 0.0000000000
104488  -49.231  29.290  26.117 0.0000000000
103851  -48.271  28.070  26.192 0.0000000000
103869  -48.256  28.753  26.008 0.0000000000
104486  -46.485  29.035  25.303 0.0000000000
91345  -48.903  7.980  37.896 0.0000000000
92783  -49.458  11.012  35.239 0.0000000000
92782  -48.173  10.763  34.929 0.0000000000
109777  -44.113  39.593  23.277 0.0000000000
108388  -48.395  36.684  18.313 0.0000000000
108393  -46.987  37.367  17.773 0.0000000000
97462  -41.752  17.656  31.235 0.0000000000
124797  -42.335  17.124  31.508 0.0000000000
97463  -43.158  17.101  31.403 0.0000000000
97470  -42.456  17.600  31.005 0.0000000000
103826  -42.943  28.279  28.213 0.0000000000
101581  -50.133  24.102  28.215 0.0000000000
100970  -48.878  23.914  28.893 0.0000000000
100979  -49.177  23.742  27.684 0.0000000000
137691  -47.151  23.623  27.123 0.0000000000
100990  -46.265  23.482  26.566 0.0000000000
100976  -45.540  23.260  27.177 0.0000000000
100989  -45.573  23.252  26.233 0.0000000000
100378  -45.297  22.830  25.608 0.0000000000
99187  -45.523  20.990  24.463 0.0000000000
99182  -45.582  19.869  24.695 0.0000000000
99188  -46.050  19.712  24.081 0.0000000000
98647  -46.797  19.215  22.105 0.0000000000
98636  -46.601  19.201  22.834 0.0000000000
98646  -46.169  18.916  22.635 0.0000000000
98662  -46.121  19.163  21.772 0.0000000000
106318  -46.078  32.954  26.502 0.0000000000
105721  -45.644  32.082  26.646 0.0000000000
105722  -46.541  32.140  26.722 0.0000000000
105060  -48.359  30.745  27.667 0.0000000000
105059  -47.172  30.708  27.433 0.0000000000
104469  -47.748  30.020  27.909 0.0000000000
132888  -48.374  29.462  28.421 0.0000000000
105071  -51.046  30.360  26.676 0.0000000000
105712  -50.541  30.968  27.370 0.0000000000
105063  -50.917  30.070  27.485 0.0000000000
103263  -50.935  26.826  28.454 0.0000000000
103832  -50.728  28.390  28.518 0.0000000000
103254  -50.764  27.435  28.763 0.0000000000
103239  -50.406  27.022  29.348 0.0000000000
102714  -50.892  26.406  28.969 0.0000000000
102155  -50.886  25.525  29.052 0.0000000000
101574  -51.152  24.941  28.380 0.0000000000
101601  -51.565  23.854  25.051 0.0000000000
131768  -51.606  23.963  26.029 0.0000000000
101008  -51.373  23.550  25.250 0.0000000000
101016  -51.107  23.160  24.525 0.0000000000
101026  -51.036  23.151  23.480 0.0000000000
101041  -50.392  23.254  22.167 0.0000000000
101033  -50.932  23.418  22.756 0.0000000000
101614  -48.643  25.194  22.544 0.0000000000
101622  -49.341  24.568  21.810 0.0000000000
101621  -48.182  24.797  21.859 0.0000000000
141388  -47.064  24.218  21.625 0.0000000000
102761  -47.391  26.415  24.805 0.0000000000
127512  -46.227  25.674  24.123 0.0000000000
92764  -51.392  9.602  36.390 0.0000000000
92765  -51.565  9.316  36.192 0.0000000000
92773  -51.656  10.079  35.720 0.0000000000
94154  -51.677  12.437  33.922 0.0000000000
94169  -51.654  13.052  33.382 0.0000000000
94173  -51.719  13.095  32.737 0.0000000000
94835  -51.618  13.895  32.235 0.0000000000
95485  -51.640  14.343  31.373 0.0000000000
95484  -51.413  14.854  31.910 0.0000000000
96188  -51.017  15.786  31.432 0.0000000000
142964  -50.249  17.121  30.580 0.0000000000
96879  -49.726  17.054  31.197 0.0000000000
108781  -34.803  37.508  25.733 0.0000000000
108342  -34.412  36.676  26.135 0.0000000000
107896  -34.963  35.858  25.706 0.0000000000
107406  -35.361  34.902  25.815 0.0000000000
107905  -35.650  36.199  25.179 0.0000000000
110250  -41.052  40.420  24.455 0.0000000000
109772  -38.474  38.997  23.857 0.0000000000
107915  -37.900  36.026  23.854 0.0000000000
108349  -37.385  36.561  24.078 0.0000000000
107907  -37.228  35.838  24.422 0.0000000000
107897  -36.740  35.268  24.987 0.0000000000
107422  -37.559  34.998  24.792 0.0000000000
106859  -38.421  34.065  25.811 0.0000000000
107423  -38.314  34.764  24.738 0.0000000000
107425  -39.918  34.524  24.771 0.0000000000
119989  -39.685  34.428  25.509 0.0000000000
122307  -40.675  34.508  25.660 0.0000000000
107392  -41.231  34.508  26.068 0.0000000000
107411  -41.648  34.598  25.814 0.0000000000
107923  -41.206  35.166  22.036 0.0000000000
107452  -41.767  34.657  21.871 0.0000000000
106876  -42.789  33.524  23.432 0.0000000000
106867  -43.273  34.025  24.545 0.0000000000
107413  -43.352  34.789  25.975 0.0000000000
107427  -43.790  34.594  25.574 0.0000000000
107414  -44.273  34.783  25.987 0.0000000000
107428  -44.744  34.576  25.544 0.0000000000
106870  -46.081  34.172  24.455 0.0000000000
107430  -46.701  34.717  25.362 0.0000000000
107431  -47.774  34.975  25.254 0.0000000000
106924  -46.163  33.754  19.885 0.0000000000
106899  -45.993  33.293  21.347 0.0000000000
106901  -49.176  34.672  21.885 0.0000000000
106890  -48.364  34.306  22.455 0.0000000000
106891  -49.412  34.811  22.800 0.0000000000
107441  -49.196  34.911  23.901 0.0000000000
107442  -49.833  34.920  23.499 0.0000000000
106871  -50.129  34.622  24.166 0.0000000000
107443  -50.255  34.466  23.137 0.0000000000
106359  -50.753  32.059  21.293 0.0000000000
106347  -50.902  32.215  21.985 0.0000000000
105782  -50.703  31.350  21.732 0.0000000000
105766  -50.509  31.135  22.266 0.0000000000
134026  -49.735  31.596  18.657 0.0000000000
105806  -50.135  30.628  18.999 0.0000000000
105817  -49.778  30.776  18.040 0.0000000000
106388  -49.375  31.854  17.888 0.0000000000
92779  -45.092  10.517  35.161 0.0000000000
94163  -45.304  12.295  33.444 0.0000000000
93474  -45.843  11.665  33.813 0.0000000000
94164  -46.284  12.463  33.446 0.0000000000
93475  -46.895  11.859  33.826 0.0000000000
94821  -46.700  13.327  33.196 0.0000000000
123881  -43.674  14.789  32.513 0.0000000000
95475  -43.826  14.097  32.599 0.0000000000
95476  -44.563  14.652  32.602 0.0000000000
96181  -46.053  15.799  32.732 0.0000000000
95477  -45.621  14.863  32.729 0.0000000000
94834  -47.110  14.225  33.057 0.0000000000
95479  -47.544  15.131  32.993 0.0000000000
96183  -48.102  15.958  32.798 0.0000000000
97466  -47.211  17.416  30.980 0.0000000000
96877  -47.809  17.189  31.780 0.0000000000
97476  -47.808  17.550  30.301 0.0000000000
127046  -48.665  17.546  30.011 0.0000000000
101550  -40.460  24.232  31.176 0.0000000000
105057  -45.201  30.543  27.133 0.0000000000
105056  -44.275  30.286  27.184 0.0000000000
104466  -44.776  29.739  27.489 0.0000000000
137729  -45.494  27.401  28.957 0.0000000000
103250  -44.859  27.804  28.623 0.0000000000
103234  -44.680  27.155  29.010 0.0000000000
102704  -44.575  26.365  29.487 0.0000000000
123812  -46.558  24.079  29.864 0.0000000000
101554  -44.855  24.033  30.372 0.0000000000
102150  -45.210  24.765  30.181 0.0000000000
102138  -44.408  24.765  30.293 0.0000000000
136219  -43.949  25.359  30.061 0.0000000000
136834  -43.429  24.281  30.638 0.0000000000
100950  -43.570  23.512  30.665 0.0000000000
100338  -43.011  22.058  30.222 0.0000000000
100333  -42.418  22.273  30.834 0.0000000000
99747  -41.727  21.456  30.724 0.0000000000
99151  -41.820  20.754  30.102 0.0000000000
98605  -42.381  19.675  28.686 0.0000000000
98599  -42.064  19.433  29.357 0.0000000000
98063  -42.582  18.908  28.911 0.0000000000
137659  -42.638  18.325  29.517 0.0000000000
99772  -43.537  21.067  26.495 0.0000000000
123679  -43.162  21.117  27.203 0.0000000000
99169  -43.312  20.450  26.968 0.0000000000
98065  -44.341  18.553  27.656 0.0000000000
120821  -43.751  19.133  27.324 0.0000000000
97490  -43.989  18.183  28.450 0.0000000000
97480  -44.786  17.945  28.750 0.0000000000
119025  -46.483  17.741  28.608 0.0000000000
96896  -47.046  17.537  28.343 0.0000000000
97493  -47.730  17.436  28.715 0.0000000000
96908  -46.994  17.041  27.783 0.0000000000
139177  -45.864  16.255  27.127 0.0000000000
96224  -45.135  15.851  26.795 0.0000000000
98083  -44.295  17.918  24.876 0.0000000000
96922  -42.557  16.247  25.397 0.0000000000
95522  -42.750  15.562  25.361 0.0000000000
97514  -42.021  16.835  24.993 0.0000000000
136393  -41.351  17.787  23.925 0.0000000000
96928  -41.287  16.688  24.445 0.0000000000
96241  -40.727  16.644  23.828 0.0000000000
96933  -40.372  17.330  23.223 0.0000000000
101047  -48.691  22.387  20.326 0.0000000000
99820  -47.967  21.382  19.899 0.0000000000
100435  -47.199  21.664  19.541 0.0000000000
99818  -44.873  21.370  19.433 0.0000000000
99819  -45.427  20.826  19.584 0.0000000000
130893  -42.199  22.273  20.355 0.0000000000
99816  -42.093  21.748  19.871 0.0000000000
99218  -42.171  21.106  19.780 0.0000000000
122723  -41.455  19.478  21.761 0.0000000000
98644  -42.104  19.069  22.577 0.0000000000
96932  -39.896  17.282  22.234 0.0000000000
96889  -51.199  16.971  29.094 0.0000000000
96201  -50.865  16.564  27.966 0.0000000000
95503  -49.373  15.353  26.921 0.0000000000
105733  -51.107  30.981  24.148 0.0000000000
105732  -50.493  30.886  23.996 0.0000000000
105092  -49.562  30.545  24.838 0.0000000000
105076  -48.178  30.191  25.120 0.0000000000
122739  -48.183  29.506  25.606 0.0000000000
97461  -41.020  17.652  31.439 0.0000000000
98047  -41.218  18.231  31.048 0.0000000000
137016  -41.517  32.143  26.606 0.0000000000
105067  -41.509  31.322  26.764 0.0000000000
104465  -43.061  29.585  27.487 0.0000000000
101006  -49.870  23.326  25.666 0.0000000000
100991  -48.141  23.688  26.794 0.0000000000
101005  -48.480  23.559  25.765 0.0000000000
101013  -46.822  23.251  24.784 0.0000000000
100388  -45.897  22.768  24.844 0.0000000000
100389  -46.627  22.508  24.124 0.0000000000
118534  -46.387  21.509  23.787 0.0000000000
99193  -46.599  19.721  23.326 0.0000000000
99795  -47.049  20.782  23.051 0.0000000000
99803  -47.701  20.479  22.137 0.0000000000
99200  -47.396  19.812  21.690 0.0000000000
106319  -47.117  33.092  26.538 0.0000000000
105710  -47.980  31.472  27.250 0.0000000000
105711  -49.206  31.430  27.485 0.0000000000
103854  -51.007  29.077  27.391 0.0000000000
104471  -50.947  29.488  27.619 0.0000000000
140855  -50.942  28.405  27.798 0.0000000000
103262  -50.765  27.417  27.769 0.0000000000
102169  -51.389  24.881  27.519 0.0000000000
102738  -51.343  25.261  27.013 0.0000000000
102189  -51.403  24.627  25.355 0.0000000000
101607  -51.384  24.198  24.235 0.0000000000
101615  -50.635  24.671  23.355 0.0000000000
102195  -49.228  25.462  23.440 0.0000000000
102201  -47.877  25.602  23.329 0.0000000000
92093  -51.478  9.611  34.678 0.0000000000
93451  -50.851  11.179  35.500 0.0000000000
93452  -51.634  10.934  35.334 0.0000000000
93466  -51.286  11.821  34.900 0.0000000000
94168  -51.313  13.225  33.919 0.0000000000
94825  -51.318  13.832  33.435 0.0000000000
95482  -51.267  14.504  32.830 0.0000000000
96184  -49.699  15.892  32.479 0.0000000000
109269  -35.948  38.102  24.936 0.0000000000
133205  -41.154  39.339  23.681 0.0000000000
109773  -39.371  39.128  23.683 0.0000000000
109275  -39.950  38.556  23.243 0.0000000000
108356  -38.700  36.786  23.242 0.0000000000
124664  -38.430  36.232  23.499 0.0000000000
107435  -38.622  34.950  24.164 0.0000000000
107437  -40.144  34.492  23.770 0.0000000000
107927  -42.585  35.656  21.140 0.0000000000
107447  -41.804  34.076  22.382 0.0000000000
106895  -43.025  33.506  21.925 0.0000000000
106886  -43.275  33.298  22.619 0.0000000000
106877  -43.694  33.402  23.563 0.0000000000
106878  -44.617  33.417  23.627 0.0000000000
106879  -45.501  33.542  23.601 0.0000000000
106880  -46.389  33.726  23.425 0.0000000000
106912  -47.728  34.009  20.727 0.0000000000
107454  -49.743  34.801  22.103 0.0000000000
107450  -50.322  34.294  22.302 0.0000000000
106902  -50.111  34.431  21.185 0.0000000000
106915  -50.373  33.358  21.092 0.0000000000
106358  -50.342  32.345  20.432 0.0000000000
106937  -49.457  32.780  18.768 0.0000000000
94802  -41.202  13.687  34.893 0.0000000000
94803  -41.762  13.200  35.171 0.0000000000
94804  -42.323  12.954  35.734 0.0000000000
94143  -42.768  12.471  35.619 0.0000000000
93460  -44.471  11.137  34.669 0.0000000000
93472  -44.019  11.721  34.102 0.0000000000
94162  -44.388  12.226  33.547 0.0000000000
94819  -44.758  12.925  33.081 0.0000000000
96861  -44.651  16.308  32.246 0.0000000000
96862  -45.550  16.337  32.391 0.0000000000
96863  -46.439  16.523  32.437 0.0000000000
96864  -47.426  16.654  32.413 0.0000000000
97475  -46.512  17.457  30.419 0.0000000000
124549  -41.276  24.476  31.000 0.0000000000
104451  -46.180  29.108  28.056 0.0000000000
134818  -45.177  29.069  27.888 0.0000000000
103251  -46.379  27.611  28.985 0.0000000000
103235  -46.165  26.852  29.403 0.0000000000
100967  -45.934  23.306  28.390 0.0000000000
100960  -46.167  23.549  29.443 0.0000000000
100959  -45.340  23.290  29.664 0.0000000000
100958  -44.631  22.950  29.894 0.0000000000
100951  -44.400  23.480  30.365 0.0000000000
100339  -43.605  22.375  30.052 0.0000000000
99752  -43.290  21.981  29.608 0.0000000000
99751  -42.808  21.565  29.499 0.0000000000
128928  -42.329  20.915  29.405 0.0000000000
99161  -42.426  20.406  28.625 0.0000000000
98071  -45.425  18.344  27.228 0.0000000000
96907  -46.349  17.183  27.282 0.0000000000
97507  -45.321  17.219  26.371 0.0000000000
98099  -44.769  18.469  23.643 0.0000000000
119009  -44.013  18.212  24.117 0.0000000000
98089  -43.199  17.858  24.513 0.0000000000
97523  -42.490  17.402  24.832 0.0000000000
101045  -47.357  23.197  20.436 0.0000000000
130134  -46.367  22.085  19.626 0.0000000000
100426  -44.612  21.918  19.681 0.0000000000
99817  -43.716  21.515  19.562 0.0000000000
99809  -40.705  21.835  20.354 0.0000000000
99217  -41.350  21.469  19.973 0.0000000000
98658  -40.834  20.101  20.751 0.0000000000
98643  -40.737  19.369  21.640 0.0000000000
130121  -51.763  14.048  30.082 0.0000000000
106864  -50.254  33.749  25.663 0.0000000000
106326  -50.162  33.234  26.174 0.0000000000
106327  -50.698  32.485  25.798 0.0000000000
119553  -51.019  31.590  25.963 0.0000000000
104490  -50.960  30.033  26.267 0.0000000000
104475  -50.542  29.289  26.676 0.0000000000
103276  -48.729  27.481  26.335 0.0000000000
103275  -47.952  27.473  25.891 0.0000000000
103296  -47.174  27.473  25.556 0.0000000000
136994  -47.367  28.932  25.631 0.0000000000
103867  -46.752  28.219  25.543 0.0000000000
90579  -51.032  8.161  37.069 0.0000000000
91347  -50.603  7.998  37.530 0.0000000000
119011  -50.508  8.496  37.388 0.0000000000
92763  -50.867  9.945  36.512 0.0000000000
92078  -50.040  9.508  36.710 0.0000000000
92771  -50.341  10.425  35.966 0.0000000000
139233  -49.225  12.143  34.419 0.0000000000
109769  -41.629  39.805  24.018 0.0000000000
109775  -42.172  39.108  23.494 0.0000000000
109277  -42.199  38.482  22.961 0.0000000000
127316  -44.773  33.507  20.688 0.0000000000
132693  -46.833  34.459  19.279 0.0000000000
123997  -47.781  35.152  19.097 0.0000000000
107935  -48.754  35.651  19.188 0.0000000000
107472  -48.670  35.620  19.129 0.0000000000
107942  -48.811  36.270  18.630 0.0000000000
130931  -48.733  37.039  18.045 0.0000000000
126796  -42.113  16.690  31.814 0.0000000000
96860  -43.673  16.189  32.202 0.0000000000
103246  -41.618  27.835  28.565 0.0000000000
103232  -41.955  27.246  28.961 0.0000000000
102153  -49.141  25.358  29.881 0.0000000000
133957  -48.078  25.258  30.035 0.0000000000
101561  -48.571  24.650  29.773 0.0000000000
101572  -48.128  24.137  29.578 0.0000000000
100969  -47.678  23.765  28.903 0.0000000000
141251  -47.198  23.599  28.087 0.0000000000
100968  -46.774  23.561  28.739 0.0000000000
100975  -45.129  23.059  28.095 0.0000000000
100365  -44.300  22.419  26.701 0.0000000000
99773  -43.985  21.682  26.111 0.0000000000
99180  -44.144  20.853  25.779 0.0000000000
99781  -45.151  22.121  24.976 0.0000000000
99780  -44.632  21.444  25.351 0.0000000000
99175  -44.725  19.911  25.683 0.0000000000
98623  -45.234  18.994  25.566 0.0000000000
98628  -45.383  18.794  24.989 0.0000000000
98091  -45.562  18.669  23.898 0.0000000000
98635  -46.156  18.982  23.541 0.0000000000
98107  -44.480  18.763  22.767 0.0000000000
98660  -44.247  19.380  21.805 0.0000000000
100417  -44.271  22.681  21.326 0.0000000000
100408  -43.538  22.683  22.042 0.0000000000
100407  -42.498  22.546  21.750 0.0000000000
128268  -41.640  22.439  20.943 0.0000000000
100415  -40.922  22.341  20.940 0.0000000000
99205  -39.055  20.777  20.849 0.0000000000
106316  -44.457  32.733  26.478 0.0000000000
105720  -44.408  31.780  26.625 0.0000000000
127404  -44.975  32.133  26.584 0.0000000000
130361  -45.108  31.425  26.760 0.0000000000
105058  -46.189  30.514  27.323 0.0000000000
105709  -46.938  31.454  27.036 0.0000000000
140942  -46.539  30.980  27.158 0.0000000000
104468  -46.679  29.896  27.751 0.0000000000
103237  -48.418  27.624  29.427 0.0000000000
105725  -50.096  31.989  27.049 0.0000000000
105061  -49.521  30.703  27.856 0.0000000000
105044  -49.786  30.123  28.178 0.0000000000
104455  -50.761  29.318  28.183 0.0000000000
104454  -50.048  29.574  28.452 0.0000000000
104453  -49.253  29.687  28.416 0.0000000000
103817  -49.185  28.151  29.226 0.0000000000
103238  -49.412  27.314  29.589 0.0000000000
102709  -49.649  26.285  29.821 0.0000000000
102154  -50.179  25.433  29.588 0.0000000000
101563  -50.598  24.900  29.094 0.0000000000
100980  -50.497  23.792  27.282 0.0000000000
125808  -51.476  24.332  26.855 0.0000000000
101592  -51.392  23.969  26.823 0.0000000000
100993  -50.806  23.512  26.318 0.0000000000
127559  -50.266  23.068  24.783 0.0000000000
128846  -50.458  22.920  23.832 0.0000000000
100400  -49.550  22.477  22.383 0.0000000000
100410  -48.856  21.854  21.897 0.0000000000
100411  -49.454  22.405  21.558 0.0000000000
100420  -49.785  22.931  21.419 0.0000000000
101040  -49.089  23.135  20.720 0.0000000000
101623  -50.372  23.999  22.125 0.0000000000
101627  -48.844  24.135  21.126 0.0000000000
101039  -48.184  23.648  20.677 0.0000000000
101038  -47.212  23.846  21.131 0.0000000000
101037  -45.791  23.293  21.435 0.0000000000
101031  -45.480  23.615  22.232 0.0000000000
102762  -48.440  26.278  24.998 0.0000000000
102194  -48.149  25.971  24.134 0.0000000000
102200  -46.896  25.463  23.433 0.0000000000
91352  -51.317  8.624  36.462 0.0000000000
92088  -51.679  9.689  35.457 0.0000000000
135816  -51.805  10.268  34.716 0.0000000000
93467  -51.794  11.321  34.692 0.0000000000
92788  -51.862  10.947  34.386 0.0000000000
93477  -51.722  11.309  33.594 0.0000000000
94177  -51.573  13.274  31.806 0.0000000000
94839  -51.595  13.801  30.958 0.0000000000
95486  -51.906  14.710  30.359 0.0000000000
96191  -51.339  16.231  30.503 0.0000000000
96884  -50.801  17.035  30.035 0.0000000000
96888  -50.353  17.171  29.490 0.0000000000
96887  -49.354  17.290  29.304 0.0000000000
109270  -36.652  38.223  24.513 0.0000000000
109273  -38.122  38.277  23.735 0.0000000000
108785  -37.160  37.400  24.123 0.0000000000
108347  -35.928  36.780  24.857 0.0000000000
107906  -36.342  36.038  24.798 0.0000000000
106843  -36.907  33.958  25.886 0.0000000000
122465  -37.173  33.201  26.370 0.0000000000
106844  -37.822  33.656  26.062 0.0000000000
106845  -38.676  33.427  26.270 0.0000000000
106846  -39.658  33.453  26.337 0.0000000000
107424  -39.054  34.632  24.707 0.0000000000
106861  -40.303  34.242  26.086 0.0000000000
128640  -40.404  33.473  26.390 0.0000000000
106848  -41.606  33.964  26.337 0.0000000000
106849  -42.504  33.924  26.342 0.0000000000
108363  -40.695  36.419  22.287 0.0000000000
143122  -40.726  35.657  22.255 0.0000000000
107445  -40.574  34.486  22.967 0.0000000000
141986  -40.803  34.316  23.661 0.0000000000
106875  -41.944  33.768  23.216 0.0000000000
107438  -41.471  34.179  24.046 0.0000000000
120964  -41.956  34.545  25.290 0.0000000000
107412  -42.547  34.713  25.922 0.0000000000
107394  -42.972  34.718  26.071 0.0000000000
106850  -43.650  33.755  26.354 0.0000000000
106851  -44.702  33.732  26.359 0.0000000000
107396  -44.987  34.524  26.132 0.0000000000
107397  -45.904  34.585  26.107 0.0000000000
107429  -45.705  34.585  25.453 0.0000000000
107416  -46.298  34.815  25.938 0.0000000000
107398  -46.930  34.757  26.107 0.0000000000
107399  -47.872  34.937  26.135 0.0000000000
106862  -49.431  34.901  25.907 0.0000000000
106889  -46.477  33.494  22.317 0.0000000000
106881  -47.470  34.045  23.140 0.0000000000
139517  -47.465  33.824  22.160 0.0000000000
107440  -48.153  34.626  24.153 0.0000000000
107419  -49.308  35.067  25.438 0.0000000000
141582  -49.813  34.557  25.819 0.0000000000
106872  -50.460  33.692  24.725 0.0000000000
106332  -50.953  32.469  24.181 0.0000000000
106338  -50.745  33.090  22.732 0.0000000000
134013  -51.010  32.291  23.383 0.0000000000
105748  -51.081  31.460  23.692 0.0000000000
105793  -50.382  30.822  19.956 0.0000000000
105174  -50.075  29.963  19.296 0.0000000000
135691  -49.245  33.596  18.346 0.0000000000
92768  -46.589  10.052  35.374 0.0000000000
93461  -45.399  11.024  34.413 0.0000000000
92780  -46.002  10.493  34.839 0.0000000000
92781  -47.029  10.579  34.778 0.0000000000
93463  -47.528  11.335  34.374 0.0000000000
93476  -48.138  12.178  34.017 0.0000000000
118751  -48.334  13.062  33.643 0.0000000000
134184  -43.377  13.546  32.851 0.0000000000
94831  -44.240  13.586  32.782 0.0000000000
94833  -46.165  14.032  32.875 0.0000000000
94822  -47.651  13.575  33.349 0.0000000000
136663  -48.513  13.801  33.461 0.0000000000
95480  -48.415  15.111  33.051 0.0000000000
132097  -49.080  15.484  32.903 0.0000000000
96866  -49.276  16.652  32.079 0.0000000000
96878  -48.754  17.152  31.600 0.0000000000
96882  -49.050  17.374  30.818 0.0000000000
129300  -38.719  21.896  31.455 0.0000000000
129936  -39.498  21.741  31.430 0.0000000000
124329  -39.954  21.013  31.337 0.0000000000
138246  -43.829  30.702  26.950 0.0000000000
103840  -43.584  28.873  27.870 0.0000000000
103828  -44.479  28.445  28.210 0.0000000000
103248  -43.272  27.649  28.596 0.0000000000
103233  -42.760  27.113  28.990 0.0000000000
102703  -42.942  26.338  29.527 0.0000000000
102152  -47.040  25.456  30.004 0.0000000000
102706  -46.135  25.994  29.779 0.0000000000
102705  -45.343  25.712  29.833 0.0000000000
133403  -43.830  26.043  29.681 0.0000000000
102148  -43.311  25.555  30.023 0.0000000000
139556  -42.654  25.713  30.005 0.0000000000
133253  -42.080  24.685  30.757 0.0000000000
101551  -42.038  23.830  31.094 0.0000000000
100949  -42.720  23.200  30.952 0.0000000000
100948  -41.873  22.966  31.235 0.0000000000
131475  -40.942  21.259  31.097 0.0000000000
99146  -40.508  20.315  30.993 0.0000000000
98596  -40.890  19.604  30.668 0.0000000000
98050  -41.311  18.864  30.511 0.0000000000
98054  -42.505  17.996  30.236 0.0000000000
97478  -43.169  17.825  29.754 0.0000000000
97472  -43.943  17.481  30.168 0.0000000000
99168  -42.834  20.627  27.799 0.0000000000
98606  -42.886  19.346  28.074 0.0000000000
97479  -43.902  17.813  29.267 0.0000000000
123136  -46.425  17.626  29.587 0.0000000000
97483  -47.813  17.584  29.542 0.0000000000
96897  -48.527  17.161  28.720 0.0000000000
96198  -47.760  16.731  28.164 0.0000000000
122504  -47.082  15.970  27.679 0.0000000000
95511  -45.291  15.224  26.722 0.0000000000
118392  -44.601  15.139  26.334 0.0000000000
97506  -44.574  16.893  26.096 0.0000000000
96914  -44.021  16.132  26.186 0.0000000000
95510  -43.882  15.459  26.034 0.0000000000
95523  -43.302  15.204  25.491 0.0000000000
96233  -42.192  15.621  25.008 0.0000000000
99804  -48.366  21.098  21.536 0.0000000000
99212  -47.617  20.254  20.862 0.0000000000
99222  -47.029  20.414  20.227 0.0000000000
135016  -46.629  21.270  19.410 0.0000000000
99228  -46.410  20.844  19.562 0.0000000000
99211  -45.923  19.638  20.995 0.0000000000
99210  -45.143  19.544  21.331 0.0000000000
120814  -43.800  22.200  20.031 0.0000000000
99219  -43.181  20.842  19.792 0.0000000000
142891  -43.213  20.324  20.493 0.0000000000
124563  -43.262  19.826  21.258 0.0000000000
97531  -40.651  18.060  23.203 0.0000000000
90578  -50.343  7.645  37.174 0.0000000000
91349  -51.486  8.936  36.535 0.0000000000
92072  -51.075  9.186  36.981 0.0000000000
92073  -51.428  9.002  36.762 0.0000000000
92079  -51.605  8.984  36.039 0.0000000000
92767  -44.473  10.853  35.317 0.0000000000
93478  -51.812  11.710  34.112 0.0000000000
94152  -50.299  12.429  34.529 0.0000000000
94153  -51.272  12.563  34.350 0.0000000000
94160  -42.608  12.575  34.037 0.0000000000
95534  -42.691  15.121  25.011 0.0000000000
99221  -46.131  20.244  20.298 0.0000000000
99223  -47.715  20.793  20.167 0.0000000000
99811  -48.330  20.996  20.637 0.0000000000
99826  -45.856  21.282  19.365 0.0000000000
100355  -44.814  22.905  27.219 0.0000000000
100401  -50.191  22.863  22.188 0.0000000000
100419  -49.175  22.377  20.815 0.0000000000
100428  -47.375  22.384  19.858 0.0000000000
100429  -48.143  22.030  19.870 0.0000000000
100430  -48.640  21.797  20.307 0.0000000000
100434  -46.316  21.618  19.449 0.0000000000
100957  -43.984  22.890  30.323 0.0000000000
100994  -51.373  23.661  25.964 0.0000000000
101015  -49.084  23.018  24.254 0.0000000000
101017  -51.352  23.500  24.347 0.0000000000
101560  -45.033  23.471  30.127 0.0000000000
101573  -49.877  24.414  29.015 0.0000000000
101582  -51.052  24.188  27.689 0.0000000000
101583  -51.281  24.476  27.575 0.0000000000
101616  -50.804  24.147  22.737 0.0000000000
102137  -43.680  24.835  30.368 0.0000000000
102702  -42.262  26.732  29.307 0.0000000000
102736  -48.454  27.001  25.976 0.0000000000
103253  -50.552  27.822  29.008 0.0000000000
103818  -49.965  27.759  29.295 0.0000000000
103827  -43.674  28.191  28.294 0.0000000000
103830  -49.313  29.010  28.769 0.0000000000
105045  -50.556  29.908  28.028 0.0000000000
105046  -50.840  29.717  27.831 0.0000000000
105718  -42.191  31.915  26.624 0.0000000000
105726  -50.896  31.262  26.526 0.0000000000
106313  -41.050  32.945  26.494 0.0000000000
106852  -45.559  33.817  26.365 0.0000000000
106854  -47.595  34.207  26.384 0.0000000000
106863  -49.904  34.718  25.298 0.0000000000
106897  -44.282  33.385  21.326 0.0000000000
106911  -46.572  33.599  20.615 0.0000000000
107407  -36.313  34.704  25.514 0.0000000000
107408  -37.196  34.572  25.344 0.0000000000
107409  -37.992  34.465  25.289 0.0000000000
107410  -38.808  34.415  25.388 0.0000000000
107426  -42.871  34.598  25.502 0.0000000000
107432  -48.817  35.079  24.974 0.0000000000
107446  -41.172  34.538  22.446 0.0000000000
107455  -50.076  34.680  21.848 0.0000000000
107456  -50.371  34.011  21.633 0.0000000000
107466  -48.107  34.793  19.550 0.0000000000
107895  -34.289  35.882  26.394 0.0000000000
107916  -38.636  35.492  23.670 0.0000000000
107922  -40.539  34.979  22.543 0.0000000000
108343  -35.174  36.765  25.400 0.0000000000
108355  -37.931  36.873  23.647 0.0000000000
108357  -39.412  36.659  22.857 0.0000000000
108784  -36.307  37.460  24.617 0.0000000000
108788  -37.789  37.672  23.767 0.0000000000
108790  -39.129  37.420  23.061 0.0000000000
109274  -38.985  38.282  23.390 0.0000000000
109767  -39.804  39.693  24.009 0.0000000000
109774  -40.313  39.226  23.627 0.0000000000
109776  -43.284  39.297  23.453 0.0000000000
109780  -44.116  39.400  22.875 0.0000000000
110255  -42.576  39.714  23.888 0.0000000000
119773  -51.076  8.506  37.140 0.0000000000
121592  -35.875  35.497  25.290 0.0000000000
124599  -47.907  26.942  29.647 0.0000000000
125959  -43.060  38.737  23.044 0.0000000000
129571  -50.296  28.996  28.663 0.0000000000
130124  -43.162  12.515  33.682 0.0000000000
130643  -48.790  26.868  29.787 0.0000000000
131479  -48.978  24.377  29.453 0.0000000000
132894  -39.904  35.777  22.668 0.0000000000
133161  -51.013  28.806  27.987 0.0000000000
134254  -37.922  33.079  26.414 0.0000000000
135433  -44.708  10.588  35.788 0.0000000000
136067  -42.669  12.411  34.649 0.0000000000
136837  -48.899  16.208  32.576 0.0000000000
137603  -50.557  32.989  21.591 0.0000000000
140617  -50.720  23.071  22.735 0.0000000000
141880  -45.751  33.336  22.812 0.0000000000
142151  -44.264  34.463  26.175 0.0000000000
142202  -45.216  16.592  32.123 0.0000000000
142375  -46.572  23.423  21.086 0.0000000000
