#!ascii label  , from subject sub-v1s5x0050750_ses-1 vox2ras=TkReg
249
17951  41.922  -63.462  0.006 0.0000000000
13214  38.534  -69.138  -6.733 0.0000000000
14100  46.640  -68.283  1.187 0.0000000000
14170  41.918  -69.031  -3.893 0.0000000000
9634  41.959  -73.888  -3.083 0.0000000000
11332  44.214  -71.252  -1.005 0.0000000000
9607  42.936  -74.675  -0.054 0.0000000000
132643  41.779  -70.542  -7.256 0.0000000000
16080  41.839  -67.057  -6.335 0.0000000000
16996  44.544  -65.727  -0.103 0.0000000000
14130  45.656  -68.166  -2.200 0.0000000000
12274  44.012  -71.020  -5.132 0.0000000000
11387  40.677  -71.443  -5.747 0.0000000000
9644  38.729  -73.547  -4.435 0.0000000000
19683  39.775  -61.879  2.411 0.0000000000
17930  43.656  -64.281  2.467 0.0000000000
15981  46.624  -66.719  4.507 0.0000000000
16054  39.553  -66.783  -3.590 0.0000000000
10423  43.995  -73.499  0.969 0.0000000000
142625  40.678  -70.200  -7.795 0.0000000000
13222  41.168  -69.503  -8.313 0.0000000000
128247  46.095  -67.286  0.399 0.0000000000
14129  45.903  -67.972  -1.431 0.0000000000
10444  43.508  -72.301  -2.436 0.0000000000
11341  44.188  -71.369  -3.507 0.0000000000
10468  43.416  -72.176  -4.538 0.0000000000
11386  42.450  -71.969  -6.000 0.0000000000
129927  41.572  -72.619  -4.358 0.0000000000
10474  38.123  -72.185  -4.675 0.0000000000
16962  43.284  -65.090  3.810 0.0000000000
16961  44.820  -65.429  3.675 0.0000000000
16948  44.843  -66.024  4.714 0.0000000000
14133  41.802  -68.293  -2.108 0.0000000000
128341  40.664  -67.917  -3.826 0.0000000000
16079  42.667  -66.742  -6.888 0.0000000000
17050  41.771  -65.736  -5.626 0.0000000000
125759  46.132  -69.853  1.467 0.0000000000
13119  45.525  -69.551  -0.540 0.0000000000
11322  44.646  -71.665  0.341 0.0000000000
10433  43.647  -73.251  -0.177 0.0000000000
9628  42.480  -74.172  -2.260 0.0000000000
13198  42.741  -70.409  -6.177 0.0000000000
14178  41.423  -68.490  -4.600 0.0000000000
14192  41.666  -68.725  -7.159 0.0000000000
15127  41.837  -68.304  -8.244 0.0000000000
14194  37.309  -68.470  -6.458 0.0000000000
17949  43.266  -64.422  0.089 0.0000000000
129714  43.505  -67.987  -1.862 0.0000000000
13153  44.223  -69.201  -3.504 0.0000000000
128792  45.440  -69.619  -2.703 0.0000000000
13152  45.085  -69.456  -3.443 0.0000000000
13189  43.439  -70.214  -5.117 0.0000000000
12287  43.129  -71.087  -6.283 0.0000000000
12305  41.129  -71.057  -6.992 0.0000000000
13200  39.272  -70.255  -5.980 0.0000000000
10454  40.111  -73.279  -3.677 0.0000000000
10472  39.557  -72.373  -4.160 0.0000000000
12276  38.785  -71.114  -4.928 0.0000000000
13202  37.210  -69.718  -5.650 0.0000000000
20649  39.884  -61.482  0.870 0.0000000000
19710  41.643  -62.455  0.937 0.0000000000
18837  41.795  -62.902  2.479 0.0000000000
18863  43.038  -63.574  1.131 0.0000000000
17936  44.221  -64.741  1.000 0.0000000000
16973  45.660  -65.954  2.176 0.0000000000
15985  46.942  -67.232  2.683 0.0000000000
14029  47.081  -67.889  5.186 0.0000000000
141459  46.672  -69.331  2.763 0.0000000000
16072  40.765  -66.634  -5.060 0.0000000000
18872  41.188  -63.603  -0.287 0.0000000000
119604  40.252  -63.925  -0.589 0.0000000000
13224  39.263  -69.256  -7.435 0.0000000000
14204  40.499  -69.401  -8.452 0.0000000000
15040  46.386  -67.704  0.716 0.0000000000
15041  45.986  -67.570  -0.146 0.0000000000
14101  46.223  -68.233  0.240 0.0000000000
10445  42.979  -73.044  -2.959 0.0000000000
10450  43.528  -72.191  -3.713 0.0000000000
10451  42.980  -72.716  -3.990 0.0000000000
10452  42.317  -72.880  -4.028 0.0000000000
9661  37.120  -72.893  -5.730 0.0000000000
16949  43.912  -65.826  4.697 0.0000000000
126739  41.783  -68.726  -2.919 0.0000000000
14155  41.035  -68.201  -2.507 0.0000000000
14171  41.118  -68.393  -3.389 0.0000000000
17060  43.571  -66.183  -6.805 0.0000000000
130446  45.138  -70.901  0.496 0.0000000000
137726  45.054  -71.988  1.378 0.0000000000
9606  43.372  -74.030  0.433 0.0000000000
9620  43.204  -74.024  -0.565 0.0000000000
136913  42.990  -73.549  -1.760 0.0000000000
9621  42.737  -74.703  -0.972 0.0000000000
13212  42.063  -70.228  -6.998 0.0000000000
128363  41.803  -69.378  -6.725 0.0000000000
131418  41.561  -69.812  -7.662 0.0000000000
139594  41.621  -68.183  -9.192 0.0000000000
15126  42.185  -67.653  -9.095 0.0000000000
16984  44.020  -64.928  0.254 0.0000000000
16997  43.698  -65.230  -0.321 0.0000000000
127216  44.303  -65.988  -0.502 0.0000000000
119533  43.920  -68.511  -2.635 0.0000000000
12224  44.812  -70.444  -0.827 0.0000000000
13134  45.511  -69.480  -2.017 0.0000000000
12234  44.966  -70.297  -2.330 0.0000000000
12258  44.458  -70.628  -4.186 0.0000000000
12257  44.955  -70.030  -3.710 0.0000000000
13175  44.614  -69.926  -4.052 0.0000000000
12259  44.081  -70.505  -4.708 0.0000000000
12275  43.632  -70.866  -5.579 0.0000000000
11384  43.535  -71.170  -5.733 0.0000000000
138816  41.378  -72.095  -5.228 0.0000000000
11402  41.809  -71.520  -6.539 0.0000000000
129200  40.028  -70.846  -6.021 0.0000000000
7394  39.338  -76.973  -5.358 0.0000000000
8849  38.742  -74.613  -4.789 0.0000000000
8848  39.265  -74.413  -4.198 0.0000000000
9636  39.600  -73.753  -3.819 0.0000000000
9637  39.198  -72.889  -4.102 0.0000000000
10490  37.443  -72.126  -5.108 0.0000000000
11373  37.795  -71.646  -4.905 0.0000000000
12277  37.976  -71.087  -4.990 0.0000000000
12289  38.513  -70.519  -5.352 0.0000000000
12290  37.601  -70.439  -5.357 0.0000000000
20639  39.556  -61.239  1.505 0.0000000000
20620  39.973  -61.475  1.962 0.0000000000
20648  40.538  -61.758  0.957 0.0000000000
19699  41.091  -62.088  1.397 0.0000000000
17914  42.612  -64.403  3.326 0.0000000000
18817  42.153  -63.639  2.930 0.0000000000
131890  42.476  -63.173  2.282 0.0000000000
18852  42.507  -63.028  1.598 0.0000000000
18851  43.084  -63.564  1.935 0.0000000000
17937  43.650  -64.134  1.494 0.0000000000
17929  44.302  -64.710  1.948 0.0000000000
16968  45.735  -65.975  3.475 0.0000000000
15986  46.484  -66.591  3.075 0.0000000000
15991  46.284  -66.673  1.725 0.0000000000
15980  47.100  -67.262  4.103 0.0000000000
132550  44.949  -68.504  4.359 0.0000000000
14050  46.077  -68.641  4.432 0.0000000000
13069  47.105  -68.312  4.228 0.0000000000
15110  41.284  -67.983  -5.223 0.0000000000
15106  40.749  -67.461  -4.551 0.0000000000
16071  41.272  -67.251  -5.439 0.0000000000
17051  40.902  -65.939  -5.358 0.0000000000
12315  41.138  -70.469  -7.611 0.0000000000
16001  45.320  -66.268  0.138 0.0000000000
16013  45.022  -66.445  -0.530 0.0000000000
16012  45.709  -67.025  -0.280 0.0000000000
11340  44.244  -71.266  -2.378 0.0000000000
11353  43.938  -71.476  -4.482 0.0000000000
11369  43.496  -71.741  -5.282 0.0000000000
10469  42.956  -72.432  -4.895 0.0000000000
10470  42.411  -72.432  -5.129 0.0000000000
126407  38.561  -72.699  -4.478 0.0000000000
9645  37.940  -73.004  -4.972 0.0000000000
17931  43.303  -64.413  3.135 0.0000000000
17912  44.331  -64.829  2.804 0.0000000000
126104  44.178  -65.365  3.994 0.0000000000
16947  45.774  -66.336  4.704 0.0000000000
15096  40.356  -67.776  -3.021 0.0000000000
15107  40.106  -67.334  -3.779 0.0000000000
140815  42.113  -66.343  -6.039 0.0000000000
17061  42.679  -65.943  -6.091 0.0000000000
13095  46.539  -69.037  1.289 0.0000000000
13108  46.038  -69.196  0.422 0.0000000000
12213  45.691  -70.350  0.973 0.0000000000
11323  44.150  -72.506  0.174 0.0000000000
11333  43.720  -72.133  -1.183 0.0000000000
137445  43.342  -72.983  -1.257 0.0000000000
13190  42.316  -69.505  -5.055 0.0000000000
13199  41.951  -69.387  -5.907 0.0000000000
14185  41.608  -68.647  -5.863 0.0000000000
120011  41.530  -67.906  -6.099 0.0000000000
14203  41.510  -69.067  -8.179 0.0000000000
15116  41.819  -67.818  -7.030 0.0000000000
15115  42.257  -67.462  -7.621 0.0000000000
16086  42.834  -67.161  -8.531 0.0000000000
14193  38.037  -68.614  -6.753 0.0000000000
17950  42.527  -63.883  0.041 0.0000000000
17963  41.871  -64.124  -0.400 0.0000000000
16998  42.662  -64.700  -0.425 0.0000000000
14154  42.718  -68.775  -2.738 0.0000000000
14169  42.717  -69.213  -3.561 0.0000000000
14152  45.532  -69.039  -2.795 0.0000000000
12243  44.809  -70.530  -3.322 0.0000000000
13151  45.252  -69.795  -3.178 0.0000000000
14153  45.159  -68.671  -3.002 0.0000000000
13176  43.764  -69.772  -4.284 0.0000000000
13177  42.771  -69.557  -4.349 0.0000000000
12303  42.428  -70.904  -6.913 0.0000000000
11385  43.100  -71.616  -6.035 0.0000000000
11401  42.508  -71.319  -6.610 0.0000000000
12304  41.852  -70.915  -7.231 0.0000000000
12306  40.263  -70.388  -7.085 0.0000000000
13213  39.279  -69.734  -6.793 0.0000000000
9629  41.953  -75.067  -2.359 0.0000000000
8093  39.014  -75.669  -5.081 0.0000000000
9635  41.168  -74.301  -3.185 0.0000000000
10453  41.178  -73.278  -3.580 0.0000000000
10471  40.500  -72.521  -4.027 0.0000000000
11370  40.070  -71.796  -4.598 0.0000000000
10473  38.796  -72.220  -4.397 0.0000000000
11371  39.149  -71.688  -4.534 0.0000000000
11388  39.630  -71.230  -5.123 0.0000000000
12288  39.221  -70.748  -5.401 0.0000000000
13201  38.314  -69.746  -5.870 0.0000000000
13215  37.691  -69.081  -6.167 0.0000000000
20650  38.884  -61.226  0.791 0.0000000000
19712  39.300  -61.983  0.286 0.0000000000
121706  40.175  -62.098  0.408 0.0000000000
19711  40.953  -62.291  0.633 0.0000000000
18864  41.462  -62.912  0.274 0.0000000000
18818  41.144  -63.635  3.089 0.0000000000
19681  41.516  -62.318  1.989 0.0000000000
19698  41.904  -62.527  1.479 0.0000000000
18853  42.309  -63.112  0.732 0.0000000000
143111  42.951  -63.814  0.510 0.0000000000
16983  44.764  -65.506  0.562 0.0000000000
16969  44.955  -65.298  2.588 0.0000000000
16974  44.911  -65.347  1.495 0.0000000000
16982  45.571  -66.047  1.013 0.0000000000
16000  45.974  -66.799  0.637 0.0000000000
15990  46.574  -67.343  1.368 0.0000000000
15031  46.825  -67.957  1.521 0.0000000000
15020  47.260  -67.770  3.592 0.0000000000
14066  47.169  -68.387  3.181 0.0000000000
14084  46.913  -68.757  2.239 0.0000000000
16068  39.967  -66.605  -4.418 0.0000000000
121785  41.488  -66.501  -5.597 0.0000000000
16073  40.286  -66.037  -4.966 0.0000000000
9633  42.478  -73.282  -3.243 0.0000000000
10489  42.897  -72.137  -5.565 0.0000000000
11372  38.396  -71.656  -4.694 0.0000000000
12314  41.342  -70.209  -7.661 0.0000000000
13070  46.658  -68.857  3.881 0.0000000000
13082  46.911  -68.973  3.286 0.0000000000
14049  46.890  -68.318  4.774 0.0000000000
14116  45.984  -67.831  -0.685 0.0000000000
14213  41.316  -68.817  -8.812 0.0000000000
15024  47.103  -67.893  2.384 0.0000000000
17913  43.936  -64.834  3.287 0.0000000000
18836  42.916  -63.829  2.700 0.0000000000
19680  42.118  -62.634  1.985 0.0000000000
19682  40.626  -61.918  2.059 0.0000000000
20638  40.290  -61.613  1.475 0.0000000000
122779  40.126  -69.783  -7.815 0.0000000000
128907  40.316  -64.132  3.442 0.0000000000
132736  43.536  -64.230  0.686 0.0000000000
