#!ascii label  , from subject sub-v1s5x0050740_ses-1 vox2ras=TkReg
1554
49489  -53.211  -24.254  67.898 0.0000000000
40260  -46.104  -34.134  75.966 0.0000000000
112672  -55.424  -15.695  58.319 0.0000000000
49513  -41.460  -24.874  61.056 0.0000000000
56478  -52.130  -16.343  65.569 0.0000000000
42092  -52.153  -32.428  71.200 0.0000000000
36215  -43.867  -40.932  67.647 0.0000000000
42181  -39.532  -32.915  61.501 0.0000000000
114042  -37.315  -32.829  80.182 0.0000000000
64034  -60.663  -8.196  57.246 0.0000000000
42135  -39.358  -32.358  66.921 0.0000000000
49497  -47.548  -24.466  65.453 0.0000000000
117724  -48.186  -20.420  63.868 0.0000000000
53686  -51.547  -19.449  68.242 0.0000000000
46017  -53.745  -28.599  69.764 0.0000000000
128384  -46.721  -31.967  68.039 0.0000000000
46027  -46.476  -28.043  67.039 0.0000000000
46070  -38.993  -28.001  62.871 0.0000000000
66560  -56.363  -5.670  55.144 0.0000000000
41991  -41.666  -32.715  78.452 0.0000000000
43009  -37.861  -31.450  73.564 0.0000000000
42088  -42.770  -32.306  72.077 0.0000000000
113224  -53.342  -15.238  62.401 0.0000000000
39478  -49.060  -34.625  73.708 0.0000000000
40331  -47.040  -35.335  69.285 0.0000000000
121161  -48.594  -37.211  68.083 0.0000000000
38759  -40.426  -36.272  63.866 0.0000000000
119165  -32.978  -33.315  80.662 0.0000000000
58419  -57.387  -14.267  66.255 0.0000000000
132356  -60.348  -15.189  61.382 0.0000000000
120464  -61.204  -10.237  59.453 0.0000000000
117482  -57.588  -13.622  58.534 0.0000000000
61323  -53.572  -11.693  56.215 0.0000000000
42982  -33.658  -31.466  75.293 0.0000000000
38710  -42.790  -36.923  67.701 0.0000000000
49494  -51.115  -23.774  66.768 0.0000000000
51146  -50.293  -21.931  65.718 0.0000000000
52807  -53.100  -21.017  67.446 0.0000000000
47757  -53.408  -26.319  68.701 0.0000000000
135101  -49.828  -27.897  68.145 0.0000000000
47761  -49.872  -26.426  67.245 0.0000000000
47775  -47.363  -26.114  65.583 0.0000000000
56581  -54.008  -16.720  56.511 0.0000000000
56572  -56.981  -17.210  57.616 0.0000000000
41113  -43.640  -33.040  77.149 0.0000000000
42041  -42.212  -32.528  75.387 0.0000000000
42057  -43.940  -32.931  74.023 0.0000000000
50329  -42.071  -23.457  59.612 0.0000000000
55489  -49.673  -18.080  65.054 0.0000000000
54622  -47.812  -18.781  62.560 0.0000000000
56494  -50.008  -17.026  63.716 0.0000000000
57499  -50.757  -16.069  61.815 0.0000000000
56496  -52.680  -15.778  63.865 0.0000000000
41168  -51.194  -33.708  72.288 0.0000000000
38681  -51.045  -37.008  70.335 0.0000000000
40334  -51.562  -36.022  69.999 0.0000000000
43103  -43.128  -31.973  65.710 0.0000000000
40372  -44.664  -34.227  65.906 0.0000000000
40399  -40.382  -34.548  62.864 0.0000000000
118230  -39.750  -26.387  62.079 0.0000000000
119058  -58.880  -14.500  64.180 0.0000000000
60387  -59.996  -11.519  59.296 0.0000000000
62230  -57.759  -10.843  57.957 0.0000000000
60396  -55.047  -12.501  57.309 0.0000000000
118481  -56.260  -9.491  56.517 0.0000000000
65730  -53.466  -7.003  54.240 0.0000000000
41069  -35.012  -33.448  80.320 0.0000000000
41100  -33.047  -33.202  78.008 0.0000000000
42940  -35.071  -31.846  77.231 0.0000000000
43059  -39.153  -31.112  69.725 0.0000000000
134931  -36.153  -30.380  70.660 0.0000000000
42145  -37.030  -32.033  66.939 0.0000000000
37868  -46.899  -40.353  69.790 0.0000000000
39564  -45.283  -35.936  68.209 0.0000000000
37024  -44.122  -41.078  69.347 0.0000000000
49506  -44.956  -24.393  63.776 0.0000000000
51154  -44.735  -22.189  63.186 0.0000000000
51152  -48.087  -22.081  64.824 0.0000000000
53707  -50.347  -19.912  65.868 0.0000000000
55472  -51.333  -17.588  67.607 0.0000000000
118205  -53.398  -30.237  70.832 0.0000000000
131285  -49.788  -32.315  69.770 0.0000000000
45102  -49.796  -29.920  69.406 0.0000000000
45114  -46.353  -29.823  68.027 0.0000000000
45118  -42.867  -29.795  66.121 0.0000000000
44155  -39.268  -30.644  62.763 0.0000000000
46949  -43.402  -27.737  65.455 0.0000000000
124674  -44.752  -26.413  64.283 0.0000000000
64879  -57.981  -6.926  55.897 0.0000000000
125261  -60.130  -2.898  56.558 0.0000000000
112829  -39.975  -32.524  79.326 0.0000000000
42966  -37.821  -31.859  76.154 0.0000000000
42038  -39.774  -32.187  75.847 0.0000000000
43040  -40.387  -31.779  72.381 0.0000000000
117708  -41.300  -31.709  68.641 0.0000000000
52847  -44.865  -20.892  61.889 0.0000000000
57536  -51.757  -15.384  59.862 0.0000000000
58510  -54.074  -14.903  59.886 0.0000000000
40269  -47.430  -34.773  74.609 0.0000000000
41164  -46.471  -33.645  72.327 0.0000000000
41166  -48.360  -34.175  71.475 0.0000000000
38692  -48.662  -38.758  70.171 0.0000000000
37894  -45.893  -38.214  67.306 0.0000000000
40348  -48.020  -34.456  67.763 0.0000000000
39569  -45.169  -35.747  66.104 0.0000000000
37905  -41.580  -37.941  65.419 0.0000000000
52784  -55.648  -20.280  70.207 0.0000000000
40245  -46.940  -34.034  77.081 0.0000000000
42058  -49.237  -32.623  74.641 0.0000000000
44056  -50.611  -30.726  73.395 0.0000000000
54543  -53.730  -18.464  70.643 0.0000000000
120608  -52.557  -16.796  70.211 0.0000000000
121119  -53.420  -15.557  67.760 0.0000000000
112610  -56.171  -13.266  69.008 0.0000000000
57461  -54.924  -14.961  66.177 0.0000000000
113199  -56.017  -14.657  64.519 0.0000000000
114605  -56.444  -14.530  61.877 0.0000000000
58513  -57.251  -15.046  60.382 0.0000000000
59399  -61.284  -12.331  60.468 0.0000000000
58531  -59.246  -15.451  59.373 0.0000000000
57564  -58.466  -16.209  58.521 0.0000000000
58555  -57.646  -15.813  57.041 0.0000000000
64042  -54.574  -8.522  55.369 0.0000000000
40230  -31.110  -34.161  78.521 0.0000000000
43023  -31.459  -31.663  71.989 0.0000000000
44040  -35.457  -30.908  74.410 0.0000000000
115363  -33.333  -30.500  71.860 0.0000000000
42100  -44.640  -32.902  70.676 0.0000000000
42139  -43.112  -33.144  67.983 0.0000000000
40356  -41.224  -34.468  67.219 0.0000000000
37848  -41.346  -38.460  70.524 0.0000000000
49487  -51.450  -24.547  67.190 0.0000000000
51142  -52.087  -22.720  66.798 0.0000000000
51137  -53.346  -22.575  67.484 0.0000000000
49482  -53.688  -24.726  68.396 0.0000000000
47763  -51.462  -26.260  67.821 0.0000000000
48629  -51.404  -25.494  67.487 0.0000000000
48637  -50.129  -25.087  66.850 0.0000000000
57561  -54.506  -15.380  58.342 0.0000000000
57580  -54.984  -15.864  57.825 0.0000000000
56571  -55.750  -16.704  57.506 0.0000000000
57581  -56.210  -16.421  58.030 0.0000000000
41115  -45.140  -33.559  76.410 0.0000000000
41127  -44.398  -33.221  75.546 0.0000000000
41128  -45.301  -33.630  75.317 0.0000000000
49542  -40.061  -24.482  59.798 0.0000000000
50317  -41.691  -24.000  60.135 0.0000000000
55490  -50.421  -17.528  65.547 0.0000000000
55498  -50.159  -17.315  64.607 0.0000000000
56486  -51.614  -16.462  64.834 0.0000000000
129990  -51.387  -16.277  63.532 0.0000000000
56487  -52.589  -15.967  64.744 0.0000000000
41169  -52.037  -33.052  71.996 0.0000000000
39519  -52.185  -35.551  71.246 0.0000000000
41194  -52.084  -34.302  70.744 0.0000000000
42161  -40.926  -32.115  64.027 0.0000000000
42163  -42.285  -33.116  64.656 0.0000000000
41272  -39.916  -33.354  62.093 0.0000000000
126804  -36.970  -35.064  61.703 0.0000000000
48670  -40.926  -25.347  61.325 0.0000000000
47821  -37.840  -26.711  59.950 0.0000000000
48686  -38.869  -25.388  60.220 0.0000000000
62231  -59.915  -10.376  58.178 0.0000000000
62240  -58.477  -10.021  57.521 0.0000000000
62239  -56.748  -10.528  57.367 0.0000000000
63184  -57.171  -9.160  56.634 0.0000000000
41954  -36.398  -33.129  80.288 0.0000000000
41985  -35.514  -32.507  78.661 0.0000000000
41986  -36.370  -32.393  78.690 0.0000000000
43074  -39.556  -31.301  68.026 0.0000000000
44113  -38.122  -30.928  68.307 0.0000000000
42146  -38.273  -32.146  66.813 0.0000000000
115770  -37.052  -33.737  67.570 0.0000000000
40353  -38.525  -34.072  67.379 0.0000000000
36199  -46.340  -41.101  69.058 0.0000000000
37025  -45.770  -40.951  69.620 0.0000000000
36207  -44.744  -41.587  68.888 0.0000000000
49502  -46.311  -24.370  64.671 0.0000000000
50296  -46.366  -23.493  64.576 0.0000000000
128287  -47.345  -23.407  65.109 0.0000000000
124831  -51.323  -20.873  66.325 0.0000000000
52003  -50.328  -21.185  65.495 0.0000000000
52817  -50.843  -20.069  66.574 0.0000000000
54579  -50.244  -18.800  66.581 0.0000000000
53685  -50.942  -19.007  67.861 0.0000000000
45098  -54.001  -29.749  70.626 0.0000000000
44107  -51.521  -30.155  70.027 0.0000000000
45104  -51.613  -29.335  69.596 0.0000000000
119797  -47.813  -28.100  67.441 0.0000000000
46021  -48.508  -28.926  68.393 0.0000000000
114472  -46.149  -28.956  67.554 0.0000000000
45112  -44.927  -29.890  67.298 0.0000000000
113529  -44.088  -28.886  66.530 0.0000000000
113304  -42.230  -29.052  65.617 0.0000000000
46940  -45.033  -27.944  66.385 0.0000000000
48639  -47.437  -25.310  65.499 0.0000000000
47773  -45.840  -26.718  65.100 0.0000000000
48645  -46.266  -25.281  64.689 0.0000000000
48650  -45.174  -25.255  63.957 0.0000000000
41990  -40.721  -32.549  78.735 0.0000000000
42011  -39.593  -32.284  77.563 0.0000000000
129886  -40.826  -32.433  77.416 0.0000000000
42065  -42.537  -32.465  73.738 0.0000000000
42064  -41.736  -32.314  74.020 0.0000000000
43030  -41.984  -32.091  72.409 0.0000000000
115306  -40.953  -31.600  71.076 0.0000000000
127583  -42.192  -31.913  70.855 0.0000000000
52011  -46.549  -21.385  63.664 0.0000000000
52019  -45.134  -21.221  62.617 0.0000000000
52838  -46.870  -20.492  63.111 0.0000000000
55519  -47.885  -18.177  61.920 0.0000000000
54637  -47.287  -18.812  61.840 0.0000000000
129017  -47.353  -18.235  61.034 0.0000000000
134129  -52.102  -15.579  61.963 0.0000000000
57522  -51.669  -15.537  60.832 0.0000000000
57513  -53.099  -15.168  61.384 0.0000000000
57524  -53.248  -15.080  60.280 0.0000000000
58493  -53.959  -14.826  60.871 0.0000000000
39476  -48.387  -34.925  74.027 0.0000000000
112466  -47.941  -34.395  72.991 0.0000000000
40291  -48.784  -34.359  72.376 0.0000000000
38706  -50.492  -37.890  69.807 0.0000000000
122049  -49.926  -38.344  70.159 0.0000000000
37871  -49.393  -38.956  69.770 0.0000000000
37869  -48.020  -39.941  69.831 0.0000000000
38715  -48.050  -38.058  68.207 0.0000000000
42112  -48.648  -32.359  69.144 0.0000000000
41207  -48.904  -33.262  68.907 0.0000000000
41225  -47.725  -33.464  68.041 0.0000000000
39582  -42.495  -35.058  64.507 0.0000000000
120147  -44.576  -34.974  65.689 0.0000000000
38731  -42.860  -36.106  65.089 0.0000000000
37907  -43.351  -37.469  65.898 0.0000000000
45147  -38.551  -29.347  62.270 0.0000000000
43003  -50.126  -31.246  74.045 0.0000000000
45979  -52.840  -28.495  71.799 0.0000000000
53659  -55.278  -19.331  70.545 0.0000000000
124271  -53.611  -15.956  71.591 0.0000000000
57426  -53.209  -15.301  70.495 0.0000000000
57435  -52.822  -15.794  69.167 0.0000000000
58395  -53.783  -14.740  69.170 0.0000000000
59332  -56.682  -13.733  67.719 0.0000000000
58407  -55.438  -14.421  67.407 0.0000000000
58430  -55.831  -14.723  65.911 0.0000000000
57469  -55.186  -14.936  65.420 0.0000000000
58431  -56.740  -14.550  65.692 0.0000000000
58462  -59.637  -14.643  63.274 0.0000000000
113563  -57.304  -14.526  63.509 0.0000000000
112833  -58.595  -14.904  61.757 0.0000000000
58496  -57.112  -14.676  61.206 0.0000000000
58497  -58.286  -15.147  60.917 0.0000000000
61284  -61.460  -10.864  59.998 0.0000000000
60386  -58.251  -12.675  59.105 0.0000000000
59414  -59.409  -13.968  59.593 0.0000000000
59428  -58.476  -13.766  59.112 0.0000000000
57565  -58.946  -15.884  58.842 0.0000000000
58545  -58.605  -15.606  58.374 0.0000000000
58556  -58.278  -15.987  57.682 0.0000000000
59427  -56.959  -14.000  57.866 0.0000000000
61324  -54.105  -11.846  56.600 0.0000000000
59444  -54.715  -13.198  56.914 0.0000000000
59443  -54.118  -13.269  56.494 0.0000000000
65714  -57.086  -6.318  55.493 0.0000000000
64878  -56.791  -7.155  55.619 0.0000000000
65712  -55.133  -6.834  55.034 0.0000000000
42027  -33.415  -32.318  76.644 0.0000000000
41112  -32.124  -33.318  76.765 0.0000000000
42037  -32.453  -32.433  75.541 0.0000000000
42063  -31.405  -32.511  73.721 0.0000000000
42995  -32.604  -31.554  74.071 0.0000000000
42986  -37.723  -31.684  75.288 0.0000000000
120035  -36.831  -31.364  74.935 0.0000000000
44042  -37.093  -31.227  73.950 0.0000000000
44076  -34.994  -30.350  71.641 0.0000000000
41219  -34.097  -33.182  68.780 0.0000000000
41190  -46.810  -33.702  70.471 0.0000000000
41177  -45.825  -33.309  71.738 0.0000000000
116932  -46.038  -33.428  70.038 0.0000000000
38711  -43.830  -36.694  67.764 0.0000000000
40359  -44.108  -34.405  67.840 0.0000000000
39562  -43.353  -35.332  67.443 0.0000000000
41236  -42.399  -33.638  67.389 0.0000000000
121471  -42.026  -36.100  67.532 0.0000000000
37840  -41.053  -37.690  71.081 0.0000000000
49492  -48.926  -24.591  66.214 0.0000000000
50292  -49.170  -23.131  65.780 0.0000000000
50287  -50.919  -23.041  66.412 0.0000000000
51998  -52.127  -21.879  66.666 0.0000000000
127300  -52.446  -20.794  67.235 0.0000000000
47749  -53.833  -27.038  69.248 0.0000000000
46023  -51.301  -28.139  68.793 0.0000000000
46929  -51.005  -27.497  68.327 0.0000000000
46937  -49.639  -27.064  67.457 0.0000000000
46935  -48.177  -27.573  67.056 0.0000000000
46941  -46.871  -27.407  66.391 0.0000000000
47769  -48.870  -26.194  66.593 0.0000000000
48635  -48.543  -25.538  66.245 0.0000000000
56585  -57.674  -17.102  56.961 0.0000000000
42015  -43.130  -32.957  77.878 0.0000000000
119159  -41.905  -32.585  77.002 0.0000000000
135166  -43.366  -32.908  76.425 0.0000000000
42056  -43.176  -32.680  74.290 0.0000000000
131065  -43.438  -32.609  72.591 0.0000000000
53724  -48.757  -19.197  64.064 0.0000000000
52840  -48.291  -19.715  63.635 0.0000000000
130115  -48.852  -18.477  63.872 0.0000000000
54609  -48.813  -18.032  63.307 0.0000000000
55521  -49.263  -17.105  62.218 0.0000000000
112596  -50.028  -16.519  62.003 0.0000000000
56506  -50.685  -16.320  62.529 0.0000000000
57487  -52.027  -15.937  63.306 0.0000000000
57501  -52.816  -15.573  63.007 0.0000000000
40278  -50.003  -34.207  72.863 0.0000000000
39503  -50.332  -34.764  72.239 0.0000000000
39518  -51.927  -35.880  71.549 0.0000000000
38682  -51.445  -36.534  70.554 0.0000000000
39556  -50.367  -36.859  69.102 0.0000000000
43098  -45.009  -32.036  66.839 0.0000000000
41238  -45.803  -33.409  66.830 0.0000000000
42155  -43.983  -33.061  65.848 0.0000000000
40377  -41.947  -34.492  64.125 0.0000000000
39595  -40.220  -35.489  63.272 0.0000000000
38756  -37.758  -36.522  63.024 0.0000000000
129837  -37.232  -35.560  62.210 0.0000000000
46977  -39.243  -27.383  62.669 0.0000000000
46999  -37.683  -27.639  60.136 0.0000000000
59349  -58.825  -13.635  66.294 0.0000000000
58432  -57.698  -14.413  65.550 0.0000000000
58434  -59.426  -14.097  65.075 0.0000000000
135378  -60.139  -14.194  63.782 0.0000000000
58481  -60.806  -14.438  62.419 0.0000000000
63155  -61.562  -10.048  58.816 0.0000000000
123903  -61.220  -10.784  59.608 0.0000000000
134752  -61.352  -10.167  58.527 0.0000000000
126578  -58.566  -11.117  58.414 0.0000000000
60385  -57.287  -12.485  58.555 0.0000000000
130919  -56.573  -13.078  58.167 0.0000000000
61316  -56.483  -11.331  57.757 0.0000000000
62238  -55.638  -10.993  57.226 0.0000000000
62252  -55.032  -10.060  56.327 0.0000000000
114708  -55.085  -5.077  54.481 0.0000000000
65732  -54.636  -6.404  54.654 0.0000000000
66584  -53.788  -5.694  53.834 0.0000000000
41048  -34.412  -33.516  80.760 0.0000000000
41067  -33.538  -33.451  79.603 0.0000000000
41967  -34.150  -33.207  79.103 0.0000000000
42007  -34.432  -32.365  77.749 0.0000000000
42963  -34.691  -31.557  76.348 0.0000000000
44069  -38.112  -31.282  72.088 0.0000000000
44068  -37.437  -31.086  72.422 0.0000000000
126091  -37.461  -30.722  70.734 0.0000000000
44102  -36.688  -30.488  69.064 0.0000000000
134903  -35.706  -31.377  67.654 0.0000000000
41220  -34.897  -33.409  68.699 0.0000000000
41231  -36.317  -33.311  67.600 0.0000000000
39554  -47.159  -36.980  69.390 0.0000000000
40330  -46.123  -34.566  68.991 0.0000000000
38713  -45.648  -37.229  68.684 0.0000000000
37880  -44.851  -38.320  68.704 0.0000000000
37035  -43.668  -39.463  68.768 0.0000000000
49509  -43.292  -24.679  62.595 0.0000000000
50303  -42.990  -23.987  62.168 0.0000000000
50301  -45.047  -23.353  63.763 0.0000000000
51156  -45.972  -22.185  63.946 0.0000000000
130660  -47.489  -21.556  64.275 0.0000000000
51145  -49.523  -22.310  65.548 0.0000000000
52825  -49.737  -21.038  65.067 0.0000000000
52833  -49.559  -20.331  64.821 0.0000000000
53706  -49.932  -19.184  65.969 0.0000000000
55479  -50.479  -17.985  66.429 0.0000000000
130827  -51.648  -16.794  66.269 0.0000000000
43044  -52.513  -31.633  70.858 0.0000000000
42104  -51.392  -32.628  70.497 0.0000000000
43053  -50.844  -31.645  70.291 0.0000000000
42102  -49.963  -31.594  69.921 0.0000000000
43078  -47.629  -31.346  68.785 0.0000000000
45101  -49.284  -29.265  68.850 0.0000000000
125937  -47.665  -30.103  68.711 0.0000000000
43090  -46.310  -31.341  67.965 0.0000000000
43088  -44.871  -31.208  67.120 0.0000000000
43095  -42.868  -31.157  65.882 0.0000000000
43108  -40.703  -31.248  64.341 0.0000000000
43123  -39.538  -31.564  62.474 0.0000000000
129327  -40.036  -30.064  64.280 0.0000000000
120249  -40.352  -29.038  64.491 0.0000000000
46053  -40.668  -28.340  64.423 0.0000000000
116807  -45.409  -27.298  65.713 0.0000000000
46959  -43.297  -27.202  64.811 0.0000000000
46970  -41.224  -27.081  63.715 0.0000000000
47788  -41.955  -26.506  63.193 0.0000000000
48655  -42.534  -25.521  62.467 0.0000000000
64867  -58.943  -7.479  56.336 0.0000000000
65716  -59.615  -6.110  56.237 0.0000000000
66563  -59.332  -5.265  56.057 0.0000000000
67397  -57.957  -4.431  55.441 0.0000000000
67413  -56.598  -4.008  54.840 0.0000000000
68269  -56.300  -3.504  54.476 0.0000000000
41971  -38.489  -32.506  79.574 0.0000000000
41987  -37.533  -32.233  78.125 0.0000000000
41988  -38.926  -32.285  78.110 0.0000000000
42967  -38.590  -32.041  76.424 0.0000000000
43000  -39.145  -31.879  74.248 0.0000000000
42040  -41.370  -32.414  75.645 0.0000000000
43001  -40.022  -32.106  74.475 0.0000000000
43027  -39.356  -31.754  73.000 0.0000000000
43039  -39.608  -31.478  71.323 0.0000000000
43060  -40.012  -31.311  69.697 0.0000000000
43087  -40.641  -31.948  67.543 0.0000000000
51158  -43.514  -22.508  62.073 0.0000000000
52031  -43.683  -21.775  60.951 0.0000000000
52848  -46.771  -19.906  62.503 0.0000000000
57538  -53.396  -15.097  59.366 0.0000000000
58527  -54.887  -14.904  59.467 0.0000000000
114620  -46.917  -34.616  75.380 0.0000000000
41140  -46.203  -34.168  74.102 0.0000000000
40276  -46.914  -34.474  73.832 0.0000000000
41165  -47.365  -33.816  71.945 0.0000000000
40315  -47.944  -34.609  70.174 0.0000000000
40317  -49.811  -35.642  70.648 0.0000000000
40316  -48.841  -35.377  70.288 0.0000000000
39542  -47.860  -36.870  69.635 0.0000000000
117430  -47.614  -39.014  69.930 0.0000000000
131057  -46.932  -40.497  69.459 0.0000000000
128854  -44.706  -39.372  67.310 0.0000000000
42113  -50.131  -33.150  69.751 0.0000000000
41227  -49.225  -34.218  68.673 0.0000000000
40363  -48.371  -35.701  67.693 0.0000000000
41247  -45.964  -34.096  66.681 0.0000000000
39565  -46.484  -35.454  66.709 0.0000000000
38714  -47.153  -36.967  67.345 0.0000000000
128177  -45.052  -37.365  66.544 0.0000000000
37892  -44.015  -38.340  66.539 0.0000000000
42192  -38.017  -32.330  59.646 0.0000000000
121418  -54.831  -23.760  68.902 0.0000000000
51129  -54.515  -22.315  68.297 0.0000000000
41029  -34.632  -33.494  81.568 0.0000000000
41944  -37.901  -32.935  80.820 0.0000000000
41956  -39.454  -32.820  80.867 0.0000000000
112597  -40.125  -32.740  80.272 0.0000000000
41087  -43.516  -33.257  78.874 0.0000000000
126556  -44.938  -33.637  78.206 0.0000000000
41103  -45.498  -33.826  77.521 0.0000000000
40253  -46.681  -34.178  76.462 0.0000000000
118914  -47.140  -34.223  75.916 0.0000000000
40262  -48.106  -34.424  75.023 0.0000000000
40263  -48.558  -34.033  74.643 0.0000000000
126901  -48.987  -33.076  74.722 0.0000000000
41142  -49.237  -33.721  73.887 0.0000000000
124829  -49.832  -32.794  73.242 0.0000000000
42081  -50.215  -32.205  72.866 0.0000000000
43032  -51.197  -31.382  72.206 0.0000000000
44071  -51.991  -30.406  71.914 0.0000000000
114761  -53.244  -30.256  71.164 0.0000000000
45994  -53.914  -29.115  71.203 0.0000000000
48625  -54.607  -25.116  69.254 0.0000000000
115932  -54.374  -20.952  68.488 0.0000000000
52795  -53.685  -20.492  68.614 0.0000000000
53674  -52.627  -19.423  69.305 0.0000000000
56427  -54.256  -16.656  71.749 0.0000000000
54542  -52.798  -18.103  70.336 0.0000000000
54556  -51.831  -18.271  69.113 0.0000000000
56449  -52.043  -16.979  68.730 0.0000000000
56450  -52.418  -16.428  68.196 0.0000000000
57450  -53.079  -15.901  67.053 0.0000000000
58396  -54.637  -14.290  68.708 0.0000000000
126450  -53.746  -15.479  66.905 0.0000000000
57466  -53.003  -15.909  65.581 0.0000000000
57477  -53.464  -15.638  64.949 0.0000000000
57478  -53.999  -15.332  64.408 0.0000000000
57489  -54.143  -15.123  63.595 0.0000000000
58460  -56.801  -14.580  64.191 0.0000000000
58459  -56.029  -14.590  63.609 0.0000000000
58475  -54.775  -14.693  62.295 0.0000000000
132358  -55.479  -14.573  60.929 0.0000000000
58512  -56.099  -14.738  60.276 0.0000000000
58528  -55.965  -15.121  59.444 0.0000000000
60344  -61.434  -11.924  61.199 0.0000000000
59400  -61.184  -14.012  61.092 0.0000000000
60372  -60.307  -12.296  59.810 0.0000000000
60373  -60.467  -13.190  60.170 0.0000000000
115826  -60.117  -15.239  60.637 0.0000000000
58514  -58.679  -15.735  59.763 0.0000000000
57540  -58.443  -16.190  59.027 0.0000000000
57563  -57.956  -16.563  58.467 0.0000000000
56561  -58.065  -16.735  57.857 0.0000000000
56574  -57.788  -16.912  57.364 0.0000000000
57596  -57.036  -15.712  56.537 0.0000000000
126080  -56.338  -14.121  57.332 0.0000000000
129032  -55.520  -14.138  56.804 0.0000000000
57595  -55.923  -15.128  56.263 0.0000000000
64032  -57.493  -8.447  56.398 0.0000000000
63191  -55.102  -9.031  55.794 0.0000000000
135490  -53.616  -10.154  55.568 0.0000000000
64876  -54.080  -7.995  54.927 0.0000000000
63189  -53.304  -9.604  55.183 0.0000000000
62259  -52.771  -10.551  55.258 0.0000000000
41084  -32.414  -33.579  78.571 0.0000000000
42941  -36.572  -31.903  77.292 0.0000000000
42984  -35.237  -31.274  75.693 0.0000000000
42997  -34.190  -31.044  74.748 0.0000000000
117311  -36.042  -30.681  72.920 0.0000000000
44052  -34.541  -30.629  73.248 0.0000000000
43008  -33.275  -30.993  73.617 0.0000000000
44064  -32.630  -30.810  72.160 0.0000000000
41149  -45.504  -33.612  73.484 0.0000000000
42079  -44.218  -32.871  72.298 0.0000000000
42099  -43.912  -32.659  70.841 0.0000000000
41224  -45.285  -33.842  68.897 0.0000000000
42124  -44.007  -32.950  69.115 0.0000000000
123816  -43.424  -32.451  70.251 0.0000000000
42122  -42.552  -32.484  68.328 0.0000000000
41235  -41.521  -33.175  67.224 0.0000000000
40355  -40.368  -34.320  67.279 0.0000000000
35400  -42.374  -41.296  69.280 0.0000000000
36195  -42.177  -40.204  69.608 0.0000000000
37865  -41.891  -37.940  68.631 0.0000000000
38703  -41.322  -37.013  68.604 0.0000000000
39559  -40.403  -35.648  68.165 0.0000000000
39552  -39.633  -35.492  68.529 0.0000000000
49488  -52.461  -24.157  67.488 0.0000000000
50280  -52.634  -23.117  67.228 0.0000000000
50281  -53.254  -23.478  67.660 0.0000000000
48631  -52.787  -25.063  67.946 0.0000000000
123196  -52.041  -25.013  67.559 0.0000000000
48688  -40.648  -24.840  60.580 0.0000000000
49543  -40.943  -24.278  59.930 0.0000000000
49528  -42.004  -24.327  60.910 0.0000000000
116186  -51.267  -16.849  65.553 0.0000000000
56477  -50.858  -16.927  64.944 0.0000000000
42083  -51.976  -32.026  71.801 0.0000000000
41180  -52.097  -33.511  71.368 0.0000000000
41181  -52.202  -33.017  70.947 0.0000000000
42168  -40.619  -32.487  63.368 0.0000000000
42175  -40.345  -32.894  62.672 0.0000000000
48669  -40.011  -25.400  61.066 0.0000000000
48687  -39.639  -25.039  60.343 0.0000000000
64021  -60.474  -8.659  57.345 0.0000000000
63172  -59.722  -9.346  57.419 0.0000000000
63185  -58.680  -8.916  56.869 0.0000000000
126367  -58.074  -9.450  57.081 0.0000000000
118483  -36.828  -32.633  79.461 0.0000000000
43086  -39.264  -31.666  67.343 0.0000000000
128451  -38.704  -31.216  67.804 0.0000000000
128832  -38.784  -32.496  66.825 0.0000000000
134282  -38.446  -33.425  66.982 0.0000000000
41244  -39.117  -33.279  66.904 0.0000000000
36216  -44.908  -40.718  68.088 0.0000000000
35409  -43.440  -41.722  68.271 0.0000000000
49496  -46.871  -24.834  65.130 0.0000000000
50290  -46.994  -23.900  65.064 0.0000000000
115810  -47.688  -23.689  65.368 0.0000000000
52806  -51.659  -20.508  66.957 0.0000000000
53698  -51.212  -19.765  67.438 0.0000000000
45105  -53.499  -29.316  70.040 0.0000000000
45096  -52.551  -29.782  70.043 0.0000000000
112450  -52.409  -28.957  69.591 0.0000000000
46934  -47.364  -27.759  67.001 0.0000000000
46028  -47.090  -28.439  67.529 0.0000000000
46026  -45.195  -29.183  67.238 0.0000000000
46035  -45.571  -28.363  66.955 0.0000000000
46045  -44.340  -28.317  66.331 0.0000000000
114980  -46.788  -25.713  65.160 0.0000000000
42012  -41.001  -32.509  77.996 0.0000000000
42013  -41.450  -32.549  77.531 0.0000000000
42078  -42.664  -32.391  72.913 0.0000000000
43013  -41.866  -32.218  73.223 0.0000000000
43042  -42.117  -31.991  71.619 0.0000000000
52012  -47.483  -20.827  63.730 0.0000000000
52837  -45.952  -20.931  62.959 0.0000000000
55520  -48.524  -17.628  62.030 0.0000000000
57512  -52.603  -15.463  62.128 0.0000000000
131626  -52.251  -15.456  61.445 0.0000000000
58474  -53.959  -14.878  61.876 0.0000000000
39477  -48.882  -34.881  74.025 0.0000000000
39501  -48.509  -34.599  73.142 0.0000000000
39502  -49.270  -34.516  72.726 0.0000000000
116237  -49.892  -37.945  69.252 0.0000000000
38705  -49.943  -38.535  69.872 0.0000000000
133386  -49.260  -38.020  68.753 0.0000000000
38716  -48.821  -38.872  68.949 0.0000000000
42125  -47.298  -32.042  68.384 0.0000000000
123508  -47.621  -32.682  68.344 0.0000000000
42142  -46.937  -32.902  67.765 0.0000000000
38744  -42.258  -35.773  64.616 0.0000000000
130693  -42.888  -35.480  64.855 0.0000000000
38730  -42.066  -36.527  64.932 0.0000000000
38742  -40.578  -36.868  64.356 0.0000000000
45138  -38.919  -28.829  62.980 0.0000000000
112668  -38.260  -28.808  61.796 0.0000000000
58384  -53.600  -14.631  70.130 0.0000000000
121483  -58.027  -13.248  67.651 0.0000000000
112611  -57.334  -13.417  67.913 0.0000000000
58409  -57.154  -13.887  67.108 0.0000000000
58408  -56.217  -14.200  67.208 0.0000000000
58418  -56.486  -14.424  66.445 0.0000000000
58479  -59.619  -15.016  62.270 0.0000000000
58498  -59.487  -15.329  61.167 0.0000000000
130976  -59.382  -10.517  60.045 0.0000000000
119625  -58.363  -14.633  58.510 0.0000000000
58544  -58.003  -14.865  57.971 0.0000000000
60406  -53.811  -12.501  56.451 0.0000000000
60421  -53.130  -12.358  56.017 0.0000000000
65713  -56.033  -6.549  55.255 0.0000000000
41046  -32.135  -33.534  80.090 0.0000000000
42961  -33.176  -32.031  75.827 0.0000000000
42981  -32.906  -31.763  74.995 0.0000000000
42052  -32.205  -32.257  74.756 0.0000000000
127392  -37.742  -31.539  74.389 0.0000000000
41218  -33.518  -32.734  68.604 0.0000000000
41205  -46.546  -34.101  69.622 0.0000000000
128969  -42.895  -36.008  67.403 0.0000000000
39561  -42.392  -35.283  67.303 0.0000000000
37877  -41.931  -37.086  67.972 0.0000000000
49493  -49.832  -24.529  66.544 0.0000000000
50285  -49.541  -23.784  66.204 0.0000000000
113522  -50.353  -23.761  66.479 0.0000000000
51136  -52.749  -22.193  67.050 0.0000000000
51141  -51.508  -22.426  66.476 0.0000000000
51986  -52.678  -21.403  67.040 0.0000000000
51997  -52.012  -21.145  66.685 0.0000000000
46931  -53.068  -27.109  68.826 0.0000000000
127180  -52.309  -27.054  68.522 0.0000000000
47756  -52.703  -26.576  68.485 0.0000000000
47762  -50.661  -26.120  67.445 0.0000000000
47754  -50.862  -26.836  67.870 0.0000000000
128556  -50.239  -26.782  67.577 0.0000000000
116352  -48.923  -27.333  67.278 0.0000000000
47760  -49.215  -26.686  67.015 0.0000000000
46943  -48.500  -26.918  66.726 0.0000000000
47770  -49.494  -26.114  66.876 0.0000000000
49486  -50.607  -24.504  66.824 0.0000000000
48636  -49.414  -25.410  66.621 0.0000000000
57594  -54.477  -16.219  57.236 0.0000000000
55595  -57.483  -17.260  57.307 0.0000000000
116611  -42.735  -32.749  76.909 0.0000000000
42043  -43.785  -32.917  74.879 0.0000000000
42066  -43.314  -32.658  73.451 0.0000000000
42067  -44.074  -32.917  73.164 0.0000000000
50328  -41.299  -23.761  59.387 0.0000000000
54593  -49.181  -18.637  64.538 0.0000000000
55497  -49.344  -17.807  64.089 0.0000000000
55508  -49.347  -17.407  63.149 0.0000000000
56505  -49.970  -16.784  62.828 0.0000000000
123947  -50.707  -16.516  63.281 0.0000000000
56495  -51.882  -16.177  64.062 0.0000000000
57488  -53.424  -15.465  63.728 0.0000000000
41154  -50.399  -33.915  72.711 0.0000000000
39504  -51.287  -35.093  72.017 0.0000000000
40279  -50.911  -34.463  72.458 0.0000000000
40319  -52.345  -35.564  70.852 0.0000000000
40335  -52.153  -36.095  70.676 0.0000000000
39544  -51.127  -36.995  69.815 0.0000000000
40333  -50.583  -35.727  69.295 0.0000000000
42147  -43.773  -32.233  66.056 0.0000000000
42148  -44.458  -32.562  66.352 0.0000000000
42154  -43.346  -32.755  65.542 0.0000000000
41266  -40.936  -34.053  63.227 0.0000000000
41259  -42.285  -33.852  64.407 0.0000000000
40386  -41.371  -34.365  63.655 0.0000000000
133431  -41.429  -34.888  63.788 0.0000000000
39609  -39.782  -35.064  62.686 0.0000000000
39594  -39.280  -35.825  62.915 0.0000000000
115178  -39.044  -35.155  62.300 0.0000000000
47798  -39.200  -26.868  62.206 0.0000000000
46989  -38.252  -27.283  61.303 0.0000000000
47812  -38.754  -26.659  61.530 0.0000000000
59341  -59.286  -12.957  66.251 0.0000000000
133178  -59.236  -13.708  65.728 0.0000000000
60290  -60.039  -12.561  64.071 0.0000000000
59360  -60.280  -13.398  63.781 0.0000000000
58464  -60.463  -14.097  63.180 0.0000000000
59372  -60.758  -13.260  62.769 0.0000000000
64010  -60.960  -8.770  58.104 0.0000000000
63163  -61.255  -9.669  58.483 0.0000000000
61300  -61.701  -9.889  58.589 0.0000000000
62232  -61.481  -9.983  58.497 0.0000000000
61307  -57.339  -11.596  58.313 0.0000000000
61306  -56.389  -12.168  58.101 0.0000000000
63171  -56.983  -9.796  56.969 0.0000000000
63170  -55.822  -10.164  56.723 0.0000000000
62251  -54.916  -10.697  56.623 0.0000000000
67411  -54.963  -4.500  54.139 0.0000000000
41068  -34.334  -33.448  79.913 0.0000000000
41968  -35.050  -33.064  79.421 0.0000000000
42008  -35.118  -32.268  78.006 0.0000000000
41984  -34.691  -32.691  78.546 0.0000000000
42939  -34.188  -32.019  76.935 0.0000000000
43049  -38.967  -31.251  70.820 0.0000000000
44079  -38.199  -31.089  71.252 0.0000000000
44091  -38.263  -30.906  70.267 0.0000000000
132828  -37.381  -30.899  67.943 0.0000000000
44103  -37.458  -30.699  68.742 0.0000000000
44119  -36.617  -30.959  67.805 0.0000000000
44112  -36.022  -30.621  68.413 0.0000000000
43083  -36.330  -31.524  67.427 0.0000000000
42132  -36.250  -32.426  67.282 0.0000000000
40352  -37.704  -34.141  67.663 0.0000000000
120914  -37.084  -34.460  68.400 0.0000000000
131252  -47.063  -39.455  69.790 0.0000000000
39553  -46.331  -36.909  68.928 0.0000000000
38704  -45.988  -38.895  69.440 0.0000000000
130104  -44.910  -40.792  69.482 0.0000000000
37866  -44.856  -39.704  69.280 0.0000000000
37879  -43.691  -38.051  68.300 0.0000000000
49505  -44.245  -24.457  63.342 0.0000000000
50299  -43.695  -23.988  62.895 0.0000000000
116588  -44.367  -23.662  63.381 0.0000000000
51150  -46.495  -22.689  64.423 0.0000000000
51151  -47.255  -22.398  64.628 0.0000000000
133474  -46.718  -22.015  64.244 0.0000000000
50286  -50.093  -22.882  66.064 0.0000000000
52826  -50.142  -20.490  65.364 0.0000000000
52007  -49.096  -20.882  64.603 0.0000000000
53715  -49.824  -19.732  65.305 0.0000000000
55471  -50.724  -18.366  67.270 0.0000000000
55480  -51.114  -17.422  66.829 0.0000000000
44094  -52.965  -31.046  70.739 0.0000000000
43055  -52.366  -31.729  70.745 0.0000000000
116646  -52.291  -31.275  70.589 0.0000000000
44106  -50.468  -30.667  69.930 0.0000000000
114284  -49.306  -30.839  69.594 0.0000000000
43064  -48.428  -31.372  69.241 0.0000000000
125414  -48.589  -30.555  69.245 0.0000000000
119355  -50.320  -28.223  68.518 0.0000000000
46014  -50.932  -28.813  69.121 0.0000000000
133171  -49.782  -28.722  68.659 0.0000000000
45115  -46.998  -29.191  68.048 0.0000000000
45108  -47.715  -29.447  68.436 0.0000000000
45107  -47.076  -29.942  68.423 0.0000000000
44114  -47.294  -30.657  68.634 0.0000000000
44121  -45.914  -30.584  67.835 0.0000000000
44120  -45.200  -30.561  67.426 0.0000000000
44126  -43.275  -30.426  66.305 0.0000000000
44135  -42.553  -30.376  65.880 0.0000000000
43101  -41.837  -31.301  65.173 0.0000000000
44142  -41.172  -30.829  64.925 0.0000000000
44148  -40.104  -30.760  64.019 0.0000000000
44133  -41.036  -29.950  65.089 0.0000000000
46043  -42.642  -28.380  65.534 0.0000000000
45133  -41.009  -29.069  64.940 0.0000000000
46054  -41.386  -28.349  64.828 0.0000000000
46055  -42.047  -27.971  65.018 0.0000000000
47767  -47.192  -26.806  65.887 0.0000000000
128785  -46.338  -27.074  65.768 0.0000000000
47772  -44.869  -26.910  64.914 0.0000000000
119757  -44.015  -26.721  64.366 0.0000000000
46958  -42.487  -27.251  64.464 0.0000000000
47778  -42.699  -26.655  63.708 0.0000000000
47789  -43.502  -26.389  63.685 0.0000000000
48649  -44.486  -25.298  63.557 0.0000000000
48648  -43.705  -25.742  63.294 0.0000000000
49504  -43.775  -24.957  63.055 0.0000000000
48656  -43.178  -25.356  62.754 0.0000000000
66551  -60.274  -4.177  56.653 0.0000000000
67398  -59.124  -4.215  55.940 0.0000000000
121726  -58.329  -5.150  55.612 0.0000000000
68256  -57.843  -3.513  55.310 0.0000000000
132857  -57.832  -2.560  55.154 0.0000000000
113222  -39.114  -32.405  78.992 0.0000000000
113385  -38.157  -32.340  78.670 0.0000000000
134798  -40.215  -32.288  76.386 0.0000000000
42028  -39.464  -32.189  76.636 0.0000000000
42968  -39.107  -32.076  75.928 0.0000000000
124689  -39.284  -32.031  75.143 0.0000000000
42031  -42.027  -32.544  76.250 0.0000000000
42054  -41.574  -32.384  74.816 0.0000000000
43012  -41.044  -32.130  73.524 0.0000000000
43002  -40.921  -32.221  74.274 0.0000000000
43011  -40.365  -32.091  73.803 0.0000000000
127511  -39.675  -31.935  73.691 0.0000000000
133059  -39.866  -31.766  72.678 0.0000000000
124741  -39.566  -31.631  72.192 0.0000000000
43051  -40.666  -31.462  70.218 0.0000000000
43061  -40.629  -31.433  69.188 0.0000000000
43075  -40.458  -31.525  68.217 0.0000000000
43076  -41.137  -31.856  67.963 0.0000000000
50304  -43.510  -23.128  62.485 0.0000000000
51159  -44.085  -22.322  62.685 0.0000000000
52018  -44.427  -21.536  62.259 0.0000000000
52025  -44.244  -21.303  61.433 0.0000000000
53735  -47.788  -19.448  63.066 0.0000000000
130898  -47.308  -19.893  62.906 0.0000000000
53745  -47.287  -19.381  62.468 0.0000000000
53753  -46.654  -18.956  61.115 0.0000000000
57558  -52.021  -15.294  58.961 0.0000000000
58526  -54.238  -15.058  59.053 0.0000000000
40268  -46.925  -34.690  74.613 0.0000000000
136068  -47.367  -34.800  74.239 0.0000000000
40290  -47.893  -34.252  72.628 0.0000000000
41179  -47.526  -33.810  71.019 0.0000000000
41192  -48.214  -34.339  70.686 0.0000000000
39517  -51.118  -35.456  71.734 0.0000000000
39516  -50.313  -35.387  71.209 0.0000000000
39529  -50.631  -36.550  70.608 0.0000000000
38693  -49.395  -38.537  70.181 0.0000000000
38679  -49.803  -37.169  70.310 0.0000000000
39543  -48.714  -36.910  69.960 0.0000000000
129152  -47.937  -38.497  69.989 0.0000000000
37856  -48.347  -39.549  70.064 0.0000000000
37882  -47.810  -39.372  68.754 0.0000000000
37027  -47.298  -40.074  69.537 0.0000000000
37881  -47.073  -39.868  68.682 0.0000000000
37046  -45.761  -40.233  68.230 0.0000000000
37047  -46.181  -39.499  67.993 0.0000000000
42103  -50.467  -32.431  70.127 0.0000000000
41193  -51.114  -33.587  70.254 0.0000000000
41226  -48.465  -33.828  68.346 0.0000000000
40349  -48.828  -34.940  68.166 0.0000000000
40362  -47.560  -35.112  67.346 0.0000000000
41245  -44.618  -33.442  66.145 0.0000000000
41246  -45.333  -33.961  66.368 0.0000000000
39570  -45.764  -35.376  66.371 0.0000000000
135415  -47.159  -35.676  67.093 0.0000000000
115710  -46.135  -36.300  66.634 0.0000000000
38723  -45.572  -36.882  66.576 0.0000000000
37906  -42.467  -37.721  65.661 0.0000000000
38721  -44.255  -37.339  66.243 0.0000000000
37891  -43.078  -38.437  66.254 0.0000000000
37054  -42.138  -38.649  65.938 0.0000000000
43122  -39.066  -31.091  61.929 0.0000000000
43138  -38.599  -32.144  60.251 0.0000000000
43129  -38.885  -31.561  61.084 0.0000000000
41010  -34.026  -33.200  82.087 0.0000000000
42045  -49.527  -31.999  75.298 0.0000000000
42044  -49.046  -32.597  75.439 0.0000000000
41141  -49.149  -33.211  74.291 0.0000000000
41152  -49.414  -32.843  73.847 0.0000000000
43014  -50.282  -31.433  73.155 0.0000000000
43031  -50.614  -31.625  72.611 0.0000000000
43015  -50.744  -30.943  72.703 0.0000000000
45081  -51.642  -29.768  72.433 0.0000000000
45091  -52.487  -29.950  71.743 0.0000000000
45082  -52.267  -29.076  72.139 0.0000000000
46890  -53.428  -27.933  71.484 0.0000000000
45093  -54.059  -29.121  70.681 0.0000000000
49484  -54.748  -24.394  69.072 0.0000000000
51975  -55.044  -21.677  68.834 0.0000000000
133941  -54.701  -21.289  68.625 0.0000000000
52796  -54.970  -21.000  69.027 0.0000000000
53658  -54.158  -19.241  70.311 0.0000000000
53676  -54.778  -19.908  69.896 0.0000000000
53675  -53.632  -19.834  69.473 0.0000000000
53688  -52.984  -20.042  68.814 0.0000000000
53657  -53.102  -19.015  70.050 0.0000000000
56434  -52.842  -16.509  70.602 0.0000000000
55436  -53.342  -16.608  71.188 0.0000000000
135597  -52.481  -17.381  70.144 0.0000000000
55455  -52.195  -17.806  69.691 0.0000000000
55454  -51.949  -17.541  69.123 0.0000000000
56440  -52.289  -16.949  69.563 0.0000000000
132485  -52.854  -15.906  68.415 0.0000000000
136204  -52.846  -16.021  67.737 0.0000000000
56460  -52.447  -16.394  67.380 0.0000000000
59321  -55.422  -13.811  68.656 0.0000000000
58416  -54.990  -14.751  66.913 0.0000000000
57452  -54.398  -15.081  66.851 0.0000000000
57459  -53.385  -15.739  66.269 0.0000000000
57460  -54.106  -15.352  66.194 0.0000000000
57467  -53.752  -15.548  65.581 0.0000000000
57468  -54.446  -15.244  65.538 0.0000000000
58443  -55.347  -14.862  64.867 0.0000000000
57479  -54.663  -15.143  64.915 0.0000000000
127538  -54.983  -14.858  64.190 0.0000000000
126560  -58.178  -14.448  64.882 0.0000000000
58445  -57.782  -14.525  64.231 0.0000000000
58477  -56.794  -14.517  62.724 0.0000000000
58476  -55.699  -14.590  62.620 0.0000000000
123285  -55.516  -14.560  61.716 0.0000000000
58495  -56.286  -14.573  61.040 0.0000000000
58529  -56.829  -15.240  59.793 0.0000000000
61269  -61.379  -11.349  60.611 0.0000000000
60359  -61.485  -11.970  60.636 0.0000000000
59389  -61.469  -13.038  61.090 0.0000000000
131111  -61.351  -13.075  60.830 0.0000000000
59415  -59.985  -14.820  59.953 0.0000000000
133752  -60.014  -15.128  60.223 0.0000000000
58515  -59.469  -15.492  59.845 0.0000000000
57541  -58.987  -15.982  59.141 0.0000000000
56560  -57.400  -16.855  58.016 0.0000000000
59436  -57.418  -14.963  57.387 0.0000000000
57582  -57.954  -16.481  57.369 0.0000000000
57597  -57.621  -16.524  56.795 0.0000000000
60397  -55.814  -12.720  57.736 0.0000000000
132408  -56.183  -13.442  57.697 0.0000000000
59435  -55.535  -13.366  57.350 0.0000000000
126410  -54.660  -13.793  56.530 0.0000000000
58567  -54.985  -14.384  56.300 0.0000000000
64866  -57.744  -7.686  56.138 0.0000000000
64043  -55.482  -8.235  55.595 0.0000000000
129070  -54.804  -9.666  55.985 0.0000000000
63190  -54.196  -9.441  55.564 0.0000000000
65731  -53.971  -6.386  54.322 0.0000000000
64893  -54.267  -7.130  54.701 0.0000000000
125975  -53.626  -7.608  54.541 0.0000000000
63204  -52.979  -9.021  54.712 0.0000000000
41085  -33.298  -33.377  78.832 0.0000000000
42025  -31.983  -33.070  76.011 0.0000000000
41137  -31.132  -33.490  74.971 0.0000000000
42077  -31.410  -32.079  72.852 0.0000000000
43022  -30.884  -32.402  72.229 0.0000000000
43036  -31.058  -32.012  71.498 0.0000000000
42942  -37.360  -32.069  77.478 0.0000000000
115615  -37.184  -31.855  76.723 0.0000000000
42998  -35.806  -31.149  75.005 0.0000000000
42985  -36.137  -31.405  75.764 0.0000000000
44021  -34.962  -31.022  74.948 0.0000000000
44089  -36.643  -30.560  71.217 0.0000000000
44067  -36.726  -30.858  72.687 0.0000000000
44077  -36.062  -30.558  72.060 0.0000000000
113048  -34.095  -30.369  71.715 0.0000000000
44065  -34.554  -30.469  72.379 0.0000000000
113344  -33.893  -30.529  72.536 0.0000000000
44051  -33.783  -30.714  73.244 0.0000000000
44050  -33.229  -30.730  72.755 0.0000000000
40341  -35.275  -33.943  69.196 0.0000000000
41150  -46.295  -33.914  73.234 0.0000000000
41163  -45.641  -33.462  72.618 0.0000000000
42091  -45.199  -33.076  71.204 0.0000000000
42080  -45.017  -33.105  72.037 0.0000000000
42090  -44.416  -32.855  71.461 0.0000000000
40346  -45.540  -35.089  68.445 0.0000000000
40360  -44.667  -35.048  67.923 0.0000000000
41237  -43.922  -33.735  68.091 0.0000000000
41223  -44.410  -33.477  68.689 0.0000000000
41222  -43.768  -33.217  68.511 0.0000000000
42110  -43.468  -32.572  69.462 0.0000000000
42123  -43.397  -32.795  68.719 0.0000000000
113789  -42.925  -32.405  68.937 0.0000000000
134865  -43.001  -32.690  68.466 0.0000000000
129820  -41.906  -34.679  67.211 0.0000000000
42138  -42.146  -32.793  67.678 0.0000000000
41234  -40.793  -33.592  67.060 0.0000000000
133006  -41.533  -40.957  69.570 0.0000000000
37004  -41.383  -39.298  70.555 0.0000000000
37013  -41.646  -39.216  70.020 0.0000000000
129750  -41.476  -38.289  69.825 0.0000000000
37855  -41.385  -37.660  69.272 0.0000000000
38678  -40.583  -36.931  70.424 0.0000000000
37854  -40.745  -36.813  69.418 0.0000000000
38701  -40.146  -36.117  68.997 0.0000000000
39558  -39.945  -34.945  67.776 0.0000000000
50279  -51.873  -23.587  67.011 0.0000000000
51987  -53.438  -21.639  67.503 0.0000000000
48623  -53.322  -25.526  68.412 0.0000000000
47764  -52.129  -26.413  68.190 0.0000000000
48630  -52.089  -25.712  67.848 0.0000000000
48627  -50.047  -25.736  67.048 0.0000000000
48628  -50.719  -25.253  67.142 0.0000000000
134334  -52.983  -15.286  58.133 0.0000000000
57579  -53.769  -15.527  57.727 0.0000000000
56582  -55.346  -17.030  56.903 0.0000000000
41102  -44.549  -33.364  77.275 0.0000000000
41114  -44.095  -33.155  76.408 0.0000000000
41138  -44.579  -33.244  74.636 0.0000000000
50318  -42.325  -23.598  60.446 0.0000000000
113331  -50.919  -16.638  64.148 0.0000000000
40293  -51.725  -34.634  72.078 0.0000000000
40306  -52.106  -34.595  71.428 0.0000000000
40320  -52.331  -34.885  70.947 0.0000000000
40318  -51.749  -35.063  70.365 0.0000000000
42152  -42.048  -32.191  64.890 0.0000000000
42153  -42.699  -32.520  65.237 0.0000000000
42162  -41.547  -32.623  64.289 0.0000000000
125407  -40.837  -33.300  63.227 0.0000000000
40398  -39.767  -34.286  62.244 0.0000000000
40397  -38.482  -34.859  61.786 0.0000000000
125403  -39.124  -34.443  61.828 0.0000000000
123731  -36.998  -34.544  61.154 0.0000000000
47814  -40.315  -25.840  61.729 0.0000000000
47813  -39.388  -26.022  61.435 0.0000000000
48668  -38.731  -25.994  60.839 0.0000000000
47832  -38.307  -25.942  60.137 0.0000000000
63173  -61.111  -9.265  58.048 0.0000000000
62241  -60.637  -9.734  57.878 0.0000000000
41953  -35.619  -33.226  80.029 0.0000000000
41969  -35.967  -32.779  79.426 0.0000000000
42927  -35.880  -32.071  77.861 0.0000000000
43073  -38.946  -31.041  68.642 0.0000000000
44104  -38.245  -30.835  69.237 0.0000000000
43072  -37.963  -31.166  67.660 0.0000000000
43094  -37.712  -31.859  66.917 0.0000000000
42133  -37.007  -32.890  67.083 0.0000000000
41242  -37.681  -32.508  66.857 0.0000000000
40343  -38.107  -34.789  68.309 0.0000000000
37026  -46.512  -40.785  69.385 0.0000000000
37867  -46.057  -40.148  69.713 0.0000000000
36198  -45.929  -41.212  69.212 0.0000000000
121461  -45.142  -41.313  69.290 0.0000000000
36197  -44.209  -41.717  68.913 0.0000000000
49501  -45.664  -24.820  64.295 0.0000000000
50295  -45.640  -23.883  64.269 0.0000000000
50297  -47.030  -23.137  64.820 0.0000000000
51143  -47.732  -22.930  65.152 0.0000000000
51996  -50.868  -21.394  65.952 0.0000000000
52816  -50.701  -20.656  65.871 0.0000000000
135835  -50.337  -19.412  66.448 0.0000000000
53697  -50.571  -19.254  67.120 0.0000000000
54573  -51.150  -18.303  67.977 0.0000000000
45097  -53.274  -30.161  70.514 0.0000000000
44093  -52.443  -30.610  70.416 0.0000000000
45103  -50.715  -29.651  69.540 0.0000000000
46029  -48.580  -28.085  67.732 0.0000000000
46022  -49.386  -28.379  68.305 0.0000000000
46020  -47.774  -28.683  67.960 0.0000000000
45113  -45.592  -29.815  67.616 0.0000000000
45120  -44.389  -29.520  66.871 0.0000000000
45119  -43.531  -29.463  66.409 0.0000000000
45125  -42.303  -29.678  65.769 0.0000000000
46033  -42.825  -29.119  65.973 0.0000000000
46044  -43.556  -28.468  66.079 0.0000000000
46950  -44.350  -27.651  65.762 0.0000000000
47774  -46.624  -26.449  65.348 0.0000000000
47781  -46.160  -26.095  64.743 0.0000000000
48643  -45.004  -25.884  64.018 0.0000000000
47790  -44.301  -26.141  63.785 0.0000000000
48644  -45.634  -25.652  64.343 0.0000000000
41989  -39.785  -32.392  78.428 0.0000000000
131729  -40.362  -32.402  77.868 0.0000000000
42029  -40.253  -32.324  77.078 0.0000000000
42055  -42.390  -32.506  74.558 0.0000000000
43029  -41.131  -31.995  72.749 0.0000000000
134459  -40.332  -31.626  71.644 0.0000000000
43041  -41.232  -31.809  71.872 0.0000000000
131905  -41.522  -31.672  70.495 0.0000000000
43062  -41.435  -31.636  69.583 0.0000000000
52010  -45.415  -21.712  63.299 0.0000000000
128674  -44.713  -21.773  62.845 0.0000000000
122071  -45.607  -20.588  62.283 0.0000000000
54623  -48.362  -18.176  62.633 0.0000000000
57511  -51.565  -15.717  61.718 0.0000000000
57523  -52.443  -15.305  60.563 0.0000000000
57537  -52.609  -15.229  59.627 0.0000000000
39468  -47.979  -34.852  74.441 0.0000000000
39475  -47.860  -34.941  74.151 0.0000000000
39486  -48.146  -34.804  73.644 0.0000000000
38695  -50.703  -37.527  70.074 0.0000000000
38680  -50.423  -37.692  70.213 0.0000000000
38694  -50.158  -38.309  69.961 0.0000000000
37858  -49.612  -38.691  69.772 0.0000000000
37857  -49.027  -39.228  70.063 0.0000000000
37870  -48.525  -39.552  69.886 0.0000000000
37883  -48.317  -39.555  69.290 0.0000000000
126761  -49.356  -32.740  69.415 0.0000000000
42126  -48.215  -32.931  68.605 0.0000000000
41240  -47.263  -34.047  67.454 0.0000000000
130226  -43.623  -34.646  65.246 0.0000000000
122872  -43.897  -35.030  65.346 0.0000000000
39574  -44.283  -35.702  65.587 0.0000000000
38722  -44.659  -36.499  66.046 0.0000000000
38732  -43.671  -36.483  65.584 0.0000000000
127133  -42.721  -36.885  65.405 0.0000000000
44154  -38.784  -30.217  62.224 0.0000000000
41116  -47.324  -33.465  76.431 0.0000000000
42059  -49.600  -31.990  74.371 0.0000000000
42989  -50.035  -31.418  75.121 0.0000000000
53660  -55.746  -19.546  70.769 0.0000000000
53677  -55.532  -19.942  70.230 0.0000000000
54545  -55.622  -18.777  71.037 0.0000000000
54544  -54.951  -18.587  70.856 0.0000000000
57415  -53.057  -15.910  70.866 0.0000000000
131712  -52.670  -16.078  69.980 0.0000000000
57436  -53.164  -15.311  69.615 0.0000000000
57444  -53.322  -15.376  68.701 0.0000000000
59323  -57.708  -12.751  68.438 0.0000000000
59322  -56.881  -13.286  68.446 0.0000000000
59331  -55.960  -13.827  68.033 0.0000000000
58397  -55.215  -14.245  68.068 0.0000000000
58417  -55.637  -14.604  66.652 0.0000000000
117372  -56.017  -14.702  65.219 0.0000000000
58461  -58.601  -14.576  63.391 0.0000000000
58478  -58.055  -14.616  62.618 0.0000000000
112809  -57.517  -14.624  61.855 0.0000000000
61267  -60.359  -10.947  60.743 0.0000000000
61285  -61.433  -11.272  60.228 0.0000000000
59413  -59.036  -12.866  59.477 0.0000000000
59429  -58.951  -15.084  58.869 0.0000000000
60407  -54.399  -12.391  56.837 0.0000000000
136030  -54.218  -12.833  56.683 0.0000000000
64877  -55.774  -7.406  55.407 0.0000000000
112871  -54.880  -7.680  55.190 0.0000000000
64074  -52.130  -7.832  53.640 0.0000000000
64892  -52.948  -7.656  54.200 0.0000000000
41065  -31.719  -33.797  79.149 0.0000000000
42006  -33.639  -32.597  77.476 0.0000000000
42005  -32.848  -32.963  77.157 0.0000000000
42026  -32.668  -32.672  76.334 0.0000000000
42036  -31.766  -32.926  75.266 0.0000000000
42051  -31.545  -32.774  74.512 0.0000000000
42994  -31.938  -32.159  74.108 0.0000000000
43006  -31.986  -31.755  73.402 0.0000000000
114392  -37.012  -31.651  75.899 0.0000000000
44041  -36.217  -31.009  74.238 0.0000000000
44088  -35.663  -30.296  70.205 0.0000000000
114231  -35.740  -30.347  71.064 0.0000000000
113585  -34.106  -30.288  70.085 0.0000000000
129114  -32.747  -30.578  71.100 0.0000000000
43068  -32.719  -31.642  68.817 0.0000000000
42119  -33.156  -32.191  68.601 0.0000000000
40325  -33.885  -33.891  69.398 0.0000000000
41178  -46.678  -33.495  71.391 0.0000000000
41189  -46.016  -33.258  70.842 0.0000000000
42101  -45.350  -33.128  70.418 0.0000000000
39563  -44.502  -35.958  67.816 0.0000000000
120939  -43.983  -34.962  67.627 0.0000000000
40358  -43.356  -34.223  67.565 0.0000000000
40357  -42.512  -34.515  67.285 0.0000000000
39560  -41.601  -35.225  67.376 0.0000000000
36994  -41.233  -38.711  71.236 0.0000000000
37847  -41.119  -37.589  70.101 0.0000000000
49498  -48.269  -24.156  65.717 0.0000000000
134841  -48.859  -23.814  65.906 0.0000000000
51140  -50.877  -22.209  66.139 0.0000000000
113384  -51.474  -21.621  66.349 0.0000000000
52794  -51.970  -20.191  67.768 0.0000000000
46923  -53.562  -27.845  69.403 0.0000000000
46024  -52.111  -28.199  69.116 0.0000000000
46930  -52.623  -27.685  68.975 0.0000000000
121775  -51.814  -27.570  68.629 0.0000000000
47755  -51.588  -26.930  68.223 0.0000000000
46928  -50.186  -27.417  67.942 0.0000000000
46936  -49.426  -27.689  67.790 0.0000000000
46942  -47.720  -27.169  66.483 0.0000000000
47768  -48.025  -26.385  66.176 0.0000000000
48634  -47.915  -25.683  65.857 0.0000000000
48640  -48.123  -24.965  65.828 0.0000000000
41992  -42.609  -32.984  78.616 0.0000000000
42014  -42.246  -32.733  77.724 0.0000000000
120126  -42.827  -32.697  75.966 0.0000000000
41126  -43.573  -32.934  75.715 0.0000000000
42042  -43.014  -32.667  75.127 0.0000000000
128728  -48.877  -20.133  64.225 0.0000000000
52839  -47.686  -20.147  63.368 0.0000000000
54608  -48.352  -18.817  63.314 0.0000000000
55507  -48.835  -17.662  62.675 0.0000000000
55538  -48.784  -17.107  61.405 0.0000000000
56507  -51.354  -16.118  62.911 0.0000000000
132454  -51.269  -15.959  62.310 0.0000000000
57500  -51.970  -15.748  62.489 0.0000000000
40271  -49.259  -34.252  73.399 0.0000000000
39488  -49.453  -34.413  72.949 0.0000000000
39489  -50.450  -34.521  72.440 0.0000000000
39530  -51.546  -36.344  71.119 0.0000000000
40305  -52.019  -35.376  71.820 0.0000000000
39531  -52.167  -36.227  71.075 0.0000000000
39555  -49.314  -36.535  68.342 0.0000000000
113399  -46.236  -32.203  67.581 0.0000000000
42141  -46.207  -32.989  67.277 0.0000000000
42140  -45.653  -32.535  67.095 0.0000000000
42149  -45.166  -32.986  66.567 0.0000000000
41254  -44.177  -33.732  65.715 0.0000000000
41252  -42.935  -33.155  65.135 0.0000000000
41260  -42.855  -33.720  64.855 0.0000000000
40379  -43.331  -34.259  65.083 0.0000000000
40378  -42.701  -34.373  64.634 0.0000000000
119854  -41.757  -35.314  64.171 0.0000000000
39581  -41.033  -35.477  63.793 0.0000000000
38758  -39.531  -36.474  63.485 0.0000000000
39593  -37.107  -35.987  62.733 0.0000000000
39606  -35.663  -35.186  62.743 0.0000000000
40396  -37.754  -35.272  61.902 0.0000000000
46076  -37.966  -28.723  61.117 0.0000000000
46077  -38.217  -28.063  61.643 0.0000000000
46988  -37.889  -27.872  60.904 0.0000000000
46093  -37.453  -28.261  59.506 0.0000000000
121049  -38.268  -26.602  60.758 0.0000000000
59333  -58.774  -12.867  67.173 0.0000000000
59340  -58.092  -13.739  66.776 0.0000000000
58420  -58.173  -14.146  66.087 0.0000000000
58433  -58.711  -14.205  65.526 0.0000000000
58446  -59.031  -14.380  64.803 0.0000000000
59351  -59.936  -12.989  64.764 0.0000000000
58447  -59.926  -13.845  64.545 0.0000000000
125360  -59.648  -14.366  64.127 0.0000000000
58463  -60.163  -14.534  63.169 0.0000000000
58480  -60.306  -14.889  62.582 0.0000000000
58499  -60.691  -15.045  61.878 0.0000000000
62223  -61.500  -9.947  59.155 0.0000000000
61299  -61.528  -10.167  58.682 0.0000000000
61308  -60.166  -10.814  58.649 0.0000000000
114009  -58.460  -11.740  58.807 0.0000000000
61315  -55.601  -11.847  57.582 0.0000000000
61314  -54.780  -11.596  56.976 0.0000000000
62250  -54.163  -11.150  56.415 0.0000000000
67395  -55.919  -4.980  54.789 0.0000000000
65733  -55.351  -5.901  54.821 0.0000000000
66576  -54.511  -5.753  54.388 0.0000000000
133925  -33.005  -33.480  80.013 0.0000000000
41047  -33.688  -33.474  80.362 0.0000000000
41983  -33.878  -32.880  78.299 0.0000000000
42962  -33.903  -31.712  76.118 0.0000000000
43025  -37.998  -31.386  72.826 0.0000000000
44078  -37.479  -30.928  71.658 0.0000000000
119337  -36.571  -30.423  70.131 0.0000000000
44090  -37.464  -30.631  69.705 0.0000000000
44101  -35.809  -30.363  69.329 0.0000000000
42131  -35.443  -31.909  67.578 0.0000000000
41230  -35.510  -32.917  67.807 0.0000000000
40342  -36.444  -33.963  68.139 0.0000000000
40347  -46.425  -35.636  68.847 0.0000000000
38712  -44.892  -37.232  68.374 0.0000000000
37878  -42.670  -38.036  68.282 0.0000000000
125144  -41.972  -24.845  61.420 0.0000000000
49514  -42.409  -24.513  61.653 0.0000000000
50305  -43.956  -23.131  63.035 0.0000000000
50300  -44.513  -22.818  63.319 0.0000000000
51155  -45.204  -22.513  63.616 0.0000000000
52832  -48.028  -20.964  64.127 0.0000000000
50291  -48.379  -23.380  65.544 0.0000000000
51144  -48.628  -22.580  65.345 0.0000000000
128862  -49.817  -21.618  65.371 0.0000000000
52002  -49.055  -21.687  65.045 0.0000000000
52006  -48.406  -21.319  64.500 0.0000000000
128265  -48.539  -20.735  64.257 0.0000000000
53725  -49.294  -19.511  64.687 0.0000000000
54585  -49.519  -18.919  65.327 0.0000000000
54586  -49.983  -18.430  65.862 0.0000000000
129328  -50.948  -17.279  66.144 0.0000000000
43043  -52.444  -31.514  71.240 0.0000000000
42093  -52.241  -32.237  70.871 0.0000000000
43054  -51.736  -31.779  70.563 0.0000000000
44092  -51.498  -30.994  70.350 0.0000000000
113578  -49.213  -31.846  69.558 0.0000000000
46015  -51.653  -28.670  69.261 0.0000000000
45109  -50.128  -29.076  69.015 0.0000000000
44116  -48.366  -29.851  68.897 0.0000000000
44105  -49.038  -30.080  69.255 0.0000000000
44115  -47.955  -30.642  68.996 0.0000000000
43077  -46.947  -31.318  68.405 0.0000000000
43089  -45.576  -31.481  67.446 0.0000000000
43097  -44.273  -31.522  66.603 0.0000000000
44128  -44.462  -30.497  66.991 0.0000000000
44127  -43.874  -30.764  66.584 0.0000000000
43096  -43.513  -31.363  66.226 0.0000000000
43102  -42.487  -31.711  65.413 0.0000000000
43109  -41.368  -31.720  64.601 0.0000000000
43124  -40.045  -32.032  62.957 0.0000000000
43130  -39.376  -32.019  61.638 0.0000000000
43116  -39.757  -31.135  63.292 0.0000000000
44140  -39.568  -30.136  63.648 0.0000000000
45124  -41.662  -29.454  65.409 0.0000000000
45132  -40.461  -29.652  64.611 0.0000000000
45131  -39.899  -29.450  64.173 0.0000000000
45139  -39.417  -29.194  63.593 0.0000000000
46052  -39.909  -28.721  64.071 0.0000000000
46061  -40.064  -27.984  63.857 0.0000000000
119859  -45.945  -27.657  66.406 0.0000000000
46960  -43.975  -27.198  65.102 0.0000000000
46948  -42.737  -27.684  65.132 0.0000000000
46957  -41.478  -27.636  64.388 0.0000000000
46956  -40.721  -27.647  64.035 0.0000000000
46968  -39.624  -27.650  63.236 0.0000000000
46969  -40.384  -27.309  63.478 0.0000000000
47787  -40.936  -26.658  63.040 0.0000000000
47799  -40.622  -26.263  62.369 0.0000000000
48647  -42.862  -26.057  63.060 0.0000000000
47800  -41.514  -26.128  62.554 0.0000000000
48654  -41.909  -25.632  62.201 0.0000000000
48672  -42.228  -25.127  61.929 0.0000000000
64033  -59.339  -8.207  56.657 0.0000000000
64868  -60.371  -7.581  56.796 0.0000000000
65715  -59.334  -6.823  56.270 0.0000000000
66562  -58.432  -6.054  55.724 0.0000000000
66561  -57.391  -5.439  55.388 0.0000000000
67396  -56.881  -4.731  55.107 0.0000000000
123872  -59.130  -3.123  55.907 0.0000000000
67412  -55.649  -4.345  54.464 0.0000000000
68268  -55.458  -3.868  54.121 0.0000000000
69129  -56.020  -3.174  54.085 0.0000000000
41970  -37.673  -32.520  79.445 0.0000000000
113096  -37.232  -32.363  78.731 0.0000000000
42009  -38.114  -32.200  77.760 0.0000000000
42943  -37.965  -32.041  76.962 0.0000000000
42010  -38.770  -32.165  77.245 0.0000000000
42987  -38.486  -31.915  75.612 0.0000000000
42999  -38.464  -31.794  74.752 0.0000000000
132200  -38.461  -31.668  73.944 0.0000000000
42030  -41.073  -32.424  76.628 0.0000000000
42039  -40.543  -32.303  75.790 0.0000000000
42053  -40.756  -32.270  75.036 0.0000000000
42988  -40.076  -32.173  75.250 0.0000000000
133035  -39.027  -31.768  73.605 0.0000000000
43010  -38.561  -31.604  73.231 0.0000000000
43026  -38.722  -31.536  72.516 0.0000000000
43038  -38.843  -31.415  71.721 0.0000000000
115307  -40.261  -31.511  70.960 0.0000000000
43050  -39.774  -31.359  70.473 0.0000000000
113429  -39.807  -31.243  68.884 0.0000000000
129317  -40.003  -31.649  67.627 0.0000000000
122688  -40.020  -32.137  67.160 0.0000000000
35414  -42.431  -41.261  67.462 0.0000000000
50310  -42.588  -23.747  61.298 0.0000000000
50311  -43.084  -23.083  61.749 0.0000000000
51165  -42.853  -23.005  60.875 0.0000000000
51166  -43.331  -22.404  61.350 0.0000000000
51171  -43.219  -22.384  60.442 0.0000000000
126620  -46.273  -20.360  62.578 0.0000000000
52855  -46.081  -19.975  62.009 0.0000000000
53744  -46.673  -19.420  61.857 0.0000000000
52854  -45.392  -20.309  61.521 0.0000000000
113737  -50.913  -15.819  61.058 0.0000000000
57559  -52.790  -15.218  58.791 0.0000000000
57560  -53.575  -15.220  58.561 0.0000000000
58543  -55.218  -15.271  58.827 0.0000000000
40267  -46.221  -34.264  75.018 0.0000000000
40277  -47.628  -34.639  73.585 0.0000000000
41151  -47.093  -34.126  72.963 0.0000000000
41191  -47.524  -34.114  70.464 0.0000000000
41206  -47.311  -34.415  69.860 0.0000000000
40292  -49.907  -34.776  71.879 0.0000000000
132016  -49.307  -34.637  71.468 0.0000000000
40304  -49.134  -34.769  70.903 0.0000000000
40332  -47.927  -35.462  69.716 0.0000000000
37036  -46.723  -40.714  68.977 0.0000000000
134670  -51.676  -33.427  70.570 0.0000000000
41209  -50.681  -34.493  69.647 0.0000000000
41208  -49.650  -33.698  69.249 0.0000000000
131733  -49.938  -34.626  69.036 0.0000000000
40350  -49.725  -35.406  68.633 0.0000000000
41239  -46.476  -33.823  67.096 0.0000000000
40367  -45.851  -34.704  66.470 0.0000000000
40368  -46.336  -34.556  66.749 0.0000000000
40361  -46.869  -34.747  67.023 0.0000000000
39566  -47.821  -36.377  67.473 0.0000000000
37895  -46.589  -37.875  67.473 0.0000000000
37893  -45.070  -38.499  67.079 0.0000000000
37045  -43.891  -39.512  67.021 0.0000000000
37044  -42.900  -39.589  66.604 0.0000000000
45159  -37.840  -29.552  60.434 0.0000000000
50275  -53.820  -23.790  68.176 0.0000000000
50282  -53.936  -22.919  67.942 0.0000000000
50276  -54.544  -23.222  68.508 0.0000000000
51115  -55.122  -22.412  69.118 0.0000000000
51964  -55.701  -20.729  70.243 0.0000000000
119158  -33.823  -33.380  81.166 0.0000000000
119374  -35.024  -33.584  81.049 0.0000000000
41030  -35.514  -33.543  81.691 0.0000000000
41049  -35.643  -33.471  80.757 0.0000000000
134740  -38.006  -32.655  80.086 0.0000000000
41972  -39.310  -32.564  79.897 0.0000000000
41973  -40.775  -32.771  79.747 0.0000000000
41974  -41.497  -32.854  79.405 0.0000000000
41070  -42.241  -33.228  80.137 0.0000000000
41975  -42.186  -33.007  79.232 0.0000000000
41101  -44.041  -33.280  78.069 0.0000000000
40252  -46.087  -34.110  76.935 0.0000000000
131885  -46.040  -34.064  77.469 0.0000000000
40261  -47.460  -34.557  75.020 0.0000000000
130667  -47.604  -34.133  75.349 0.0000000000
39469  -48.472  -34.685  74.258 0.0000000000
40270  -48.969  -34.485  74.047 0.0000000000
41129  -48.684  -33.266  75.019 0.0000000000
125855  -48.922  -33.665  74.411 0.0000000000
41153  -49.700  -33.635  73.216 0.0000000000
41167  -50.336  -33.134  72.749 0.0000000000
42069  -49.820  -32.050  73.544 0.0000000000
42082  -51.065  -32.428  72.303 0.0000000000
44057  -51.072  -30.282  72.907 0.0000000000
44070  -51.341  -30.596  72.325 0.0000000000
43033  -52.002  -31.123  71.789 0.0000000000
44080  -52.897  -30.890  71.470 0.0000000000
44081  -53.067  -30.981  71.051 0.0000000000
45083  -53.225  -29.506  71.408 0.0000000000
45092  -54.034  -29.852  71.065 0.0000000000
46009  -54.050  -28.832  70.094 0.0000000000
45996  -54.496  -27.671  70.501 0.0000000000
46011  -54.653  -27.781  70.021 0.0000000000
116113  -54.171  -28.287  69.798 0.0000000000
46924  -54.352  -27.695  69.702 0.0000000000
48624  -54.045  -25.550  68.832 0.0000000000
130720  -54.332  -24.792  68.815 0.0000000000
49483  -54.365  -24.127  68.630 0.0000000000
51988  -53.958  -22.168  67.802 0.0000000000
51974  -54.297  -21.536  68.170 0.0000000000
51973  -53.723  -20.967  67.907 0.0000000000
52783  -54.469  -20.486  69.173 0.0000000000
118155  -52.885  -20.506  68.030 0.0000000000
53687  -52.280  -19.794  68.551 0.0000000000
55438  -55.039  -17.324  71.743 0.0000000000
54529  -54.408  -17.913  71.196 0.0000000000
55437  -53.828  -17.267  71.310 0.0000000000
55446  -53.475  -17.805  70.862 0.0000000000
54557  -52.355  -18.641  69.618 0.0000000000
53673  -51.894  -19.093  68.987 0.0000000000
54565  -51.419  -18.665  68.498 0.0000000000
55462  -51.586  -17.733  68.452 0.0000000000
122541  -52.479  -16.357  69.028 0.0000000000
56459  -51.879  -16.947  67.917 0.0000000000
56470  -51.837  -16.865  67.062 0.0000000000
56471  -52.539  -16.268  66.437 0.0000000000
58385  -54.271  -14.055  69.753 0.0000000000
58405  -53.953  -14.956  68.208 0.0000000000
58406  -54.653  -14.704  67.639 0.0000000000
57451  -54.026  -15.152  67.450 0.0000000000
120038  -53.252  -15.630  64.343 0.0000000000
123294  -54.071  -15.402  65.067 0.0000000000
118710  -53.566  -15.301  63.116 0.0000000000
57502  -54.089  -14.991  62.783 0.0000000000
58444  -57.029  -14.610  64.919 0.0000000000
58458  -54.915  -14.742  63.219 0.0000000000
58494  -54.721  -14.652  61.366 0.0000000000
58511  -54.984  -14.690  60.299 0.0000000000
59380  -61.272  -13.132  61.843 0.0000000000
58500  -61.092  -14.260  61.497 0.0000000000
58517  -60.865  -14.913  61.201 0.0000000000
60358  -61.387  -11.487  60.121 0.0000000000
58516  -60.743  -14.229  60.643 0.0000000000
123706  -59.314  -15.491  60.335 0.0000000000
58530  -57.762  -15.687  59.626 0.0000000000
57539  -57.336  -15.864  59.157 0.0000000000
57562  -56.519  -15.959  58.623 0.0000000000
56573  -57.602  -17.031  57.632 0.0000000000
58554  -56.688  -14.954  56.850 0.0000000000
57603  -56.827  -16.234  56.038 0.0000000000
64031  -56.150  -8.816  56.143 0.0000000000
128980  -56.505  -7.952  55.852 0.0000000000
63183  -55.490  -9.526  56.245 0.0000000000
62261  -54.303  -10.292  56.039 0.0000000000
62260  -53.542  -10.884  55.870 0.0000000000
64056  -53.335  -8.259  54.616 0.0000000000
64041  -53.732  -8.797  55.089 0.0000000000
61336  -52.949  -11.524  55.717 0.0000000000
41066  -32.672  -33.553  79.378 0.0000000000
41083  -31.706  -33.844  78.364 0.0000000000
41099  -32.106  -33.566  77.691 0.0000000000
41147  -30.204  -33.518  73.869 0.0000000000
42050  -30.902  -33.236  74.172 0.0000000000
42062  -30.720  -32.943  73.199 0.0000000000
42928  -36.818  -32.164  78.025 0.0000000000
114043  -35.853  -31.755  77.093 0.0000000000
42965  -36.378  -31.663  76.543 0.0000000000
42964  -35.536  -31.533  76.459 0.0000000000
42983  -34.421  -31.310  75.533 0.0000000000
44055  -37.292  -31.160  73.148 0.0000000000
44054  -36.506  -30.908  73.440 0.0000000000
44053  -35.551  -30.731  73.611 0.0000000000
44066  -35.297  -30.543  72.671 0.0000000000
44039  -34.770  -30.807  74.174 0.0000000000
44038  -33.989  -30.835  73.946 0.0000000000
42996  -33.433  -31.229  74.459 0.0000000000
43007  -32.612  -31.156  73.091 0.0000000000
43024  -32.007  -31.352  72.526 0.0000000000
44063  -32.037  -31.047  71.610 0.0000000000
43037  -31.500  -31.462  71.139 0.0000000000
42120  -34.694  -32.514  68.130 0.0000000000
41139  -45.405  -33.669  74.373 0.0000000000
41148  -44.712  -33.253  73.752 0.0000000000
42068  -44.847  -33.204  72.886 0.0000000000
42089  -43.551  -32.563  71.643 0.0000000000
127200  -45.866  -33.794  69.449 0.0000000000
41204  -45.360  -33.336  69.692 0.0000000000
40345  -44.662  -34.204  68.270 0.0000000000
41203  -44.695  -33.181  69.396 0.0000000000
135422  -44.851  -33.014  70.035 0.0000000000
42111  -44.156  -32.774  69.983 0.0000000000
136168  -43.298  -32.422  70.915 0.0000000000
127305  -42.794  -32.189  70.510 0.0000000000
43052  -42.190  -31.878  70.015 0.0000000000
43063  -42.195  -31.969  69.016 0.0000000000
42121  -41.818  -32.121  68.127 0.0000000000
42136  -40.726  -32.673  67.137 0.0000000000
114445  -39.956  -33.645  67.060 0.0000000000
128593  -43.358  -41.898  68.722 0.0000000000
35405  -43.474  -41.870  68.929 0.0000000000
35404  -42.726  -41.748  68.763 0.0000000000
36196  -43.238  -41.299  69.248 0.0000000000
37023  -42.656  -39.498  68.903 0.0000000000
36189  -41.564  -40.301  70.045 0.0000000000
37022  -41.860  -38.727  69.321 0.0000000000
38709  -41.403  -36.477  68.013 0.0000000000
38708  -41.176  -35.813  67.797 0.0000000000
38702  -40.811  -36.333  68.495 0.0000000000
121091  -40.786  -35.077  67.544 0.0000000000
40354  -39.488  -34.209  67.343 0.0000000000
40344  -39.069  -34.848  67.996 0.0000000000
39551  -38.824  -35.371  68.819 0.0000000000
35406  -43.874  -41.915  68.830 0.0000000000
36208  -45.806  -41.246  68.879 0.0000000000
36214  -42.689  -40.688  67.083 0.0000000000
38743  -41.337  -36.187  64.364 0.0000000000
38757  -38.643  -36.622  63.202 0.0000000000
39487  -48.777  -34.760  73.612 0.0000000000
39573  -43.482  -35.598  65.238 0.0000000000
39583  -43.233  -34.915  64.950 0.0000000000
39608  -37.743  -35.863  62.423 0.0000000000
40294  -52.093  -33.914  72.046 0.0000000000
40366  -45.226  -34.824  66.130 0.0000000000
40371  -43.992  -34.344  65.464 0.0000000000
40385  -40.928  -34.793  63.394 0.0000000000
40410  -37.828  -34.562  61.312 0.0000000000
41195  -52.227  -33.987  70.974 0.0000000000
41221  -35.722  -33.686  68.379 0.0000000000
41232  -37.811  -33.398  67.081 0.0000000000
41233  -39.994  -32.950  66.919 0.0000000000
41243  -38.341  -32.882  66.816 0.0000000000
41253  -43.517  -33.579  65.376 0.0000000000
41273  -40.412  -33.735  62.649 0.0000000000
42098  -42.792  -32.241  71.275 0.0000000000
42105  -52.088  -32.457  70.776 0.0000000000
42109  -42.845  -32.220  69.701 0.0000000000
42134  -38.813  -31.946  66.935 0.0000000000
42137  -41.340  -32.385  67.565 0.0000000000
42169  -41.127  -32.852  63.726 0.0000000000
42174  -39.803  -32.462  62.209 0.0000000000
43028  -40.244  -31.925  73.114 0.0000000000
43079  -47.963  -32.108  68.787 0.0000000000
43084  -37.331  -31.414  67.349 0.0000000000
43085  -38.296  -31.588  67.195 0.0000000000
43117  -40.355  -31.625  63.665 0.0000000000
44075  -34.322  -30.281  70.961 0.0000000000
44118  -35.857  -30.997  67.832 0.0000000000
44122  -46.610  -30.599  68.281 0.0000000000
44134  -41.791  -30.347  65.467 0.0000000000
44141  -40.553  -30.404  64.573 0.0000000000
45148  -39.025  -29.725  62.958 0.0000000000
46016  -53.002  -28.437  69.486 0.0000000000
46018  -54.469  -28.105  69.911 0.0000000000
46034  -44.748  -28.678  66.760 0.0000000000
46042  -41.799  -28.699  65.280 0.0000000000
46060  -39.458  -28.393  63.461 0.0000000000
46069  -38.550  -28.405  62.329 0.0000000000
46084  -37.681  -28.544  60.295 0.0000000000
46971  -41.976  -26.981  63.904 0.0000000000
46976  -38.676  -27.498  62.125 0.0000000000
46978  -39.910  -26.893  62.788 0.0000000000
47000  -37.948  -27.187  60.645 0.0000000000
47779  -43.214  -26.815  64.191 0.0000000000
47780  -45.417  -26.325  64.507 0.0000000000
47801  -42.190  -25.984  62.663 0.0000000000
48622  -52.722  -25.936  68.265 0.0000000000
48653  -41.193  -25.739  61.974 0.0000000000
48671  -41.649  -25.272  61.645 0.0000000000
49508  -42.774  -24.895  62.245 0.0000000000
49527  -41.375  -24.481  60.523 0.0000000000
50288  -51.512  -23.122  66.662 0.0000000000
51130  -55.000  -22.534  68.763 0.0000000000
51149  -45.736  -22.994  64.153 0.0000000000
51963  -55.188  -21.594  69.701 0.0000000000
52017  -43.802  -21.902  61.840 0.0000000000
52797  -55.401  -20.886  69.567 0.0000000000
55445  -52.964  -17.240  70.727 0.0000000000
59350  -59.559  -13.406  65.361 0.0000000000
115732  -55.286  -20.471  69.670 0.0000000000
121887  -42.306  -30.966  65.563 0.0000000000
123702  -41.550  -33.603  63.889 0.0000000000
124231  -41.725  -34.009  67.144 0.0000000000
128692  -38.425  -35.993  62.633 0.0000000000
128908  -36.884  -30.816  72.030 0.0000000000
129561  -39.274  -25.546  60.794 0.0000000000
129613  -41.620  -31.763  71.192 0.0000000000
130935  -43.893  -30.123  66.668 0.0000000000
132846  -52.058  -33.316  70.801 0.0000000000
132853  -39.236  -26.493  61.816 0.0000000000
133000  -36.824  -30.702  68.331 0.0000000000
134534  -38.287  -35.460  62.189 0.0000000000
