#!ascii label  , from subject sub-v1s5x0050740_ses-1 vox2ras=TkReg
1857
6153  -35.535  -78.282  5.695 0.1000000015
6152  -34.475  -78.156  5.800 0.1000000015
5472  -33.640  -79.916  6.309 0.1000000015
6151  -33.405  -78.372  5.822 0.1000000015
6150  -32.634  -78.526  5.575 0.1000000015
125117  -32.668  -76.713  5.542 0.1000000015
6169  -31.771  -78.277  4.804 0.1000000015
7572  -31.650  -76.432  4.599 0.1000000015
8325  -31.691  -75.744  4.335 0.1000000015
121435  -31.544  -77.019  4.077 0.1000000015
7590  -31.660  -76.210  3.765 0.1000000015
8993  -32.096  -74.414  4.058 0.1000000015
131726  -31.929  -75.270  3.583 0.1000000015
8357  -32.050  -76.018  2.862 0.1000000015
8358  -32.415  -75.195  2.553 0.1000000015
10334  -33.192  -72.850  1.406 0.1000000015
8368  -32.675  -75.945  2.017 0.1000000015
9015  -33.215  -74.459  1.348 0.1000000015
124269  -32.980  -75.200  1.693 0.1000000015
125451  -35.966  -76.480  5.378 0.1000000015
130703  -35.200  -77.688  5.600 0.1000000015
121480  -35.490  -77.107  5.477 0.1000000015
6830  -33.706  -77.676  5.702 0.1000000015
8299  -34.465  -75.705  5.801 0.1000000015
7555  -34.040  -76.431  5.695 0.1000000015
126652  -33.482  -77.019  5.638 0.1000000015
8298  -33.495  -75.762  5.847 0.1000000015
7553  -32.112  -76.240  5.354 0.1000000015
8273  -32.382  -74.813  5.580 0.1000000015
8979  -32.049  -74.492  4.805 0.1000000015
9004  -32.334  -74.408  3.107 0.1000000015
12581  -41.136  -71.250  0.887 0.1000000015
11787  -39.004  -71.411  0.532 0.1000000015
129456  -38.075  -70.968  1.181 0.1000000015
11786  -37.320  -70.745  1.341 0.1000000015
11026  -34.308  -71.246  1.817 0.1000000015
118719  -33.405  -72.230  1.916 0.1000000015
10322  -32.972  -72.889  2.278 0.1000000015
9662  -32.987  -73.644  1.810 0.1000000015
9014  -32.744  -74.417  2.195 0.1000000015
8302  -37.382  -75.899  4.780 0.1000000015
9618  -36.896  -73.767  5.756 0.2000000030
8961  -36.550  -74.539  5.537 0.2000000030
8301  -36.513  -75.845  5.203 0.1000000015
9601  -36.284  -73.053  6.391 0.1000000015
8940  -35.967  -73.876  6.057 0.1000000015
129457  -36.282  -75.194  5.453 0.1000000015
121289  -35.270  -73.042  6.648 0.1000000015
8959  -34.763  -74.892  6.025 0.1000000015
17826  -47.580  -63.211  2.301 0.1000000015
16320  -47.320  -64.723  2.195 0.1000000015
9600  -34.312  -73.296  6.648 0.1000000015
9599  -33.513  -73.437  6.426 0.1000000015
8937  -33.236  -74.292  6.260 0.1000000015
123978  -47.291  -65.208  1.681 0.1000000015
121536  -46.745  -65.611  2.447 0.1000000015
15578  -46.624  -66.492  2.287 0.1000000015
13328  -45.408  -68.422  2.248 0.1000000015
13320  -44.685  -68.685  2.708 0.1000000015
13326  -44.276  -69.383  2.252 0.1000000015
10275  -33.513  -72.670  6.285 0.1000000015
10289  -33.194  -72.524  5.540 0.1000000015
9629  -32.322  -73.761  4.708 0.1000000015
14044  -45.994  -67.845  1.864 0.1000000015
13327  -44.975  -69.259  1.570 0.1000000015
12565  -42.864  -70.403  1.713 0.1000000015
12564  -41.230  -70.265  2.094 0.1000000015
113078  -38.099  -69.909  2.685 0.1000000015
11772  -36.828  -70.206  2.767 0.1000000015
10299  -32.687  -73.048  5.162 0.1000000015
115356  -32.658  -72.991  4.180 0.1000000015
12567  -44.401  -69.892  1.318 0.1000000015
12582  -42.325  -71.006  1.085 0.1000000015
133885  -40.270  -71.101  1.141 0.1000000015
12562  -39.075  -69.981  2.338 0.1000000015
117778  -35.171  -70.864  3.021 0.1000000015
11014  -34.467  -71.264  2.668 0.1000000015
12580  -39.514  -70.884  1.348 0.1000000015
12561  -38.485  -70.630  1.659 0.1000000015
11773  -37.464  -70.491  2.077 0.1000000015
11770  -35.080  -70.851  2.075 0.1000000015
10323  -33.325  -72.293  2.780 0.1000000015
9648  -32.667  -73.629  2.702 0.1000000015
9602  -37.323  -72.912  6.256 0.1000000015
9619  -37.752  -73.789  5.545 0.2000000030
8962  -38.160  -74.472  4.961 0.1000000015
122124  -38.995  -74.522  4.783 0.2000000030
8980  -39.554  -75.278  4.203 0.2000000030
10278  -36.352  -72.108  6.785 0.1000000015
133435  -35.785  -72.540  6.700 0.1000000015
118711  -48.089  -61.463  3.052 0.1000000015
18591  -47.758  -62.225  2.579 0.1000000015
10276  -34.543  -72.492  6.706 0.1000000015
10963  -34.104  -72.239  6.489 0.1000000015
127297  -34.272  -71.699  6.285 0.1000000015
14027  -45.595  -67.626  2.905 0.1000000015
14026  -44.909  -68.028  3.326 0.1000000015
10976  -33.703  -72.024  5.992 0.1000000015
116185  -44.451  -68.353  3.361 0.1000000015
12547  -43.494  -69.224  2.897 0.1000000015
12544  -40.403  -69.494  2.962 0.1000000015
13314  -38.666  -69.217  3.459 0.1000000015
12541  -36.822  -69.779  3.542 0.1000000015
116709  -34.879  -70.809  4.024 0.1000000015
10986  -33.566  -71.934  5.052 0.1000000015
128467  -34.503  -71.214  3.449 0.1000000015
10309  -32.802  -72.939  3.195 0.1000000015
10930  -38.630  -70.818  7.968 0.1000000015
119136  -38.706  -72.238  7.022 0.1000000015
114005  -37.317  -70.918  7.305 0.1000000015
10262  -38.148  -71.507  7.296 0.1000000015
10279  -38.120  -72.445  6.608 0.1000000015
10280  -38.903  -72.926  6.464 0.2000000030
118768  -38.856  -73.499  5.891 0.2000000030
9603  -38.246  -73.257  6.020 0.2000000030
9621  -39.360  -73.968  5.415 0.2000000030
9622  -40.179  -74.280  5.252 0.2000000030
10966  -36.542  -71.160  7.069 0.1000000015
10948  -35.965  -70.658  6.856 0.1000000015
10965  -35.323  -71.174  6.702 0.1000000015
18580  -46.830  -61.604  3.264 0.1000000015
17049  -45.596  -63.594  3.123 0.1000000015
16309  -45.238  -64.434  3.531 0.1000000015
10277  -35.317  -72.036  6.886 0.1000000015
11733  -34.765  -70.998  6.229 0.1000000015
19394  -48.579  -60.731  3.555 0.1000000015
19386  -48.041  -60.185  4.355 0.1000000015
17055  -46.865  -63.937  2.489 0.1000000015
16310  -46.211  -64.587  2.837 0.1000000015
132569  -45.141  -67.359  3.619 0.1000000015
14025  -44.243  -68.112  3.891 0.1000000015
13317  -42.048  -69.246  3.419 0.1000000015
136262  -39.427  -68.618  4.519 0.1000000015
13297  -37.838  -68.813  4.585 0.1000000015
12532  -36.278  -69.387  5.278 0.1000000015
11743  -34.668  -70.797  5.139 0.1000000015
19395  -49.541  -60.517  3.178 0.1000000015
13315  -39.641  -68.903  3.801 0.1000000015
12542  -37.599  -69.422  3.605 0.1000000015
12531  -36.100  -69.856  4.302 0.1000000015
20243  -49.958  -59.803  3.362 0.1000000015
21044  -50.413  -58.338  3.416 0.1000000015
21053  -50.153  -58.622  2.631 0.1000000015
21846  -50.939  -57.345  2.908 0.1000000015
129756  -39.920  -68.504  8.028 0.1000000015
11680  -38.235  -69.947  7.865 0.1000000015
13262  -40.740  -68.227  7.683 0.1000000015
13261  -38.979  -68.844  7.604 0.1000000015
9583  -39.699  -73.130  6.569 0.2000000030
13270  -39.718  -68.499  7.082 0.1000000015
12487  -37.609  -69.125  7.073 0.1000000015
11698  -37.456  -70.162  7.426 0.1000000015
13271  -40.737  -68.316  6.758 0.1000000015
13269  -38.675  -68.653  6.801 0.1000000015
21035  -48.450  -58.450  5.519 0.1000000015
20233  -48.695  -59.544  4.759 0.1000000015
19385  -46.899  -60.268  4.616 0.1000000015
116979  -45.724  -61.761  3.651 0.1000000015
114273  -45.541  -62.626  3.292 0.1000000015
13272  -41.472  -68.209  6.540 0.1000000015
126833  -40.164  -68.400  6.288 0.1000000015
12501  -37.060  -69.129  6.586 0.1000000015
11718  -36.239  -69.970  6.751 0.1000000015
19393  -47.235  -60.843  3.829 0.1000000015
15554  -44.663  -65.961  4.501 0.1000000015
14766  -44.404  -66.822  4.789 0.1000000015
14012  -43.872  -67.704  4.731 0.1000000015
13281  -39.221  -68.472  5.210 0.1000000015
13280  -37.733  -68.636  5.653 0.1000000015
129201  -35.582  -70.279  6.414 0.1000000015
21838  -49.154  -57.851  5.052 0.1000000015
15565  -45.317  -66.054  3.766 0.1000000015
14767  -44.954  -66.767  4.084 0.1000000015
13301  -43.038  -68.300  4.732 0.1000000015
13299  -40.963  -68.593  4.808 0.1000000015
119171  -39.991  -68.602  4.616 0.1000000015
13296  -36.998  -68.901  5.395 0.1000000015
20225  -49.051  -59.015  4.997 0.1000000015
20234  -49.859  -59.295  4.162 0.1000000015
21036  -49.673  -58.522  4.582 0.1000000015
21845  -50.351  -57.809  3.992 0.1000000015
22665  -50.823  -57.024  3.282 0.1000000015
133199  -51.210  -56.761  2.411 0.1000000015
21852  -51.163  -56.824  2.210 0.1000000015
11681  -39.153  -70.087  8.500 0.1000000015
13263  -41.389  -68.111  7.114 0.1000000015
13255  -39.570  -68.859  8.414 0.1000000015
112594  -39.032  -71.711  7.614 0.1000000015
13998  -42.088  -67.824  6.900 0.1000000015
13999  -42.547  -67.271  7.083 0.1000000015
135502  -39.646  -69.820  8.851 0.1000000015
10949  -39.844  -72.038  7.725 0.1000000015
14750  -43.447  -66.543  6.103 0.1000000015
14749  -43.078  -66.757  6.686 0.1000000015
115571  -40.178  -72.753  7.162 0.2000000030
20224  -48.080  -59.089  5.457 0.1000000015
134068  -46.351  -60.742  4.296 0.1000000015
18570  -45.670  -61.089  4.331 0.1000000015
14757  -43.340  -67.118  6.071 0.1000000015
13283  -41.010  -68.385  5.893 0.1000000015
10264  -40.650  -72.355  7.747 0.1000000015
20232  -47.521  -59.669  5.083 0.1000000015
17048  -44.832  -63.723  3.739 0.1000000015
119037  -44.228  -65.009  4.830 0.1000000015
14004  -43.254  -67.654  5.507 0.1000000015
130036  -41.695  -68.425  5.364 0.1000000015
135602  -48.788  -56.422  4.560 0.1000000015
22656  -49.602  -57.163  4.381 0.1000000015
23480  -49.972  -56.203  3.707 0.1000000015
23490  -50.480  -55.070  2.961 0.1000000015
23501  -51.406  -55.698  1.670 0.1000000015
15536  -42.795  -65.853  7.054 0.1000000015
14746  -42.585  -66.606  7.383 0.1000000015
13995  -42.210  -67.109  7.771 0.1000000015
125091  -42.900  -65.085  6.654 0.1000000015
134279  -42.193  -67.472  7.351 0.1000000015
13990  -41.136  -67.866  8.455 0.1000000015
12481  -39.531  -69.381  8.683 0.1000000015
13256  -40.390  -68.416  8.775 0.1000000015
10931  -39.592  -71.138  8.332 0.1000000015
123748  -43.785  -65.256  5.447 0.1000000015
15537  -43.277  -65.873  6.417 0.1000000015
11659  -39.996  -69.540  9.137 0.1000000015
21025  -47.569  -58.095  6.276 0.1000000015
21034  -47.552  -58.608  5.984 0.1000000015
20215  -46.921  -59.173  5.827 0.1000000015
20231  -46.481  -59.867  5.211 0.1000000015
18569  -44.976  -61.567  4.416 0.1000000015
17043  -44.345  -63.474  4.306 0.1000000015
16302  -44.005  -64.033  4.809 0.1000000015
15543  -43.666  -65.918  5.802 0.1000000015
11682  -40.010  -70.326  8.956 0.1000000015
130965  -40.323  -71.735  8.189 0.1000000015
131624  -48.170  -57.815  5.783 0.1000000015
18579  -44.905  -62.235  3.984 0.1000000015
16303  -44.541  -64.303  4.215 0.1000000015
14758  -43.809  -66.863  5.527 0.1000000015
10246  -41.053  -71.931  8.288 0.1000000015
22643  -48.289  -57.087  5.353 0.1000000015
22655  -47.799  -56.134  4.943 0.1000000015
23479  -48.789  -55.404  4.186 0.1000000015
24344  -48.992  -53.524  3.502 0.1000000015
24345  -50.190  -53.955  2.580 0.1000000015
25219  -50.016  -53.023  2.112 0.1000000015
16277  -42.363  -64.952  7.423 0.1000000015
15530  -42.360  -65.863  7.745 0.1000000015
14742  -42.210  -66.484  7.963 0.1000000015
16288  -42.616  -64.264  6.740 0.1000000015
14741  -41.860  -66.727  8.610 0.1000000015
135227  -42.995  -64.610  6.369 0.1000000015
134122  -42.704  -63.721  6.482 0.1000000015
13991  -41.479  -67.302  9.024 0.1000000015
12470  -40.027  -68.928  9.067 0.1000000015
16296  -43.627  -64.402  5.408 0.1000000015
16295  -43.064  -64.101  6.094 0.1000000015
13982  -40.983  -67.925  9.305 0.1000000015
21837  -47.465  -57.449  6.217 0.1000000015
19384  -45.914  -60.425  4.827 0.1000000015
17806  -43.934  -62.278  5.030 0.1000000015
17037  -43.822  -63.194  4.957 0.1000000015
17795  -43.396  -62.675  5.596 0.1000000015
13243  -40.651  -68.530  9.469 0.1000000015
10932  -40.534  -71.219  8.675 0.1000000015
22642  -47.097  -56.561  5.768 0.1000000015
21024  -46.805  -58.416  6.642 0.1000000015
122837  -45.879  -60.056  5.254 0.1000000015
19374  -45.371  -60.249  5.373 0.1000000015
116414  -44.451  -62.012  4.574 0.1000000015
11660  -40.591  -69.881  9.486 0.1000000015
23470  -47.001  -55.817  5.201 0.1000000015
24336  -47.038  -54.295  4.724 0.1000000015
23478  -47.451  -55.224  4.703 0.1000000015
25210  -47.258  -53.307  4.673 0.1000000015
24337  -48.147  -54.430  4.289 0.1000000015
25211  -48.327  -52.784  3.926 0.1000000015
25218  -49.363  -52.267  2.447 0.1000000015
17784  -42.965  -62.157  6.280 0.1000000015
125673  -42.512  -62.669  6.742 0.1000000015
17018  -42.370  -63.423  6.952 0.1000000015
16260  -41.974  -65.270  8.182 0.1000000015
19362  -43.483  -60.705  6.525 0.1000000015
15523  -41.967  -65.962  8.480 0.1000000015
20222  -44.972  -59.762  6.035 0.1000000015
19373  -44.602  -60.627  5.560 0.1000000015
19372  -43.889  -61.072  5.860 0.1000000015
15522  -41.689  -66.082  9.344 0.1000000015
130281  -46.355  -55.814  5.604 0.1000000015
118566  -46.793  -57.071  6.762 0.1000000015
20214  -45.975  -59.063  6.411 0.1000000015
18560  -44.325  -61.465  5.143 0.1000000015
13983  -41.375  -67.416  9.804 0.1000000015
12471  -40.492  -69.117  9.550 0.1000000015
10912  -40.933  -70.697  9.221 0.1000000015
24331  -46.274  -54.485  5.148 0.1000000015
25202  -46.383  -53.738  5.083 0.1000000015
124100  -46.669  -52.852  5.091 0.1000000015
26096  -46.996  -52.013  5.166 0.1000000015
26103  -47.687  -52.157  4.519 0.1000000015
26957  -47.385  -51.464  4.778 0.1000000015
27831  -46.755  -50.335  4.992 0.1000000015
26104  -48.581  -51.576  3.130 0.1000000015
119085  -42.150  -64.083  7.415 0.1000000015
16276  -41.708  -64.397  8.241 0.1000000015
16259  -41.599  -65.177  9.101 0.1000000015
128055  -46.223  -56.802  7.045 0.1000000015
21023  -45.970  -58.442  7.149 0.1000000015
20213  -45.122  -59.011  6.856 0.1000000015
19363  -44.185  -60.367  6.127 0.1000000015
24330  -45.671  -54.215  5.430 0.1000000015
23469  -45.864  -55.070  5.463 0.1000000015
23460  -45.607  -55.708  6.023 0.1000000015
21830  -46.908  -57.738  6.857 0.1000000015
21013  -46.422  -57.968  7.258 0.1000000015
14733  -41.608  -66.761  9.568 0.1000000015
25201  -45.798  -53.314  5.473 0.1000000015
26095  -46.202  -52.282  5.644 0.1000000015
26950  -46.131  -51.525  5.998 0.1000000015
27825  -46.172  -50.724  6.003 0.1000000015
26951  -46.803  -51.300  5.401 0.1000000015
121124  -45.727  -49.938  6.192 0.1000000015
28713  -46.232  -49.809  5.352 0.1000000015
28712  -45.728  -49.173  5.435 0.1000000015
19361  -42.927  -60.834  7.034 0.1000000015
17770  -42.432  -62.004  7.011 0.1000000015
116097  -42.065  -62.691  7.389 0.1000000015
17017  -41.789  -63.494  7.777 0.1000000015
123254  -41.507  -62.805  8.190 0.1000000015
25195  -45.273  -52.863  5.980 0.1000000015
24329  -45.041  -53.851  5.826 0.1000000015
26088  -45.640  -52.057  6.197 0.1000000015
27817  -45.453  -50.574  6.970 0.1000000015
29607  -45.208  -48.360  5.441 0.1000000015
17769  -41.862  -61.901  7.782 0.1000000015
20212  -44.102  -59.677  6.717 0.1000000015
23468  -45.138  -54.853  5.852 0.1000000015
23459  -44.849  -55.551  6.622 0.1000000015
21819  -46.284  -57.363  7.374 0.1000000015
21012  -45.778  -57.840  7.722 0.1000000015
21022  -45.318  -58.431  7.486 0.1000000015
26944  -45.636  -51.401  6.577 0.1000000015
28707  -45.344  -49.862  6.796 0.1000000015
29600  -44.699  -48.626  6.449 0.1000000015
30449  -44.612  -47.925  5.933 0.1000000015
30448  -44.261  -47.230  5.873 0.1000000015
113824  -43.255  -60.162  7.146 0.1000000015
21011  -44.997  -58.114  8.048 0.1000000015
20203  -44.520  -58.821  7.415 0.1000000015
20202  -43.617  -59.323  7.467 0.1000000015
25194  -44.504  -53.392  6.401 0.1000000015
24323  -44.489  -54.463  6.388 0.1000000015
128794  -45.164  -56.272  7.284 0.1000000015
21818  -45.750  -57.218  7.898 0.1000000015
26087  -44.831  -52.309  6.656 0.1000000015
114663  -44.879  -49.417  6.988 0.1000000015
29599  -44.085  -47.909  6.757 0.1000000015
31319  -43.364  -46.513  7.215 0.1000000015
117123  -43.763  -46.942  6.591 0.1000000015
21817  -45.237  -57.412  8.291 0.1000000015
24313  -44.069  -54.980  7.069 0.1000000015
23450  -44.559  -55.850  7.559 0.1000000015
22622  -45.198  -56.704  8.092 0.1000000015
28696  -45.175  -50.017  7.320 0.1000000015
122732  -43.519  -47.373  7.460 0.1000000015
31305  -43.077  -46.803  8.081 0.1000000015
128895  -45.133  -50.865  7.476 0.1000000015
28695  -44.699  -49.710  7.790 0.1000000015
29593  -44.323  -48.851  7.326 0.1000000015
31304  -42.679  -46.205  8.766 0.1000000015
30428  -43.196  -47.696  8.356 0.1000000015
27816  -45.015  -50.440  7.649 0.1000000015
28684  -44.004  -49.107  8.158 0.1000000015
30427  -42.728  -47.122  9.025 0.1000000015
6134  -33.983  -79.019  6.167 0.1000000015
5486  -33.111  -79.231  5.989 0.1000000015
123620  -32.792  -77.618  5.568 0.1000000015
120505  -32.138  -77.892  5.266 0.1000000015
7554  -33.251  -76.385  5.700 0.1000000015
135288  -31.827  -76.537  5.076 0.1000000015
129751  -31.583  -77.712  4.303 0.1000000015
8957  -32.017  -74.980  5.164 0.1000000015
7556  -35.027  -76.437  5.582 0.1000000015
8300  -35.548  -75.617  5.585 0.1000000015
6831  -34.506  -77.225  5.617 0.1000000015
8275  -33.767  -74.992  6.146 0.1000000015
8274  -32.847  -75.086  5.972 0.1000000015
9598  -32.890  -73.741  6.124 0.1000000015
9617  -32.571  -73.689  5.590 0.1000000015
11785  -36.397  -70.595  1.437 0.1000000015
130566  -35.817  -70.657  1.930 0.1000000015
11784  -35.500  -70.598  1.331 0.1000000015
114860  -36.978  -75.172  5.102 0.1000000015
8960  -35.694  -74.702  5.807 0.1000000015
8939  -34.985  -74.012  6.358 0.1000000015
17818  -46.511  -62.375  2.874 0.1000000015
15566  -46.089  -66.244  3.018 0.1000000015
12545  -42.088  -70.027  2.371 0.1000000015
12566  -43.657  -70.077  1.728 0.1000000015
12563  -40.161  -70.322  1.988 0.1000000015
12543  -39.582  -69.506  2.909 0.1000000015
12560  -37.349  -69.941  2.935 0.1000000015
11771  -35.665  -70.669  2.441 0.1000000015
11759  -36.241  -70.253  3.221 0.1000000015
119807  -33.538  -71.970  4.177 0.1000000015
11758  -35.584  -70.440  3.673 0.1000000015
10999  -33.835  -71.720  3.330 0.1000000015
9620  -38.536  -73.902  5.400 0.2000000030
10261  -37.327  -71.840  6.876 0.1000000015
10964  -34.688  -71.768  6.630 0.1000000015
10977  -34.131  -71.441  5.558 0.1000000015
14778  -45.584  -66.853  3.392 0.1000000015
120194  -43.446  -68.749  3.538 0.1000000015
121300  -41.274  -69.434  3.114 0.1000000015
11000  -34.137  -71.395  4.352 0.1000000015
11697  -36.700  -70.375  7.098 0.1000000015
126265  -45.730  -65.334  3.300 0.1000000015
11734  -35.260  -70.270  5.723 0.1000000015
19387  -49.267  -60.043  3.983 0.1000000015
13302  -43.566  -68.395  4.046 0.1000000015
13300  -42.047  -68.649  4.517 0.1000000015
119170  -41.364  -68.895  3.929 0.1000000015
13298  -38.849  -68.671  4.453 0.1000000015
11744  -35.335  -70.306  4.695 0.1000000015
20244  -50.021  -59.426  2.592 0.1000000015
135847  -40.550  -68.267  8.279 0.1000000015
12480  -38.903  -69.351  8.142 0.1000000015
12488  -38.226  -69.232  7.525 0.1000000015
120601  -39.354  -68.455  6.171 0.1000000015
9584  -40.552  -73.451  6.503 0.2000000030
13268  -37.784  -68.761  6.528 0.1000000015
14003  -42.745  -67.599  6.282 0.1000000015
13282  -40.112  -68.454  5.498 0.1000000015
118352  -38.488  -68.496  5.961 0.1000000015
13267  -37.148  -68.823  6.093 0.1000000015
15553  -44.141  -65.966  5.210 0.1000000015
13284  -42.489  -68.186  5.453 0.1000000015
24338  -49.228  -54.469  3.609 0.1000000015
24346  -51.058  -54.475  1.790 0.1000000015
16289  -43.370  -65.026  6.040 0.1000000015
18559  -43.588  -61.825  5.653 0.1000000015
125917  -47.365  -50.698  4.474 0.1000000015
28714  -46.570  -49.504  4.384 0.1000000015
14691  -48.583  -66.874  13.790 0.5000000000
11586  -46.428  -71.139  13.099 0.5000000000
120450  -45.659  -70.372  13.415 0.5000000000
14690  -47.409  -66.435  13.449 0.5000000000
13926  -49.665  -67.161  14.200 0.5000000000
114919  -50.398  -67.511  14.128 0.5000000000
10864  -47.714  -71.616  13.493 0.5000000000
14699  -46.866  -65.941  13.071 0.5000000000
122096  -48.276  -66.746  12.922 0.5000000000
10865  -48.787  -72.029  13.634 0.5000000000
14700  -47.670  -66.194  12.520 0.5000000000
15453  -46.974  -65.353  12.590 0.5000000000
14701  -48.913  -66.758  12.148 0.4000000060
10218  -48.247  -73.764  12.251 0.5000000000
125950  -48.232  -73.872  11.593 0.5000000000
10235  -48.434  -72.941  10.852 0.5000000000
10920  -48.622  -71.763  10.097 0.5000000000
115906  -48.389  -70.067  7.909 0.5000000000
11667  -48.496  -70.933  8.236 0.5000000000
12473  -48.522  -69.246  8.072 0.4000000060
13234  -47.634  -67.955  9.276 0.4000000060
13145  -41.945  -68.767  16.051 0.1000000015
12404  -45.080  -69.820  13.728 0.5000000000
14675  -47.817  -66.549  14.405 0.5000000000
13927  -50.384  -67.252  14.916 0.5000000000
13928  -51.059  -67.938  14.746 0.4000000060
12405  -46.750  -70.566  13.675 0.5000000000
15442  -46.271  -65.299  13.260 0.5000000000
14689  -46.572  -66.000  13.670 0.5000000000
16211  -45.971  -64.328  13.378 0.5000000000
16934  -45.914  -63.488  13.715 0.5000000000
16935  -46.650  -63.715  13.163 0.5000000000
16219  -46.686  -64.461  12.800 0.5000000000
17671  -46.710  -63.013  13.680 0.4000000060
16220  -47.429  -64.605  12.241 0.4000000060
15454  -47.753  -65.387  11.921 0.4000000060
16945  -47.391  -63.946  12.523 0.3000000119
13952  -50.395  -67.127  12.046 0.6999999881
122282  -50.456  -67.431  12.821 0.5000000000
16936  -47.677  -63.270  13.012 0.3000000119
14712  -48.556  -66.070  11.553 0.5000000000
13207  -50.578  -68.559  12.502 0.6000000238
12406  -50.369  -70.472  14.271 0.6000000238
125663  -48.371  -72.522  13.254 0.5000000000
10197  -48.196  -73.172  12.749 0.3000000119
16959  -48.053  -64.122  11.894 0.3000000119
15472  -48.674  -65.264  11.166 0.4000000060
13965  -50.986  -66.839  11.013 0.5000000000
13221  -50.496  -68.324  11.269 0.6000000238
11620  -49.660  -70.315  12.175 0.6000000238
10878  -49.015  -72.593  12.812 0.5000000000
10219  -48.708  -72.809  11.815 0.5000000000
16960  -49.350  -63.857  10.908 0.4000000060
16231  -49.414  -64.545  10.592 0.4000000060
14728  -50.843  -65.948  10.080 0.5000000000
14714  -51.004  -66.484  10.266 0.5000000000
11644  -49.652  -69.470  10.672 0.5000000000
131202  -49.284  -70.662  11.245 0.5000000000
17702  -50.140  -63.037  11.028 0.4000000060
16961  -51.030  -62.766  9.607 0.4000000060
16239  -50.640  -64.524  9.577 0.5000000000
14729  -50.982  -65.884  9.282 0.5000000000
125766  -50.476  -67.552  9.481 0.4000000060
12462  -49.428  -69.161  9.080 0.5000000000
11643  -49.006  -70.320  9.249 0.5000000000
16971  -50.766  -63.724  9.442 0.4000000060
16240  -51.095  -64.135  8.562 0.5000000000
13986  -50.699  -66.443  8.753 0.5000000000
13248  -50.314  -67.158  8.637 0.4000000060
115848  -49.087  -68.481  8.207 0.4000000060
12474  -48.908  -69.204  8.189 0.5000000000
16247  -50.988  -64.257  8.252 0.5000000000
15510  -50.058  -65.428  7.925 0.4000000060
13984  -49.201  -67.140  8.209 0.4000000060
13246  -48.756  -68.175  8.279 0.4000000060
121296  -49.893  -64.814  7.923 0.3000000119
15509  -48.893  -65.423  8.362 0.4000000060
14734  -48.510  -66.428  8.656 0.3000000119
15493  -47.796  -65.797  9.211 0.3000000119
14727  -47.430  -66.544  9.568 0.3000000119
11561  -42.286  -69.825  17.061 0.1000000015
11560  -41.670  -70.003  16.532 0.1000000015
12364  -42.856  -69.529  17.529 0.1000000015
13146  -42.575  -68.652  16.540 0.1000000015
13157  -44.604  -68.405  15.837 0.4000000060
13169  -44.203  -68.613  15.068 0.4000000060
12392  -44.905  -69.246  14.348 0.5000000000
13170  -45.246  -68.791  15.184 0.4000000060
121682  -46.023  -69.353  14.691 0.5000000000
124293  -45.860  -69.849  13.986 0.5000000000
14666  -48.260  -66.333  15.449 0.5000000000
14667  -49.624  -66.466  16.157 0.5000000000
14676  -49.234  -66.765  14.961 0.5000000000
120480  -51.178  -67.699  15.806 0.4000000060
12394  -48.093  -70.037  14.728 0.5000000000
12393  -46.957  -69.974  14.313 0.5000000000
15441  -45.572  -65.045  13.810 0.5000000000
15430  -46.398  -65.989  14.359 0.5000000000
14665  -47.124  -66.212  14.866 0.5000000000
16201  -45.208  -64.175  13.989 0.5000000000
119941  -49.950  -70.316  15.281 0.6000000238
17664  -46.976  -62.381  14.244 0.4000000060
17672  -47.522  -62.674  13.724 0.2000000030
17665  -48.081  -62.150  14.201 0.2000000030
17685  -49.168  -62.984  12.309 0.3000000119
115371  -48.565  -62.625  13.376 0.3000000119
18457  -49.418  -62.152  13.842 0.3000000119
17673  -50.062  -62.408  12.788 0.4000000060
17686  -50.769  -62.409  11.578 0.4000000060
17674  -51.338  -61.917  12.150 0.3000000119
16972  -51.016  -63.133  8.702 0.4000000060
17704  -51.609  -61.477  10.492 0.3000000119
17720  -51.159  -62.201  9.382 0.3000000119
115262  -50.998  -63.645  8.381 0.4000000060
17719  -50.499  -62.278  9.038 0.3000000119
17740  -49.801  -62.872  8.623 0.3000000119
15508  -48.901  -64.362  8.372 0.4000000060
18501  -49.389  -61.785  9.885 0.2000000030
17718  -48.740  -62.499  9.392 0.2000000030
16970  -48.205  -63.102  9.060 0.3000000119
15492  -47.553  -64.854  9.177 0.3000000119
18486  -48.297  -61.491  10.963 0.1000000015
17717  -47.277  -62.770  9.785 0.2000000030
16984  -47.841  -63.824  9.006 0.4000000060
19267  -46.094  -60.019  14.080 0.1000000015
13133  -43.678  -68.598  17.511 0.1000000015
117274  -43.346  -68.441  16.870 0.1000000015
13147  -43.992  -68.309  16.541 0.2000000030
13158  -45.595  -68.522  15.962 0.5000000000
14677  -50.538  -66.959  15.901 0.4000000060
13918  -51.058  -67.433  16.746 0.4000000060
13162  -50.663  -68.919  16.425 0.4000000060
12383  -48.304  -69.511  15.465 0.5000000000
12382  -47.133  -69.427  15.054 0.5000000000
127426  -45.737  -65.546  14.501 0.5000000000
15422  -46.379  -65.828  15.184 0.5000000000
15423  -47.447  -65.911  15.865 0.4000000060
12395  -49.091  -70.087  15.212 0.4000000060
17663  -45.080  -62.988  14.542 0.4000000060
16927  -44.732  -63.625  14.591 0.4000000060
128808  -45.892  -62.017  14.993 0.4000000060
16928  -45.332  -63.373  14.183 0.5000000000
115180  -45.903  -62.685  14.349 0.4000000060
18439  -46.530  -62.057  14.756 0.3000000119
18440  -47.342  -61.821  14.821 0.3000000119
127029  -48.317  -61.688  14.825 0.2000000030
131768  -48.785  -61.913  14.387 0.2000000030
18433  -48.797  -61.393  15.388 0.1000000015
18441  -49.499  -61.790  14.575 0.3000000119
18434  -50.146  -61.614  15.172 0.1000000015
131169  -50.266  -61.932  13.974 0.3000000119
18458  -50.873  -61.912  13.302 0.3000000119
18435  -51.547  -61.557  15.023 0.2000000030
18442  -51.082  -61.701  14.140 0.2000000030
117692  -51.628  -61.328  12.948 0.2000000030
18474  -51.650  -61.387  11.360 0.2000000030
18489  -51.542  -61.290  10.437 0.2000000030
19289  -51.691  -60.670  13.136 0.2000000030
19310  -51.526  -61.102  11.077 0.2000000030
18488  -51.349  -61.238  10.148 0.2000000030
112587  -51.684  -60.950  12.231 0.2000000030
122403  -50.237  -60.330  12.189 0.1000000015
18487  -50.178  -61.050  10.492 0.2000000030
19287  -49.539  -60.064  12.957 0.1000000015
113198  -49.036  -60.386  12.379 0.1000000015
18472  -47.446  -61.224  11.910 0.1000000015
19286  -48.169  -60.102  13.276 0.1000000015
19298  -46.926  -60.931  12.557 0.1000000015
19268  -47.093  -59.910  13.897 0.1000000015
125670  -46.381  -60.377  13.538 0.1000000015
20118  -45.699  -59.584  14.627 0.1000000015
20930  -45.781  -58.617  15.603 0.1000000015
131324  -43.954  -68.374  17.171 0.3000000119
127516  -45.038  -68.311  16.600 0.3000000119
13871  -47.202  -67.989  18.729 0.3000000119
13885  -46.310  -68.153  17.968 0.3000000119
13148  -46.076  -68.365  16.697 0.3000000119
126931  -46.499  -68.616  16.149 0.3000000119
13171  -46.290  -68.928  15.470 0.4000000060
13887  -49.541  -67.366  18.586 0.3000000119
13908  -48.371  -68.047  17.705 0.3000000119
13149  -47.275  -68.450  16.808 0.5000000000
13159  -47.527  -68.920  15.977 0.5000000000
15415  -49.374  -65.823  17.622 0.4000000060
14658  -50.149  -66.336  17.241 0.5000000000
13910  -50.889  -67.372  17.260 0.4000000060
13151  -50.560  -68.219  17.029 0.4000000060
13160  -48.810  -69.104  16.176 0.5000000000
16199  -44.147  -64.348  15.705 0.4000000060
15421  -45.457  -65.385  15.440 0.4000000060
120189  -44.471  -61.968  15.642 0.4000000060
17658  -44.226  -62.714  15.403 0.4000000060
15428  -44.637  -64.760  15.176 0.5000000000
18430  -45.455  -61.598  15.576 0.4000000060
17659  -45.047  -62.414  15.011 0.4000000060
18423  -44.797  -61.380  15.999 0.4000000060
18424  -45.352  -61.084  16.135 0.3000000119
18431  -46.575  -61.519  15.386 0.3000000119
19251  -47.031  -60.940  16.036 0.3000000119
18432  -47.673  -61.331  15.443 0.2000000030
19253  -49.460  -61.242  15.999 0.1000000015
19254  -50.840  -61.564  15.815 0.1000000015
18443  -51.951  -61.279  14.230 0.2000000030
18425  -51.947  -61.560  15.752 0.1000000015
117479  -52.070  -61.362  15.068 0.1000000015
19269  -51.938  -60.685  14.014 0.2000000030
20140  -51.168  -60.011  13.561 0.1000000015
20139  -49.960  -59.752  13.496 0.1000000015
20138  -48.907  -59.746  13.597 0.1000000015
123289  -47.378  -59.442  14.439 0.1000000015
20106  -48.124  -59.161  14.759 0.1000000015
20931  -46.649  -58.640  15.546 0.1000000015
20919  -46.218  -58.129  16.131 0.1000000015
131166  -45.257  -56.876  17.119 0.1000000015
22503  -44.771  -56.199  17.413 0.1000000015
25055  -45.238  -53.651  17.321 0.1000000015
13109  -45.741  -68.830  19.417 0.3000000119
12347  -45.157  -69.382  19.444 0.2000000030
13872  -49.073  -67.375  19.223 0.3000000119
14635  -49.987  -66.231  19.051 0.4000000060
16195  -44.106  -64.504  16.548 0.3000000119
15420  -44.727  -64.980  16.051 0.3000000119
15413  -45.664  -65.329  16.567 0.4000000060
129778  -47.607  -65.452  17.648 0.4000000060
133567  -49.022  -65.627  18.939 0.3000000119
16923  -43.654  -63.139  15.900 0.3000000119
16198  -43.945  -63.766  15.564 0.3000000119
15397  -46.922  -65.349  17.962 0.4000000060
15398  -48.172  -65.464  18.420 0.4000000060
15382  -48.464  -65.581  19.314 0.3000000119
19239  -43.642  -61.064  16.835 0.3000000119
17657  -43.712  -62.298  16.014 0.3000000119
117093  -44.031  -61.538  16.215 0.3000000119
19225  -45.263  -60.339  17.166 0.3000000119
19240  -44.697  -60.869  16.545 0.3000000119
113407  -46.062  -60.367  17.112 0.3000000119
19250  -46.100  -61.031  16.035 0.3000000119
19243  -47.262  -60.643  16.667 0.3000000119
19252  -48.120  -60.901  16.186 0.2000000030
19244  -48.997  -60.827  16.814 0.1000000015
19228  -49.956  -60.906  17.431 0.1000000015
19229  -51.156  -61.485  16.955 0.1000000015
19246  -51.648  -61.598  16.368 0.1000000015
129460  -52.126  -61.433  15.599 0.1000000015
125875  -52.161  -61.221  14.909 0.2000000030
20124  -52.026  -60.625  14.802 0.2000000030
20123  -51.371  -59.877  14.379 0.1000000015
20096  -50.989  -59.241  15.762 0.1000000015
20108  -50.528  -59.291  14.930 0.1000000015
20121  -49.054  -59.464  14.147 0.1000000015
20107  -49.315  -59.162  14.834 0.1000000015
20933  -48.587  -58.735  15.488 0.1000000015
20932  -47.569  -58.677  15.489 0.1000000015
20920  -47.090  -58.181  16.151 0.1000000015
21729  -45.772  -57.522  16.671 0.1000000015
127522  -45.539  -56.279  17.419 0.1000000015
22504  -46.122  -55.918  17.544 0.1000000015
120292  -45.332  -55.592  17.584 0.1000000015
23341  -46.060  -55.027  17.645 0.1000000015
115486  -45.077  -54.795  17.639 0.1000000015
123371  -45.641  -54.215  17.549 0.1000000015
25077  -45.737  -53.224  17.028 0.1000000015
25931  -45.879  -52.808  16.428 0.1000000015
11488  -46.052  -70.342  20.168 0.2000000030
11509  -45.267  -70.105  19.662 0.2000000030
12328  -46.913  -69.625  20.416 0.2000000030
13110  -47.594  -68.270  19.780 0.3000000119
12329  -49.032  -69.043  21.280 0.2000000030
13095  -47.656  -68.665  20.270 0.3000000119
13862  -48.236  -67.863  19.546 0.3000000119
15412  -44.891  -65.018  17.026 0.3000000119
15396  -45.886  -65.263  17.512 0.3000000119
15371  -49.354  -65.931  19.873 0.3000000119
16919  -43.234  -63.260  16.711 0.3000000119
16194  -43.659  -63.844  16.163 0.3000000119
124581  -46.124  -65.262  18.341 0.3000000119
15381  -47.184  -65.377  18.765 0.3000000119
18412  -42.984  -61.373  17.140 0.3000000119
17652  -42.752  -61.976  17.152 0.3000000119
15370  -48.447  -65.736  19.998 0.2000000030
19223  -43.138  -60.598  17.663 0.2000000030
19224  -44.231  -60.424  17.265 0.3000000119
19226  -46.868  -60.321  17.382 0.3000000119
19242  -46.497  -60.635  16.630 0.3000000119
19227  -48.650  -60.511  17.673 0.2000000030
19213  -51.751  -61.571  18.359 0.1000000015
134372  -53.764  -62.121  19.709 0.1000000015
119819  -51.447  -61.501  17.541 0.1000000015
19214  -52.739  -61.662  18.569 0.1000000015
20063  -53.340  -61.373  19.204 0.1000000015
20872  -54.114  -60.005  19.960 0.1000000015
21676  -54.900  -58.968  19.937 0.1000000015
118235  -52.116  -61.616  16.838 0.1000000015
113729  -52.385  -61.582  17.484 0.1000000015
131685  -52.525  -60.083  18.748 0.1000000015
20871  -52.982  -59.466  19.385 0.1000000015
21675  -53.309  -58.382  19.468 0.1000000015
22465  -53.877  -57.438  19.367 0.1000000015
19247  -52.137  -61.533  16.217 0.1000000015
112506  -52.319  -61.508  16.689 0.1000000015
19255  -52.230  -61.222  15.650 0.1000000015
20097  -52.132  -60.489  16.121 0.2000000030
20109  -51.735  -60.046  15.248 0.1000000015
20934  -49.690  -58.828  15.548 0.1000000015
114702  -48.987  -58.331  16.211 0.1000000015
20921  -48.014  -58.234  16.153 0.1000000015
21730  -46.658  -57.558  16.729 0.1000000015
22505  -46.890  -56.236  17.493 0.1000000015
21712  -46.199  -56.776  17.231 0.1000000015
128553  -46.695  -55.558  17.585 0.1000000015
24204  -46.556  -54.237  17.537 0.1000000015
25056  -46.120  -53.614  17.310 0.1000000015
13064  -48.362  -68.408  22.406 0.2000000030
123675  -48.948  -68.364  20.909 0.2000000030
13111  -48.843  -67.650  20.393 0.3000000119
13863  -49.368  -66.963  19.953 0.3000000119
13815  -47.371  -67.865  22.422 0.2000000030
13080  -48.994  -68.221  21.606 0.2000000030
13096  -48.986  -67.572  20.952 0.2000000030
13850  -49.250  -66.824  20.428 0.3000000119
13851  -49.524  -66.338  19.973 0.3000000119
16906  -43.011  -63.423  17.578 0.3000000119
119264  -43.522  -64.124  17.996 0.3000000119
15379  -44.334  -64.709  18.526 0.3000000119
15380  -45.364  -65.100  18.826 0.3000000119
16893  -42.549  -62.837  18.186 0.3000000119
16894  -42.933  -63.632  18.448 0.3000000119
16161  -44.158  -64.762  19.393 0.3000000119
15367  -44.961  -65.127  19.441 0.3000000119
15368  -45.917  -65.332  19.508 0.3000000119
19208  -42.673  -60.346  18.397 0.2000000030
18401  -42.244  -61.369  18.427 0.3000000119
15369  -47.207  -65.500  19.610 0.2000000030
14618  -48.973  -66.203  20.394 0.2000000030
20084  -43.937  -59.972  17.851 0.2000000030
20085  -44.866  -59.932  17.796 0.2000000030
20072  -44.379  -59.576  18.424 0.2000000030
20086  -45.953  -59.986  17.829 0.3000000119
19209  -46.798  -59.984  18.206 0.2000000030
19210  -47.678  -60.176  18.111 0.2000000030
19211  -48.492  -60.344  18.457 0.2000000030
19192  -50.553  -60.950  19.268 0.1000000015
20905  -52.464  -60.704  17.683 0.1000000015
20870  -51.942  -58.482  18.742 0.1000000015
21674  -52.315  -57.854  18.980 0.1000000015
20087  -52.367  -60.767  16.905 0.1000000015
20887  -51.651  -59.004  18.245 0.1000000015
123346  -51.532  -57.397  18.542 0.1000000015
20904  -51.597  -59.294  17.475 0.1000000015
21693  -50.670  -58.096  17.921 0.1000000015
116522  -50.788  -57.183  18.260 0.1000000015
20923  -51.417  -59.331  16.643 0.1000000015
129809  -49.915  -57.782  17.502 0.1000000015
20922  -50.092  -58.546  16.334 0.1000000015
21733  -49.358  -57.956  16.981 0.1000000015
131264  -48.823  -57.421  17.316 0.1000000015
21732  -48.447  -57.795  16.820 0.1000000015
21714  -48.100  -57.151  17.304 0.1000000015
21713  -47.185  -56.966  17.244 0.1000000015
13794  -46.372  -67.915  23.762 0.3000000119
13814  -46.377  -67.298  22.287 0.3000000119
13833  -47.711  -67.267  21.785 0.2000000030
14605  -48.223  -66.806  21.295 0.2000000030
113278  -48.941  -66.783  20.837 0.2000000030
14604  -45.724  -66.736  21.876 0.3000000119
13832  -46.911  -66.669  21.481 0.3000000119
14616  -46.740  -66.060  20.830 0.3000000119
117726  -42.559  -63.228  18.862 0.3000000119
16160  -43.381  -64.340  19.727 0.3000000119
15358  -44.550  -65.350  20.505 0.3000000119
14617  -48.062  -66.320  20.927 0.2000000030
19207  -42.175  -60.611  18.876 0.2000000030
16884  -42.442  -63.232  19.527 0.3000000119
16879  -42.318  -63.160  20.387 0.3000000119
20071  -42.570  -59.943  18.891 0.2000000030
20073  -45.375  -59.629  18.496 0.2000000030
125068  -46.308  -59.703  18.825 0.3000000119
112791  -47.183  -59.912  18.952 0.2000000030
20074  -48.023  -60.183  19.171 0.2000000030
133016  -49.728  -56.217  17.965 0.1000000015
22507  -48.898  -56.630  17.672 0.1000000015
13777  -46.615  -68.023  24.877 0.1000000015
133285  -46.983  -68.551  24.467 0.3000000119
14565  -45.320  -66.745  23.349 0.3000000119
14581  -45.396  -66.797  22.561 0.3000000119
15347  -43.841  -65.100  21.070 0.3000000119
121941  -44.184  -65.543  21.692 0.3000000119
17615  -41.880  -62.270  20.241 0.3000000119
16148  -42.769  -63.921  20.860 0.3000000119
16140  -43.259  -64.505  21.366 0.3000000119
18377  -41.619  -61.061  20.997 0.2000000030
19190  -42.143  -59.885  19.502 0.2000000030
20055  -42.899  -59.284  19.397 0.1000000015
20057  -44.931  -59.294  19.088 0.2000000030
20867  -43.672  -58.761  19.842 0.1000000015
113502  -45.693  -59.449  19.152 0.2000000030
20869  -45.512  -59.154  19.728 0.2000000030
20058  -46.229  -59.422  19.641 0.3000000119
14548  -45.428  -66.556  24.182 0.3000000119
14580  -44.773  -66.236  22.778 0.3000000119
15312  -44.380  -65.581  23.078 0.3000000119
15329  -43.702  -65.103  21.876 0.3000000119
121151  -42.437  -62.363  22.146 0.3000000119
16123  -42.882  -63.907  21.636 0.3000000119
126546  -43.357  -64.476  22.143 0.3000000119
18378  -41.947  -61.682  21.583 0.2000000030
19167  -41.651  -60.248  21.231 0.2000000030
20017  -41.791  -59.513  21.382 0.1000000015
20846  -43.500  -58.431  20.486 0.1000000015
20847  -44.306  -58.447  20.450 0.1000000015
20848  -45.400  -58.649  20.558 0.1000000015
132471  -46.104  -59.098  20.253 0.1000000015
14547  -45.044  -65.834  24.142 0.3000000119
15291  -45.130  -65.106  24.476 0.2000000030
16107  -44.186  -64.785  23.400 0.3000000119
15311  -43.853  -65.034  22.633 0.3000000119
16860  -43.012  -62.974  22.671 0.3000000119
16124  -43.140  -63.755  22.422 0.3000000119
19160  -42.130  -60.393  22.542 0.2000000030
18373  -42.346  -61.399  22.513 0.2000000030
20002  -42.411  -59.173  23.336 0.1000000015
20009  -42.116  -59.509  22.640 0.1000000015
19996  -42.743  -58.841  24.023 0.1000000015
120522  -42.258  -58.755  22.740 0.1000000015
20824  -42.546  -58.270  21.624 0.1000000015
20825  -42.960  -58.253  20.974 0.1000000015
21619  -42.766  -57.798  22.478 0.1000000015
21628  -43.200  -57.784  21.696 0.1000000015
21651  -43.774  -58.042  21.081 0.1000000015
20826  -44.784  -58.039  21.244 0.1000000015
16087  -44.711  -64.380  24.150 0.2000000030
121973  -44.584  -63.592  24.113 0.2000000030
120313  -44.140  -63.951  23.617 0.2000000030
17596  -43.540  -62.058  23.636 0.2000000030
116346  -43.554  -62.770  23.368 0.2000000030
19155  -42.944  -60.630  23.671 0.1000000015
18366  -42.950  -61.422  23.332 0.2000000030
19147  -42.830  -59.749  23.904 0.1000000015
130816  -42.492  -58.197  22.830 0.1000000015
21629  -44.094  -57.544  21.808 0.1000000015
20801  -42.890  -57.986  24.182 0.1000000015
121844  -43.274  -57.258  23.185 0.1000000015
21621  -44.490  -57.077  22.617 0.1000000015
21608  -43.371  -57.363  24.716 0.1000000015
22407  -43.708  -56.690  23.763 0.1000000015
22417  -43.951  -56.816  23.138 0.1000000015
13942  -50.686  -67.638  13.675 0.4000000060
13941  -49.788  -67.212  13.192 0.5000000000
12396  -50.497  -70.146  15.197 0.5000000000
12386  -51.128  -68.787  16.226 0.4000000060
10876  -47.361  -72.202  12.957 0.5000000000
12397  -51.068  -69.281  15.564 0.4000000060
13208  -50.798  -67.895  13.138 0.5000000000
11587  -48.167  -70.934  14.107 0.5000000000
12407  -50.957  -69.469  14.722 0.6000000238
10866  -49.216  -71.936  13.597 0.5000000000
10217  -47.884  -73.887  12.196 0.5000000000
11578  -49.830  -70.812  14.638 0.5000000000
11600  -45.333  -70.864  12.853 0.5000000000
11588  -49.283  -71.446  14.187 0.5000000000
10198  -48.463  -73.183  12.532 0.4000000060
11666  -48.105  -70.658  7.555 0.4000000060
13975  -48.126  -67.302  8.931 0.3000000119
13156  -43.132  -68.323  16.134 0.2000000030
13187  -50.948  -68.404  14.167 0.4000000060
14713  -50.369  -66.588  11.099 0.4000000060
13953  -50.702  -67.432  11.959 0.6000000238
16946  -48.471  -63.607  11.964 0.4000000060
16230  -48.273  -64.629  11.530 0.4000000060
126115  -49.474  -65.794  10.761 0.5000000000
12446  -50.115  -69.265  11.926 0.6000000238
12427  -50.262  -69.852  13.017 0.6000000238
12428  -50.735  -69.105  13.648 0.6000000238
11601  -49.801  -71.108  13.491 0.5000000000
10877  -48.719  -72.626  13.113 0.5000000000
15473  -49.826  -65.146  10.259 0.4000000060
124556  -50.827  -67.396  10.617 0.5000000000
121080  -49.364  -71.643  12.682 0.5000000000
11619  -48.959  -71.659  11.355 0.5000000000
15494  -51.033  -65.092  9.168 0.5000000000
13976  -50.939  -66.729  9.788 0.5000000000
13235  -50.067  -68.374  9.745 0.4000000060
17703  -51.536  -62.031  10.222 0.3000000119
15495  -51.016  -64.921  8.465 0.5000000000
12475  -49.759  -67.968  8.640 0.4000000060
14743  -50.197  -65.824  8.063 0.4000000060
13247  -49.444  -67.578  8.316 0.4000000060
13985  -50.027  -66.574  8.139 0.4000000060
16246  -50.455  -64.049  8.030 0.4000000060
16986  -50.525  -63.356  8.316 0.4000000060
15511  -50.667  -64.787  7.976 0.4000000060
14735  -49.593  -66.192  8.132 0.4000000060
13919  -51.261  -68.106  16.362 0.4000000060
11577  -49.211  -70.748  14.712 0.5000000000
15429  -45.091  -64.956  14.503 0.5000000000
12385  -50.572  -69.575  15.810 0.5000000000
17687  -51.546  -61.787  11.083 0.3000000119
16987  -50.925  -62.979  8.637 0.3000000119
17721  -51.504  -61.498  10.011 0.3000000119
18502  -51.036  -61.594  9.689 0.3000000119
16985  -49.264  -63.500  8.458 0.4000000060
17701  -47.731  -62.142  10.285 0.2000000030
18473  -48.749  -60.853  11.660 0.2000000030
18456  -46.140  -60.939  12.873 0.1000000015
20119  -46.591  -59.516  14.520 0.1000000015
14657  -48.824  -65.992  16.571 0.4000000060
14659  -50.788  -66.880  17.458 0.5000000000
13150  -48.936  -68.476  16.955 0.4000000060
12384  -49.690  -69.588  15.897 0.5000000000
17662  -44.602  -63.011  14.884 0.4000000060
18459  -51.999  -61.021  13.475 0.2000000030
19309  -51.205  -60.911  10.706 0.2000000030
19301  -51.177  -60.659  11.609 0.1000000015
19288  -51.004  -60.282  12.669 0.1000000015
19300  -50.166  -60.597  11.453 0.2000000030
19299  -47.817  -60.637  12.542 0.1000000015
18471  -46.454  -61.427  12.071 0.1000000015
20120  -48.079  -59.572  14.011 0.1000000015
19285  -47.052  -60.484  13.166 0.1000000015
20104  -46.197  -59.122  15.089 0.1000000015
20918  -45.362  -58.116  16.170 0.1000000015
13134  -44.382  -68.441  17.694 0.3000000119
13906  -45.618  -68.262  17.291 0.3000000119
13861  -46.556  -68.279  19.172 0.3000000119
13122  -45.868  -68.288  18.437 0.3000000119
13886  -47.802  -67.932  18.300 0.3000000119
13884  -45.237  -68.293  17.807 0.3000000119
13907  -46.794  -68.228  17.450 0.3000000119
13909  -50.240  -67.477  17.853 0.3000000119
13889  -50.635  -66.830  17.853 0.3000000119
118868  -49.987  -66.564  19.068 0.3000000119
13888  -50.232  -66.561  18.417 0.3000000119
113831  -47.868  -65.595  16.973 0.4000000060
120627  -48.540  -65.547  17.840 0.4000000060
15399  -49.496  -65.781  18.573 0.4000000060
14643  -50.260  -66.419  18.158 0.4000000060
16924  -44.218  -63.403  15.215 0.4000000060
15414  -46.529  -65.602  16.190 0.4000000060
19245  -50.291  -61.282  16.574 0.1000000015
18444  -52.105  -61.172  14.340 0.2000000030
20122  -50.219  -59.493  14.184 0.1000000015
20105  -47.081  -59.101  14.972 0.1000000015
12327  -45.828  -69.512  19.901 0.2000000030
115916  -46.686  -68.601  19.702 0.2000000030
11508  -44.597  -69.798  19.172 0.2000000030
13873  -49.783  -66.398  19.569 0.3000000119
116311  -46.710  -65.432  17.142 0.4000000060
17653  -43.170  -62.540  16.592 0.3000000119
18422  -43.265  -61.813  16.603 0.3000000119
131862  -47.889  -60.531  17.124 0.1000000015
19230  -52.385  -61.595  17.497 0.1000000015
117947  -48.067  -69.934  21.005 0.2000000030
122489  -48.196  -69.120  20.729 0.2000000030
13094  -46.446  -69.021  19.967 0.3000000119
16905  -42.784  -62.655  17.304 0.3000000119
16183  -43.523  -63.984  17.041 0.3000000119
16184  -44.200  -64.601  17.521 0.3000000119
15395  -45.128  -65.023  17.977 0.3000000119
18411  -42.595  -61.387  17.720 0.3000000119
17633  -42.398  -62.053  17.932 0.3000000119
19222  -42.498  -60.856  18.194 0.3000000119
120589  -49.245  -60.552  18.194 0.1000000015
19212  -50.298  -60.903  18.317 0.1000000015
19215  -53.350  -61.959  19.383 0.1000000015
20064  -54.042  -61.496  19.738 0.1000000015
20062  -52.728  -61.616  18.435 0.1000000015
21731  -47.560  -57.657  16.780 0.1000000015
13816  -48.415  -67.750  21.868 0.2000000030
12330  -49.089  -68.420  21.370 0.2000000030
13834  -48.763  -67.362  21.287 0.2000000030
16171  -43.488  -64.248  18.890 0.3000000119
136066  -42.307  -62.325  18.423 0.3000000119
16885  -42.880  -63.785  19.250 0.3000000119
135746  -44.546  -65.095  19.920 0.3000000119
122684  -45.284  -65.385  20.042 0.3000000119
15359  -46.396  -65.613  20.203 0.3000000119
123543  -43.302  -59.768  18.466 0.2000000030
17632  -42.108  -61.922  18.697 0.3000000119
19191  -49.172  -60.467  19.144 0.2000000030
22464  -52.851  -57.106  18.997 0.1000000015
21694  -51.222  -57.944  18.367 0.1000000015
20903  -50.460  -58.392  17.134 0.1000000015
21715  -49.360  -57.398  17.533 0.1000000015
119449  -46.491  -67.855  22.958 0.3000000119
13047  -47.178  -68.524  23.406 0.3000000119
13793  -45.835  -67.387  23.134 0.3000000119
131473  -45.722  -66.287  21.311 0.3000000119
133050  -45.056  -66.010  21.274 0.3000000119
16159  -42.793  -63.852  20.052 0.3000000119
16150  -43.922  -64.852  20.204 0.3000000119
16149  -43.281  -64.448  20.550 0.3000000119
15348  -44.587  -65.667  21.190 0.3000000119
17623  -41.885  -62.002  19.434 0.3000000119
18383  -41.653  -61.350  20.084 0.3000000119
19189  -41.771  -60.569  19.690 0.2000000030
17624  -42.100  -62.652  19.692 0.3000000119
20056  -43.944  -59.177  19.095 0.2000000030
121751  -46.824  -59.655  19.531 0.2000000030
13028  -47.959  -69.357  25.824 0.1000000015
13776  -46.031  -67.175  24.661 0.2000000030
117891  -45.834  -67.306  23.966 0.3000000119
14603  -44.808  -66.200  21.903 0.3000000119
15330  -44.258  -65.632  22.325 0.3000000119
126206  -41.769  -61.795  20.804 0.3000000119
17609  -42.120  -62.585  21.180 0.3000000119
20054  -41.793  -59.856  20.211 0.2000000030
20036  -42.267  -59.276  20.163 0.2000000030
20868  -44.629  -58.885  19.750 0.1000000015
20866  -42.872  -58.717  20.241 0.1000000015
14564  -44.874  -66.109  23.538 0.3000000119
114105  -42.604  -63.200  21.880 0.3000000119
18372  -41.833  -60.781  21.813 0.2000000030
19159  -41.824  -59.876  21.954 0.2000000030
135423  -41.688  -59.844  20.788 0.2000000030
20845  -42.347  -58.728  20.883 0.1000000015
20008  -41.960  -59.103  22.073 0.1000000015
16844  -43.570  -63.513  23.171 0.3000000119
17595  -42.940  -62.188  22.970 0.2000000030
19154  -42.424  -60.031  23.222 0.1000000015
21615  -42.791  -57.788  23.348 0.1000000015
17585  -44.741  -62.823  24.387 0.2000000030
129740  -44.039  -62.598  23.902 0.2000000030
19148  -43.556  -60.409  24.418 0.1000000015
21620  -43.569  -57.358  22.464 0.1000000015
21616  -43.206  -57.274  23.959 0.1000000015
10216  -46.811  -73.679  11.861 0.3000000119
10233  -44.639  -73.293  11.069 0.3000000119
10215  -45.671  -73.449  11.415 0.3000000119
8918  -39.790  -75.247  8.851 0.2000000030
8247  -37.881  -75.337  8.497 0.2000000030
9548  -43.678  -73.984  10.386 0.4000000060
9565  -42.254  -74.198  9.946 0.3000000119
9531  -46.754  -74.563  11.343 0.4000000060
8886  -43.335  -74.496  10.047 0.3000000119
8901  -41.438  -74.456  9.672 0.3000000119
9532  -47.594  -74.325  11.632 0.4000000060
8888  -45.583  -75.325  10.439 0.4000000060
132903  -42.188  -74.938  9.550 0.3000000119
8249  -40.576  -76.045  8.680 0.2000000030
9551  -47.211  -74.913  11.104 0.4000000060
9550  -46.531  -75.184  10.802 0.4000000060
8233  -43.885  -76.341  9.514 0.4000000060
9552  -47.783  -74.332  11.187 0.4000000060
10234  -48.121  -73.276  10.163 0.4000000060
8904  -45.040  -75.805  10.084 0.4000000060
8232  -42.756  -75.850  9.396 0.3000000119
120447  -40.470  -76.756  8.462 0.3000000119
8890  -46.831  -75.224  10.432 0.4000000060
8221  -45.596  -75.983  9.968 0.4000000060
7496  -43.506  -77.075  9.211 0.3000000119
7514  -41.479  -77.148  8.676 0.4000000060
122601  -45.419  -76.295  9.479 0.4000000060
7515  -43.768  -77.837  8.797 0.3000000119
10241  -48.358  -72.083  9.148 0.4000000060
9566  -47.092  -74.597  9.296 0.4000000060
8905  -46.564  -75.361  9.675 0.4000000060
7498  -44.945  -76.790  9.195 0.4000000060
10240  -48.050  -72.446  8.457 0.4000000060
8253  -45.809  -75.934  8.978 0.4000000060
7516  -44.321  -77.403  8.691 0.3000000119
10919  -48.132  -71.353  7.739 0.4000000060
124751  -46.799  -74.482  8.359 0.4000000060
8919  -46.277  -75.123  8.561 0.4000000060
7517  -44.988  -76.682  8.599 0.4000000060
9576  -47.684  -72.810  7.863 0.4000000060
9575  -47.252  -73.417  7.463 0.4000000060
8260  -45.847  -75.070  7.506 0.4000000060
7530  -44.090  -76.854  7.390 0.3000000119
10253  -47.700  -71.784  7.351 0.4000000060
8925  -46.635  -73.884  6.763 0.4000000060
8278  -45.582  -74.692  6.173 0.4000000060
7531  -44.636  -76.273  7.430 0.3000000119
6809  -43.594  -77.562  7.347 0.2000000030
10252  -47.223  -72.298  6.911 0.4000000060
9589  -46.160  -73.467  5.947 0.4000000060
7542  -43.804  -76.193  5.937 0.2000000030
6837  -42.353  -77.232  5.378 0.3000000119
124041  -48.051  -70.074  7.756 0.3000000119
10918  -47.742  -71.145  7.344 0.3000000119
10938  -47.316  -71.647  7.065 0.3000000119
115875  -44.927  -74.452  5.200 0.3000000119
7559  -43.416  -75.542  4.688 0.2000000030
8276  -44.342  -75.079  4.974 0.2000000030
7541  -43.091  -76.720  5.688 0.2000000030
6836  -41.595  -77.703  5.040 0.2000000030
13245  -47.669  -68.670  8.851 0.3000000119
11665  -47.525  -70.609  7.700 0.3000000119
132966  -47.154  -70.061  8.302 0.3000000119
121640  -45.906  -71.957  7.475 0.2000000030
9588  -45.673  -73.517  5.728 0.2000000030
7558  -42.645  -76.115  4.459 0.1000000015
6835  -40.950  -78.146  4.802 0.2000000030
10916  -45.583  -71.411  8.379 0.2000000030
10250  -45.575  -72.451  7.038 0.2000000030
9587  -44.667  -73.502  5.832 0.1000000015
8307  -43.587  -75.003  4.535 0.1000000015
7577  -42.109  -75.871  4.074 0.1000000015
7576  -41.854  -76.644  4.276 0.1000000015
120507  -46.175  -70.588  8.809 0.3000000119
124007  -46.897  -65.729  9.853 0.2000000030
13233  -46.756  -68.145  10.045 0.1000000015
12461  -46.509  -68.930  9.830 0.3000000119
11641  -45.124  -69.994  9.944 0.2000000030
10249  -44.231  -72.490  7.734 0.1000000015
8943  -43.541  -74.638  4.772 0.1000000015
132492  -41.701  -75.855  3.915 0.1000000015
122585  -41.433  -76.315  3.879 0.1000000015
14726  -46.506  -66.602  10.319 0.2000000030
12460  -45.397  -69.174  10.385 0.2000000030
11664  -44.693  -70.716  9.435 0.1000000015
10936  -44.765  -71.991  8.194 0.1000000015
10266  -43.770  -73.011  7.173 0.1000000015
9586  -43.327  -73.492  6.488 0.1000000015
8965  -42.902  -75.035  4.276 0.1000000015
8329  -41.063  -75.981  3.704 0.1000000015
6848  -39.425  -77.634  3.915 0.1000000015
13232  -45.610  -68.254  10.725 0.1000000015
10915  -44.104  -71.343  9.028 0.1000000015
10248  -43.031  -72.386  8.134 0.1000000015
9585  -42.115  -73.347  6.942 0.1000000015
130450  -41.903  -74.928  4.479 0.1000000015
8964  -40.918  -74.897  4.588 0.1000000015
124801  -39.792  -76.785  3.657 0.1000000015
6847  -38.505  -77.560  4.353 0.1000000015
10935  -43.517  -71.845  8.593 0.1000000015
117593  -41.537  -72.608  7.720 0.1000000015
119262  -41.614  -73.787  6.267 0.1000000015
8303  -38.648  -75.192  4.449 0.1000000015
8326  -38.289  -75.935  4.382 0.1000000015
117774  -39.985  -73.741  5.938 0.1000000015
20038  -47.744  -59.547  20.727 0.2000000030
16245  -46.897  -64.106  9.513 0.2000000030
13973  -46.107  -67.425  10.603 0.1000000015
14725  -45.639  -66.611  10.876 0.1000000015
12459  -44.288  -69.311  10.591 0.1000000015
13964  -45.196  -67.368  11.146 0.1000000015
11663  -43.435  -70.625  9.674 0.1000000015
10934  -42.419  -71.649  8.754 0.1000000015
8327  -39.210  -75.990  3.904 0.1000000015
8981  -40.507  -75.405  4.049 0.1000000015
8941  -41.019  -74.261  5.555 0.1000000015
10247  -41.971  -72.147  8.266 0.1000000015
9549  -44.557  -74.108  10.601 0.3000000119
9530  -45.666  -74.413  10.991 0.4000000060
8230  -40.714  -75.293  9.066 0.3000000119
8902  -43.049  -75.169  9.677 0.3000000119
8903  -44.101  -75.507  9.827 0.3000000119
8250  -41.588  -76.254  8.941 0.3000000119
8889  -46.257  -75.648  10.268 0.4000000060
123566  -47.365  -74.685  10.332 0.4000000060
8234  -44.958  -76.422  9.599 0.4000000060
7497  -44.391  -77.149  9.138 0.3000000119
132947  -47.470  -73.842  8.937 0.4000000060
9590  -46.711  -72.933  6.368 0.4000000060
136293  -44.369  -75.850  6.214 0.2000000030
10251  -46.798  -72.297  6.727 0.3000000119
10917  -46.951  -71.121  7.528 0.3000000119
9607  -45.162  -74.012  5.270 0.2000000030
10268  -46.240  -72.989  6.116 0.4000000060
10267  -45.116  -72.989  6.481 0.2000000030
9606  -44.160  -74.057  5.265 0.1000000015
6850  -41.017  -77.287  4.032 0.1000000015
11642  -46.269  -69.736  9.448 0.3000000119
9605  -42.880  -73.982  5.755 0.1000000015
8304  -41.420  -75.546  3.985 0.1000000015
6849  -40.222  -77.529  3.804 0.1000000015
126233  -46.043  -65.780  10.492 0.1000000015
10265  -42.578  -72.864  7.554 0.1000000015
7574  -38.869  -76.771  4.041 0.1000000015
6834  -37.637  -77.564  4.786 0.1000000015
10914  -42.912  -71.165  9.233 0.1000000015
13231  -44.565  -68.566  10.975 0.1000000015
12401  -42.229  -69.412  13.502 0.3000000119
124082  -42.451  -70.240  12.769 0.2000000030
120697  -41.657  -70.428  12.529 0.3000000119
10872  -42.227  -71.045  12.220 0.2000000030
12403  -44.325  -69.604  13.736 0.4000000060
11583  -43.112  -69.790  13.278 0.2000000030
11584  -43.930  -70.038  13.241 0.4000000060
11598  -43.462  -70.500  12.767 0.3000000119
10871  -41.306  -71.005  12.088 0.2000000030
11585  -44.757  -70.210  13.281 0.4000000060
125716  -43.037  -71.086  12.307 0.2000000030
10893  -42.059  -71.683  11.700 0.2000000030
10892  -40.467  -71.178  11.851 0.1000000015
114878  -41.218  -71.770  11.535 0.2000000030
10211  -40.333  -71.843  11.354 0.1000000015
10895  -44.390  -71.940  11.841 0.3000000119
10890  -38.806  -71.460  11.801 0.1000000015
10212  -41.898  -72.340  11.237 0.2000000030
10210  -39.423  -71.886  11.282 0.1000000015
9544  -39.468  -73.004  10.404 0.1000000015
10229  -40.147  -72.560  10.800 0.1000000015
9545  -40.393  -73.372  10.264 0.1000000015
128371  -37.077  -73.172  10.372 0.1000000015
9542  -37.715  -72.791  10.619 0.1000000015
9543  -38.687  -73.364  10.041 0.1000000015
9560  -36.879  -73.599  9.849 0.1000000015
9561  -37.671  -73.448  9.909 0.1000000015
10874  -44.904  -71.425  12.334 0.3000000119
10213  -42.847  -72.265  11.374 0.2000000030
9546  -41.910  -73.380  10.455 0.2000000030
118167  -41.081  -72.427  11.063 0.2000000030
10230  -41.088  -73.058  10.587 0.2000000030
8899  -38.369  -74.016  9.453 0.1000000015
9540  -36.193  -73.843  9.935 0.1000000015
10896  -45.625  -72.422  11.887 0.2000000030
10231  -42.433  -72.916  10.844 0.2000000030
9563  -40.609  -74.070  9.785 0.2000000030
8900  -39.183  -74.038  9.551 0.1000000015
124182  -35.923  -74.348  9.504 0.1000000015
8897  -36.662  -74.170  9.363 0.1000000015
126785  -44.787  -72.644  11.491 0.3000000119
9547  -42.817  -73.636  10.397 0.3000000119
10196  -47.027  -72.893  12.404 0.2000000030
135268  -40.856  -74.700  9.434 0.2000000030
115967  -39.990  -74.504  9.372 0.1000000015
8915  -36.414  -74.732  8.919 0.1000000015
8917  -38.137  -74.648  8.946 0.1000000015
8248  -38.847  -75.305  8.635 0.1000000015
125227  -35.766  -76.045  8.353 0.1000000015
7512  -38.683  -76.226  8.175 0.1000000015
126612  -39.662  -76.029  8.457 0.1000000015
7526  -36.286  -76.787  7.975 0.1000000015
7511  -37.545  -76.069  8.130 0.1000000015
7513  -39.810  -76.953  8.190 0.1000000015
7529  -39.129  -77.330  7.919 0.1000000015
6805  -40.091  -77.873  8.162 0.1000000015
128269  -35.339  -77.546  8.094 0.1000000015
6802  -36.750  -77.606  7.776 0.1000000015
7528  -38.106  -76.959  7.829 0.1000000015
127359  -42.846  -77.595  8.922 0.3000000119
127543  -38.146  -78.637  7.741 0.1000000015
10875  -46.070  -71.725  12.514 0.3000000119
11599  -44.356  -70.684  12.783 0.3000000119
10873  -43.904  -71.232  12.322 0.2000000030
10232  -43.520  -73.177  10.830 0.3000000119
119540  -39.054  -74.604  9.105 0.1000000015
8246  -36.954  -75.323  8.485 0.1000000015
9564  -41.270  -73.742  10.118 0.2000000030
10894  -43.454  -71.750  11.830 0.2000000030
10214  -43.896  -72.474  11.397 0.3000000119
9562  -39.737  -73.723  9.884 0.1000000015
7509  -35.514  -76.841  8.135 0.1000000015
6801  -35.968  -77.572  7.917 0.1000000015
6804  -38.616  -77.962  7.747 0.1000000015
7508  -34.102  -76.465  8.624 0.1000000015
6119  -37.204  -78.473  7.762 0.1000000015
6791  -41.102  -77.961  8.441 0.2000000030
5461  -39.390  -80.580  8.009 0.1000000015
4845  -39.016  -81.228  8.110 0.1000000015
4846  -39.864  -81.417  7.767 0.2000000030
4836  -38.778  -82.020  8.194 0.1000000015
6122  -41.821  -80.006  8.073 0.2000000030
6121  -40.635  -79.916  8.070 0.2000000030
129714  -39.430  -81.964  7.844 0.2000000030
5463  -41.229  -80.469  7.725 0.1000000015
4282  -39.005  -82.642  7.734 0.1000000015
4847  -40.321  -81.312  7.442 0.2000000030
5476  -41.163  -80.610  7.168 0.1000000015
6792  -42.531  -78.531  8.582 0.2000000030
3794  -39.094  -82.686  7.281 0.1000000015
4859  -39.782  -81.746  6.689 0.1000000015
6793  -43.278  -78.490  8.435 0.2000000030
6806  -42.252  -79.345  8.292 0.2000000030
5464  -41.786  -80.111  7.736 0.1000000015
4872  -40.348  -81.012  6.567 0.1000000015
6123  -42.419  -79.675  8.033 0.1000000015
6136  -41.417  -79.828  6.651 0.1000000015
6794  -43.692  -78.083  8.429 0.2000000030
6807  -42.888  -79.179  8.182 0.2000000030
6124  -42.792  -79.182  7.767 0.2000000030
6156  -40.725  -79.036  5.323 0.1000000015
6137  -42.152  -79.543  7.363 0.1000000015
6157  -41.479  -78.765  5.921 0.1000000015
115891  -39.729  -80.209  5.453 0.1000000015
120115  -41.031  -79.055  8.305 0.1000000015
12402  -42.933  -69.154  13.876 0.2000000030
12426  -41.344  -69.692  13.122 0.1000000015
12346  -44.768  -68.934  18.906 0.2000000030
11529  -43.420  -70.127  18.107 0.1000000015
13065  -49.217  -69.075  22.360 0.1000000015
10788  -47.185  -71.949  20.332 0.1000000015
10787  -46.308  -71.294  20.109 0.1000000015
12289  -49.487  -70.243  23.398 0.2000000030
10113  -49.393  -73.263  21.477 0.1000000015
13048  -48.390  -69.373  23.427 0.2000000030
11476  -49.861  -70.193  22.233 0.1000000015
10778  -49.214  -71.667  21.492 0.1000000015
11490  -48.283  -70.926  21.137 0.1000000015
10789  -48.302  -72.290  20.833 0.1000000015
13186  -42.807  -68.733  14.488 0.2000000030
12356  -43.435  -69.097  17.926 0.1000000015
11489  -47.157  -70.856  20.603 0.1000000015
11475  -49.300  -70.153  21.592 0.1000000015
12310  -49.399  -69.156  21.793 0.1000000015
13039  -47.813  -69.431  24.686 0.2000000030
12357  -44.020  -69.430  18.545 0.1000000015
10801  -46.763  -72.402  19.851 0.1000000015
10121  -47.871  -73.229  20.267 0.1000000015
11469  -50.116  -70.866  23.244 0.1000000015
13185  -42.160  -68.862  14.209 0.1000000015
16088  -45.465  -64.296  24.750 0.1000000015
15272  -45.777  -65.017  25.100 0.1000000015
120338  -46.241  -65.793  25.407 0.1000000015
14533  -46.887  -66.763  25.915 0.1000000015
125863  -47.830  -68.685  26.325 0.1000000015
118224  -45.503  -65.824  24.751 0.1000000015
14532  -45.983  -66.603  25.081 0.1000000015
15274  -47.719  -65.112  26.008 0.1000000015
15273  -47.131  -65.898  26.041 0.1000000015
14520  -47.970  -67.158  26.571 0.1000000015
129080  -49.368  -68.882  27.438 0.1000000015
113608  -46.650  -65.007  25.551 0.1000000015
13757  -48.245  -68.372  26.738 0.1000000015
13015  -50.132  -70.596  28.319 0.1000000015
16067  -46.259  -64.264  25.261 0.1000000015
14522  -50.957  -68.104  27.465 0.1000000015
16068  -47.234  -64.330  25.628 0.1000000015
15257  -48.409  -66.234  26.419 0.1000000015
14521  -49.421  -67.785  27.106 0.1000000015
13758  -50.153  -69.855  28.185 0.1000000015
129716  -45.474  -63.101  24.822 0.1000000015
16048  -49.665  -65.397  26.012 0.1000000015
15258  -50.445  -66.800  26.602 0.1000000015
16807  -48.045  -63.899  25.660 0.1000000015
16806  -46.804  -63.588  25.422 0.1000000015
17566  -46.158  -62.942  25.260 0.1000000015
18357  -44.166  -62.005  24.218 0.1000000015
20059  -47.504  -59.824  19.846 0.1000000015
20060  -48.458  -60.102  20.198 0.1000000015
20061  -49.592  -60.470  20.152 0.1000000015
113570  -46.042  -62.271  25.375 0.1000000015
18358  -44.826  -61.910  24.764 0.1000000015
18367  -43.552  -61.306  23.990 0.1000000015
20037  -46.869  -59.379  20.362 0.1000000015
20042  -52.094  -61.292  20.760 0.1000000015
19178  -50.800  -60.972  20.131 0.1000000015
13767  -46.741  -67.523  25.538 0.1000000015
16825  -45.147  -63.627  24.530 0.1000000015
130192  -49.700  -69.835  27.589 0.1000000015
13014  -49.909  -69.698  27.850 0.1000000015
134799  -46.819  -63.036  25.438 0.1000000015
16238  -46.321  -63.963  9.933 0.1000000015
16969  -46.909  -63.420  9.650 0.1000000015
9503  -40.830  -72.799  14.924 0.1000000015
10858  -40.030  -71.799  14.749 0.1000000015
11575  -39.649  -70.454  14.284 0.1000000015
9504  -41.517  -73.552  15.033 0.1000000015
9510  -40.816  -73.662  14.576 0.1000000015
10188  -39.964  -72.883  14.430 0.1000000015
10851  -40.322  -71.032  15.184 0.1000000015
8860  -41.726  -74.928  14.544 0.1000000015
10182  -41.589  -72.787  15.416 0.1000000015
114234  -40.924  -71.932  15.337 0.1000000015
8193  -41.632  -75.785  14.215 0.1000000015
8194  -42.362  -75.626  14.625 0.1000000015
7418  -42.388  -76.573  14.341 0.1000000015
8861  -42.427  -75.000  14.900 0.1000000015
10810  -35.244  -71.216  18.568 0.1000000015
123724  -35.420  -71.298  17.828 0.1000000015
9499  -34.892  -73.811  16.007 0.1000000015
8183  -34.956  -75.129  15.891 0.1000000015
8185  -36.555  -75.570  15.584 0.1000000015
7410  -36.864  -76.469  15.701 0.1000000015
12389  -40.493  -69.541  14.686 0.1000000015
6696  -36.635  -77.300  16.017 0.1000000015
6698  -38.392  -77.549  15.452 0.1000000015
6064  -42.983  -78.386  13.956 0.1000000015
11596  -40.114  -70.248  12.780 0.1000000015
121599  -37.643  -77.981  15.775 0.1000000015
5382  -39.762  -79.366  14.822 0.1000000015
4765  -41.917  -80.982  14.275 0.1000000015
116368  -42.372  -78.593  13.540 0.1000000015
125491  -43.325  -79.343  13.846 0.1000000015
6718  -43.068  -77.655  14.322 0.1000000015
128739  -42.934  -76.160  14.783 0.1000000015
130094  -40.499  -70.640  12.309 0.1000000015
6004  -37.392  -78.738  16.067 0.1000000015
121501  -40.714  -80.791  14.386 0.1000000015
5400  -43.680  -79.804  14.452 0.1000000015
6045  -44.111  -79.393  15.039 0.1000000015
132057  -35.215  -71.768  17.169 0.1000000015
10165  -35.494  -72.264  16.493 0.1000000015
123093  -36.374  -74.099  15.576 0.1000000015
10170  -41.759  -72.011  15.896 0.1000000015
11571  -41.075  -70.135  15.944 0.1000000015
11570  -40.539  -70.212  15.341 0.1000000015
119400  -36.243  -74.834  15.568 0.1000000015
120277  -37.400  -75.650  15.492 0.1000000015
8851  -37.076  -74.757  15.473 0.1000000015
12399  -40.554  -69.489  13.827 0.1000000015
6023  -40.585  -79.002  14.975 0.1000000015
6007  -41.689  -79.298  15.141 0.1000000015
5383  -42.465  -80.217  14.747 0.1000000015
7419  -43.348  -76.985  14.762 0.1000000015
6006  -41.049  -78.362  15.335 0.1000000015
5369  -42.956  -79.628  15.383 0.1000000015
5385  -43.847  -79.854  14.891 0.1000000015
6719  -44.308  -78.628  15.231 0.1000000015
11543  -36.550  -70.869  17.626 0.1000000015
10837  -35.973  -71.661  16.802 0.1000000015
11544  -37.349  -70.746  17.752 0.1000000015
11524  -36.825  -70.359  18.348 0.1000000015
10840  -41.643  -70.970  16.292 0.1000000015
10166  -36.300  -72.185  16.313 0.1000000015
126651  -37.070  -72.290  16.251 0.1000000015
10183  -42.165  -72.806  15.790 0.1000000015
12381  -41.383  -69.248  15.887 0.1000000015
10167  -37.380  -73.017  15.855 0.1000000015
9505  -42.203  -73.455  15.494 0.1000000015
12390  -41.059  -69.023  15.080 0.1000000015
9502  -37.188  -73.845  15.560 0.1000000015
8186  -38.259  -75.790  15.448 0.1000000015
6684  -39.062  -76.904  15.350 0.1000000015
6699  -39.405  -77.555  15.330 0.1000000015
6005  -40.430  -77.551  15.427 0.1000000015
6008  -43.475  -79.060  15.935 0.1000000015
119455  -44.096  -79.378  15.359 0.1000000015
118654  -42.241  -78.696  15.681 0.1000000015
11545  -38.056  -70.759  17.955 0.1000000015
10825  -37.102  -71.255  17.169 0.1000000015
10826  -38.051  -71.352  17.397 0.1000000015
11526  -38.597  -70.506  18.497 0.1000000015
12355  -38.924  -69.941  19.114 0.1000000015
131480  -42.967  -74.075  15.684 0.1000000015
9491  -42.712  -73.180  16.022 0.1000000015
114876  -42.271  -70.793  16.857 0.1000000015
117982  -37.774  -72.487  16.327 0.1000000015
10168  -38.492  -72.292  16.850 0.1000000015
8853  -42.793  -74.758  15.286 0.1000000015
121741  -40.966  -69.112  14.428 0.1000000015
9488  -37.978  -73.685  15.710 0.1000000015
114615  -38.249  -73.008  16.167 0.1000000015
6700  -44.697  -78.321  15.812 0.1000000015
7412  -43.603  -76.367  15.226 0.1000000015
8170  -37.975  -74.996  15.463 0.1000000015
6688  -42.811  -78.275  16.329 0.1000000015
118864  -39.238  -76.050  15.468 0.1000000015
6685  -39.875  -76.793  15.480 0.1000000015
6686  -40.766  -76.772  15.743 0.1000000015
10811  -38.655  -71.099  17.971 0.1000000015
10151  -39.055  -71.777  17.659 0.1000000015
8854  -43.426  -74.971  15.629 0.1000000015
13167  -42.251  -68.592  14.933 0.1000000015
6009  -44.288  -78.935  16.047 0.1000000015
128380  -44.980  -77.760  16.159 0.1000000015
128242  -40.900  -76.127  16.174 0.1000000015
8838  -39.407  -74.343  16.075 0.1000000015
8171  -38.873  -75.115  15.567 0.1000000015
7403  -40.227  -76.035  15.754 0.1000000015
8174  -44.190  -75.479  16.028 0.1000000015
9475  -44.033  -73.718  16.773 0.1000000015
8189  -44.510  -76.575  15.855 0.1000000015
5990  -43.863  -78.598  16.596 0.1000000015
5992  -44.915  -78.415  16.634 0.1000000015
6689  -45.370  -77.869  16.885 0.1000000015
10169  -38.936  -73.009  16.604 0.1000000015
7404  -41.492  -76.653  16.314 0.1000000015
6671  -42.339  -77.285  16.604 0.1000000015
9489  -38.777  -73.630  16.077 0.1000000015
8173  -40.654  -75.354  16.440 0.1000000015
7387  -41.363  -75.841  16.697 0.1000000015
8172  -39.795  -75.231  15.864 0.1000000015
8841  -43.903  -74.500  16.286 0.1000000015
6674  -45.294  -77.943  17.272 0.1000000015
128258  -45.371  -77.159  16.620 0.1000000015
10139  -39.918  -72.076  18.096 0.1000000015
7389  -43.254  -76.421  17.759 0.1000000015
7390  -43.999  -77.190  17.758 0.1000000015
7388  -42.058  -76.379  16.977 0.1000000015
124401  -43.016  -77.046  17.293 0.1000000015
8840  -40.169  -74.684  16.468 0.1000000015
9477  -45.612  -74.393  17.829 0.1000000015
8156  -45.485  -75.742  17.106 0.1000000015
6662  -45.568  -77.466  17.858 0.1000000015
7391  -46.095  -77.047  17.765 0.1000000015
8153  -41.238  -75.174  17.053 0.1000000015
9490  -39.509  -73.507  16.718 0.1000000015
10152  -39.516  -72.697  17.346 0.1000000015
12354  -38.045  -69.856  18.928 0.1000000015
13091  -38.934  -68.325  20.375 0.1000000015
13107  -38.976  -68.885  19.913 0.1000000015
12343  -39.359  -69.449  19.615 0.1000000015
12342  -38.408  -69.276  19.550 0.1000000015
9487  -35.029  -73.012  16.212 0.1000000015
7411  -38.333  -76.637  15.423 0.1000000015
6697  -37.479  -77.194  15.688 0.1000000015
122317  -38.755  -79.012  15.159 0.1000000015
6022  -39.825  -78.380  15.119 0.1000000015
6024  -40.906  -79.941  14.653 0.1000000015
4776  -42.937  -80.800  14.230 0.1000000015
5412  -43.308  -80.276  13.772 0.1000000015
10180  -35.917  -72.774  15.991 0.1000000015
7413  -44.263  -77.527  15.359 0.1000000015
10838  -36.731  -71.717  16.682 0.1000000015
6687  -41.594  -77.614  15.851 0.1000000015
8175  -45.009  -76.109  16.511 0.1000000015
127189  -44.848  -78.255  17.124 0.1000000015
8155  -42.540  -76.005  17.532 0.1000000015
8827  -44.882  -74.630  17.078 0.1000000015
13106  -38.432  -68.723  20.049 0.1000000015
5456  -27.111  -79.502  7.845 0.1000000015
5443  -26.321  -79.946  8.403 0.1000000015
4907  -29.278  -80.328  2.551 0.1000000015
5517  -29.051  -79.711  3.355 0.1000000015
4897  -29.431  -80.582  3.537 0.1000000015
5501  -29.186  -79.832  4.055 0.1000000015
128294  -28.005  -78.736  6.544 0.1000000015
4918  -29.224  -80.684  1.629 0.1000000015
4355  -29.292  -82.761  0.339 0.1000000015
4362  -29.048  -83.517  -0.615 0.1000000015
4842  -27.457  -80.647  8.116 0.1000000015
5444  -26.825  -80.574  8.474 0.1000000015
4829  -26.460  -81.034  9.065 0.1000000015
4852  -28.662  -80.321  6.667 0.1000000015
5483  -29.012  -79.639  4.865 0.1000000015
4866  -28.705  -79.427  5.833 0.1000000015
5471  -28.280  -79.164  6.639 0.1000000015
4828  -25.690  -80.469  9.013 0.1000000015
4339  -29.647  -81.368  2.740 0.1000000015
114305  -28.458  -78.872  5.153 0.1000000015
117446  -29.809  -82.209  1.949 0.1000000015
3859  -29.765  -83.393  1.013 0.1000000015
3867  -29.594  -83.717  0.034 0.1000000015
127311  -29.954  -83.772  -0.660 0.1000000015
6748  -29.170  -77.470  12.203 0.1000000015
6080  -27.583  -78.358  12.015 0.1000000015
6081  -28.491  -77.989  11.778 0.1000000015
4830  -27.122  -81.353  8.885 0.1000000015
123154  -27.089  -81.298  9.594 0.1000000015
125365  -26.628  -80.926  10.098 0.1000000015
132981  -27.111  -79.800  10.941 0.1000000015
126897  -26.445  -79.419  11.374 0.1000000015
5426  -27.250  -79.029  11.457 0.1000000015
4831  -27.809  -81.490  8.485 0.1000000015
5431  -26.504  -80.254  10.638 0.1000000015
4289  -28.739  -81.511  7.139 0.1000000015
4818  -26.195  -80.870  9.622 0.1000000015
4867  -29.135  -80.424  5.581 0.1000000015
126084  -29.495  -81.801  1.293 0.1000000015
132912  -30.172  -77.396  11.175 0.1000000015
7452  -29.861  -77.118  12.277 0.1000000015
130670  -27.521  -80.750  10.409 0.1000000015
4809  -28.648  -80.851  10.428 0.1000000015
5432  -27.836  -79.645  10.953 0.1000000015
4255  -28.169  -81.480  9.820 0.1000000015
4267  -28.385  -81.910  9.043 0.1000000015
4884  -29.387  -80.640  4.548 0.1000000015
134749  -29.549  -81.145  4.041 0.1000000015
4329  -29.704  -81.682  3.594 0.1000000015
3854  -30.001  -82.695  2.841 0.1000000015
115640  -30.060  -83.425  1.901 0.1000000015
4290  -29.217  -82.176  6.743 0.1000000015
6732  -28.107  -77.876  13.108 0.1000000015
5427  -27.959  -78.807  11.421 0.1000000015
119537  -29.449  -82.180  5.927 0.1000000015
6069  -27.354  -78.278  12.768 0.1000000015
3771  -29.007  -82.182  8.493 0.1000000015
4280  -29.031  -82.195  7.608 0.1000000015
6054  -27.708  -78.246  13.593 0.1000000015
3802  -30.147  -83.232  6.695 0.1000000015
3297  -31.135  -83.397  8.081 0.1000000015
3312  -31.797  -84.236  7.464 0.1000000015
5433  -29.098  -79.973  10.658 0.1000000015
4247  -29.172  -81.407  10.149 0.1000000015
120693  -28.918  -81.760  9.642 0.1000000015
3786  -29.605  -82.567  8.069 0.1000000015
3761  -30.575  -82.362  9.484 0.1000000015
3787  -30.234  -83.055  7.611 0.1000000015
4256  -29.754  -81.898  9.768 0.1000000015
4810  -29.549  -80.660  10.478 0.1000000015
4248  -30.081  -81.242  10.310 0.1000000015
3762  -31.475  -82.185  9.822 0.1000000015
4268  -29.137  -82.071  9.217 0.1000000015
3311  -30.875  -83.695  7.089 0.1000000015
3773  -30.427  -82.795  8.591 0.1000000015
3313  -32.808  -84.828  7.740 0.1000000015
3386  -29.912  -83.902  -0.057 0.1000000015
3772  -29.713  -82.379  8.972 0.1000000015
3780  -38.497  -83.361  7.923 0.1000000015
3876  -29.467  -83.638  -0.715 0.1000000015
4254  -27.671  -81.601  9.216 0.1000000015
4273  -37.963  -82.169  8.444 0.1000000015
4274  -38.607  -82.820  8.155 0.1000000015
4279  -28.436  -81.796  8.047 0.1000000015
4283  -39.705  -81.994  7.361 0.1000000015
4303  -29.421  -81.421  5.340 0.1000000015
4808  -25.828  -80.545  10.226 0.1000000015
4843  -28.165  -80.961  7.648 0.1000000015
4853  -29.136  -81.330  6.232 0.1000000015
4860  -40.311  -81.470  7.163 0.2000000030
5370  -43.822  -79.532  15.331 0.1000000015
5384  -43.440  -80.089  14.797 0.1000000015
5399  -43.440  -80.368  14.331 0.1000000015
5430  -25.590  -79.932  11.031 0.1000000015
5457  -27.957  -79.757  7.405 0.1000000015
5462  -40.468  -80.811  7.784 0.2000000030
5482  -28.237  -78.732  6.042 0.1000000015
5490  -40.566  -80.040  5.964 0.1000000015
5991  -44.533  -78.487  16.736 0.1000000015
6020  -38.138  -78.434  15.548 0.1000000015
6021  -38.874  -78.182  15.301 0.1000000015
6025  -44.443  -78.804  15.815 0.1000000015
6044  -43.785  -78.862  14.483 0.1000000015
6063  -41.673  -78.973  13.147 0.1000000015
6070  -28.004  -77.964  12.463 0.1000000015
6087  -28.604  -79.142  10.986 0.1000000015
6107  -34.777  -77.999  8.217 0.1000000015
6661  -44.880  -77.804  17.594 0.1000000015
6672  -43.212  -77.864  16.841 0.1000000015
6673  -44.112  -78.045  17.213 0.1000000015
6675  -45.721  -77.476  17.568 0.1000000015
6701  -44.908  -78.293  16.345 0.1000000015
6747  -28.642  -77.653  12.626 0.1000000015
6763  -29.526  -77.560  11.578 0.1000000015
6790  -34.799  -77.035  8.255 0.1000000015
6803  -37.637  -77.704  7.712 0.1000000015
6808  -43.319  -78.723  8.024 0.2000000030
7374  -44.884  -77.194  18.211 0.1000000015
7510  -36.625  -76.025  8.201 0.1000000015
7527  -37.144  -76.812  7.854 0.1000000015
7573  -37.922  -76.734  4.545 0.1000000015
7575  -40.679  -76.661  3.672 0.1000000015
8154  -41.812  -75.531  17.307 0.1000000015
8176  -45.748  -76.704  17.189 0.1000000015
8184  -35.710  -75.384  15.715 0.1000000015
8187  -43.018  -75.488  15.131 0.1000000015
8188  -43.728  -75.729  15.545 0.1000000015
8231  -41.668  -75.354  9.284 0.3000000119
8235  -46.000  -75.890  9.692 0.4000000060
8251  -42.461  -76.415  9.164 0.3000000119
8252  -45.408  -76.271  8.747 0.4000000060
8259  -45.203  -75.672  7.409 0.3000000119
8277  -45.035  -75.069  5.819 0.2000000030
8296  -31.798  -75.781  5.026 0.1000000015
8297  -32.253  -75.468  5.477 0.1000000015
8305  -42.159  -75.478  4.117 0.1000000015
8306  -42.803  -75.383  4.314 0.1000000015
8328  -40.147  -76.019  3.684 0.1000000015
8837  -38.467  -74.345  15.660 0.1000000015
8850  -35.492  -74.446  15.728 0.1000000015
8852  -42.164  -74.283  15.084 0.1000000015
8887  -44.379  -74.874  10.226 0.3000000119
8898  -37.486  -74.075  9.360 0.1000000015
8916  -37.240  -74.676  8.859 0.1000000015
8936  -32.653  -74.311  5.895 0.1000000015
8938  -34.060  -74.169  6.436 0.1000000015
8942  -42.336  -74.457  5.139 0.1000000015
8944  -44.367  -74.590  5.056 0.1000000015
8945  -45.463  -74.188  5.454 0.3000000119
8946  -46.050  -74.044  5.890 0.4000000060
8958  -32.290  -74.323  5.325 0.1000000015
8963  -39.885  -74.680  4.688 0.2000000030
8978  -31.845  -75.092  4.539 0.1000000015
9500  -35.681  -73.541  15.799 0.1000000015
9501  -36.529  -73.299  15.716 0.1000000015
9511  -41.445  -74.181  14.695 0.1000000015
9533  -48.062  -74.223  11.947 0.5000000000
9567  -47.774  -73.613  9.535 0.4000000060
9604  -39.336  -73.456  6.090 0.2000000030
9608  -45.727  -73.806  5.608 0.2000000030
9639  -32.441  -73.661  3.648 0.1000000015
10171  -42.375  -71.767  16.497 0.1000000015
10181  -36.643  -72.682  15.973 0.1000000015
10227  -38.587  -72.600  10.695 0.1000000015
10228  -39.230  -72.389  10.856 0.1000000015
10263  -39.383  -72.476  7.101 0.1000000015
10274  -32.917  -73.130  5.980 0.1000000015
10300  -33.086  -72.457  4.625 0.1000000015
10310  -33.168  -72.369  3.690 0.1000000015
10823  -35.904  -71.228  17.423 0.1000000015
10824  -36.429  -71.327  17.134 0.1000000015
10839  -37.549  -71.856  16.725 0.1000000015
10852  -41.008  -71.065  15.718 0.1000000015
10891  -39.598  -71.259  11.798 0.1000000015
10933  -41.442  -71.439  8.780 0.1000000015
10937  -46.714  -71.642  7.231 0.3000000119
11013  -33.823  -71.692  2.353 0.1000000015
11525  -37.672  -70.338  18.369 0.1000000015
11576  -40.047  -70.270  14.741 0.1000000015
11582  -39.918  -70.011  13.418 0.1000000015
11589  -49.675  -71.296  14.156 0.5000000000
11597  -40.876  -70.237  12.619 0.3000000119
11618  -39.810  -70.717  12.323 0.1000000015
11661  -41.419  -70.216  9.696 0.1000000015
12297  -49.667  -69.803  22.433 0.1000000015
12363  -43.009  -68.815  17.270 0.1000000015
12375  -42.006  -69.216  16.553 0.1000000015
12376  -42.478  -69.139  17.058 0.1000000015
12380  -40.841  -69.544  15.398 0.1000000015
12388  -39.875  -69.874  14.083 0.1000000015
12391  -43.698  -68.984  14.306 0.2000000030
12425  -40.504  -69.845  13.123 0.1000000015
12472  -47.446  -69.440  8.536 0.3000000119
12486  -36.995  -69.673  7.037 0.1000000015
12500  -36.088  -69.696  6.352 0.1000000015
12518  -35.818  -69.682  5.936 0.1000000015
12519  -36.491  -69.222  6.077 0.1000000015
12533  -36.902  -69.269  4.456 0.1000000015
12546  -42.807  -69.653  2.679 0.1000000015
13120  -44.135  -68.748  18.181 0.3000000119
13121  -44.911  -68.491  18.320 0.2000000030
13152  -51.112  -68.135  16.744 0.4000000060
13154  -41.724  -68.749  15.383 0.1000000015
13155  -42.410  -68.509  15.722 0.1000000015
13161  -49.863  -68.948  16.568 0.4000000060
13166  -41.548  -68.836  14.657 0.1000000015
13172  -51.224  -68.743  15.016 0.4000000060
13260  -38.184  -68.883  7.141 0.1000000015
13316  -40.597  -68.901  3.850 0.1000000015
13318  -42.867  -68.837  3.713 0.1000000015
13319  -44.006  -68.675  3.291 0.1000000015
13905  -44.648  -68.314  17.194 0.3000000119
13974  -47.052  -67.377  9.927 0.3000000119
13994  -41.707  -67.697  7.671 0.1000000015
14002  -41.967  -68.184  6.090 0.1000000015
14013  -44.586  -67.485  4.126 0.1000000015
14627  -49.756  -66.152  19.607 0.3000000119
14668  -50.665  -66.744  16.800 0.5000000000
14674  -46.964  -66.320  14.120 0.5000000000
14736  -50.645  -65.770  8.377 0.4000000060
14779  -46.180  -67.065  2.570 0.1000000015
15290  -44.642  -65.345  23.822 0.3000000119
15349  -45.453  -65.783  20.729 0.3000000119
15360  -47.726  -65.838  20.393 0.2000000030
15383  -49.562  -65.870  19.330 0.3000000119
15524  -50.575  -65.345  8.056 0.4000000060
16069  -48.340  -64.534  25.849 0.1000000015
16106  -43.630  -64.302  22.938 0.3000000119
16826  -45.854  -63.626  25.049 0.1000000015
16845  -44.126  -63.208  23.781 0.2000000030
16870  -42.502  -63.379  21.185 0.3000000119
17028  -42.853  -63.166  6.199 0.1000000015
17036  -43.390  -63.552  5.556 0.1000000015
17807  -44.342  -62.673  4.425 0.1000000015
17817  -44.808  -63.010  3.720 0.1000000015
17825  -46.274  -63.052  2.703 0.1000000015
18390  -41.886  -61.303  19.173 0.3000000119
18550  -42.896  -61.400  6.706 0.1000000015
18551  -43.354  -61.436  6.212 0.1000000015
19177  -41.623  -60.476  20.484 0.2000000030
19241  -45.665  -60.694  16.588 0.3000000119
19383  -45.107  -60.902  4.941 0.1000000015
19396  -49.846  -60.111  2.609 0.1000000015
20035  -41.909  -59.310  20.802 0.2000000030
20223  -45.882  -59.672  5.649 0.1000000015
20235  -50.211  -59.147  3.249 0.1000000015
20809  -42.556  -58.401  23.401 0.1000000015
20816  -42.301  -58.469  22.217 0.1000000015
20823  -42.059  -58.858  21.503 0.1000000015
22623  -45.789  -56.785  7.511 0.1000000015
22632  -45.601  -56.287  6.759 0.1000000015
22641  -46.257  -56.408  6.303 0.1000000015
22669  -51.348  -56.402  1.961 0.1000000015
23491  -51.297  -56.131  2.436 0.1000000015
26943  -45.039  -51.409  7.208 0.1000000015
26958  -47.935  -51.066  3.872 0.1000000015
28706  -45.239  -49.247  6.233 0.1000000015
30440  -43.708  -48.282  7.772 0.1000000015
112646  -36.407  -70.538  2.242 0.1000000015
113261  -45.488  -68.531  18.850 0.3000000119
113444  -37.946  -70.636  7.591 0.1000000015
114641  -28.366  -80.140  10.677 0.1000000015
115354  -35.836  -71.366  6.911 0.1000000015
115503  -41.749  -67.315  8.311 0.1000000015
116095  -42.227  -62.588  18.950 0.3000000119
118887  -40.764  -80.998  7.395 0.1000000015
119390  -43.830  -77.937  14.783 0.1000000015
120867  -32.728  -75.951  5.676 0.1000000015
121463  -41.064  -73.094  7.167 0.2000000030
121628  -35.808  -70.575  2.900 0.1000000015
122800  -38.405  -68.536  5.176 0.1000000015
122979  -51.368  -55.212  1.894 0.1000000015
124190  -44.304  -64.062  15.067 0.4000000060
125006  -51.295  -68.448  15.695 0.4000000060
125696  -32.128  -77.037  5.282 0.1000000015
125817  -27.602  -78.474  6.320 0.1000000015
126261  -44.909  -65.176  4.044 0.1000000015
126469  -37.780  -75.153  4.743 0.1000000015
126494  -37.362  -74.476  5.244 0.2000000030
126818  -43.606  -69.499  13.665 0.2000000030
127025  -46.010  -65.639  13.875 0.5000000000
128149  -44.669  -75.240  16.564 0.1000000015
128430  -46.292  -61.182  3.866 0.1000000015
128770  -46.602  -55.142  5.090 0.1000000015
129421  -35.709  -69.846  5.250 0.1000000015
129586  -46.145  -49.126  4.705 0.1000000015
129708  -47.871  -53.708  4.334 0.1000000015
130174  -33.779  -71.680  1.629 0.1000000015
130196  -42.519  -60.789  23.073 0.2000000030
130596  -44.871  -54.157  17.531 0.1000000015
130706  -39.722  -80.032  7.987 0.1000000015
131220  -38.220  -78.221  4.621 0.1000000015
131575  -31.744  -77.270  4.868 0.1000000015
131939  -37.659  -76.350  15.514 0.1000000015
132179  -41.689  -72.828  10.833 0.2000000030
132512  -42.733  -71.578  11.868 0.2000000030
132518  -48.479  -73.515  11.966 0.5000000000
132579  -36.541  -69.530  6.583 0.1000000015
133268  -44.730  -64.332  14.607 0.5000000000
133280  -43.569  -73.227  16.714 0.1000000015
133378  -45.720  -77.342  17.272 0.1000000015
133459  -39.815  -70.906  14.707 0.1000000015
133528  -44.023  -77.741  8.193 0.3000000119
133767  -44.697  -64.910  19.045 0.3000000119
134552  -43.695  -63.797  5.176 0.1000000015
134725  -37.674  -69.603  7.414 0.1000000015
134840  -41.679  -75.278  4.159 0.1000000015
134946  -37.740  -74.332  15.539 0.1000000015
135523  -43.751  -68.349  15.768 0.4000000060
135586  -33.938  -72.788  6.612 0.1000000015
135593  -36.362  -76.836  15.918 0.1000000015
135987  -29.529  -81.162  2.026 0.1000000015
136224  -49.432  -68.616  8.553 0.5000000000
136303  -46.354  -65.291  19.001 0.3000000119
