#!ascii label  , from subject sub-v1s5x0050736_ses-1 vox2ras=TkReg
1139
3209  -40.260  -74.546  -4.433 0.5000000000
3208  -39.769  -74.205  -4.956 0.6000000238
5291  -43.949  -70.067  0.214 0.3000000119
2800  -39.566  -74.773  -5.040 0.5000000000
4133  -45.010  -72.054  -0.663 0.4000000060
4703  -45.235  -71.243  -0.398 0.4000000060
5302  -45.551  -70.459  -0.455 0.4000000060
106770  -45.028  -70.415  -0.016 0.3000000119
4134  -45.314  -71.426  -1.083 0.4000000060
4165  -37.831  -71.753  -3.142 0.5000000000
101877  -38.701  -72.475  -3.753 0.5000000000
3658  -39.623  -73.349  -4.536 0.5000000000
4164  -36.957  -71.584  -3.657 0.6000000238
3657  -37.556  -72.344  -4.116 0.5000000000
3207  -39.016  -73.784  -5.350 0.6000000238
5925  -43.002  -68.372  0.257 0.3000000119
3206  -38.060  -73.607  -5.795 0.5000000000
4146  -43.622  -72.546  -1.579 0.5000000000
3645  -44.714  -72.654  -0.955 0.5000000000
5933  -43.845  -68.501  -0.098 0.3000000119
3667  -37.200  -72.919  -5.278 0.6000000238
2805  -39.107  -74.345  -5.469 0.5000000000
4716  -44.240  -71.063  -2.021 0.5000000000
110167  -44.598  -71.724  -1.589 0.4000000060
4704  -45.663  -70.716  -0.890 0.4000000060
108051  -45.466  -69.786  -0.274 0.3000000119
5934  -44.862  -68.744  -0.276 0.3000000119
4715  -43.119  -70.839  -1.761 0.4000000060
4717  -45.026  -71.359  -1.699 0.4000000060
4718  -45.396  -70.804  -1.656 0.4000000060
4728  -44.894  -70.671  -2.258 0.4000000060
5972  -36.089  -68.637  -3.689 0.6999999881
5956  -36.580  -68.914  -2.889 0.6999999881
5329  -37.119  -69.544  -2.402 0.6999999881
3659  -40.438  -73.391  -3.822 0.5000000000
5971  -35.283  -68.440  -4.815 0.6999999881
109653  -35.251  -69.187  -4.572 0.6999999881
4724  -36.756  -70.351  -2.948 0.8000000119
4154  -37.268  -71.070  -2.907 0.5000000000
4153  -36.631  -70.918  -3.491 0.6999999881
117766  -41.943  -73.754  -2.552 0.5000000000
5345  -35.396  -69.775  -4.405 0.6999999881
4145  -42.055  -72.167  -1.939 0.4000000060
116303  -42.842  -72.585  -1.759 0.5000000000
6531  -43.387  -67.599  0.158 0.3000000119
4162  -34.541  -71.002  -5.628 0.6000000238
99576  -41.657  -71.174  -1.719 0.5000000000
103509  -42.736  -71.620  -1.697 0.5000000000
7175  -44.355  -67.105  -0.040 0.3000000119
4163  -35.959  -71.245  -4.512 0.5000000000
4714  -42.191  -70.570  -1.669 0.5000000000
5331  -42.842  -69.316  -2.462 0.4000000060
5316  -42.551  -69.967  -1.835 0.4000000060
5334  -45.249  -69.992  -2.527 0.4000000060
5948  -46.360  -69.393  -0.887 0.4000000060
107020  -45.973  -69.941  -0.648 0.4000000060
5332  -43.787  -69.476  -2.936 0.3000000119
8592  -34.519  -65.098  -5.152 0.5000000000
7906  -35.259  -65.963  -5.477 0.6000000238
7218  -35.996  -66.871  -5.542 0.6000000238
6578  -35.826  -67.746  -5.147 0.6000000238
110762  -36.322  -68.005  -4.265 0.6000000238
9320  -34.621  -63.526  -4.477 0.5000000000
8590  -34.328  -64.446  -4.595 0.5000000000
7902  -33.877  -65.390  -4.806 0.6000000238
107920  -34.668  -66.824  -5.526 0.6000000238
98867  -35.333  -67.492  -5.423 0.6999999881
4155  -38.856  -71.653  -2.645 0.6000000238
7834  -41.544  -65.510  1.718 0.3000000119
113271  -34.498  -63.170  -3.735 0.6999999881
8583  -34.058  -64.642  -4.325 0.6000000238
7893  -33.762  -65.506  -4.361 0.6000000238
7905  -34.133  -65.937  -5.343 0.6000000238
115551  -33.955  -67.150  -5.463 0.6999999881
6591  -34.513  -68.173  -5.369 0.6999999881
4726  -38.385  -70.689  -2.066 0.6000000238
4143  -39.390  -70.827  -1.910 0.6000000238
101700  -40.677  -72.632  -2.917 0.5000000000
8584  -34.357  -64.095  -3.778 0.6000000238
7878  -34.453  -65.021  -3.502 0.6000000238
7892  -33.547  -65.977  -4.745 0.6000000238
6577  -33.281  -67.490  -5.107 0.6999999881
5355  -33.306  -69.536  -5.634 0.6999999881
4157  -41.082  -71.881  -2.179 0.5000000000
7164  -43.368  -66.645  0.468 0.3000000119
9311  -35.154  -63.098  -2.619 0.6999999881
8572  -35.166  -63.922  -2.752 0.6000000238
99441  -35.288  -64.786  -2.368 0.6999999881
6567  -33.730  -66.953  -3.611 0.6000000238
6566  -33.248  -67.209  -4.605 0.6000000238
4736  -34.279  -70.364  -5.625 0.6999999881
4712  -39.737  -69.957  -1.534 0.5000000000
109965  -40.515  -69.859  -1.532 0.5000000000
7879  -35.010  -65.767  -2.494 0.6000000238
106901  -32.972  -69.015  -5.282 0.6000000238
4744  -33.221  -70.231  -5.781 0.6000000238
5314  -40.028  -69.189  -1.557 0.5000000000
6539  -45.191  -68.019  -0.306 0.3000000119
117256  -35.510  -64.231  -2.016 0.6999999881
7868  -35.445  -65.427  -1.462 0.6000000238
7201  -34.215  -66.053  -3.486 0.6000000238
6554  -34.146  -67.642  -2.783 0.6000000238
5955  -33.658  -68.542  -3.171 0.5000000000
5342  -32.846  -69.455  -4.888 0.5000000000
109023  -33.305  -70.983  -5.741 0.5000000000
4173  -34.903  -71.788  -5.853 0.5000000000
5315  -41.010  -69.314  -1.699 0.5000000000
5985  -43.734  -67.967  -4.628 0.3000000119
5975  -44.160  -68.565  -4.223 0.3000000119
5346  -44.250  -69.161  -3.544 0.3000000119
5964  -45.989  -68.909  -2.774 0.4000000060
5318  -46.279  -69.246  -1.778 0.4000000060
4172  -33.786  -71.497  -5.948 0.5000000000
5974  -42.644  -68.108  -4.249 0.3000000119
5962  -43.120  -68.719  -3.525 0.3000000119
5333  -44.595  -69.815  -2.859 0.4000000060
9321  -35.423  -63.281  -4.742 0.5000000000
9323  -34.977  -64.213  -4.989 0.5000000000
9324  -36.416  -64.129  -5.152 0.5000000000
8593  -35.753  -65.074  -5.368 0.5000000000
114515  -35.666  -60.984  -4.545 0.5000000000
10012  -34.781  -62.577  -4.423 0.5000000000
7907  -36.538  -66.070  -5.552 0.5000000000
6593  -37.669  -67.395  -5.326 0.6000000238
6579  -37.058  -67.632  -5.102 0.6000000238
10011  -34.520  -62.154  -4.154 0.5000000000
6568  -37.364  -67.801  -4.205 0.6000000238
5311  -37.813  -68.998  -1.873 0.8000000119
102131  -41.238  -64.198  2.762 0.3000000119
10749  -34.435  -61.375  -3.982 0.6000000238
10009  -34.369  -62.240  -4.012 0.6000000238
106028  -34.517  -62.913  -4.205 0.6000000238
6556  -37.739  -67.904  -3.209 0.4000000060
8514  -42.006  -64.324  2.207 0.3000000119
10746  -34.311  -61.450  -3.639 0.6999999881
5944  -38.620  -68.726  -1.808 0.5000000000
4710  -37.968  -69.842  -1.879 0.6000000238
111680  -42.913  -65.307  1.317 0.3000000119
115663  -43.571  -66.122  0.658 0.3000000119
10743  -34.586  -61.721  -2.579 0.6999999881
5958  -38.946  -68.248  -2.303 0.4000000060
103490  -44.077  -66.245  0.442 0.3000000119
9993  -35.235  -62.576  -2.023 0.6000000238
9297  -35.523  -63.606  -1.732 0.6999999881
5945  -39.477  -68.661  -1.790 0.4000000060
9979  -35.405  -62.918  -0.902 0.6000000238
9287  -35.630  -63.914  -0.749 0.6999999881
6548  -35.173  -66.382  -1.558 0.6000000238
113350  -32.964  -70.541  -5.390 0.6000000238
110410  -40.580  -68.355  -2.572 0.4000000060
5947  -41.200  -68.662  -2.292 0.4000000060
7212  -42.589  -67.472  -4.434 0.3000000119
106443  -43.177  -67.704  -4.517 0.3000000119
7214  -44.254  -67.209  -4.655 0.3000000119
6586  -44.312  -67.599  -4.692 0.3000000119
5977  -45.500  -68.534  -3.766 0.4000000060
5935  -46.027  -69.110  -0.391 0.3000000119
7174  -35.452  -65.970  -0.633 0.6000000238
6547  -34.788  -67.368  -1.601 0.5000000000
101760  -34.357  -68.297  -1.975 0.5000000000
5343  -33.356  -69.442  -3.613 0.5000000000
117221  -32.984  -70.640  -4.811 0.5000000000
4161  -33.205  -71.168  -5.063 0.6000000238
4171  -33.508  -71.649  -5.664 0.5000000000
5960  -41.193  -68.186  -3.333 0.3000000119
6585  -42.300  -67.728  -4.311 0.3000000119
6537  -35.179  -66.945  -0.675 0.5000000000
102575  -34.003  -69.151  -2.308 0.5000000000
4152  -33.499  -70.749  -3.731 0.5000000000
4142  -34.210  -71.191  -2.166 0.5000000000
10753  -36.628  -61.051  -4.701 0.5000000000
10013  -36.697  -63.062  -4.882 0.5000000000
9325  -37.436  -63.688  -5.191 0.5000000000
8595  -37.652  -64.490  -5.383 0.5000000000
8594  -37.036  -65.214  -5.463 0.5000000000
109124  -34.438  -60.376  -3.985 0.5000000000
115129  -35.805  -62.109  -4.607 0.5000000000
7908  -37.720  -66.236  -5.584 0.4000000060
107416  -37.965  -67.054  -5.513 0.4000000060
9247  -40.794  -63.933  3.534 0.3000000119
113955  -42.125  -62.850  3.338 0.3000000119
102016  -34.120  -60.397  -3.637 0.6000000238
6594  -38.461  -67.458  -5.359 0.4000000060
6580  -38.151  -67.720  -5.151 0.4000000060
10742  -33.927  -60.619  -3.248 0.6000000238
8526  -42.742  -64.539  1.776 0.3000000119
8527  -43.616  -64.751  1.389 0.3000000119
114230  -34.113  -61.071  -2.301 0.6000000238
6557  -39.486  -68.068  -3.621 0.4000000060
6570  -40.192  -68.119  -4.842 0.4000000060
6558  -40.418  -68.135  -3.542 0.4000000060
7165  -44.946  -66.407  0.168 0.3000000119
10729  -34.853  -61.903  -1.559 0.6999999881
6571  -40.907  -67.948  -4.495 0.3000000119
6584  -41.312  -67.708  -4.355 0.3000000119
100241  -37.158  -62.077  -4.844 0.5000000000
10019  -37.826  -62.951  -5.130 0.5000000000
9326  -38.388  -63.799  -5.320 0.4000000060
11488  -35.150  -60.150  -4.412 0.5000000000
107320  -37.928  -65.330  -5.529 0.4000000060
12211  -35.721  -58.763  -4.502 0.6000000238
7221  -39.037  -66.358  -5.359 0.4000000060
7209  -39.117  -67.338  -5.368 0.4000000060
9250  -43.310  -63.444  2.228 0.3000000119
9942  -42.692  -63.045  2.724 0.3000000119
11479  -33.602  -59.602  -3.240 0.6000000238
6581  -39.065  -67.872  -5.233 0.4000000060
108304  -39.562  -68.139  -5.067 0.4000000060
6582  -39.829  -67.843  -5.186 0.4000000060
7211  -40.421  -67.293  -4.955 0.4000000060
6583  -40.622  -67.798  -4.761 0.3000000119
110633  -41.411  -67.522  -4.457 0.3000000119
9978  -34.734  -62.115  -0.512 0.6000000238
10754  -37.645  -61.018  -4.902 0.5000000000
10014  -38.242  -62.031  -5.117 0.5000000000
103827  -38.768  -62.888  -5.272 0.4000000060
11489  -36.180  -59.867  -4.711 0.5000000000
11490  -37.178  -59.752  -4.890 0.5000000000
9327  -39.122  -63.495  -5.216 0.4000000060
11485  -34.720  -59.180  -4.089 0.6000000238
12204  -36.255  -57.617  -4.365 0.6000000238
12212  -36.758  -58.353  -4.810 0.6000000238
105777  -39.032  -64.281  -5.208 0.4000000060
11484  -33.962  -59.497  -3.613 0.6000000238
12203  -35.284  -57.894  -4.116 0.6000000238
7903  -39.391  -65.799  -4.961 0.4000000060
7210  -39.652  -66.933  -5.250 0.4000000060
7904  -39.964  -66.139  -4.507 0.4000000060
112897  -40.403  -66.327  -4.322 0.4000000060
7895  -40.367  -65.615  -3.515 0.4000000060
9267  -43.890  -63.964  1.750 0.3000000119
12193  -33.595  -59.053  -3.258 0.6000000238
7202  -40.911  -66.595  -4.152 0.4000000060
7849  -45.424  -65.843  0.493 0.3000000119
8541  -44.279  -65.153  0.979 0.3000000119
11470  -33.288  -59.935  -2.699 0.6000000238
10728  -33.899  -61.090  -1.445 0.6000000238
11457  -32.338  -59.416  -2.256 0.6999999881
12183  -32.521  -59.015  -2.492 0.6999999881
10741  -32.733  -60.247  -2.018 0.6000000238
11469  -31.797  -59.221  -2.003 0.6999999881
10727  -32.094  -60.359  -1.551 0.6000000238
12177  -34.151  -58.617  -1.031 0.6999999881
11456  -31.466  -59.561  -1.852 0.6999999881
12176  -33.014  -58.499  -1.403 0.6999999881
117006  -39.314  -61.255  -5.332 0.5000000000
12213  -37.792  -58.230  -4.996 0.5000000000
11491  -38.645  -59.025  -5.151 0.5000000000
100127  -37.973  -59.801  -5.061 0.5000000000
10758  -40.011  -61.479  -5.381 0.5000000000
10021  -39.958  -62.286  -5.216 0.4000000060
103993  -39.530  -62.870  -5.197 0.4000000060
12921  -36.540  -57.329  -4.144 0.6000000238
12205  -37.207  -57.654  -4.480 0.6000000238
109485  -38.399  -57.833  -4.924 0.6000000238
12214  -38.938  -57.977  -4.973 0.6000000238
9319  -39.609  -63.659  -4.749 0.4000000060
12202  -34.304  -58.525  -3.702 0.6000000238
12196  -38.446  -57.910  -3.796 0.6000000238
12206  -38.661  -57.644  -4.520 0.6000000238
8591  -39.278  -64.711  -4.810 0.4000000060
12919  -35.023  -57.571  -3.496 0.6000000238
12194  -36.740  -57.716  -3.424 0.6000000238
11480  -38.149  -59.181  -2.672 0.6000000238
7894  -39.678  -65.125  -3.847 0.4000000060
8574  -41.335  -64.363  -1.948 0.4000000060
12912  -34.625  -57.838  -2.728 0.6000000238
12913  -35.419  -57.693  -2.807 0.6000000238
12187  -37.264  -58.850  -2.567 0.6000000238
12188  -39.795  -59.847  -1.919 0.6000000238
7880  -40.759  -65.090  -2.550 0.4000000060
11478  -33.127  -59.240  -2.827 0.6000000238
12186  -36.255  -58.394  -2.383 0.6000000238
11473  -38.530  -60.109  -1.925 0.6000000238
12911  -33.828  -58.149  -2.768 0.6000000238
12185  -35.306  -58.358  -1.937 0.6000000238
11471  -36.861  -59.720  -1.562 0.6000000238
100169  -39.161  -60.255  -1.562 0.6000000238
12189  -40.485  -59.816  -0.997 0.6000000238
12181  -41.265  -59.311  -0.428 0.6000000238
11460  -37.253  -60.449  -0.918 0.6000000238
11461  -38.599  -60.607  -0.893 0.6000000238
11462  -39.350  -60.491  -0.688 0.6000000238
12180  -40.692  -59.819  0.142 0.6000000238
12178  -35.060  -58.948  -1.036 0.6000000238
12179  -35.948  -59.309  -1.284 0.6000000238
103708  -37.837  -60.719  -0.681 0.5000000000
100875  -39.161  -60.714  0.049 0.6000000238
11459  -36.524  -60.233  -0.655 0.5000000000
11468  -31.337  -59.313  -1.761 0.6999999881
12164  -33.884  -58.879  -0.194 0.6999999881
12165  -34.808  -59.307  -0.182 0.5000000000
11439  -36.254  -60.552  0.254 0.6000000238
11440  -37.271  -60.908  -0.036 0.5000000000
11441  -38.308  -60.944  0.074 0.5000000000
10708  -36.913  -61.161  0.919 0.6000000238
8489  -28.606  -65.256  5.057 0.6000000238
8490  -29.121  -64.578  5.249 0.6000000238
98890  -28.688  -65.259  4.005 0.6000000238
11497  -39.371  -60.378  -5.348 0.5000000000
11492  -39.476  -59.037  -5.270 0.5000000000
99453  -40.210  -60.286  -5.458 0.5000000000
10016  -40.151  -62.652  -4.923 0.5000000000
101500  -39.145  -58.106  -3.756 0.5000000000
12207  -39.331  -57.744  -4.542 0.5000000000
12208  -40.075  -57.721  -4.342 0.5000000000
9322  -40.352  -63.052  -4.243 0.4000000060
10004  -40.543  -63.378  -2.986 0.4000000060
113205  -39.691  -57.968  -3.809 0.5000000000
12922  -40.696  -57.629  -4.133 0.5000000000
116786  -39.582  -64.433  -4.211 0.4000000060
9312  -40.959  -63.617  -2.219 0.4000000060
99107  -40.453  -59.296  -2.182 0.5000000000
12199  -41.015  -58.764  -2.454 0.5000000000
12198  -40.437  -58.371  -3.339 0.5000000000
8573  -40.524  -64.296  -2.541 0.4000000060
12190  -41.155  -59.143  -1.516 0.6000000238
12900  -41.879  -58.736  0.059 0.4000000060
12908  -42.348  -58.190  -0.572 0.4000000060
13602  -42.871  -57.607  -0.321 0.4000000060
12166  -40.710  -59.694  1.083 0.6000000238
12167  -41.323  -59.255  0.614 0.6000000238
13596  -42.644  -57.439  1.183 0.5000000000
12901  -42.414  -58.035  0.501 0.4000000060
13603  -43.358  -57.026  0.010 0.4000000060
13597  -43.154  -56.932  0.969 0.4000000060
11442  -39.675  -60.534  0.771 0.6000000238
12889  -41.836  -58.608  1.033 0.5000000000
11437  -34.543  -59.592  0.623 0.6000000238
10709  -37.915  -61.217  0.894 0.5000000000
115273  -38.892  -60.927  0.999 0.5000000000
12149  -41.226  -59.009  1.694 0.5000000000
111990  -41.660  -58.331  1.715 0.5000000000
13590  -42.728  -56.851  1.579 0.4000000060
14258  -43.142  -56.160  1.562 0.4000000060
11438  -35.368  -60.071  0.473 0.6000000238
11418  -39.532  -60.563  1.593 0.5000000000
8473  -27.802  -65.001  6.031 0.6999999881
8474  -28.539  -64.837  5.882 0.6000000238
9195  -28.570  -63.722  6.876 0.6999999881
8475  -29.191  -64.367  5.888 0.6000000238
9196  -29.401  -63.450  6.928 0.6000000238
101350  -29.489  -63.814  4.539 0.6000000238
9209  -29.698  -63.772  6.084 0.6000000238
9197  -30.147  -63.147  6.592 0.6000000238
9875  -31.104  -62.161  7.463 0.6000000238
10593  -32.339  -61.437  7.293 0.6000000238
9233  -29.142  -63.402  3.548 0.5000000000
9909  -30.303  -62.514  4.523 0.6000000238
9222  -30.509  -62.798  5.277 0.6000000238
110120  -30.857  -62.662  6.031 0.6000000238
9887  -31.432  -62.254  6.630 0.6000000238
10022  -40.613  -61.989  -5.160 0.5000000000
9925  -29.223  -62.236  3.128 0.5000000000
9908  -29.674  -62.839  4.055 0.5000000000
9894  -31.727  -62.098  5.576 0.5000000000
10603  -32.159  -61.830  6.475 0.5000000000
100126  -39.523  -58.034  -5.021 0.4000000060
11493  -40.338  -58.910  -5.327 0.5000000000
10755  -41.334  -61.656  -5.087 0.5000000000
10017  -40.875  -62.232  -4.771 0.4000000060
9926  -29.992  -61.928  3.783 0.5000000000
10637  -30.666  -61.941  4.223 0.5000000000
10618  -32.627  -61.729  5.716 0.5000000000
12215  -40.073  -57.826  -4.828 0.5000000000
10010  -41.109  -62.347  -3.898 0.4000000060
10747  -41.762  -61.936  -3.136 0.4000000060
10006  -41.924  -62.377  -2.043 0.4000000060
10638  -31.384  -61.782  4.452 0.6000000238
10639  -32.282  -61.671  4.778 0.6000000238
10005  -41.237  -62.802  -2.558 0.4000000060
10679  -31.221  -60.701  3.100 0.6000000238
10663  -31.858  -61.226  3.764 0.6000000238
10664  -32.826  -61.386  4.159 0.6999999881
12923  -41.243  -58.097  -3.279 0.4000000060
12914  -41.727  -58.411  -2.187 0.5000000000
11435  -29.116  -60.194  0.005 0.6000000238
99729  -42.766  -57.682  -1.375 0.4000000060
11436  -29.710  -59.693  -0.350 0.6000000238
114105  -42.248  -58.193  -1.475 0.4000000060
12160  -30.378  -59.353  -0.796 0.6000000238
12162  -31.706  -58.778  -0.284 0.6000000238
12147  -33.658  -59.264  0.678 0.6000000238
12163  -32.646  -58.660  -0.506 0.6999999881
11417  -35.946  -60.839  1.044 0.6000000238
10692  -36.599  -61.294  1.728 0.6000000238
10694  -38.418  -61.159  1.739 0.5000000000
9194  -27.737  -63.660  6.717 0.6999999881
9185  -28.856  -63.211  7.326 0.6999999881
9868  -29.575  -62.061  8.221 0.6000000238
9874  -30.264  -62.336  7.807 0.6000000238
10583  -31.092  -61.313  8.509 0.6000000238
10592  -31.532  -61.677  7.829 0.6000000238
11315  -32.745  -60.805  7.807 0.6999999881
11316  -33.467  -60.505  7.482 0.6000000238
10594  -33.128  -61.070  7.063 0.6000000238
112482  -41.285  -59.371  -5.509 0.5000000000
11498  -41.142  -60.287  -5.527 0.5000000000
10759  -40.931  -61.251  -5.371 0.5000000000
10760  -41.794  -61.068  -5.316 0.5000000000
10605  -33.438  -61.212  6.494 0.6000000238
11335  -33.769  -60.820  6.816 0.5000000000
11499  -42.176  -60.273  -5.516 0.5000000000
10018  -41.460  -61.817  -4.699 0.5000000000
10750  -41.910  -61.612  -4.327 0.4000000060
10620  -34.173  -61.447  5.384 0.6000000238
10640  -33.186  -61.602  5.056 0.6000000238
11337  -35.108  -60.413  6.350 0.5000000000
12934  -40.744  -57.542  -4.726 0.5000000000
11411  -29.590  -59.717  0.836 0.6000000238
11394  -29.670  -60.078  1.786 0.4000000060
10678  -30.328  -60.474  2.604 0.6000000238
115509  -32.576  -60.973  3.490 0.6000000238
104411  -33.724  -61.468  4.408 0.6000000238
12924  -42.034  -57.686  -3.345 0.4000000060
12931  -42.260  -57.268  -4.998 0.4000000060
98594  -30.499  -59.630  1.641 0.5000000000
11395  -31.309  -60.132  2.459 0.5000000000
11382  -32.011  -60.612  3.017 0.6999999881
109904  -33.301  -61.118  3.576 0.6000000238
10665  -34.169  -61.332  3.700 0.6000000238
10641  -34.718  -61.528  4.585 0.6000000238
12143  -30.309  -59.260  0.420 0.6000000238
11396  -32.250  -60.095  2.357 0.6000000238
11383  -32.846  -60.598  2.940 0.6000000238
111784  -35.016  -61.538  3.861 0.6000000238
10642  -35.769  -61.483  4.526 0.6000000238
10643  -36.599  -61.293  4.731 0.6000000238
12915  -42.498  -57.746  -2.392 0.4000000060
12144  -30.987  -59.150  1.000 0.5000000000
11412  -31.556  -59.559  1.714 0.6000000238
11397  -33.148  -60.146  2.277 0.6000000238
10666  -35.698  -61.516  3.504 0.6000000238
10667  -36.567  -61.489  4.044 0.6000000238
12161  -30.947  -58.912  0.006 0.6000000238
12146  -32.672  -59.143  0.727 0.6000000238
11413  -32.503  -59.581  1.641 0.6000000238
11399  -34.888  -60.661  2.015 0.6000000238
10681  -35.617  -61.293  2.590 0.6000000238
11416  -35.113  -60.340  1.242 0.6000000238
10693  -37.557  -61.342  1.736 0.5000000000
112186  -39.029  -60.878  1.829 0.5000000000
9183  -27.534  -62.941  6.870 0.6999999881
9184  -28.168  -63.149  7.226 0.6999999881
9883  -26.620  -62.292  6.026 0.6999999881
10602  -27.338  -61.504  6.845 0.6999999881
9871  -27.826  -62.316  7.301 0.6999999881
114269  -28.372  -61.998  7.809 0.6999999881
10582  -30.158  -61.533  8.538 0.6000000238
11309  -31.435  -60.570  8.842 0.6000000238
11310  -32.295  -60.401  8.548 0.5000000000
10584  -31.946  -61.106  8.203 0.6999999881
11311  -33.091  -60.153  8.229 0.5000000000
12064  -34.547  -59.476  7.404 0.5000000000
11317  -34.147  -60.265  7.173 0.5000000000
12219  -42.827  -59.651  -5.549 0.4000000060
11494  -42.615  -60.877  -5.192 0.5000000000
11486  -43.270  -60.720  -4.665 0.5000000000
10757  -42.671  -61.069  -4.834 0.5000000000
11482  -42.975  -60.789  -3.351 0.4000000060
12935  -41.684  -57.571  -5.035 0.4000000060
11500  -43.059  -60.424  -5.346 0.4000000060
11354  -34.805  -61.113  5.969 0.6000000238
99090  -35.260  -61.357  5.288 0.6000000238
11356  -36.366  -60.533  5.569 0.6000000238
10644  -37.263  -61.176  4.464 0.6000000238
11357  -37.078  -60.142  5.314 0.6000000238
10668  -37.298  -61.392  3.615 0.6000000238
11372  -37.624  -60.550  4.739 0.6000000238
118148  -36.325  -61.371  2.357 0.6000000238
11385  -38.064  -60.975  4.002 0.5000000000
10683  -37.211  -61.430  2.617 0.6000000238
114762  -37.903  -61.326  3.217 0.5000000000
10684  -38.121  -61.299  2.506 0.5000000000
10617  -26.269  -61.775  5.620 0.6999999881
10601  -26.754  -61.592  6.201 0.6999999881
11333  -27.606  -60.652  7.014 0.6999999881
10588  -27.966  -61.423  7.523 0.6999999881
10580  -28.915  -60.619  8.369 0.6000000238
10589  -28.588  -61.387  8.108 0.6999999881
11308  -30.531  -60.633  8.974 0.4000000060
11370  -26.120  -60.341  5.257 0.6999999881
11352  -26.412  -60.969  5.736 0.6999999881
12061  -28.704  -59.824  7.906 0.6000000238
12046  -31.765  -59.856  9.144 0.5000000000
11381  -25.185  -60.371  3.729 0.6999999881
12105  -25.966  -59.808  4.825 0.6999999881
12800  -33.510  -58.592  8.884 0.5000000000
12112  -25.476  -59.481  3.306 0.6999999881
12049  -34.064  -59.078  8.206 0.5000000000
12863  -25.833  -58.724  2.864 0.6000000238
12878  -26.306  -58.059  2.439 0.6000000238
13586  -27.320  -57.766  0.238 0.5000000000
14253  -27.926  -57.210  -0.086 0.5000000000
11496  -44.022  -60.207  -5.108 0.4000000060
11487  -43.823  -60.277  -4.311 0.4000000060
11373  -38.429  -60.082  4.365 0.6000000238
12045  -29.351  -59.825  8.518 0.5000000000
12039  -30.137  -59.666  9.067 0.5000000000
101189  -26.675  -60.159  5.833 0.6000000238
11353  -27.306  -59.998  6.410 0.6000000238
11334  -28.054  -59.729  7.033 0.6000000238
112582  -29.153  -59.215  8.034 0.6000000238
12788  -30.832  -59.100  9.317 0.5000000000
115485  -31.365  -59.323  9.355 0.5000000000
12799  -32.744  -58.877  9.198 0.5000000000
98673  -26.178  -59.191  4.642 0.6999999881
12094  -26.431  -59.600  5.271 0.6000000238
12095  -27.061  -59.414  5.793 0.6000000238
12823  -28.284  -58.873  6.417 0.6000000238
117605  -29.318  -58.302  6.997 0.6000000238
13491  -34.442  -57.569  8.795 0.5000000000
12848  -25.898  -58.904  3.860 0.6999999881
12837  -26.793  -58.860  5.151 0.6000000238
13530  -28.174  -57.906  5.160 0.6000000238
13531  -28.975  -57.716  5.391 0.6000000238
13516  -29.606  -57.773  6.391 0.6000000238
12864  -26.269  -58.191  3.504 0.6000000238
12849  -26.496  -58.463  4.388 0.6000000238
13544  -27.787  -57.340  4.340 0.6000000238
13545  -28.789  -57.342  4.786 0.6000000238
13562  -26.630  -57.474  3.028 0.6000000238
14229  -27.214  -57.029  3.444 0.6000000238
14217  -28.601  -56.798  4.079 0.6000000238
13546  -29.571  -56.871  4.514 0.6000000238
14241  -27.099  -56.923  2.459 0.5000000000
115155  -27.351  -57.160  1.352 0.5000000000
14243  -27.642  -56.467  2.796 0.5000000000
14230  -28.370  -56.249  3.228 0.6000000238
14231  -29.283  -56.373  3.705 0.6000000238
14264  -27.817  -56.953  -1.150 0.5000000000
14242  -27.711  -56.597  1.687 0.5000000000
14954  -29.047  -55.839  2.812 0.6000000238
110001  -29.811  -56.018  3.314 0.6000000238
14254  -28.331  -56.733  -0.826 0.5000000000
115441  -28.749  -56.478  -0.442 0.5000000000
14978  -28.367  -56.568  0.483 0.4000000060
14966  -29.206  -55.680  1.842 0.5000000000
14967  -29.909  -55.720  2.570 0.6000000238
12798  -30.360  -58.665  9.021 0.6000000238
13478  -31.470  -57.844  9.401 0.5000000000
12790  -32.106  -58.333  9.512 0.5000000000
12811  -30.095  -58.049  8.296 0.6000000238
13488  -30.750  -57.874  9.023 0.5000000000
13490  -33.680  -57.771  9.171 0.5000000000
13517  -30.221  -57.322  6.736 0.6999999881
14163  -30.751  -57.149  8.334 0.6999999881
113935  -29.583  -57.499  5.623 0.6000000238
13532  -30.159  -57.215  5.886 0.6999999881
14203  -30.016  -57.096  5.163 0.6000000238
14196  -30.679  -56.726  6.235 0.6999999881
14218  -30.409  -56.617  4.679 0.6000000238
14204  -30.580  -56.719  5.395 0.6999999881
14232  -30.172  -56.377  3.973 0.6000000238
113548  -30.936  -56.362  4.916 0.6999999881
15011  -28.326  -55.288  -1.138 0.5000000000
99752  -29.162  -56.181  -0.578 0.5000000000
14979  -28.905  -56.012  0.775 0.4000000060
14955  -30.591  -55.916  3.302 0.6000000238
109031  -29.214  -55.964  -1.194 0.5000000000
14980  -29.602  -55.724  0.587 0.4000000060
99302  -30.153  -55.552  1.528 0.5000000000
13480  -33.077  -57.186  9.522 0.5000000000
14146  -32.548  -56.665  9.470 0.5000000000
14164  -31.454  -56.601  8.808 0.5000000000
14863  -32.826  -55.880  9.406 0.5000000000
14183  -30.682  -56.794  7.263 0.6999999881
14197  -31.214  -56.008  6.750 0.6999999881
14205  -31.118  -56.228  5.618 0.6000000238
14943  -31.009  -56.142  4.137 0.6999999881
14930  -31.676  -55.429  5.763 0.6000000238
113612  -30.881  -55.610  2.392 0.6000000238
14956  -31.477  -55.595  3.192 0.6000000238
15013  -29.500  -55.145  -1.396 0.5000000000
15000  -30.542  -55.376  -0.035 0.4000000060
15767  -30.840  -54.288  -1.830 0.4000000060
15753  -31.183  -54.705  -1.248 0.4000000060
15001  -31.696  -55.055  -0.071 0.5000000000
14981  -31.194  -55.368  1.259 0.5000000000
14879  -31.753  -55.807  8.511 0.6000000238
14880  -32.410  -55.427  8.960 0.5000000000
14902  -31.547  -55.591  7.651 0.6000000238
14881  -32.895  -54.650  8.708 0.5000000000
14919  -31.773  -55.126  6.915 0.6000000238
109421  -32.313  -54.417  7.148 0.5000000000
15676  -32.163  -54.629  6.194 0.6000000238
104325  -31.710  -55.550  4.115 0.6999999881
14931  -32.186  -54.769  5.281 0.5000000000
100292  -32.073  -55.294  2.671 0.6000000238
14968  -31.741  -55.378  2.155 0.5000000000
15754  -32.238  -54.370  -1.311 0.4000000060
14982  -32.124  -55.131  1.098 0.5000000000
17237  -30.332  -52.123  6.380 0.4000000060
18017  -30.713  -51.381  6.682 0.3000000119
18029  -30.763  -51.754  5.963 0.4000000060
15645  -33.761  -54.170  8.839 0.5000000000
17266  -30.405  -52.324  4.645 0.3000000119
18036  -30.994  -51.773  5.236 0.4000000060
115451  -32.628  -53.917  6.426 0.5000000000
15661  -33.178  -53.886  8.136 0.5000000000
17284  -30.278  -52.443  3.004 0.3000000119
17267  -31.195  -51.869  4.350 0.4000000060
110957  -32.506  -54.174  5.680 0.5000000000
17285  -31.310  -52.264  2.457 0.3000000119
16494  -32.624  -54.131  4.922 0.6000000238
114452  -32.692  -54.521  3.433 0.6999999881
112728  -32.789  -54.132  4.153 0.6000000238
15738  -32.664  -54.681  -0.107 0.5000000000
15720  -33.154  -54.250  2.541 0.5000000000
15728  -33.004  -54.653  1.654 0.4000000060
16541  -33.755  -53.416  2.383 0.4000000060
18757  -29.656  -50.954  8.112 0.3000000119
18779  -30.376  -50.975  7.472 0.3000000119
18791  -30.916  -50.639  6.690 0.3000000119
18792  -31.298  -50.384  6.152 0.3000000119
18799  -31.609  -50.406  5.481 0.4000000060
16466  -32.832  -53.774  7.298 0.5000000000
17275  -31.259  -52.114  3.431 0.4000000060
18037  -31.758  -51.059  4.830 0.4000000060
16480  -33.196  -53.267  6.561 0.5000000000
18052  -31.962  -51.845  2.644 0.4000000060
18045  -32.446  -51.121  2.678 0.4000000060
16495  -33.055  -53.476  5.554 0.5000000000
17286  -32.016  -52.164  1.492 0.4000000060
16515  -33.186  -53.520  4.527 0.5000000000
16529  -33.308  -53.660  3.508 0.5000000000
101534  -33.709  -52.969  4.079 0.5000000000
118442  -33.220  -53.409  -1.909 0.3000000119
16566  -33.922  -53.474  -1.009 0.4000000060
18756  -28.803  -50.991  8.554 0.3000000119
19591  -29.861  -50.239  7.600 0.3000000119
19606  -31.399  -49.943  5.876 0.4000000060
19618  -31.587  -49.695  5.149 0.4000000060
16452  -35.759  -52.919  8.782 0.4000000060
18804  -32.021  -50.136  4.596 0.4000000060
16451  -34.896  -52.679  8.446 0.4000000060
18044  -31.896  -51.439  3.713 0.4000000060
18038  -32.229  -50.649  3.835 0.4000000060
16467  -33.510  -53.192  7.476 0.4000000060
18810  -32.446  -50.327  3.010 0.4000000060
17254  -33.677  -52.676  5.881 0.5000000000
18053  -32.498  -51.660  1.335 0.4000000060
18072  -34.057  -51.566  -1.326 0.3000000119
17268  -33.696  -52.762  4.905 0.5000000000
17299  -34.561  -52.220  0.550 0.3000000119
100275  -29.167  -50.426  8.078 0.3000000119
113868  -29.510  -49.581  7.196 0.3000000119
19604  -30.266  -49.724  6.937 0.3000000119
20419  -30.570  -48.822  5.101 0.4000000060
20420  -31.238  -49.074  4.669 0.4000000060
20433  -30.643  -48.563  3.931 0.3000000119
19625  -31.775  -49.409  4.157 0.4000000060
17211  -36.414  -52.365  8.966 0.4000000060
17992  -38.349  -51.684  9.002 0.4000000060
19630  -31.829  -49.129  2.872 0.4000000060
116810  -34.601  -52.312  8.075 0.4000000060
17224  -33.989  -52.542  7.215 0.4000000060
115609  -32.782  -51.055  1.144 0.3000000119
17239  -34.190  -52.065  6.387 0.4000000060
18060  -33.266  -51.300  -0.448 0.3000000119
18073  -34.029  -51.432  -1.363 0.3000000119
17276  -33.992  -52.749  3.233 0.4000000060
19589  -27.978  -49.585  7.435 0.3000000119
20403  -29.584  -49.130  6.530 0.4000000060
20418  -29.588  -48.618  5.453 0.4000000060
105829  -39.095  -50.193  8.650 0.4000000060
17973  -37.702  -51.238  9.283 0.4000000060
20434  -31.276  -48.800  3.457 0.4000000060
17990  -36.212  -51.544  9.013 0.4000000060
19631  -32.314  -49.644  2.376 0.4000000060
17209  -34.919  -51.766  8.155 0.4000000060
17989  -35.511  -51.229  8.568 0.4000000060
19638  -32.402  -49.331  0.617 0.3000000119
17225  -34.442  -51.991  7.428 0.4000000060
18829  -33.926  -49.728  -1.014 0.3000000119
18061  -34.068  -50.565  -1.116 0.3000000119
111853  -34.500  -49.931  -0.529 0.3000000119
17255  -34.312  -51.911  5.261 0.5000000000
17288  -34.701  -51.636  1.830 0.3000000119
114873  -34.271  -52.090  4.114 0.4000000060
16551  -34.191  -53.197  1.099 0.4000000060
19602  -27.692  -49.010  6.631 0.3000000119
20439  -29.938  -48.021  2.892 0.3000000119
110611  -30.637  -48.312  2.721 0.3000000119
17974  -38.651  -50.893  8.972 0.4000000060
19637  -31.822  -48.692  1.274 0.3000000119
17972  -36.787  -51.008  9.306 0.4000000060
18742  -38.034  -50.491  9.326 0.3000000119
20464  -33.838  -48.501  -0.449 0.3000000119
19646  -34.350  -49.146  -0.395 0.3000000119
18018  -34.496  -51.371  6.579 0.4000000060
18062  -34.726  -50.600  0.009 0.3000000119
18816  -34.947  -50.250  2.439 0.3000000119
18046  -34.826  -51.032  2.677 0.3000000119
100234  -34.645  -51.249  4.524 0.3000000119
20441  -31.116  -48.239  1.810 0.3000000119
21272  -30.659  -46.837  1.522 0.3000000119
20456  -31.780  -47.551  0.721 0.3000000119
18741  -37.322  -50.414  9.418 0.3000000119
18760  -36.036  -50.734  9.064 0.4000000060
18740  -36.560  -50.214  9.352 0.4000000060
20449  -33.682  -47.808  0.987 0.3000000119
17988  -34.976  -50.901  8.085 0.4000000060
18759  -35.354  -50.446  8.633 0.4000000060
18821  -34.858  -49.872  0.754 0.3000000119
18054  -34.903  -50.790  1.461 0.3000000119
100799  -34.624  -50.753  5.802 0.3000000119
18806  -34.795  -50.624  3.999 0.3000000119
21275  -33.102  -47.232  1.585 0.3000000119
20450  -34.390  -48.578  1.577 0.3000000119
111801  -35.125  -49.804  8.765 0.3000000119
18739  -35.804  -49.860  9.167 0.3000000119
19639  -34.789  -49.452  1.961 0.3000000119
18793  -34.553  -50.700  6.797 0.3000000119
18811  -34.857  -50.252  3.439 0.3000000119
21264  -33.161  -47.320  2.583 0.3000000119
21254  -32.614  -47.187  3.716 0.3000000119
20442  -34.503  -48.955  2.773 0.3000000119
18758  -34.682  -50.118  8.142 0.3000000119
21255  -33.361  -47.797  3.640 0.3000000119
21241  -32.728  -47.521  4.802 0.3000000119
17287  -34.345  -52.543  2.087 0.4000000060
17317  -34.274  -52.178  -1.151 0.3000000119
104618  -34.758  -51.339  0.704 0.3000000119
4725  -37.543  -70.457  -2.380 0.6000000238
3650  -39.782  -72.526  -3.401 0.5000000000
3668  -38.479  -73.076  -4.912 0.5000000000
3643  -43.296  -73.430  -1.567 0.5000000000
112900  -36.002  -69.225  -3.586 0.6999999881
6555  -36.929  -68.200  -3.065 0.6999999881
5983  -34.190  -69.015  -5.434 0.6999999881
4737  -35.805  -70.444  -4.188 0.6999999881
3642  -42.432  -73.187  -2.083 0.4000000060
5344  -34.150  -69.721  -5.585 0.6999999881
7176  -45.542  -67.283  -0.137 0.3000000119
106809  -41.818  -69.833  -1.686 0.5000000000
5961  -42.146  -68.502  -3.033 0.3000000119
7219  -37.160  -66.925  -5.512 0.6000000238
6592  -36.590  -67.363  -5.331 0.6000000238
9318  -34.301  -63.770  -4.270 0.6000000238
6590  -34.268  -67.649  -5.480 0.6999999881
8525  -42.114  -65.057  1.707 0.3000000119
7208  -33.364  -66.648  -4.938 0.6000000238
5981  -33.257  -68.239  -5.283 0.6999999881
5313  -39.184  -69.247  -1.554 0.5000000000
4144  -40.547  -70.830  -1.768 0.6000000238
4156  -40.051  -71.735  -2.415 0.5000000000
5969  -32.941  -68.100  -4.965 0.6000000238
4734  -32.916  -69.844  -5.410 0.6999999881
7193  -34.578  -66.714  -2.552 0.5000000000
4735  -32.981  -70.154  -4.555 0.5000000000
116713  -35.638  -64.450  -0.609 0.6000000238
4723  -33.526  -70.104  -3.322 0.5000000000
5987  -45.045  -68.184  -4.474 0.3000000119
5957  -37.954  -68.303  -2.400 0.5000000000
6540  -46.365  -68.254  -0.281 0.3000000119
5327  -33.834  -69.774  -2.579 0.5000000000
8597  -38.966  -65.306  -5.261 0.4000000060
12929  -35.883  -57.325  -4.126 0.6000000238
12184  -34.395  -58.241  -1.842 0.6000000238
11458  -35.636  -59.770  -0.355 0.6000000238
12195  -37.540  -57.587  -3.875 0.6000000238
8585  -39.927  -64.177  -3.466 0.4000000060
11481  -39.009  -59.425  -2.645 0.6000000238
12197  -39.777  -59.034  -2.917 0.5000000000
11472  -37.775  -60.140  -1.642 0.6000000238
12907  -41.794  -58.708  -0.990 0.4000000060
12174  -30.998  -59.012  -1.183 0.6000000238
110229  -29.543  -64.029  5.382 0.6000000238
12930  -41.505  -57.466  -4.441 0.4000000060
102963  -43.367  -57.113  -1.134 0.4000000060
11419  -40.143  -60.172  1.386 0.4000000060
11455  -30.839  -59.699  -1.495 0.6000000238
8462  -28.950  -64.155  6.374 0.6000000238
9910  -30.945  -62.315  4.987 0.6000000238
10756  -42.009  -61.354  -4.963 0.5000000000
10662  -30.722  -61.290  3.556 0.5000000000
10619  -33.396  -61.470  5.906 0.6000000238
10661  -29.735  -61.250  3.044 0.4000000060
11415  -34.286  -59.948  1.401 0.5000000000
13612  -42.495  -57.211  -4.433 0.5000000000
10680  -34.694  -61.147  2.921 0.6000000238
12126  -25.555  -59.376  2.198 0.6000000238
12062  -29.441  -58.560  7.754 0.5000000000
12838  -27.676  -58.673  5.652 0.6000000238
115465  -28.562  -58.245  5.824 0.6000000238
13502  -29.800  -57.894  7.294 0.6000000238
13543  -26.860  -57.705  4.004 0.6000000238
14997  -28.050  -56.241  -1.229 0.5000000000
14145  -31.820  -56.993  9.358 0.5000000000
14944  -31.882  -55.335  4.858 0.6000000238
14999  -29.679  -55.641  -0.796 0.5000000000
14957  -32.150  -55.210  3.381 0.6000000238
17253  -30.339  -52.289  5.505 0.3000000119
15660  -32.622  -54.306  7.896 0.5000000000
15755  -33.282  -53.901  -1.479 0.3000000119
98118  -34.359  -53.493  8.587 0.4000000060
116652  -33.767  -53.493  8.281 0.4000000060
15739  -33.445  -54.309  0.195 0.4000000060
103541  -34.029  -52.837  -1.513 0.3000000119
17991  -36.998  -51.830  9.221 0.4000000060
19590  -28.942  -49.808  7.637 0.3000000119
99946  -33.127  -50.131  -0.343 0.3000000119
18006  -34.650  -51.237  7.442 0.4000000060
18039  -34.697  -51.223  3.638 0.3000000119
20462  -32.870  -48.050  -0.100 0.3000000119
18031  -34.634  -51.185  5.235 0.4000000060
20401  -27.188  -48.630  6.012 0.3000000119
21281  -32.945  -47.352  0.575 0.3000000119
18780  -34.658  -50.620  7.561 0.4000000060
105044  -33.788  -48.024  2.420 0.3000000119
4108  -34.016  -70.903  0.802 0.5000000000
98096  -34.202  -71.518  0.176 0.5000000000
106687  -34.349  -71.166  -0.791 0.5000000000
98506  -34.271  -70.560  -1.460 0.4000000060
4677  -33.665  -70.523  1.936 0.5000000000
4678  -33.893  -70.340  1.364 0.5000000000
4688  -34.176  -70.037  0.650 0.5000000000
101138  -34.342  -69.981  -0.058 0.5000000000
4702  -34.354  -70.281  -0.697 0.5000000000
5310  -34.235  -69.805  -1.553 0.4000000060
5260  -33.560  -69.401  2.618 0.4000000060
5261  -33.863  -69.133  1.947 0.5000000000
5284  -34.390  -69.386  0.206 0.5000000000
5943  -34.461  -68.925  -1.255 0.4000000060
111421  -33.739  -68.718  2.556 0.5000000000
5908  -34.188  -68.878  1.323 0.5000000000
5274  -34.026  -69.615  1.341 0.5000000000
100658  -34.545  -67.306  1.787 0.5000000000
5920  -34.451  -68.731  0.612 0.5000000000
6515  -34.499  -68.091  1.189 0.5000000000
6526  -34.751  -67.953  0.383 0.5000000000
6536  -34.932  -67.719  -0.386 0.4000000060
5893  -33.774  -67.989  3.043 0.5000000000
98002  -34.899  -66.554  1.413 0.5000000000
115497  -35.080  -66.705  0.708 0.5000000000
8497  -32.890  -64.767  3.346 0.5000000000
6485  -34.170  -67.197  2.728 0.5000000000
7126  -34.079  -66.182  3.319 0.5000000000
7138  -34.593  -66.367  2.352 0.5000000000
7820  -34.756  -64.927  2.292 0.5000000000
7832  -34.994  -65.594  1.784 0.5000000000
111393  -35.105  -64.709  1.613 0.5000000000
7149  -35.249  -66.019  0.883 0.5000000000
7161  -35.303  -66.412  0.120 0.5000000000
8510  -33.453  -64.361  2.899 0.5000000000
111278  -33.285  -63.613  2.295 0.5000000000
9954  -32.322  -62.487  0.872 0.5000000000
9246  -34.014  -64.036  2.494 0.5000000000
9263  -33.502  -63.054  1.693 0.5000000000
9955  -33.158  -62.518  1.171 0.5000000000
9265  -35.002  -63.922  1.414 0.5000000000
9264  -34.231  -63.494  1.836 0.5000000000
9956  -34.003  -62.734  1.219 0.5000000000
8540  -35.402  -64.464  0.835 0.5000000000
9279  -35.336  -63.758  0.572 0.5000000000
7846  -35.380  -65.204  0.969 0.5000000000
98512  -35.478  -65.587  0.207 0.5000000000
103198  -35.619  -65.025  -0.482 0.5000000000
9963  -30.713  -61.547  -0.928 0.5000000000
112148  -31.072  -61.069  -1.040 0.6000000238
9965  -32.680  -61.929  0.374 0.5000000000
113260  -33.587  -62.099  0.525 0.5000000000
10705  -31.990  -61.166  -0.662 0.5000000000
111882  -34.420  -62.425  0.435 0.5000000000
10707  -33.894  -61.634  -0.276 0.5000000000
112942  -35.495  -63.613  -0.162 0.5000000000
9966  -35.157  -62.969  0.143 0.5000000000
8550  -35.611  -64.309  -0.016 0.5000000000
10724  -29.150  -60.881  -0.751 0.5000000000
11454  -29.988  -60.020  -1.257 0.5000000000
10726  -31.186  -60.291  -1.482 0.6000000238
7122  -27.187  -66.967  4.039 0.5000000000
7107  -27.476  -66.491  4.514 0.6000000238
7105  -26.182  -66.312  4.312 0.5000000000
7795  -27.361  -66.084  5.068 0.5000000000
7781  -27.908  -65.499  5.463 0.6000000238
7780  -27.097  -65.345  5.599 0.6000000238
7794  -26.616  -65.953  5.011 0.5000000000
8472  -26.364  -64.486  5.520 0.6000000238
8487  -25.654  -64.471  4.738 0.5000000000
9208  -27.201  -64.362  6.202 0.6000000238
107503  -26.443  -63.665  5.784 0.6000000238
9220  -25.310  -63.485  4.461 0.5000000000
9893  -26.111  -62.659  5.483 0.6000000238
9193  -26.920  -63.163  6.313 0.6000000238
9906  -25.116  -62.663  4.238 0.5000000000
9907  -25.553  -62.877  4.848 0.5000000000
102919  -24.910  -61.180  3.644 0.5000000000
11380  -24.804  -60.833  2.965 0.6000000238
12142  -25.883  -59.430  0.784 0.6000000238
12125  -25.333  -60.043  1.617 0.5000000000
10660  -25.305  -61.182  4.350 0.6000000238
10636  -25.522  -62.053  4.774 0.5000000000
11392  -25.140  -60.093  2.718 0.5000000000
106172  -26.641  -58.036  1.318 0.6000000238
12877  -26.150  -58.666  1.431 0.6000000238
6541  -47.083  -68.109  -0.289 0.3000000119
7185  -47.931  -67.209  -1.209 0.3000000119
5965  -46.606  -68.590  -2.070 0.3000000119
7869  -48.789  -65.455  -1.596 0.3000000119
5978  -46.239  -68.177  -3.270 0.3000000119
5949  -46.661  -68.902  -1.189 0.3000000119
5936  -46.630  -68.710  -0.606 0.3000000119
103687  -34.777  -68.085  -1.051 0.4000000060
10706  -33.001  -61.342  -0.336 0.5000000000
7796  -28.105  -66.056  4.698 0.5000000000
5300  -34.431  -69.515  -0.583 0.4000000060
5932  -34.626  -68.630  -0.285 0.5000000000
7808  -32.984  -65.389  3.765 0.5000000000
8498  -33.539  -65.005  3.391 0.5000000000
8509  -32.687  -64.197  2.719 0.5000000000
9262  -32.740  -63.036  1.634 0.5000000000
6549  -47.132  -68.325  -1.143 0.3000000119
7194  -47.077  -66.632  -3.285 0.3000000119
6560  -47.477  -67.443  -1.836 0.3000000119
6559  -46.896  -67.779  -2.562 0.3000000119
7195  -47.744  -66.333  -2.458 0.3000000119
19564  -36.409  -49.551  9.413 0.3000000119
2799  -39.082  -74.991  -5.376 0.5000000000
3200  -40.256  -73.983  -4.471 0.5000000000
3201  -40.818  -74.399  -3.823 0.5000000000
3214  -38.537  -74.076  -5.900 0.5000000000
3644  -44.136  -73.212  -1.177 0.5000000000
3651  -41.221  -73.597  -3.152 0.5000000000
3665  -33.977  -72.030  -5.948 0.5000000000
4147  -44.426  -72.351  -1.355 0.5000000000
4148  -44.949  -71.968  -1.234 0.4000000060
4709  -33.969  -70.361  -2.399 0.5000000000
4711  -38.832  -69.986  -1.616 0.5000000000
4713  -41.310  -70.242  -1.591 0.5000000000
4727  -44.274  -70.290  -2.453 0.4000000060
5273  -33.757  -69.891  1.962 0.5000000000
5301  -44.425  -69.417  -0.074 0.3000000119
5312  -38.462  -69.336  -1.666 0.6000000238
5317  -43.441  -70.180  -2.160 0.4000000060
5328  -36.321  -69.683  -3.244 0.8000000119
5330  -41.968  -69.193  -2.013 0.5000000000
5347  -44.723  -69.237  -3.486 0.3000000119
5348  -45.314  -69.216  -3.250 0.4000000060
5894  -34.137  -68.221  2.079 0.5000000000
5946  -40.332  -68.681  -1.896 0.4000000060
5959  -39.860  -68.292  -2.422 0.4000000060
5963  -43.776  -68.789  -3.850 0.3000000119
5970  -32.992  -68.744  -4.517 0.5000000000
5973  -41.740  -67.955  -4.267 0.3000000119
5976  -44.827  -68.646  -4.103 0.3000000119
5982  -33.533  -68.765  -5.441 0.6999999881
5984  -43.058  -67.890  -4.458 0.3000000119
5986  -44.480  -68.106  -4.598 0.3000000119
5988  -33.761  -68.138  -5.461 0.6999999881
6527  -35.051  -67.181  0.186 0.5000000000
6538  -44.276  -67.938  -0.236 0.3000000119
6569  -38.635  -68.015  -4.580 0.4000000060
6587  -44.923  -67.637  -4.661 0.3000000119
6589  -33.608  -67.655  -5.379 0.6999999881
7106  -26.905  -66.523  4.559 0.5000000000
7121  -26.520  -66.920  3.898 0.5000000000
7160  -34.822  -67.310  0.945 0.5000000000
7177  -46.762  -67.648  0.047 0.3000000119
7200  -33.500  -66.328  -4.386 0.6000000238
7203  -41.866  -66.807  -4.091 0.3000000119
7216  -33.542  -66.952  -5.243 0.6999999881
7217  -33.901  -66.581  -5.383 0.6999999881
7220  -38.495  -66.788  -5.498 0.4000000060
7819  -34.504  -65.506  2.709 0.5000000000
7836  -43.733  -65.608  0.870 0.3000000119
7847  -43.075  -66.006  0.893 0.3000000119
7860  -35.555  -64.912  0.316 0.5000000000
7901  -33.626  -66.214  -5.109 0.6000000238
7909  -38.482  -65.835  -5.487 0.4000000060
8461  -28.161  -64.387  6.436 0.6999999881
8488  -26.266  -65.209  5.168 0.6000000238
8495  -29.060  -64.465  4.200 0.6000000238
8499  -34.027  -65.381  3.271 0.5000000000
8511  -34.175  -64.735  2.830 0.5000000000
8524  -34.581  -64.269  2.129 0.5000000000
8559  -35.602  -64.513  -1.313 0.6999999881
8586  -40.152  -64.886  -2.988 0.4000000060
8596  -38.461  -64.842  -5.396 0.4000000060
9207  -25.851  -63.603  5.180 0.6000000238
9210  -30.276  -63.193  5.855 0.6000000238
9221  -30.008  -63.351  5.080 0.6000000238
9248  -41.457  -63.443  3.370 0.3000000119
9249  -42.646  -63.803  2.248 0.3000000119
9266  -43.228  -64.077  1.865 0.3000000119
9268  -44.752  -63.903  1.731 0.3000000119
9278  -34.759  -63.197  1.001 0.5000000000
9872  -28.599  -62.615  7.622 0.6999999881
9873  -29.399  -62.707  7.642 0.6000000238
9884  -27.139  -62.302  6.591 0.6999999881
9885  -30.008  -62.920  7.241 0.6000000238
9886  -30.677  -62.651  7.016 0.6000000238
9977  -29.688  -60.720  -1.194 0.5000000000
10015  -38.620  -60.860  -5.178 0.5000000000
10020  -39.246  -62.029  -5.299 0.4000000060
10581  -29.252  -61.401  8.457 0.6999999881
10590  -28.928  -62.098  8.142 0.6999999881
10591  -30.845  -61.875  8.097 0.6000000238
10604  -32.866  -61.470  6.486 0.6000000238
10606  -34.013  -61.165  6.203 0.6000000238
10621  -36.167  -61.191  5.228 0.6000000238
10682  -36.471  -61.485  3.119 0.6000000238
10691  -35.708  -61.034  1.797 0.6000000238
10725  -30.448  -60.488  -1.367 0.6000000238
10751  -42.474  -61.260  -3.868 0.4000000060
10752  -34.792  -61.429  -4.311 0.5000000000
11303  -30.952  -59.860  9.260 0.5000000000
11307  -29.658  -60.612  8.765 0.6999999881
11314  -28.269  -60.604  7.715 0.6000000238
11332  -26.966  -60.785  6.370 0.6999999881
11336  -34.422  -60.665  6.547 0.5000000000
11351  -25.835  -61.230  5.120 0.6999999881
11355  -35.619  -60.891  5.782 0.6000000238
11369  -25.640  -60.412  4.616 0.6999999881
11371  -36.933  -60.932  5.095 0.6000000238
11384  -33.692  -60.757  2.922 0.6000000238
11393  -28.974  -60.440  1.192 0.6000000238
11398  -34.025  -60.355  2.182 0.6000000238
11400  -38.799  -60.965  2.459 0.5000000000
11401  -39.386  -60.544  2.366 0.5000000000
11414  -33.424  -59.695  1.532 0.5000000000
11443  -40.252  -60.169  0.656 0.6000000238
11463  -39.950  -60.350  -0.146 0.6000000238
11474  -39.763  -60.246  -1.056 0.6000000238
11495  -43.317  -60.592  -5.127 0.5000000000
11501  -43.730  -60.050  -5.354 0.4000000060
12040  -31.986  -59.140  9.380 0.5000000000
12047  -32.572  -59.676  8.895 0.5000000000
12048  -33.335  -59.400  8.565 0.5000000000
12063  -33.813  -59.842  7.853 0.5000000000
12081  -27.664  -59.333  6.272 0.6000000238
12082  -34.699  -60.075  6.832 0.5000000000
12104  -25.676  -59.660  4.200 0.6999999881
12145  -31.735  -59.100  0.869 0.6000000238
12175  -31.592  -58.878  -1.492 0.6999999881
12789  -31.414  -58.676  9.424 0.5000000000
12791  -32.887  -58.030  9.434 0.5000000000
12797  -29.679  -58.962  8.540 0.6000000238
12810  -28.814  -58.971  7.240 0.5000000000
12824  -28.975  -58.352  6.439 0.6000000238
12839  -29.165  -57.925  5.911 0.6000000238
12850  -27.256  -58.125  4.829 0.6000000238
12890  -42.151  -57.948  1.435 0.4000000060
12906  -33.383  -58.381  -2.146 0.6999999881
12910  -33.346  -58.817  -2.958 0.6000000238
12918  -34.096  -58.173  -3.424 0.6000000238
12920  -35.900  -57.401  -3.580 0.6000000238
12927  -34.832  -57.838  -3.793 0.6000000238
12928  -35.409  -57.460  -3.922 0.6000000238
13477  -30.942  -58.425  9.309 0.5000000000
13479  -32.279  -57.479  9.521 0.5000000000
13489  -31.228  -57.278  9.055 0.5000000000
13503  -30.285  -57.436  7.587 0.6000000238
13572  -26.795  -57.481  1.931 0.5000000000
13589  -42.244  -57.245  1.849 0.5000000000
14165  -32.119  -56.215  9.196 0.5000000000
14184  -31.155  -56.262  7.935 0.6000000238
14216  -27.852  -56.709  3.626 0.6000000238
14864  -33.649  -55.510  9.422 0.5000000000
14903  -32.099  -54.971  8.038 0.5000000000
14965  -28.326  -55.979  2.056 0.5000000000
14969  -32.369  -55.065  1.917 0.5000000000
14983  -32.763  -54.848  1.000 0.5000000000
14998  -28.760  -56.282  -1.164 0.5000000000
15012  -28.991  -55.657  -1.371 0.5000000000
15719  -32.551  -54.874  2.622 0.6999999881
15729  -33.627  -53.999  1.413 0.4000000060
15752  -30.269  -55.038  -1.348 0.5000000000
16468  -34.185  -52.793  8.006 0.4000000060
16580  -33.650  -53.142  -1.836 0.3000000119
17210  -35.603  -52.051  8.639 0.4000000060
17236  -29.863  -52.578  6.852 0.4000000060
17238  -33.690  -52.733  6.700 0.4000000060
17252  -29.802  -52.717  5.897 0.3000000119
17277  -34.517  -51.864  2.989 0.3000000119
17298  -32.916  -52.086  -0.528 0.3000000119
17300  -34.486  -51.343  -0.554 0.3000000119
17987  -29.325  -51.476  8.426 0.3000000119
18004  -29.827  -51.617  7.967 0.3000000119
18030  -31.316  -51.079  5.959 0.3000000119
18074  -34.149  -50.467  -1.031 0.3000000119
18805  -32.241  -49.827  3.601 0.4000000060
18815  -32.612  -50.357  1.732 0.3000000119
18830  -34.057  -49.780  -1.017 0.3000000119
19565  -37.060  -49.673  9.474 0.4000000060
19566  -37.813  -49.820  9.394 0.3000000119
19592  -30.540  -50.301  7.079 0.3000000119
19603  -28.693  -49.190  6.900 0.3000000119
19605  -31.004  -49.919  6.482 0.4000000060
19617  -31.137  -49.439  5.656 0.4000000060
19645  -33.141  -48.820  -0.517 0.3000000119
19650  -33.769  -49.025  -0.755 0.3000000119
20404  -30.459  -49.234  6.134 0.4000000060
20416  -27.113  -48.309  5.142 0.3000000119
20440  -30.442  -47.607  1.838 0.3000000119
20447  -31.096  -47.285  1.280 0.3000000119
20448  -32.390  -48.195  0.183 0.3000000119
20457  -33.407  -48.008  0.051 0.3000000119
20458  -34.149  -48.434  0.284 0.3000000119
20463  -33.329  -48.310  -0.364 0.3000000119
21286  -32.879  -47.726  0.066 0.3000000119
99448  -34.826  -50.635  3.279 0.3000000119
100814  -34.301  -52.964  -0.402 0.4000000060
101176  -41.575  -72.838  -2.484 0.4000000060
102297  -37.946  -71.170  -2.530 0.6000000238
102302  -34.285  -70.649  0.037 0.5000000000
102768  -33.260  -67.854  -4.000 0.6000000238
102785  -30.477  -52.408  1.809 0.3000000119
103980  -34.094  -48.539  3.417 0.3000000119
103982  -43.412  -68.277  -4.328 0.3000000119
104589  -34.657  -49.066  0.805 0.3000000119
105770  -32.087  -58.829  -1.856 0.6999999881
105870  -34.248  -69.344  0.826 0.5000000000
106041  -45.936  -70.026  -1.514 0.4000000060
106078  -31.740  -61.882  7.143 0.6000000238
107384  -42.581  -67.123  0.572 0.3000000119
107461  -43.820  -71.748  -1.690 0.5000000000
108748  -33.189  -60.898  -1.051 0.6000000238
108838  -37.240  -68.743  -2.412 0.8000000119
108863  -34.674  -62.353  -3.160 0.6999999881
109420  -34.481  -51.459  5.830 0.5000000000
109889  -38.052  -57.516  -4.585 0.6000000238
110318  -41.999  -63.556  2.745 0.3000000119
110723  -45.769  -69.538  -2.398 0.4000000060
111492  -33.031  -55.243  9.258 0.5000000000
111508  -29.511  -60.286  -0.783 0.5000000000
111511  -28.281  -48.842  6.394 0.3000000119
112220  -33.997  -53.670  0.259 0.4000000060
112605  -32.292  -54.844  4.306 0.6000000238
112638  -43.785  -67.600  -4.644 0.3000000119
113619  -34.032  -50.119  -1.189 0.3000000119
114688  -42.904  -57.429  0.500 0.4000000060
114809  -31.420  -55.894  4.877 0.6999999881
116795  -29.432  -57.325  5.087 0.6000000238
117933  -35.005  -67.533  -0.914 0.4000000060
117951  -25.907  -61.925  5.261 0.6999999881
118024  -34.923  -64.467  -3.102 0.6999999881
118280  -38.495  -67.956  -2.991 0.5000000000
