#!ascii label  , from subject sub-v1s5x0050736_ses-1 vox2ras=TkReg
911
46791  -23.339  -16.007  2.579 0.4285714328
48602  -23.649  -14.312  2.343 0.2857142985
113727  -23.030  -14.820  2.013 0.4285714328
103440  -24.184  -13.521  2.485 0.4285714328
49459  -23.477  -13.426  1.969 0.2857142985
50393  -23.456  -12.755  1.607 0.4285714328
50371  -24.019  -12.739  2.174 0.4285714328
51268  -23.537  -11.696  0.572 0.4285714328
52085  -23.859  -11.015  0.076 0.4285714328
52097  -24.129  -10.415  -0.526 0.4285714328
52911  -23.818  -9.703  -1.809 0.5714285970
52912  -24.307  -9.800  -1.172 0.5714285970
53701  -24.838  -9.023  -1.130 0.2857142985
105533  -24.377  -9.269  -1.705 0.7142857313
53713  -24.669  -8.656  -1.932 0.7142857313
54526  -25.032  -7.822  -2.101 0.7142857313
55371  -25.557  -6.970  -1.844 0.4285714328
53714  -25.108  -8.351  -1.500 0.5714285970
56191  -25.869  -6.219  -2.035 0.5714285970
54541  -24.434  -7.375  -2.570 0.5714285970
55387  -25.341  -6.326  -2.423 0.5714285970
56206  -24.976  -5.572  -2.825 0.5714285970
56207  -25.722  -5.589  -2.474 0.5714285970
55386  -24.611  -6.505  -2.601 0.5714285970
56208  -26.099  -5.012  -2.468 0.4285714328
57076  -25.590  -4.734  -2.966 0.5714285970
57886  -26.414  -3.701  -3.252 0.5714285970
57074  -24.229  -5.154  -2.967 0.7142857313
57885  -25.926  -3.975  -3.402 0.7142857313
57909  -26.182  -3.312  -3.690 0.7142857313
58635  -26.698  -3.063  -3.590 0.5714285970
57075  -25.018  -4.804  -3.140 0.5714285970
56221  -23.322  -5.487  -3.075 0.5714285970
57907  -24.957  -3.701  -3.453 0.8571428657
57093  -24.449  -4.370  -3.241 0.7142857313
57092  -23.348  -4.110  -3.194 0.5714285970
59427  -26.153  -2.217  -4.260 0.7142857313
58658  -27.033  -2.596  -4.045 0.5714285970
58655  -25.249  -3.043  -3.609 0.7142857313
58656  -25.986  -2.951  -3.930 0.7142857313
60238  -26.623  -1.905  -4.882 0.5714285970
60239  -27.089  -2.115  -5.096 0.5714285970
108808  -25.430  -2.327  -3.752 0.7142857313
60253  -26.477  -0.972  -4.929 0.7142857313
101405  -27.075  -1.759  -5.483 0.7142857313
101508  -25.420  -1.563  -3.811 0.7142857313
60237  -25.788  -0.999  -4.174 0.7142857313
61057  -26.958  -0.932  -5.673 0.7142857313
59425  -24.036  -1.790  -3.406 0.5714285970
61069  -27.446  -0.535  -6.228 0.5714285970
102689  -27.936  0.030  -6.814 0.5714285970
61042  -25.279  0.142  -3.554 0.8571428657
115853  -24.917  -0.692  -3.461 0.8571428657
61861  -27.280  0.577  -6.387 0.7142857313
61846  -26.339  1.061  -4.871 0.7142857313
61055  -25.940  0.234  -4.229 0.8571428657
62669  -26.266  1.924  -5.327 0.8571428657
61870  -26.982  1.514  -6.743 0.5714285970
61845  -25.743  1.415  -3.910 0.8571428657
107735  -25.435  0.906  -3.510 0.8571428657
109262  -25.657  3.119  -4.702 0.8571428657
64265  -25.382  4.065  -4.510 0.8571428657
64264  -25.133  4.978  -4.343 0.8571428657
112746  -25.863  2.254  -4.455 0.8571428657
64257  -25.094  4.148  -3.352 0.8571428657
64241  -24.220  5.073  -2.648 1.0000000000
64242  -24.722  4.963  -3.071 1.0000000000
63461  -25.424  3.184  -3.720 0.8571428657
65020  -24.387  5.743  -2.916 1.0000000000
64256  -24.552  4.303  -2.772 1.0000000000
97701  -23.293  6.495  -2.427 1.0000000000
111188  -19.935  6.805  -2.809 0.7142857313
65019  -23.801  5.790  -2.544 1.0000000000
111120  -22.728  5.601  -2.374 1.0000000000
97307  -22.292  6.385  -2.240 1.0000000000
111162  -18.655  8.999  -3.855 1.0000000000
111140  -18.155  8.457  -4.420 0.8571428657
97700  -17.479  9.866  -4.818 0.8571428657
111124  -18.099  9.392  -4.429 1.0000000000
71085  -16.633  12.122  -5.628 0.8571428657
69325  -17.013  10.681  -5.176 0.8571428657
69318  -17.749  10.884  -4.853 1.0000000000
71084  -15.814  12.869  -6.186 0.8571428657
71917  -14.856  13.673  -6.755 0.7142857313
71082  -13.789  12.846  -6.797 0.5714285970
111808  -13.892  13.817  -6.509 0.7142857313
72760  -14.494  14.340  -6.741 0.5714285970
71874  -12.732  13.693  -4.198 0.5714285970
71900  -13.396  12.740  -4.577 0.5714285970
72714  -11.928  14.771  -4.819 0.4285714328
73482  -12.214  15.968  -4.664 0.4285714328
72737  -13.927  15.171  -4.613 0.4285714328
74161  -11.022  16.410  -2.373 0.2857142985
106052  -10.234  17.030  -1.955 0.2857142985
73459  -11.445  16.047  -3.276 0.2857142985
74868  -10.570  17.990  -1.554 0.2857142985
58657  -26.477  -2.723  -4.063 0.5714285970
61871  -27.649  0.941  -7.154 0.5714285970
61056  -26.500  -0.102  -5.077 0.7142857313
61068  -26.847  0.188  -5.699 0.7142857313
62687  -26.351  2.253  -6.216 0.8571428657
110422  -25.838  2.968  -6.083 0.8571428657
65029  -25.106  4.766  -3.713 0.8571428657
97621  -20.858  7.158  -2.321 0.8571428657
74828  -14.140  17.747  -0.655 0.1428571492
48617  -22.918  -14.133  1.685 0.2857142985
49478  -22.808  -13.292  1.178 0.2857142985
51253  -23.894  -11.984  1.563 0.4285714328
51269  -24.196  -11.183  0.969 0.4285714328
51267  -22.908  -12.152  0.010 0.2857142985
50408  -23.159  -12.432  0.931 0.4285714328
52086  -24.453  -10.454  0.404 0.4285714328
52096  -23.632  -10.946  -0.692 0.5714285970
53712  -24.033  -9.021  -2.254 0.2857142985
54542  -25.051  -7.025  -2.366 0.4285714328
55385  -23.796  -6.822  -2.833 0.5714285970
57059  -26.603  -4.714  -2.034 0.4285714328
56205  -23.975  -5.951  -2.763 0.7142857313
57077  -26.219  -4.379  -2.854 0.5714285970
57908  -25.749  -3.567  -3.570 0.7142857313
115197  -23.582  -4.794  -3.095 0.5714285970
59442  -27.745  -1.759  -5.242 0.5714285970
57906  -24.099  -3.705  -3.338 0.5714285970
59429  -27.351  -2.207  -4.607 0.5714285970
60254  -27.732  -1.328  -5.976 0.5714285970
104980  -24.611  -2.376  -3.512 0.8571428657
62654  -25.437  2.288  -3.529 1.0000000000
65028  -24.819  5.583  -3.653 1.0000000000
64254  -22.964  4.219  -2.638 1.0000000000
111050  -21.091  6.240  -2.354 0.8571428657
111040  -19.111  6.970  -3.635 0.7142857313
111168  -20.147  7.820  -2.277 1.0000000000
97588  -21.266  8.026  -2.094 1.0000000000
97569  -18.730  7.911  -3.829 0.7142857313
111163  -19.862  8.531  -2.542 1.0000000000
70226  -16.342  11.423  -5.517 0.8571428657
111092  -18.091  10.334  -4.401 1.0000000000
71083  -14.411  13.069  -6.811 0.7142857313
71067  -13.591  12.971  -6.463 0.5714285970
71889  -13.830  13.611  -4.844 0.7142857313
72748  -14.194  14.490  -5.023 0.7142857313
71873  -11.796  13.746  -4.639 0.4285714328
73481  -11.983  16.743  -3.888 0.2857142985
73483  -12.737  16.220  -5.022 0.4285714328
74869  -11.624  17.850  -1.643 0.2857142985
54540  -23.655  -7.709  -2.927 0.4285714328
73460  -11.812  15.513  -4.288 0.4285714328
72736  -13.213  14.879  -4.240 0.7142857313
74162  -11.779  17.248  -2.678 0.2857142985
47685  -23.458  -15.218  2.431 0.4285714328
47686  -24.150  -14.981  2.773 0.4285714328
48603  -24.472  -14.230  2.792 0.4285714328
51284  -23.298  -11.491  -0.341 0.2857142985
52108  -23.625  -10.459  -1.305 0.4285714328
53727  -24.273  -8.228  -2.481 0.5714285970
57094  -25.388  -4.199  -3.319 0.7142857313
59428  -26.798  -2.360  -4.604 0.5714285970
102771  -24.328  -3.080  -3.431 0.7142857313
59426  -24.767  -1.602  -3.526 0.8571428657
61860  -26.729  1.280  -5.845 0.8571428657
61832  -25.235  1.643  -3.235 0.8571428657
63460  -24.912  3.495  -2.924 1.0000000000
116972  -21.779  5.753  -2.480 1.0000000000
105298  -15.478  12.199  -6.067 0.8571428657
71916  -14.095  13.599  -6.908 0.7142857313
71888  -13.488  13.562  -4.355 0.5714285970
71041  -13.253  12.812  -4.330 0.5714285970
72713  -11.538  14.539  -4.183 0.4285714328
74866  -9.089  17.430  -1.950 0.2857142985
101215  -11.275  15.153  -3.557 0.2857142985
75533  -11.173  18.081  -1.179 0.2857142985
74839  -12.948  18.212  -0.706 0.1428571492
53726  -23.457  -8.547  -2.794 0.2857142985
97299  -19.508  7.785  -3.091 1.0000000000
117980  -13.862  14.278  -4.439 0.5714285970
108567  -14.579  17.953  -6.314 0.2857142985
74916  -14.044  19.274  -6.383 0.1428571492
74192  -13.275  17.594  -6.185 0.2857142985
74905  -13.420  19.804  -5.199 0.1428571492
75569  -13.979  20.627  -5.016 0.1428571492
112572  -12.776  18.202  -4.146 0.1428571492
74178  -12.795  17.649  -5.363 0.2857142985
74890  -13.068  18.919  -4.140 0.1428571492
74207  -15.326  16.918  -6.328 0.2857142985
74206  -14.156  17.222  -6.269 0.2857142985
72772  -19.672  15.072  -6.918 0.2857142985
115614  -17.843  15.786  -6.347 0.2857142985
75558  -13.919  20.771  -3.638 0.1428571492
73501  -13.372  16.400  -5.584 0.2857142985
72762  -17.321  14.575  -6.087 0.2857142985
73514  -14.781  16.124  -6.371 0.2857142985
72765  -19.867  14.080  -5.567 0.1428571492
73517  -17.643  15.212  -6.173 0.2857142985
103404  -16.626  15.240  -6.428 0.2857142985
74904  -12.930  18.820  -5.679 0.1428571492
104122  -15.334  15.331  -6.605 0.2857142985
73513  -14.096  16.405  -6.079 0.2857142985
70231  -20.972  12.270  -6.995 0.1428571492
71092  -20.741  13.180  -6.440 0.1428571492
72763  -18.371  14.655  -5.799 0.4285714328
112087  -14.924  14.752  -6.745 0.2857142985
97722  -20.733  12.605  -3.976 0.2857142985
71901  -18.452  13.349  -5.357 0.4285714328
99074  -16.869  13.985  -6.083 0.2857142985
109190  -14.189  15.443  -5.820 0.2857142985
69330  -22.048  10.850  -6.183 0.1428571492
71921  -20.392  13.550  -4.995 0.2857142985
71069  -18.869  12.802  -4.857 0.5714285970
71918  -16.320  13.443  -6.153 0.7142857313
117883  -22.676  10.544  -4.990 0.1428571492
70220  -22.175  11.490  -4.657 0.1428571492
98684  -17.007  12.751  -5.653 0.7142857313
99514  -15.558  14.167  -6.551 0.4285714328
70218  -19.083  12.161  -4.197 0.4285714328
67468  -23.286  8.982  -5.668 0.2857142985
97321  -22.915  10.063  -4.683 0.7142857313
112472  -17.477  12.154  -5.370 0.7142857313
97553  -18.603  9.980  -3.782 0.8571428657
97319  -20.136  11.335  -3.181 0.8571428657
66649  -23.536  7.341  -6.503 0.2857142985
67479  -23.426  8.169  -6.063 0.2857142985
97320  -20.048  12.144  -3.701 0.7142857313
69323  -14.953  10.795  -5.779 0.5714285970
97631  -18.341  11.287  -4.191 0.8571428657
65824  -23.687  6.498  -6.916 0.1428571492
97323  -22.335  9.732  -3.097 0.7142857313
65047  -23.891  5.665  -7.357 0.1428571492
63473  -20.732  3.322  -4.134 0.5714285970
97550  -21.636  5.074  -2.984 0.8571428657
97308  -20.910  4.501  -3.574 0.4285714328
97640  -21.121  5.618  -3.010 0.5714285970
111016  -19.356  8.712  -3.231 0.8571428657
97310  -23.104  7.949  -2.714 0.8571428657
97586  -19.985  9.400  -2.520 0.8571428657
65825  -24.201  5.972  -6.399 0.2857142985
97692  -22.894  8.799  -2.950 0.8571428657
111082  -21.190  9.942  -2.610 0.8571428657
111153  -19.174  11.425  -3.591 0.8571428657
64291  -24.368  4.163  -8.338 0.4285714328
115623  -24.067  7.658  -4.836 0.7142857313
97318  -23.050  9.539  -3.810 0.7142857313
99635  -20.310  2.840  -4.672 0.2857142985
97696  -21.869  4.147  -3.189 0.5714285970
64263  -21.037  3.832  -3.663 0.5714285970
64240  -23.454  5.012  -2.489 0.8571428657
97830  -22.832  7.238  -2.361 0.8571428657
111131  -21.822  7.125  -2.071 0.8571428657
111167  -22.352  8.053  -2.309 0.8571428657
111083  -21.818  8.965  -2.409 0.8571428657
65048  -24.409  5.103  -6.885 0.4285714328
66640  -24.321  7.114  -4.487 0.8571428657
97312  -23.461  8.155  -3.286 0.8571428657
103500  -24.584  4.343  -7.411 0.4285714328
60235  -22.770  -0.889  -3.397 0.7142857313
61039  -21.468  0.045  -3.921 0.4285714328
61040  -23.946  0.582  -2.826 0.8571428657
107800  -22.372  0.606  -3.264 0.5714285970
101282  -21.430  1.812  -3.797 0.5714285970
61844  -20.839  1.526  -4.319 0.4285714328
62653  -23.813  2.093  -2.601 0.8571428657
62652  -22.836  2.276  -2.806 0.5714285970
111470  -20.960  2.447  -4.078 0.5714285970
63446  -25.153  2.827  -3.104 0.8571428657
99017  -23.581  2.961  -2.579 0.7142857313
63458  -22.563  3.290  -2.929 0.5714285970
64277  -25.337  4.069  -5.628 0.7142857313
64276  -25.100  4.763  -5.261 0.7142857313
65809  -24.620  6.399  -4.129 0.7142857313
66621  -24.138  6.804  -3.183 0.8571428657
62720  -26.686  2.324  -10.539 0.2857142985
63506  -25.425  3.301  -8.396 0.4285714328
63496  -25.011  3.877  -7.122 0.5714285970
101149  -23.226  -3.180  -3.332 0.4285714328
58653  -22.735  -2.323  -3.466 0.4285714328
59441  -21.508  -1.548  -4.135 0.4285714328
61041  -24.654  0.189  -3.191 0.7142857313
61817  -24.827  0.968  -3.003 0.7142857313
62641  -25.060  2.302  -3.026 0.8571428657
62696  -25.957  2.919  -6.893 0.7142857313
62714  -26.646  2.269  -9.359 0.2857142985
62706  -25.979  2.818  -7.864 0.5714285970
57905  -22.265  -3.773  -3.616 0.5714285970
59424  -23.209  -1.652  -3.366 0.5714285970
59423  -22.291  -1.579  -3.617 0.5714285970
102208  -24.161  -0.190  -3.122 0.7142857313
61881  -27.872  1.150  -8.070 0.4285714328
61887  -27.274  1.720  -8.698 0.4285714328
61891  -27.444  1.736  -9.851 0.4285714328
62707  -26.602  2.251  -8.309 0.4285714328
55399  -23.151  -6.332  -3.156 0.5714285970
60280  -28.816  -0.339  -7.163 0.4285714328
100072  -29.670  -0.090  -8.908 0.4285714328
61079  -28.323  0.430  -7.583 0.4285714328
52880  -25.079  -9.913  0.773 0.1428571492
60268  -28.899  -0.848  -6.434 0.4285714328
60281  -29.959  -0.577  -7.192 0.4285714328
52901  -25.183  -8.948  -0.331 0.1428571492
54502  -25.896  -7.782  -0.381 0.1428571492
56192  -26.381  -5.593  -1.672 0.2857142985
58637  -28.175  -2.133  -2.548 0.2857142985
60241  -30.278  -0.995  -4.358 0.2857142985
59431  -29.391  -1.208  -3.731 0.2857142985
57887  -27.089  -3.341  -2.774 0.4285714328
60256  -30.164  -0.946  -5.095 0.2857142985
60240  -29.061  -1.246  -4.699 0.2857142985
58659  -27.783  -2.121  -3.593 0.2857142985
104153  -30.278  -0.890  -5.929 0.2857142985
60255  -28.810  -1.211  -5.658 0.4285714328
52894  -25.394  -9.215  0.366 0.1428571492
53692  -25.643  -8.525  0.036 0.1428571492
52893  -24.740  -9.654  -0.216 0.1428571492
54518  -26.288  -7.157  -0.361 0.2857142985
55359  -26.326  -6.709  -0.677 0.2857142985
57855  -27.914  -3.815  -0.833 0.2857142985
57869  -28.217  -3.125  -1.202 0.2857142985
57888  -27.774  -2.846  -2.135 0.2857142985
57060  -27.235  -4.304  -1.453 0.2857142985
53693  -26.280  -8.191  0.392 0.1428571492
57021  -27.673  -5.522  0.134 0.2857142985
54503  -26.537  -7.490  0.200 0.2857142985
56178  -27.026  -5.476  -0.631 0.2857142985
56177  -26.596  -6.150  -0.716 0.2857142985
55358  -25.922  -7.123  -0.984 0.2857142985
57043  -26.935  -4.941  -1.222 0.2857142985
52070  -24.811  -10.634  1.273 0.1428571492
52071  -25.468  -10.211  1.576 0.1428571492
115756  -23.915  -15.647  2.792 0.2857142985
116599  -24.030  -16.360  3.128 0.2857142985
45919  -23.218  -16.738  2.866 0.2857142985
51254  -24.646  -11.322  1.783 0.2857142985
47667  -24.554  -15.626  3.121 0.1428571492
118067  -22.985  -17.331  3.161 0.1428571492
55339  -26.768  -6.709  -0.015 0.2857142985
57044  -27.626  -4.690  -0.464 0.2857142985
58623  -28.599  -2.414  -1.602 0.2857142985
57868  -27.498  -3.576  -1.785 0.2857142985
59410  -28.708  -1.539  -3.073 0.2857142985
59430  -28.287  -1.683  -4.180 0.4285714328
60269  -32.023  -0.885  -6.507 0.2857142985
108853  -22.299  -0.227  -3.441 0.7142857313
61880  -27.163  1.644  -7.697 0.4285714328
100907  -28.184  1.277  -9.802 0.2857142985
107019  -27.504  2.075  -11.142 0.2857142985
62713  -25.965  2.735  -8.883 0.5714285970
100173  -16.577  9.941  -5.182 0.7142857313
65041  -24.650  5.365  -5.835 0.7142857313
111139  -19.316  9.679  -3.216 0.8571428657
106080  -13.750  12.092  -6.643 0.4285714328
102611  -14.361  12.252  -6.540 0.5714285970
70227  -17.298  11.475  -5.227 0.7142857313
63505  -24.894  3.775  -7.929 0.2857142985
111161  -20.170  10.405  -2.796 0.8571428657
68344  -23.348  9.270  -4.739 0.5714285970
106758  -14.695  15.157  -6.521 0.2857142985
71072  -21.324  12.433  -4.120 0.4285714328
71070  -20.033  12.959  -4.384 0.4285714328
74891  -13.524  19.917  -3.676 0.1428571492
118019  -19.273  14.493  -5.750 0.2857142985
110769  -20.515  13.664  -5.725 0.1428571492
73515  -15.907  16.002  -6.543 0.2857142985
47684  -22.679  -15.578  2.041 0.2857142985
111961  -24.827  -13.611  2.835 0.1428571492
53680  -26.679  -8.562  1.007 0.1428571492
54489  -26.968  -7.958  0.764 0.1428571492
55372  -26.109  -6.462  -1.361 0.2857142985
58638  -29.144  -1.712  -2.135 0.2857142985
57867  -26.840  -4.038  -2.429 0.2857142985
58670  -21.246  -2.274  -4.487 0.2857142985
60293  -32.453  -0.490  -7.300 0.2857142985
61054  -20.790  0.642  -4.447 0.4285714328
60282  -31.619  -0.689  -7.230 0.4285714328
114716  -19.853  3.146  -5.025 0.2857142985
104594  -30.782  -0.480  -7.830 0.2857142985
61830  -22.157  1.589  -3.300 0.7142857313
63472  -20.153  3.562  -4.647 0.2857142985
60291  -30.818  -0.253  -8.730 0.1428571492
61091  -29.447  0.487  -9.807 0.4285714328
61882  -28.644  0.550  -8.669 0.4285714328
61097  -30.210  1.398  -10.922 0.1428571492
112911  -28.961  1.496  -10.966 0.1428571492
63497  -25.442  3.394  -7.444 0.5714285970
105183  -24.165  7.140  -5.230 0.7142857313
64299  -23.851  4.586  -8.747 0.2857142985
65056  -23.609  5.391  -8.257 0.1428571492
74177  -12.497  17.170  -4.447 0.2857142985
66639  -23.801  7.587  -5.600 0.4285714328
64290  -24.097  4.852  -7.830 0.4285714328
65832  -23.395  6.221  -7.809 0.1428571492
111206  -21.795  11.587  -3.825 0.5714285970
66657  -23.240  7.071  -7.396 0.1428571492
68343  -23.047  9.630  -5.399 0.1428571492
69331  -22.624  10.231  -5.651 0.1428571492
68350  -22.774  9.485  -6.199 0.1428571492
70228  -21.857  11.748  -5.468 0.1428571492
71920  -17.907  13.975  -5.635 0.2857142985
71902  -19.479  13.594  -4.997 0.2857142985
71071  -20.949  13.102  -4.503 0.2857142985
71093  -21.303  12.530  -5.917 0.1428571492
72764  -19.251  15.026  -6.171 0.2857142985
72783  -20.065  14.388  -7.157 0.1428571492
71944  -20.300  13.638  -7.318 0.1428571492
49444  -25.189  -14.128  3.151 0.1428571492
52881  -25.770  -9.500  1.140 0.1428571492
59411  -29.911  -1.290  -2.860 0.2857142985
71098  -20.456  12.773  -7.586 0.1428571492
72782  -19.762  15.006  -7.824 0.2857142985
46790  -22.605  -16.416  2.360 0.2857142985
50372  -24.797  -12.910  2.619 0.1428571492
50394  -24.662  -12.066  2.286 0.1428571492
103093  -25.478  -7.743  -1.294 0.2857142985
53702  -25.352  -8.389  -0.772 0.1428571492
58654  -23.684  -2.396  -3.389 0.4285714328
100827  -29.036  0.068  -7.998 0.4285714328
60236  -23.883  -0.981  -3.308 0.7142857313
61818  -24.634  1.869  -2.830 0.7142857313
65033  -24.846  5.609  -4.727 0.7142857313
111823  -22.509  4.789  -2.664 0.8571428657
63459  -24.227  3.614  -2.568 0.8571428657
65791  -24.044  6.461  -2.841 0.8571428657
70225  -15.260  11.474  -5.887 0.5714285970
72759  -14.767  14.269  -6.662 0.2857142985
62697  -26.533  2.264  -7.283 0.4285714328
114312  -23.455  3.694  -2.577 0.5714285970
97613  -20.626  8.820  -2.184 0.8571428657
111123  -19.288  10.624  -3.281 0.8571428657
61816  -24.111  1.362  -2.700 0.8571428657
74915  -13.495  18.537  -6.440 0.2857142985
73518  -18.459  15.413  -6.194 0.2857142985
73516  -17.041  15.846  -6.457 0.2857142985
72761  -16.162  14.658  -6.432 0.2857142985
114417  -18.858  14.043  -5.394 0.2857142985
71933  -20.322  13.930  -6.424 0.1428571492
114366  -19.841  14.510  -6.323 0.1428571492
71087  -21.450  12.665  -4.913 0.1428571492
71068  -17.968  12.673  -5.335 0.5714285970
71919  -17.479  13.326  -5.678 0.5714285970
69326  -22.398  10.977  -5.233 0.1428571492
71086  -21.018  13.301  -5.319 0.2857142985
70217  -18.119  11.911  -4.898 0.7142857313
104875  -22.497  10.842  -4.335 0.4285714328
115184  -20.925  11.959  -3.508 0.5714285970
97706  -22.047  10.654  -3.326 0.7142857313
114650  -21.118  11.073  -3.053 0.7142857313
67469  -23.724  8.376  -4.961 0.5714285970
65816  -23.967  6.819  -5.993 0.4285714328
63457  -21.475  3.236  -3.540 0.5714285970
97306  -20.648  5.214  -3.537 0.4285714328
97303  -20.483  4.050  -4.161 0.4285714328
97677  -23.728  7.316  -3.005 0.8571428657
66633  -24.000  7.846  -3.983 0.8571428657
65817  -24.437  6.373  -5.248 0.4285714328
97313  -23.526  8.739  -3.901 0.8571428657
60234  -21.857  -0.833  -3.752 0.4285714328
98527  -23.218  -0.079  -3.121 0.7142857313
61831  -23.173  1.291  -2.756 0.7142857313
61829  -21.455  1.042  -3.821 0.4285714328
62651  -21.880  2.442  -3.408 0.5714285970
61843  -20.219  1.181  -4.928 0.2857142985
64283  -24.928  4.429  -6.377 0.7142857313
102910  -22.312  -2.906  -3.650 0.5714285970
61888  -27.980  1.247  -9.033 0.4285714328
61892  -28.217  1.567  -10.608 0.2857142985
61070  -28.047  -0.849  -6.546 0.4285714328
61088  -29.793  -0.310  -7.958 0.4285714328
58636  -27.389  -2.663  -3.120 0.2857142985
114114  -30.442  -0.766  -6.635 0.4285714328
53679  -26.029  -8.844  0.718 0.1428571492
56160  -27.110  -6.036  -0.099 0.2857142985
45903  -24.523  -17.015  3.664 0.1428571492
61889  -28.576  0.895  -9.475 0.2857142985
111326  -13.297  19.560  -2.969 0.1428571492
48586  -24.887  -14.879  3.116 0.1428571492
49445  -25.557  -13.316  3.094 0.1428571492
74871  -12.847  19.048  -2.987 0.1428571492
115385  -15.514  10.074  -5.431 0.5714285970
97690  -16.409  8.642  -5.207 0.4285714328
68342  -16.022  9.288  -5.284 0.4285714328
111080  -16.974  8.325  -5.015 0.4285714328
97726  -16.868  9.129  -4.960 0.5714285970
111079  -18.535  7.064  -4.366 0.4285714328
111017  -18.182  7.677  -4.496 0.4285714328
111224  -16.965  7.495  -5.209 0.4285714328
111222  -17.593  7.952  -4.759 0.5714285970
97305  -17.545  8.837  -4.696 0.5714285970
111187  -20.384  5.895  -3.373 0.5714285970
102584  -32.193  -1.173  -4.624 0.1428571492
116484  -31.122  -1.021  -4.874 0.1428571492
60257  -32.180  -1.011  -5.650 0.1428571492
98142  -23.196  -10.102  -1.870 0.2857142985
60242  -33.962  -1.037  -4.723 0.1428571492
61044  -33.934  -0.913  -4.793 0.1428571492
60258  -33.764  -0.974  -5.458 0.1428571492
52107  -22.813  -10.708  -1.644 0.2857142985
59401  -30.159  -1.667  -2.056 0.1428571492
59412  -31.075  -1.504  -2.819 0.1428571492
60223  -32.629  -1.445  -3.923 0.1428571492
60243  -34.058  -1.104  -4.463 0.1428571492
61021  -32.219  0.421  -1.601 0.1428571492
61031  -33.838  -0.638  -4.005 0.1428571492
61030  -32.540  0.451  -2.729 0.1428571492
52095  -23.110  -11.188  -1.085 0.2857142985
51296  -22.329  -11.355  -1.374 0.2857142985
57045  -28.627  -4.137  -0.190 0.1428571492
57856  -29.304  -3.560  -0.446 0.1428571492
57870  -29.039  -2.871  -0.816 0.1428571492
58624  -29.701  -2.263  -1.411 0.1428571492
59403  -32.236  -2.380  -2.622 0.1428571492
58625  -30.862  -2.523  -1.599 0.1428571492
59432  -34.145  -1.328  -4.098 0.1428571492
59402  -31.075  -1.868  -2.211 0.1428571492
59414  -34.669  -2.030  -3.870 0.1428571492
60211  -33.846  -0.914  -2.592 0.1428571492
61007  -32.740  -0.218  -1.434 0.1428571492
61022  -33.373  -0.333  -2.787 0.1428571492
51283  -22.641  -11.815  -0.780 0.2857142985
50423  -22.224  -12.473  -0.486 0.2857142985
57023  -29.251  -4.647  0.243 0.1428571492
57046  -29.628  -4.179  -0.114 0.1428571492
97996  -30.001  -3.752  -0.422 0.1428571492
58611  -30.064  -3.088  -0.795 0.1428571492
58639  -34.161  -2.257  -3.797 0.1428571492
60212  -34.566  -1.653  -3.538 0.1428571492
61788  -31.453  0.944  -0.809 0.1428571492
55340  -27.675  -6.416  0.487 0.1428571492
56161  -28.482  -5.809  0.597 0.1428571492
55341  -28.595  -6.529  0.954 0.1428571492
57024  -30.106  -4.847  0.107 0.1428571492
56162  -29.435  -5.401  0.569 0.1428571492
57872  -32.069  -3.587  -2.017 0.1428571492
58626  -32.977  -2.975  -2.777 0.1428571492
57871  -31.109  -3.371  -1.286 0.1428571492
59404  -34.159  -1.428  -2.329 0.1428571492
59415  -34.825  -2.103  -3.454 0.1428571492
54504  -27.249  -7.246  0.585 0.1428571492
56163  -30.526  -5.701  0.233 0.1428571492
55343  -30.414  -6.517  0.685 0.1428571492
114778  -29.224  -6.089  0.863 0.1428571492
56179  -30.967  -5.045  -0.426 0.1428571492
57061  -33.534  -4.293  -2.810 0.1428571492
56193  -32.502  -4.792  -2.238 0.1428571492
57078  -34.623  -3.641  -3.179 0.1428571492
57889  -34.948  -2.979  -3.285 0.1428571492
57873  -33.308  -3.620  -2.783 0.1428571492
58640  -34.477  -2.916  -3.402 0.1428571492
54507  -30.905  -7.132  0.547 0.1428571492
54506  -30.287  -7.096  1.068 0.1428571492
55326  -29.555  -6.756  1.151 0.1428571492
55360  -31.960  -6.273  -1.391 0.1428571492
55344  -31.166  -6.425  -0.068 0.1428571492
56180  -31.758  -5.309  -1.301 0.1428571492
57079  -35.154  -3.745  -3.106 0.1428571492
56164  -31.300  -5.752  -0.501 0.1428571492
57858  -31.449  -4.298  -1.233 0.1428571492
107308  -31.776  -2.967  -1.969 0.1428571492
115801  -28.618  -3.474  -0.634 0.1428571492
61006  -31.895  0.377  -0.614 0.1428571492
114573  -31.423  0.908  -0.096 0.1428571492
60221  -30.450  -1.092  -3.705 0.1428571492
60196  -33.142  -0.827  -1.147 0.1428571492
109076  -31.095  1.496  -0.166 0.1428571492
114267  -30.938  1.535  -0.930 0.1428571492
61804  -31.528  1.048  -1.612 0.1428571492
61043  -33.280  0.040  -4.014 0.1428571492
102565  -31.523  1.181  -2.252 0.1428571492
60270  -33.339  -0.797  -6.119 0.1428571492
116253  -14.607  10.251  -5.735 0.4285714328
70224  -14.238  11.490  -6.395 0.4285714328
72792  -19.471  14.864  -8.973 0.1428571492
69324  -15.999  10.728  -5.429 0.4285714328
73531  -19.401  15.755  -7.474 0.1428571492
57022  -28.458  -4.969  0.289 0.1428571492
60292  -31.745  -0.349  -7.928 0.1428571492
61089  -31.666  -0.096  -8.545 0.1428571492
60222  -31.101  -1.250  -3.466 0.1428571492
61058  -33.497  -0.410  -5.124 0.1428571492
112924  -30.397  -2.014  -1.710 0.1428571492
59413  -32.457  -1.807  -3.300 0.1428571492
60224  -34.245  -1.356  -4.016 0.1428571492
57857  -30.616  -3.749  -0.723 0.1428571492
57047  -30.473  -4.312  -0.411 0.1428571492
106922  -34.715  -2.210  -3.671 0.1428571492
54505  -28.014  -7.120  1.001 0.1428571492
55342  -29.872  -6.057  0.787 0.1428571492
115678  -32.428  -4.148  -2.225 0.1428571492
112221  -34.922  -2.497  -2.865 0.1428571492
45900  -21.592  -18.076  2.901 0.1428571492
45918  -22.527  -17.113  2.696 0.1428571492
45917  -21.224  -17.599  2.374 0.1428571492
46789  -21.807  -16.900  2.193 0.1428571492
47696  -21.989  -15.549  1.486 0.1428571492
48601  -22.393  -14.895  1.510 0.1428571492
47695  -21.506  -15.054  1.021 0.1428571492
49491  -21.559  -13.760  0.224 0.1428571492
48630  -22.137  -14.169  0.912 0.1428571492
49492  -22.174  -13.483  0.430 0.1428571492
98401  -21.332  -14.391  0.512 0.1428571492
50406  -21.857  -13.129  -0.187 0.1428571492
50421  -20.724  -12.593  -0.519 0.1428571492
51295  -21.431  -11.361  -1.470 0.1428571492
51282  -21.865  -12.000  -1.063 0.1428571492
52106  -21.942  -10.754  -1.817 0.2857142985
52910  -22.467  -10.120  -2.124 0.1428571492
52921  -23.126  -9.429  -2.408 0.1428571492
113354  -21.888  -5.482  -3.780 0.4285714328
111041  -19.954  5.426  -4.094 0.2857142985
97501  -18.889  6.293  -4.357 0.2857142985
111011  -19.589  6.129  -3.888 0.2857142985
97702  -14.466  7.827  -5.561 0.2857142985
67467  -14.134  8.859  -5.546 0.2857142985
68341  -14.764  9.437  -5.509 0.2857142985
68340  -13.828  9.614  -5.808 0.4285714328
52105  -21.035  -10.666  -1.781 0.1428571492
52909  -21.544  -10.079  -2.164 0.2857142985
113849  -21.374  -15.871  1.381 0.1428571492
49505  -21.160  -13.229  -0.230 0.1428571492
51281  -20.903  -11.978  -1.012 0.1428571492
52919  -21.111  -9.369  -2.463 0.2857142985
52920  -22.086  -9.479  -2.617 0.2857142985
53724  -21.636  -8.757  -3.000 0.2857142985
53725  -22.577  -8.752  -3.038 0.2857142985
54539  -22.877  -7.989  -3.349 0.2857142985
54553  -23.029  -7.178  -3.297 0.4285714328
55398  -22.434  -6.684  -3.603 0.4285714328
117411  -21.547  -5.773  -3.905 0.2857142985
97860  -20.227  4.757  -4.149 0.2857142985
111181  -19.041  5.060  -4.985 0.2857142985
97507  -19.315  5.578  -4.542 0.2857142985
111025  -17.796  6.124  -5.231 0.2857142985
112578  -18.317  6.434  -4.768 0.2857142985
111141  -17.755  7.040  -4.853 0.2857142985
97582  -14.923  6.996  -5.699 0.2857142985
97295  -15.636  8.580  -5.380 0.2857142985
97571  -19.650  4.949  -4.638 0.2857142985
111042  -18.585  5.699  -4.993 0.2857142985
64274  -18.570  4.520  -5.412 0.2857142985
97292  -17.018  5.695  -5.603 0.2857142985
111158  -15.247  6.288  -5.812 0.2857142985
111081  -16.987  6.604  -5.407 0.2857142985
115833  -14.600  6.363  -5.770 0.2857142985
97297  -16.273  7.967  -5.333 0.2857142985
111034  -16.194  5.246  -5.906 0.2857142985
97622  -15.386  5.537  -5.957 0.2857142985
111051  -16.146  6.074  -5.692 0.2857142985
56220  -22.517  -5.886  -3.522 0.4285714328
57091  -22.620  -4.872  -3.362 0.4285714328
50407  -22.493  -12.847  0.276 0.1428571492
46800  -21.980  -16.163  1.786 0.1428571492
111154  -16.005  7.035  -5.574 0.2857142985
50422  -21.487  -12.583  -0.628 0.1428571492
106182  -21.930  -17.494  2.641 0.1428571492
113465  -21.361  -16.451  1.727 0.1428571492
49490  -20.719  -13.920  0.266 0.1428571492
56219  -21.844  -6.221  -3.836 0.4285714328
111171  -15.361  7.791  -5.514 0.2857142985
54552  -22.352  -7.383  -3.606 0.4285714328
107931  -21.362  -3.744  -4.371 0.2857142985
115207  -21.696  -4.617  -3.960 0.2857142985
58652  -21.904  -2.268  -3.863 0.2857142985
74938  -17.640  18.138  -7.902 0.1428571492
74233  -18.078  17.536  -8.510 0.1428571492
99779  -18.115  17.056  -7.086 0.1428571492
73524  -18.467  16.173  -6.646 0.1428571492
112958  -17.263  18.999  -9.307 0.1428571492
74209  -17.489  16.485  -6.639 0.1428571492
74208  -15.958  17.370  -6.359 0.1428571492
75592  -16.301  18.660  -6.391 0.1428571492
57904  -21.668  -2.996  -4.155 0.2857142985
57917  -21.013  -2.993  -4.764 0.2857142985
73540  -19.331  15.775  -8.483 0.1428571492
74245  -18.596  16.700  -9.008 0.1428571492
73525  -19.172  15.701  -6.700 0.1428571492
74223  -18.918  16.406  -7.209 0.1428571492
74234  -18.974  16.514  -8.002 0.1428571492
102991  -16.440  16.606  -6.539 0.1428571492
74928  -17.329  17.755  -7.097 0.1428571492
74926  -16.155  17.994  -6.370 0.1428571492
74222  -16.787  17.255  -6.710 0.1428571492
74917  -15.428  18.281  -6.181 0.1428571492
102731  -18.388  17.043  -7.684 0.1428571492
116844  -17.478  17.085  -6.882 0.1428571492
75600  -17.446  19.247  -8.155 0.1428571492
97294  -16.812  4.005  -6.071 0.1428571492
116465  -18.567  5.134  -5.238 0.1428571492
98145  -16.952  4.817  -5.811 0.1428571492
97293  -14.679  5.757  -5.903 0.1428571492
97277  -13.089  5.445  -4.883 0.1428571492
97854  -12.924  6.178  -4.874 0.1428571492
64275  -19.337  4.411  -5.089 0.1428571492
97288  -14.223  6.056  -5.741 0.1428571492
97273  -12.231  7.195  -4.228 0.1428571492
66620  -11.876  7.865  -3.934 0.2857142985
114855  -20.764  -0.138  -4.565 0.2857142985
62684  -19.103  2.261  -5.518 0.1428571492
63487  -19.347  3.059  -5.348 0.1428571492
98932  -18.197  3.666  -5.673 0.1428571492
63512  -24.820  3.653  -8.859 0.1428571492
97540  -16.089  4.446  -6.077 0.1428571492
97289  -14.094  6.890  -5.629 0.1428571492
67466  -13.458  9.320  -5.687 0.1428571492
66631  -12.851  8.425  -5.110 0.1428571492
67458  -12.310  9.092  -5.427 0.2857142985
68334  -12.152  9.831  -5.893 0.2857142985
71054  -10.953  12.091  -4.215 0.2857142985
70190  -10.300  11.810  -3.361 0.2857142985
112689  -10.835  13.221  -3.801 0.2857142985
74163  -12.348  18.095  -3.241 0.1428571492
74823  -9.576  17.189  -0.234 0.1428571492
106965  -13.830  10.176  -6.074 0.2857142985
69317  -12.407  10.690  -6.264 0.2857142985
71081  -13.427  12.115  -6.565 0.2857142985
69312  -11.740  11.251  -5.083 0.2857142985
70204  -10.649  11.438  -4.031 0.2857142985
71056  -13.032  12.051  -4.518 0.2857142985
71040  -12.578  12.648  -4.293 0.2857142985
73458  -10.660  15.364  -2.669 0.1428571492
97713  -10.030  12.839  -2.410 0.2857142985
74870  -12.349  18.047  -2.108 0.1428571492
74840  -13.544  18.199  -0.831 0.1428571492
111430  -10.142  11.215  -3.291 0.1428571492
97332  -9.941  10.987  -2.874 0.1428571492
97790  -10.025  12.172  -2.686 0.2857142985
118241  -10.233  14.110  -2.437 0.1428571492
97802  -9.874  13.543  -2.053 0.2857142985
97762  -8.109  14.483  -2.373 0.1428571492
97335  -8.472  13.989  -1.316 0.1428571492
99247  -11.233  6.869  -3.643 0.2857142985
102749  -9.674  13.197  -0.893 0.1428571492
74118  -10.570  16.255  -0.472 0.1428571492
97340  -9.498  14.296  -0.597 0.1428571492
97253  -11.357  5.357  -1.410 0.1428571492
63520  -24.795  3.534  -9.889 0.1428571492
61895  -28.459  2.101  -11.827 0.1428571492
62685  -19.789  2.520  -5.147 0.1428571492
99202  -17.865  3.017  -5.821 0.1428571492
63521  -25.367  3.103  -10.580 0.1428571492
63485  -17.394  3.494  -5.926 0.1428571492
97504  -15.056  4.083  -6.010 0.1428571492
111047  -14.735  4.971  -5.965 0.1428571492
97317  -12.858  4.682  -4.566 0.1428571492
65803  -10.976  6.013  -3.300 0.1428571492
97635  -13.653  8.167  -5.456 0.1428571492
68330  -11.586  10.110  -5.570 0.1428571492
101908  -11.439  10.836  -5.224 0.2857142985
69310  -10.361  11.029  -3.728 0.1428571492
69311  -10.956  11.221  -4.746 0.1428571492
97336  -9.797  13.829  -0.400 0.1428571492
69258  -9.742  12.584  -1.169 0.2857142985
97337  -9.646  13.600  -1.159 0.1428571492
102051  -7.254  14.610  -0.976 0.1428571492
111261  -10.034  16.023  -2.195 0.1428571492
74117  -9.830  16.282  -0.321 0.1428571492
74821  -8.605  16.746  -0.494 0.1428571492
62719  -25.943  2.664  -9.986 0.1428571492
63513  -25.393  3.197  -9.403 0.1428571492
62723  -26.028  2.734  -11.237 0.1428571492
112105  -13.069  12.054  -5.792 0.2857142985
111235  -9.234  16.836  -2.204 0.1428571492
76204  -9.124  18.855  -0.850 0.1428571492
71039  -11.423  12.843  -4.301 0.2857142985
71871  -10.464  13.518  -3.067 0.2857142985
72712  -10.772  14.440  -3.227 0.2857142985
74146  -7.120  16.022  -1.148 0.1428571492
74851  -12.782  18.396  -1.241 0.1428571492
69322  -13.990  10.816  -6.301 0.2857142985
62668  -20.306  2.043  -4.773 0.1428571492
100792  -19.560  0.943  -5.346 0.1428571492
70223  -13.525  11.464  -6.565 0.2857142985
63471  -19.619  3.716  -5.085 0.1428571492
61896  -29.463  1.948  -11.523 0.1428571492
69321  -13.216  10.798  -6.463 0.2857142985
64273  -17.648  4.290  -5.746 0.1428571492
111097  -15.487  4.857  -6.075 0.1428571492
97287  -14.148  5.344  -5.687 0.1428571492
63484  -15.991  3.637  -6.051 0.1428571492
103040  -16.706  3.336  -6.045 0.1428571492
97284  -13.609  6.012  -5.462 0.1428571492
97278  -13.342  7.107  -5.418 0.1428571492
98254  -18.983  3.736  -5.423 0.1428571492
113427  -13.026  7.414  -5.229 0.1428571492
66632  -13.163  8.007  -5.263 0.1428571492
63486  -18.588  2.919  -5.614 0.1428571492
67459  -12.937  8.973  -5.445 0.2857142985
67453  -11.970  8.664  -4.450 0.2857142985
69316  -11.786  10.704  -5.631 0.2857142985
68335  -12.746  9.839  -6.049 0.2857142985
71038  -10.523  12.651  -3.419 0.2857142985
71055  -12.208  11.984  -4.383 0.2857142985
97334  -9.892  11.473  -2.479 0.1428571492
112111  -11.133  17.040  -0.693 0.1428571492
69313  -12.109  11.304  -5.417 0.2857142985
70216  -12.875  11.451  -6.458 0.2857142985
70207  -12.547  11.456  -5.761 0.2857142985
70205  -11.492  11.587  -4.618 0.2857142985
70206  -12.393  11.569  -4.754 0.2857142985
113019  -10.019  14.668  -2.317 0.1428571492
99419  -9.744  12.983  -1.531 0.2857142985
74852  -13.591  18.282  -2.104 0.1428571492
97732  -9.652  14.130  -1.772 0.2857142985
67452  -11.490  9.241  -4.357 0.1428571492
68329  -10.727  9.945  -4.373 0.2857142985
72675  -8.465  15.505  -0.397 0.1428571492
52907  -19.636  -9.814  -1.518 0.1428571492
53710  -19.303  -8.926  -1.750 0.1428571492
54537  -19.547  -7.590  -2.629 0.1428571492
54549  -20.033  -7.080  -3.212 0.1428571492
54538  -20.380  -7.812  -2.970 0.1428571492
55395  -19.697  -6.425  -3.482 0.1428571492
54550  -20.857  -7.255  -3.505 0.1428571492
53734  -22.102  -8.082  -3.488 0.1428571492
55400  -20.063  -6.035  -3.828 0.1428571492
55397  -21.286  -6.590  -3.796 0.1428571492
113664  -21.949  -6.873  -3.794 0.1428571492
55402  -21.229  -5.890  -3.984 0.1428571492
56223  -20.007  -5.498  -4.155 0.1428571492
56225  -21.287  -5.282  -4.069 0.1428571492
57098  -20.836  -4.467  -4.478 0.1428571492
58669  -20.604  -2.278  -4.981 0.1428571492
59440  -20.839  -1.530  -4.722 0.1428571492
97870  -10.785  7.565  -3.510 0.1428571492
53733  -21.252  -8.007  -3.329 0.1428571492
52104  -20.259  -10.454  -1.537 0.1428571492
53722  -19.845  -8.379  -2.351 0.1428571492
100579  -9.811  12.205  -1.774 0.1428571492
60252  -21.123  -0.796  -4.365 0.1428571492
52908  -20.621  -9.920  -1.922 0.1428571492
54551  -21.675  -7.371  -3.655 0.1428571492
53711  -20.193  -9.168  -2.099 0.1428571492
53723  -20.716  -8.600  -2.711 0.1428571492
53721  -19.021  -8.128  -2.009 0.1428571492
55396  -20.447  -6.558  -3.655 0.1428571492
55401  -20.636  -5.977  -3.956 0.1428571492
56218  -19.464  -5.765  -3.771 0.1428571492
56224  -20.661  -5.325  -4.217 0.1428571492
55394  -18.964  -6.206  -3.278 0.1428571492
115460  -18.940  -10.075  -1.033 0.1428571492
55325  -28.742  -7.113  1.270 0.1428571492
60283  -32.855  -0.685  -6.750 0.1428571492
61093  -31.224  0.190  -9.310 0.1428571492
61094  -29.619  1.111  -10.677 0.1428571492
61893  -28.835  1.048  -10.246 0.2857142985
62640  -24.551  2.758  -2.702 0.8571428657
62686  -25.914  2.660  -5.377 0.8571428657
63488  -25.594  3.408  -5.465 0.8571428657
64255  -23.913  4.349  -2.506 1.0000000000
64300  -24.254  3.993  -9.304 0.2857142985
65804  -24.410  6.363  -3.327 0.8571428657
66634  -24.271  7.016  -3.652 0.8571428657
68339  -13.183  10.105  -6.213 0.2857142985
70219  -21.792  12.024  -4.556 0.4285714328
71872  -11.145  13.728  -3.944 0.2857142985
72676  -7.552  14.708  -0.615 0.1428571492
73420  -9.337  15.773  -0.221 0.1428571492
73421  -10.181  15.532  -0.349 0.1428571492
73436  -6.930  15.371  -0.581 0.1428571492
73449  -6.808  15.307  -0.824 0.1428571492
73457  -9.548  15.119  -2.248 0.1428571492
74115  -8.230  15.950  -0.477 0.1428571492
74116  -9.042  16.298  -0.109 0.1428571492
74119  -12.116  16.772  -0.408 0.1428571492
74132  -7.610  16.135  -0.865 0.1428571492
74160  -8.630  16.425  -2.114 0.1428571492
74822  -9.193  17.646  -0.367 0.1428571492
74824  -10.337  17.857  -0.477 0.1428571492
74836  -7.978  16.578  -1.173 0.1428571492
74837  -8.627  17.269  -0.843 0.1428571492
74848  -8.074  16.475  -1.600 0.1428571492
74849  -8.803  17.357  -1.380 0.2857142985
74850  -11.992  18.203  -1.247 0.2857142985
74867  -9.654  17.826  -1.865 0.2857142985
75525  -9.894  18.369  -0.313 0.1428571492
75531  -9.021  18.246  -0.791 0.1428571492
75537  -8.967  18.233  -0.990 0.1428571492
75538  -10.410  19.212  -1.100 0.2857142985
75539  -10.883  18.194  -1.176 0.2857142985
75545  -9.161  18.346  -1.519 0.1428571492
75546  -9.743  18.871  -1.426 0.1428571492
75547  -10.371  18.974  -1.282 0.2857142985
76200  -9.474  18.630  -0.564 0.1428571492
76201  -10.154  19.157  -0.688 0.1428571492
76205  -9.744  19.243  -0.934 0.1428571492
76206  -10.289  19.307  -1.003 0.1428571492
76210  -9.288  18.941  -1.192 0.1428571492
76211  -9.896  19.253  -1.203 0.1428571492
76212  -10.200  19.207  -1.192 0.1428571492
97283  -13.536  4.981  -5.215 0.1428571492
97304  -19.913  4.265  -4.662 0.1428571492
97322  -22.641  10.199  -3.822 0.7142857313
97338  -6.847  14.927  -0.777 0.1428571492
97339  -7.644  15.082  -1.948 0.1428571492
97341  -7.047  15.585  -1.409 0.1428571492
97343  -8.649  15.599  -2.342 0.1428571492
97579  -18.612  10.754  -3.755 0.8571428657
97629  -8.610  14.377  -2.095 0.1428571492
97698  -17.901  5.198  -5.481 0.1428571492
97758  -6.837  14.921  -1.093 0.1428571492
97852  -8.079  14.241  -0.860 0.1428571492
100959  -9.883  18.835  -1.562 0.2857142985
104378  -7.700  14.545  -1.786 0.1428571492
108438  -11.194  15.804  -0.369 0.1428571492
108588  -25.440  3.582  -6.434 0.7142857313
109316  -8.998  16.751  -0.154 0.1428571492
109417  -11.219  17.180  -1.894 0.2857142985
111566  -10.302  16.878  -0.455 0.1428571492
113724  -11.858  9.512  -5.563 0.2857142985
113742  -14.855  8.475  -5.495 0.2857142985
114051  -15.373  17.570  -6.265 0.1428571492
116149  -9.613  18.278  -1.653 0.2857142985
116390  -23.158  0.594  -2.914 0.7142857313
117418  -9.615  19.041  -0.705 0.1428571492
118180  -7.292  15.188  -0.481 0.1428571492
118471  -7.830  15.871  -2.114 0.1428571492
