#!ascii label  , from subject sub-v1s5x0050736_ses-1 vox2ras=TkReg
1462
6220  6.161  -76.808  -2.407 0.6999999881
5467  5.468  -77.445  -2.144 0.8000000119
103317  4.456  -76.411  -2.390 0.8000000119
5469  3.528  -77.150  -2.380 0.6999999881
106272  7.014  -77.905  -2.135 0.6000000238
5466  6.288  -77.693  -2.073 0.6000000238
5468  4.479  -77.174  -2.255 0.6000000238
4765  7.341  -78.645  -1.938 0.6000000238
6961  4.824  -75.911  -2.703 0.8000000119
6222  3.882  -76.615  -2.339 0.6999999881
107001  3.086  -75.730  -2.726 0.6999999881
6224  2.133  -76.550  -2.505 0.6999999881
6219  6.891  -76.844  -2.744 0.6000000238
6239  5.699  -75.999  -2.836 0.6999999881
6223  3.073  -76.404  -2.399 0.6999999881
4764  8.088  -78.821  -2.200 0.6000000238
4107  8.718  -79.078  -2.634 0.6000000238
4090  7.635  -79.503  -1.820 0.6000000238
2856  8.910  -81.089  -2.095 0.6000000238
2857  7.897  -81.195  -2.242 0.6000000238
6992  3.678  -75.172  -4.147 0.8000000119
7783  2.914  -74.874  -4.527 0.8000000119
7764  2.809  -75.004  -3.792 0.6999999881
7785  1.427  -74.242  -3.973 0.6999999881
7786  0.573  -74.350  -3.978 0.6999999881
6991  4.652  -75.373  -4.178 0.8000000119
6974  3.407  -75.419  -3.212 0.6999999881
6976  1.872  -75.312  -3.035 0.6999999881
6972  5.191  -75.587  -3.427 0.6999999881
6973  4.297  -75.514  -3.276 0.8000000119
6975  2.585  -75.336  -3.135 0.6999999881
6971  6.028  -75.716  -3.679 0.6999999881
5465  7.307  -77.403  -2.693 0.6999999881
4786  8.345  -78.382  -2.920 0.6000000238
5485  7.896  -77.684  -3.238 0.6000000238
3473  8.480  -80.341  -1.977 0.6000000238
3467  8.057  -79.920  -1.835 0.6000000238
1871  9.444  -83.230  -2.671 0.6999999881
1872  8.797  -83.365  -3.430 0.6000000238
1450  9.825  -84.498  -3.778 0.5000000000
1881  9.330  -83.871  -3.317 0.6000000238
1056  11.053  -85.308  -4.394 0.5000000000
7795  3.349  -75.068  -5.150 0.8999999762
7796  2.520  -74.502  -5.205 0.8000000119
7797  1.732  -73.842  -4.742 0.6999999881
101258  4.217  -75.305  -5.008 0.6999999881
7014  3.897  -75.277  -5.860 0.8999999762
8534  0.913  -73.597  -4.483 0.6999999881
6989  6.116  -75.686  -4.541 0.8000000119
6990  5.457  -75.517  -4.334 0.8000000119
6255  6.816  -76.103  -4.226 0.8000000119
5515  7.889  -77.580  -5.248 0.6999999881
5503  7.980  -77.478  -4.188 0.8000000119
5514  8.375  -78.139  -4.793 0.8000000119
4785  8.899  -78.751  -3.499 0.6999999881
4088  9.027  -79.786  -2.357 0.6999999881
101038  9.289  -80.546  -2.272 0.6000000238
2345  9.428  -82.244  -2.348 0.6999999881
1438  9.838  -84.142  -2.869 0.6999999881
7031  3.606  -75.221  -6.677 0.8999999762
7809  2.391  -74.418  -6.244 0.8000000119
8551  1.281  -73.163  -5.239 0.6999999881
7029  5.368  -75.601  -6.328 0.8000000119
7030  4.495  -75.424  -6.510 0.8000000119
7028  6.174  -75.845  -6.111 0.6999999881
6266  7.402  -76.945  -5.637 0.6999999881
6267  6.843  -76.358  -5.920 0.6000000238
6254  7.496  -76.819  -4.648 0.8000000119
4808  8.833  -78.576  -4.321 0.8000000119
4124  9.469  -79.233  -4.264 0.6999999881
3481  10.281  -80.398  -3.124 0.8000000119
3482  9.659  -80.086  -2.712 0.6999999881
2344  10.506  -82.347  -2.263 0.6999999881
103959  9.930  -81.914  -2.197 0.6999999881
3472  10.016  -80.798  -2.508 0.6999999881
1870  10.100  -83.612  -2.402 0.6999999881
108011  -4.743  -69.210  -10.556 0.6000000238
12480  -4.447  -68.590  -9.962 0.6000000238
11734  -5.642  -69.236  -9.649 0.6000000238
10965  -5.854  -70.154  -8.658 0.6999999881
7820  2.781  -74.877  -6.908 0.8999999762
8550  1.872  -73.714  -5.583 0.6999999881
7044  5.879  -75.862  -7.005 0.6000000238
6281  7.145  -77.057  -6.528 0.6000000238
6282  6.546  -76.408  -6.794 0.6000000238
104604  7.634  -77.739  -6.196 0.6999999881
108550  8.618  -78.906  -6.085 0.6999999881
4835  8.153  -78.825  -6.751 0.6999999881
8593  0.178  -73.284  -9.619 0.6999999881
9403  -0.372  -72.653  -9.782 0.6999999881
5527  8.178  -78.356  -5.884 0.8000000119
8603  -0.261  -73.359  -11.150 0.6000000238
9404  -0.982  -71.983  -10.196 0.6999999881
117310  9.392  -79.233  -5.129 0.6999999881
10230  -1.337  -71.689  -9.125 0.6999999881
4123  10.319  -80.092  -4.286 0.8000000119
113731  9.842  -79.796  -3.466 0.8000000119
9415  -0.431  -72.705  -12.042 0.5000000000
9416  -0.895  -71.852  -11.645 0.5000000000
2853  11.095  -81.754  -2.672 0.6999999881
10256  -0.225  -71.615  -12.275 0.5000000000
10255  0.817  -71.244  -12.140 0.6000000238
10975  0.369  -70.586  -12.135 0.5000000000
10976  -0.645  -69.801  -11.569 0.6000000238
109197  -1.918  -69.782  -10.824 0.6999999881
11742  -3.691  -69.728  -11.138 0.6999999881
102189  0.291  -69.655  -11.556 0.5000000000
11737  -1.234  -69.476  -10.995 0.6000000238
11738  -2.158  -69.374  -10.684 0.6000000238
12479  -3.600  -68.569  -10.162 0.6000000238
10974  1.233  -70.191  -11.386 0.6000000238
12477  -1.655  -68.863  -10.585 0.6000000238
12478  -2.604  -68.696  -10.356 0.6000000238
11732  0.686  -69.045  -10.318 0.5000000000
11733  -0.158  -68.972  -10.754 0.5000000000
12472  -3.089  -68.014  -9.554 0.6000000238
12468  -5.165  -68.804  -9.353 0.6000000238
11730  -5.473  -69.156  -9.037 0.6999999881
10945  -5.042  -70.519  -7.520 0.6000000238
10929  -5.061  -71.193  -6.876 0.6999999881
118521  -1.305  -68.578  -10.368 0.6000000238
12471  -1.955  -68.176  -9.847 0.6000000238
12473  -3.986  -68.066  -9.399 0.6000000238
12466  -4.064  -68.000  -8.848 0.6999999881
10944  -4.466  -69.842  -7.499 0.5000000000
105209  5.050  -75.568  -7.271 0.6999999881
7810  2.087  -74.356  -7.183 0.8000000119
9345  0.811  -72.704  -5.815 0.6999999881
8561  1.552  -73.478  -6.977 0.6999999881
7822  1.529  -74.103  -8.056 0.8000000119
5528  7.331  -77.917  -7.095 0.6999999881
8592  0.450  -74.011  -10.208 0.8000000119
8574  0.211  -72.724  -8.424 0.6000000238
8602  0.256  -74.131  -11.609 0.6000000238
3498  10.567  -80.271  -5.518 0.8000000119
102659  9.933  -79.844  -5.921 0.8000000119
9429  -0.129  -73.029  -12.362 0.5000000000
3492  11.041  -80.710  -4.746 0.8000000119
10265  0.179  -72.343  -12.384 0.5000000000
9414  1.262  -72.108  -11.986 0.5000000000
10243  1.859  -71.247  -11.089 0.6000000238
10970  2.069  -70.585  -9.731 0.6000000238
11731  1.521  -69.732  -9.593 0.6000000238
10916  -3.930  -70.855  -6.045 0.5000000000
12469  -0.029  -68.438  -9.795 0.5000000000
100574  -3.953  -70.244  -6.715 0.5000000000
10192  -4.561  -71.263  -6.264 0.6000000238
12465  -0.579  -67.743  -9.026 0.6000000238
13200  -2.593  -67.314  -9.012 0.6999999881
13197  -2.752  -67.090  -8.450 0.6999999881
11710  -4.092  -68.877  -7.840 0.6999999881
110684  0.584  -68.617  -9.080 0.6000000238
12454  -3.024  -67.669  -7.768 0.6000000238
13194  0.106  -67.132  -8.484 0.6999999881
13196  -2.197  -66.828  -8.441 0.6000000238
13186  -2.049  -66.698  -7.746 0.5000000000
105177  4.182  -75.385  -7.182 0.6999999881
7047  3.355  -75.211  -7.582 0.6999999881
7821  2.470  -74.834  -7.731 0.6999999881
117382  2.017  -74.543  -7.888 0.8000000119
7833  1.995  -74.767  -8.583 0.6999999881
7846  0.942  -74.586  -10.621 0.6999999881
7834  1.231  -74.376  -9.311 0.6999999881
10172  -2.904  -71.214  -4.947 0.5000000000
117547  2.964  -72.049  -9.434 0.5000000000
106626  2.607  -71.503  -9.481 0.6000000238
10155  -3.675  -71.725  -4.880 0.5000000000
10963  2.723  -70.802  -8.502 0.5000000000
10228  4.105  -71.213  -8.694 0.5000000000
12448  -3.316  -68.622  -7.392 0.5000000000
10962  3.577  -70.590  -8.315 0.5000000000
10964  2.204  -70.184  -8.504 0.6000000238
11729  1.235  -69.047  -8.747 0.6000000238
11728  2.012  -69.491  -8.230 0.6000000238
7046  4.311  -75.460  -7.909 0.6999999881
7063  3.476  -75.352  -8.552 0.6999999881
7048  2.724  -75.098  -8.320 0.6999999881
13193  1.138  -66.991  -8.226 0.5000000000
10961  4.789  -70.003  -8.778 0.5000000000
13960  -1.104  -66.263  -7.803 0.5000000000
11727  2.918  -69.861  -7.946 0.5000000000
12462  2.003  -67.831  -8.127 0.5000000000
12463  0.974  -68.178  -8.370 0.5000000000
13195  -0.919  -66.766  -8.463 0.5000000000
13958  1.429  -66.120  -8.024 0.5000000000
13952  0.794  -65.718  -7.535 0.5000000000
99093  4.304  -67.464  -8.674 0.5000000000
13957  2.421  -66.150  -8.176 0.5000000000
13953  -0.237  -65.884  -7.432 0.5000000000
105144  3.712  -68.592  -8.437 0.5000000000
13192  2.878  -66.764  -8.453 0.5000000000
107556  2.000  -66.625  -8.237 0.5000000000
11726  4.142  -69.436  -8.449 0.5000000000
105757  2.502  -68.861  -8.109 0.5000000000
13191  3.731  -66.884  -8.609 0.5000000000
107964  -3.585  -74.081  -2.013 0.6000000238
8514  -3.871  -73.599  -3.052 0.6000000238
9287  -2.300  -73.213  -2.528 0.5000000000
8485  -3.844  -74.087  -1.147 0.6999999881
106256  -4.347  -74.163  -1.712 0.6000000238
7747  -5.191  -74.222  -1.909 0.6000000238
9268  -6.671  -72.976  -0.808 0.6999999881
8462  -3.792  -73.410  0.045 0.6000000238
105344  -5.145  -73.429  -0.555 0.6999999881
8475  -5.974  -73.323  -0.765 0.6999999881
8488  -6.438  -73.571  -1.203 0.6999999881
10098  -7.002  -71.458  -1.081 0.8000000119
8461  -2.943  -73.460  0.213 0.5000000000
8473  -3.380  -73.817  -0.461 0.5000000000
9256  -5.837  -72.847  -0.462 0.8000000119
9255  -5.014  -72.765  -0.122 0.6000000238
11619  -7.405  -69.396  -2.634 0.6999999881
9245  -2.423  -72.878  0.904 0.5000000000
8460  -2.055  -73.414  0.268 0.5000000000
10852  -6.676  -70.677  -1.323 0.6999999881
10872  -7.744  -69.988  -2.232 0.6999999881
10839  -5.990  -71.166  -0.785 0.6999999881
9247  -4.233  -72.778  0.254 0.6999999881
12384  -6.964  -68.770  -3.231 0.6999999881
11601  -5.929  -69.393  -1.815 0.6999999881
10076  -3.087  -72.096  0.993 0.6000000238
108462  -5.176  -71.262  -0.355 0.8000000119
16393  -4.563  -63.322  -1.242 0.6999999881
16428  -4.750  -64.162  -2.730 0.8000000119
10044  -0.317  -71.396  2.112 0.4000000060
12401  -6.397  -68.156  -3.855 0.6999999881
10061  -1.694  -71.559  1.555 0.5000000000
12383  -6.142  -68.514  -2.910 0.6999999881
10075  -2.348  -71.889  1.312 0.6000000238
10826  -3.575  -70.920  0.599 0.6000000238
10851  -5.927  -70.171  -1.313 0.6999999881
112413  -4.182  -71.276  0.315 0.8000000119
11585  -5.064  -70.348  -0.705 0.8000000119
18092  -0.549  -61.258  8.410 0.5000000000
18909  -1.265  -60.758  7.767 0.5000000000
18910  -2.799  -60.324  8.431 0.5000000000
18165  -3.661  -61.484  2.149 0.5000000000
18183  -2.573  -61.889  0.125 0.6000000238
18176  -3.203  -61.736  1.211 0.6000000238
18989  -4.029  -61.187  2.936 0.6000000238
18937  -5.466  -59.955  5.888 0.6000000238
17282  -4.442  -62.708  0.236 0.6999999881
18177  -4.256  -62.056  1.717 0.6999999881
17300  -3.879  -62.820  -0.825 0.6999999881
17283  -5.778  -62.781  0.635 0.6999999881
13134  -5.275  -67.048  -3.872 0.6999999881
13133  -4.598  -66.723  -3.337 0.6999999881
14705  -4.033  -65.205  -3.477 0.8000000119
10045  -1.392  -70.863  1.742 0.5000000000
12400  -5.666  -67.852  -3.401 0.6999999881
10814  -2.220  -70.756  1.390 0.6000000238
12363  -5.860  -68.823  -2.266 0.8000000119
110408  -3.631  -70.032  0.226 0.6999999881
12361  -4.400  -68.636  -1.272 0.8000000119
11600  -5.162  -69.465  -1.278 0.8000000119
18091  0.613  -61.460  8.033 0.5000000000
18908  -0.050  -61.129  7.426 0.6000000238
18924  0.457  -60.582  6.762 0.5000000000
18925  -0.686  -60.341  6.755 0.6000000238
18926  -1.994  -60.149  7.070 0.6000000238
18927  -3.419  -59.868  7.564 0.6000000238
19763  -2.687  -59.320  6.369 0.6000000238
19764  -3.821  -59.442  6.715 0.5000000000
19003  -2.835  -61.240  1.649 0.5000000000
18988  -3.096  -60.837  2.516 0.5000000000
18182  -1.575  -61.734  -0.215 0.6000000238
18976  -3.873  -60.523  3.533 0.6000000238
111269  -4.794  -60.415  4.152 0.6999999881
19765  -4.746  -59.640  6.954 0.6000000238
17280  -2.034  -62.187  -0.770 0.6000000238
17299  -2.654  -62.643  -1.166 0.6999999881
17271  -4.977  -62.469  1.173 0.6999999881
18166  -4.742  -61.605  2.574 0.6999999881
18154  -5.102  -61.037  3.508 0.8000000119
18955  -5.149  -60.102  4.918 0.6999999881
17313  -2.398  -62.950  -1.563 0.6999999881
17314  -3.287  -63.024  -1.658 0.6999999881
110746  -2.978  -63.796  -2.152 0.6999999881
16426  -3.418  -63.693  -2.381 0.8000000119
102179  -3.500  -65.711  -2.287 0.8000000119
15575  -3.917  -64.646  -3.274 0.8000000119
109240  -2.289  -69.797  1.139 0.5000000000
12318  -2.306  -68.459  0.739 0.6000000238
13117  -4.311  -67.254  -2.455 0.8000000119
13885  -4.033  -66.548  -2.782 0.8000000119
10825  -2.927  -70.112  0.781 0.6000000238
11571  -2.569  -69.228  0.684 0.6999999881
13099  -3.949  -67.710  -1.592 0.8000000119
11572  -3.198  -69.327  0.240 0.6999999881
12360  -3.661  -68.293  -0.841 0.6999999881
11584  -4.411  -69.442  -0.718 0.8000000119
18076  1.916  -61.148  8.702 0.4000000060
18090  1.588  -61.343  8.037 0.5000000000
115596  0.025  -59.936  6.256 0.4000000060
19777  -2.996  -58.922  5.699 0.5000000000
18174  -1.287  -61.147  0.500 0.5000000000
18975  -2.886  -60.199  3.178 0.6000000238
117603  -3.320  -59.937  3.852 0.6000000238
19778  -4.020  -59.310  5.914 0.6000000238
17297  -1.322  -62.259  -0.684 0.6000000238
19813  -4.099  -59.880  4.446 0.6999999881
19795  -4.601  -59.613  5.410 0.6999999881
16379  -1.401  -62.412  -0.764 0.6000000238
14671  -3.331  -64.795  -2.294 0.8000000119
13078  -2.906  -67.572  -0.332 0.6999999881
13079  -3.401  -67.685  -0.936 0.6999999881
101004  -3.547  -67.128  -1.549 0.8000000119
13852  -3.363  -66.473  -1.437 0.8000000119
12333  -2.877  -68.659  0.193 0.6999999881
18075  2.260  -61.014  8.109 0.4000000060
18891  2.428  -60.236  9.214 0.4000000060
19735  1.904  -60.089  9.848 0.4000000060
18923  1.464  -60.555  6.811 0.5000000000
104255  2.013  -60.936  7.485 0.4000000060
20547  1.740  -59.006  9.822 0.5000000000
19762  -1.494  -59.444  6.163 0.5000000000
20605  -2.172  -58.425  4.859 0.5000000000
19793  -3.119  -58.915  5.075 0.5000000000
20604  -1.451  -58.014  4.361 0.5000000000
19794  -3.815  -59.331  5.052 0.6999999881
15534  -2.200  -63.580  -0.900 0.6000000238
14657  -3.296  -65.582  -1.487 0.8000000119
13055  -1.976  -67.771  1.363 0.6000000238
107713  -2.657  -67.134  0.118 0.6000000238
13836  -2.655  -66.152  1.256 0.6999999881
14656  -3.164  -65.515  -0.408 0.6999999881
108243  -3.225  -67.162  -0.974 0.6999999881
21332  0.369  -57.564  9.416 0.3000000119
18922  2.394  -60.416  6.979 0.4000000060
18906  2.786  -60.496  7.764 0.3000000119
112250  3.139  -60.145  8.225 0.4000000060
19741  2.931  -59.928  8.816 0.4000000060
20546  2.229  -58.695  9.472 0.4000000060
21331  1.419  -57.964  9.400 0.5000000000
19760  0.810  -59.894  6.225 0.4000000060
19761  -0.606  -59.557  6.040 0.4000000060
20619  -1.715  -58.357  3.957 0.5000000000
19775  -1.008  -58.791  5.539 0.4000000060
20637  -1.272  -58.510  3.068 0.6000000238
20589  0.443  -58.302  5.163 0.4000000060
20618  -0.943  -57.830  3.629 0.4000000060
20591  -1.366  -58.181  4.960 0.5000000000
99571  -3.068  -64.590  -1.504 0.6999999881
13851  -3.026  -66.700  -0.535 0.6999999881
20548  0.909  -58.402  9.958 0.4000000060
21330  2.395  -58.018  9.189 0.4000000060
21342  1.694  -57.254  8.804 0.3000000119
19772  2.029  -59.167  5.864 0.3000000119
20590  -0.511  -58.175  5.063 0.4000000060
21387  -0.302  -57.321  3.858 0.4000000060
20602  -0.067  -57.614  4.520 0.4000000060
18895  3.502  -59.752  7.661 0.3000000119
19740  3.490  -59.530  8.338 0.3000000119
20554  3.029  -59.001  9.052 0.4000000060
106647  3.178  -58.164  8.911 0.3000000119
19757  3.493  -59.565  6.871 0.3000000119
20588  1.397  -58.433  5.300 0.3000000119
20601  0.899  -57.634  4.620 0.3000000119
21399  0.432  -57.126  3.366 0.3000000119
20553  3.740  -58.713  8.509 0.3000000119
115192  3.249  -57.029  8.564 0.3000000119
20564  4.079  -59.094  7.854 0.3000000119
21340  3.683  -57.703  8.589 0.3000000119
21371  2.475  -57.785  5.062 0.3000000119
21385  1.735  -57.350  4.475 0.3000000119
100100  1.034  -57.046  3.891 0.3000000119
21343  0.717  -57.101  8.804 0.3000000119
19749  4.119  -59.124  7.212 0.3000000119
20563  4.569  -58.513  7.409 0.3000000119
21384  2.548  -57.103  4.510 0.3000000119
10244  -1.484  -71.198  -10.837 0.6000000238
10258  -1.503  -70.201  -11.164 0.6999999881
10971  -2.288  -70.425  -10.543 0.6999999881
10977  -2.597  -69.858  -10.873 0.6999999881
19776  -1.987  -58.704  5.538 0.4000000060
20620  -2.443  -58.911  4.294 0.6000000238
22112  2.001  -56.670  8.414 0.3000000119
4768  4.927  -78.076  -2.273 0.6999999881
6964  1.465  -75.882  -2.785 0.6999999881
6237  7.360  -76.846  -3.493 0.8000000119
2352  8.701  -82.610  -2.803 0.6000000238
2855  9.647  -81.231  -2.272 0.6999999881
7011  6.461  -75.919  -5.215 0.6000000238
109059  1.496  -73.072  -6.039 0.6999999881
4138  9.864  -79.664  -5.171 0.8000000119
2865  10.709  -81.106  -2.833 0.6999999881
3480  10.882  -80.809  -3.694 0.8000000119
11712  -5.175  -69.853  -8.213 0.6999999881
10257  -0.641  -70.632  -11.942 0.5000000000
11739  -3.126  -69.375  -10.737 0.6000000238
10193  -4.989  -71.863  -6.113 0.6000000238
13199  -1.589  -67.336  -8.989 0.6999999881
8584  0.765  -73.664  -8.845 0.8000000119
9428  0.425  -73.178  -12.434 0.5000000000
12381  -4.683  -68.007  -2.079 0.8000000119
217  12.837  -88.652  -1.304 0.4000000060
440  12.313  -88.532  0.219 0.4000000060
454  14.178  -87.386  -3.218 0.3000000119
228  12.767  -88.523  -2.309 0.4000000060
108423  11.631  -88.866  -1.507 0.4000000060
209  11.557  -88.852  -0.319 0.4000000060
1419  13.593  -85.162  -0.368 0.4000000060
1021  15.629  -86.487  0.274 0.5000000000
114349  15.219  -87.258  -0.445 0.5000000000
1022  13.748  -85.719  -0.664 0.3000000119
708  15.215  -86.960  -0.686 0.4000000060
216  14.132  -88.230  -1.192 0.4000000060
718  14.308  -86.654  -2.086 0.3000000119
226  14.559  -87.552  -2.090 0.3000000119
726  14.449  -87.128  -2.916 0.3000000119
1840  13.505  -84.506  -0.567 0.4000000060
1839  14.921  -84.557  -0.347 0.5000000000
1841  12.519  -84.467  -1.060 0.3000000119
103936  13.180  -86.145  -3.961 0.4000000060
1041  12.487  -85.819  -2.507 0.3000000119
98620  11.604  -85.562  -3.352 0.4000000060
1055  12.851  -85.940  -4.855 0.4000000060
1851  13.460  -83.888  -1.241 0.4000000060
1868  13.827  -83.511  -2.052 0.4000000060
1852  12.478  -83.829  -1.400 0.4000000060
1869  12.742  -83.387  -1.981 0.4000000060
2358  14.308  -83.214  -4.444 0.5000000000
1420  12.201  -84.865  -1.204 0.4000000060
2332  11.819  -83.243  -1.946 0.4000000060
1042  11.098  -85.064  -2.344 0.5000000000
1449  10.473  -84.878  -3.057 0.4000000060
1451  9.097  -83.960  -4.076 0.6000000238
102351  9.576  -84.347  -4.668 0.4000000060
2877  13.568  -82.743  -5.144 0.6000000238
108334  12.512  -82.648  -3.113 0.6000000238
2359  13.148  -82.652  -4.408 0.6000000238
2351  11.765  -82.210  -2.898 0.6000000238
2863  12.315  -82.256  -3.814 0.6999999881
1854  10.731  -83.675  -2.105 0.5000000000
2343  11.202  -82.445  -2.346 0.6000000238
2864  11.433  -81.544  -3.414 0.6999999881
110916  13.201  -82.202  -7.026 0.6999999881
2909  12.393  -81.676  -6.729 0.6999999881
2891  13.055  -82.365  -5.651 0.6000000238
2892  12.386  -81.820  -5.799 0.6999999881
3509  11.098  -80.688  -6.384 0.6999999881
4153  10.306  -80.185  -6.473 0.6999999881
4139  9.281  -79.336  -5.835 0.6999999881
106481  11.869  -81.672  -4.294 0.6999999881
3497  11.227  -80.820  -5.581 0.6999999881
109731  11.397  -81.190  -4.230 0.6999999881
3528  12.175  -81.056  -8.516 0.5000000000
3515  11.371  -80.725  -7.829 0.6000000238
3508  11.690  -81.137  -6.765 0.6999999881
101281  10.761  -80.481  -7.165 0.6000000238
3516  10.499  -80.346  -8.027 0.6999999881
2893  11.712  -81.239  -6.073 0.6999999881
4170  9.894  -80.065  -7.298 0.6999999881
4171  9.014  -79.675  -7.378 0.6000000238
3530  10.221  -80.236  -9.044 0.6000000238
108743  9.364  -79.966  -8.293 0.6000000238
5542  6.483  -77.301  -8.188 0.5000000000
5472  1.308  -76.988  -2.792 0.6000000238
5486  2.252  -77.529  -2.853 0.6000000238
109813  8.520  -79.598  -8.072 0.6000000238
4172  8.262  -79.249  -7.453 0.6000000238
4859  7.231  -78.938  -8.648 0.5000000000
5541  6.904  -78.173  -8.111 0.5000000000
6978  0.050  -75.935  -3.546 0.6000000238
6977  0.656  -75.761  -3.156 0.6000000238
6226  0.943  -76.448  -2.897 0.6000000238
101562  9.222  -80.010  -9.472 0.6000000238
4858  7.851  -79.300  -8.303 0.5000000000
4848  7.597  -78.752  -7.580 0.5000000000
7799  -1.233  -74.571  -5.660 0.6000000238
8553  -0.492  -73.405  -5.287 0.6000000238
7787  -0.224  -74.706  -4.246 0.6000000238
6994  -0.463  -75.761  -4.142 0.6000000238
6993  0.257  -75.191  -3.653 0.6000000238
8552  0.438  -73.065  -5.093 0.6000000238
8535  0.052  -73.794  -4.561 0.6000000238
7045  5.084  -75.689  -8.172 0.6000000238
4187  8.320  -79.716  -9.034 0.6000000238
8554  -1.196  -73.746  -5.759 0.6000000238
9366  -0.454  -72.521  -6.523 0.6000000238
9346  -0.032  -72.651  -5.757 0.6000000238
9379  -0.186  -72.373  -7.159 0.6000000238
9365  0.296  -72.505  -6.465 0.6000000238
103718  -0.170  -72.380  -7.797 0.5000000000
9364  0.997  -72.743  -6.642 0.6000000238
8573  0.984  -73.075  -7.650 0.5000000000
7032  -1.508  -75.364  -6.203 0.6999999881
7811  -1.584  -74.513  -6.371 0.6000000238
8562  -0.901  -72.920  -5.978 0.6000000238
10209  -0.741  -72.184  -7.954 0.6000000238
9391  -0.566  -72.222  -8.729 0.6000000238
8604  -3.743  -73.413  -10.689 0.6000000238
8563  -1.596  -73.522  -6.428 0.6000000238
9367  -1.388  -72.670  -6.814 0.6000000238
10210  -1.435  -71.893  -8.320 0.5000000000
8575  -2.606  -73.183  -7.794 0.6000000238
9393  -3.083  -72.036  -8.719 0.6000000238
8594  -3.556  -73.156  -9.605 0.6000000238
9418  -3.887  -72.687  -11.543 0.6000000238
8564  -2.078  -73.306  -7.115 0.6000000238
9392  -2.646  -72.356  -8.167 0.6000000238
10232  -2.573  -71.688  -8.708 0.5000000000
10247  -3.077  -71.462  -9.349 0.6000000238
9417  -3.721  -72.314  -10.346 0.5000000000
9430  -3.810  -71.594  -11.608 0.5000000000
10245  -1.910  -70.976  -9.974 0.6000000238
10246  -2.509  -71.110  -9.542 0.6000000238
107550  -3.459  -71.348  -10.283 0.6000000238
10266  -4.097  -70.881  -12.031 0.6999999881
10271  -5.308  -71.928  -12.714 0.6999999881
10272  -6.299  -71.948  -12.511 0.6999999881
10269  -6.902  -71.330  -11.771 0.6999999881
10972  -3.011  -70.637  -10.422 0.6000000238
10982  -3.880  -70.179  -11.552 0.6999999881
10984  -5.328  -70.508  -11.700 0.6999999881
10267  -4.707  -71.316  -12.365 0.6999999881
10985  -6.390  -70.660  -11.336 0.6999999881
10981  -7.279  -70.871  -11.027 0.6000000238
11743  -4.250  -69.733  -11.243 0.6000000238
5554  6.374  -77.840  -8.971 0.5000000000
6299  6.196  -76.451  -7.757 0.5000000000
6332  5.468  -76.576  -9.389 0.5000000000
6314  6.011  -76.925  -8.743 0.5000000000
6315  5.604  -76.161  -8.429 0.6000000238
6363  5.747  -76.744  -12.330 0.6000000238
6346  5.476  -77.039  -11.569 0.6000000238
7078  4.974  -76.268  -10.038 0.6000000238
7061  5.058  -75.938  -9.043 0.6000000238
7062  4.407  -75.610  -8.797 0.6000000238
6347  4.870  -76.425  -12.221 0.5000000000
7091  4.451  -76.112  -10.956 0.6000000238
7080  3.579  -75.502  -9.567 0.6000000238
98577  4.240  -75.608  -13.250 0.6000000238
101451  2.969  -75.478  -12.164 0.5000000000
7092  3.562  -75.661  -10.851 0.6000000238
7081  2.523  -75.185  -9.352 0.6000000238
7104  3.282  -75.426  -13.031 0.5000000000
104349  2.774  -75.378  -10.346 0.6000000238
7855  0.876  -74.630  -11.956 0.5000000000
7864  1.164  -74.512  -12.696 0.5000000000
105405  1.676  -74.812  -9.694 0.6000000238
7845  1.753  -75.056  -10.834 0.6000000238
6300  5.612  -75.863  -7.717 0.5000000000
10231  -1.913  -71.480  -8.856 0.6000000238
10983  -4.444  -70.406  -11.748 0.6999999881
239  13.455  -88.005  -3.301 0.3000000119
447  14.871  -87.716  -0.902 0.4000000060
727  13.999  -86.666  -3.616 0.3000000119
1031  12.559  -85.492  -1.381 0.4000000060
1032  11.673  -85.101  -1.718 0.4000000060
1880  14.317  -83.427  -2.781 0.4000000060
2341  13.230  -83.110  -2.800 0.5000000000
2350  13.245  -82.881  -3.692 0.6000000238
1427  11.230  -84.511  -1.910 0.5000000000
2342  12.145  -82.843  -2.484 0.5000000000
1437  10.469  -84.326  -2.394 0.5000000000
2878  12.550  -82.097  -4.891 0.6000000238
101288  11.384  -80.850  -7.120 0.6999999881
9380  -1.392  -72.213  -7.616 0.6000000238
10261  -7.748  -71.144  -10.789 0.6000000238
115050  4.953  -76.624  -11.033 0.6000000238
7114  5.007  -75.426  -13.692 0.5000000000
7079  4.416  -75.818  -9.800 0.6000000238
104494  3.916  -75.836  -12.130 0.6000000238
7121  4.850  -75.052  -13.884 0.5000000000
118730  2.259  -75.274  -12.360 0.5000000000
7854  1.597  -75.023  -12.440 0.5000000000
962  1.768  -85.303  6.176 0.4000000060
961  2.566  -85.567  6.432 0.4000000060
971  2.060  -86.587  5.792 0.5000000000
117431  -1.143  -83.829  6.261 0.5000000000
1756  -1.946  -84.060  6.516 0.5000000000
1347  -4.064  -84.664  5.820 0.5000000000
1778  -0.276  -83.887  5.972 0.5000000000
1768  0.152  -83.673  6.650 0.5000000000
647  2.986  -86.594  6.007 0.4000000060
654  3.534  -87.488  5.421 0.4000000060
655  2.646  -87.472  5.320 0.5000000000
1033  9.165  -86.893  -0.772 0.3000000119
1034  8.288  -86.284  -1.180 0.3000000119
719  8.844  -88.334  -0.542 0.3000000119
448  9.248  -88.835  -0.457 0.3000000119
1754  -0.253  -83.702  7.229 0.4000000060
1334  -1.738  -84.214  7.173 0.5000000000
1335  -2.617  -84.414  6.922 0.5000000000
1753  0.621  -83.656  7.368 0.4000000060
1767  0.965  -83.736  6.870 0.4000000060
950  2.900  -84.847  7.176 0.3000000119
387  3.768  -88.253  3.975 0.4000000060
371  4.472  -87.481  5.743 0.3000000119
376  4.237  -88.253  4.614 0.4000000060
377  3.177  -88.017  4.521 0.5000000000
105186  4.966  -88.346  5.163 0.3000000119
1025  8.932  -85.536  -0.666 0.3000000119
1429  7.209  -84.723  -1.190 0.3000000119
711  9.650  -88.168  -0.243 0.3000000119
710  10.600  -88.157  0.158 0.3000000119
210  10.219  -88.861  -0.249 0.3000000119
1316  -0.131  -84.105  8.117 0.3000000119
1317  -1.498  -84.532  7.783 0.4000000060
1737  1.071  -83.698  7.998 0.3000000119
645  5.091  -86.951  6.523 0.3000000119
178  5.151  -88.515  3.954 0.4000000060
402  4.547  -88.120  3.700 0.4000000060
174  5.220  -88.672  4.520 0.4000000060
370  5.365  -87.900  5.835 0.3000000119
110574  9.527  -84.515  0.665 0.4000000060
1422  8.746  -84.502  -0.087 0.4000000060
1423  7.743  -84.169  -0.483 0.4000000060
1842  7.399  -83.424  -0.078 0.4000000060
102869  6.753  -83.213  -0.281 0.4000000060
104174  5.699  -82.819  -0.440 0.5000000000
1023  10.331  -85.834  0.068 0.3000000119
1024  9.636  -85.962  -0.441 0.3000000119
98763  10.108  -86.816  -0.266 0.3000000119
441  10.998  -88.708  0.070 0.3000000119
208  13.166  -88.588  -0.275 0.3000000119
1315  0.756  -83.954  8.383 0.3000000119
183  6.070  -88.289  3.753 0.3000000119
401  5.414  -87.758  3.394 0.3000000119
993  5.049  -85.891  2.338 0.4000000060
996  4.291  -85.761  1.926 0.4000000060
369  6.185  -88.393  5.856 0.3000000119
173  6.218  -89.071  4.619 0.3000000119
374  6.392  -89.091  5.215 0.3000000119
375  5.686  -88.716  5.220 0.3000000119
2818  2.320  -81.451  1.734 0.5000000000
117807  1.991  -81.896  2.391 0.5000000000
2296  9.849  -83.061  3.160 0.3000000119
1824  9.457  -83.552  2.258 0.3000000119
1813  10.377  -83.720  2.675 0.3000000119
1405  9.069  -83.927  0.996 0.3000000119
1406  8.219  -83.690  0.368 0.4000000060
2816  5.590  -81.501  0.884 0.5000000000
2834  4.230  -81.371  0.573 0.5000000000
1389  9.931  -84.208  1.740 0.3000000119
2324  6.993  -82.775  0.343 0.4000000060
2313  5.511  -82.083  0.085 0.5000000000
2833  4.942  -81.526  0.484 0.5000000000
699  11.148  -86.804  0.398 0.3000000119
709  11.773  -88.240  0.461 0.3000000119
432  12.936  -88.239  0.691 0.3000000119
439  13.717  -88.284  0.369 0.4000000060
112128  6.273  -86.378  3.380 0.3000000119
1371  5.304  -85.328  3.046 0.4000000060
363  6.851  -87.831  6.736 0.3000000119
172  6.889  -89.411  4.924 0.3000000119
385  6.901  -88.194  3.816 0.3000000119
1372  4.607  -85.089  2.516 0.4000000060
167  7.081  -89.120  5.576 0.3000000119
117134  3.446  -84.151  2.571 0.4000000060
98477  2.205  -83.035  2.516 0.5000000000
108064  2.557  -81.930  3.674 0.4000000060
1790  2.640  -82.584  3.378 0.5000000000
2277  9.927  -82.483  3.323 0.3000000119
3450  2.829  -80.953  2.211 0.5000000000
2797  2.330  -81.486  2.527 0.5000000000
1814  8.903  -82.947  2.808 0.3000000119
3448  4.492  -80.690  1.782 0.4000000060
3431  3.538  -80.536  2.656 0.5000000000
1825  8.553  -83.352  1.457 0.4000000060
2310  8.080  -82.855  1.764 0.4000000060
3447  5.453  -81.007  1.650 0.5000000000
3460  3.999  -80.967  1.187 0.5000000000
1404  10.399  -84.998  0.931 0.3000000119
1826  7.742  -83.070  0.814 0.5000000000
2312  6.367  -82.115  0.660 0.5000000000
1011  11.947  -86.304  1.128 0.3000000119
1010  13.265  -86.802  1.570 0.3000000119
698  12.498  -87.437  1.062 0.4000000060
431  14.169  -87.831  1.072 0.4000000060
2362  5.709  -82.011  -5.056 0.5000000000
438  15.068  -87.751  0.207 0.3000000119
367  8.231  -88.789  6.683 0.3000000119
171  7.656  -89.637  4.951 0.3000000119
1364  5.483  -84.802  4.020 0.3000000119
368  7.600  -88.691  6.412 0.3000000119
1353  4.858  -84.009  4.573 0.3000000119
1789  3.395  -83.179  3.871 0.5000000000
2780  2.895  -81.492  4.345 0.4000000060
2262  2.868  -82.224  4.200 0.3000000119
108705  10.395  -81.328  2.246 0.3000000119
3432  2.818  -80.902  3.077 0.5000000000
2278  9.426  -82.552  3.447 0.3000000119
3429  5.268  -80.645  2.425 0.4000000060
2297  8.059  -82.452  2.646 0.4000000060
2814  7.329  -82.004  2.417 0.4000000060
2815  6.443  -81.601  1.709 0.4000000060
1388  10.903  -84.534  2.283 0.3000000119
1387  11.992  -84.950  2.589 0.3000000119
2311  7.277  -82.386  1.397 0.4000000060
1002  12.618  -85.816  1.989 0.3000000119
1001  13.765  -86.268  2.051 0.4000000060
689  14.783  -86.991  1.568 0.4000000060
2880  6.062  -81.798  -4.157 0.5000000000
430  15.349  -87.367  0.870 0.4000000060
1402  15.908  -86.004  1.291 0.5000000000
2361  6.616  -82.358  -4.834 0.5000000000
166  8.178  -89.551  5.603 0.3000000119
6256  -0.772  -76.739  -4.433 0.5000000000
2779  3.138  -80.967  4.738 0.3000000119
2253  3.067  -81.905  4.877 0.3000000119
5489  0.063  -77.268  -3.750 0.5000000000
6268  -1.325  -76.961  -5.060 0.6000000238
2813  9.934  -81.803  3.284 0.3000000119
103364  10.679  -82.219  2.652 0.3000000119
2793  9.385  -82.073  3.672 0.3000000119
2794  8.717  -81.717  3.862 0.3000000119
3413  4.199  -80.289  3.350 0.4000000060
3414  3.422  -80.526  3.597 0.4000000060
4770  3.129  -77.758  -2.804 0.5000000000
110681  -2.698  -76.392  -7.713 0.5000000000
2795  8.024  -81.942  3.533 0.3000000119
2796  7.060  -81.531  3.076 0.3000000119
3446  6.132  -81.036  2.521 0.3000000119
108293  5.947  -80.707  3.127 0.3000000119
4789  3.733  -78.420  -3.136 0.5000000000
1811  12.317  -84.523  2.641 0.3000000119
4093  5.235  -78.960  -2.440 0.5000000000
1386  13.427  -85.439  2.491 0.3000000119
3484  5.399  -80.438  -3.234 0.5000000000
1809  14.754  -84.713  2.250 0.4000000060
3483  6.093  -80.831  -2.969 0.6000000238
1808  15.794  -84.531  1.895 0.4000000060
104555  15.831  -85.418  1.927 0.5000000000
2867  6.432  -81.387  -3.293 0.5000000000
1401  16.341  -85.530  1.346 0.4000000060
1009  15.598  -86.696  0.879 0.4000000060
2354  6.886  -81.992  -3.713 0.6000000238
1865  18.175  -83.908  -2.741 0.3000000119
1866  17.607  -84.215  -2.017 0.4000000060
1838  16.691  -85.002  0.113 0.4000000060
116895  16.104  -86.490  0.847 0.3000000119
2360  7.445  -82.598  -4.156 0.6000000238
2348  18.172  -83.948  -3.426 0.3000000119
1850  16.035  -84.220  -0.992 0.4000000060
1887  7.975  -83.038  -4.626 0.6000000238
2356  17.881  -83.780  -4.165 0.3000000119
109957  17.282  -84.071  -3.296 0.5000000000
1867  15.503  -83.777  -2.214 0.4000000060
1885  17.342  -83.963  -4.453 0.4000000060
114233  15.757  -83.707  -3.989 0.5000000000
1879  15.353  -83.627  -3.166 0.4000000060
6995  -1.065  -76.030  -4.895 0.6000000238
117961  -1.829  -76.508  -6.149 0.6000000238
110660  10.452  -80.510  1.455 0.3000000119
3445  9.834  -80.868  2.527 0.3000000119
4060  9.228  -80.347  2.885 0.3000000119
3425  9.293  -81.390  3.589 0.3000000119
103363  -1.799  -76.075  -6.557 0.6000000238
3444  11.138  -81.214  1.388 0.3000000119
3426  8.667  -80.953  3.905 0.3000000119
3427  7.891  -81.259  4.020 0.3000000119
3456  12.950  -80.674  0.694 0.3000000119
3428  6.817  -81.001  3.621 0.3000000119
6316  -2.889  -76.123  -8.368 0.6000000238
1810  13.551  -84.677  2.568 0.3000000119
7082  -3.614  -75.539  -9.935 0.6000000238
6333  -3.677  -76.042  -9.445 0.6000000238
115494  -4.754  -75.985  -10.437 0.6000000238
7095  -5.051  -75.662  -11.197 0.5000000000
1415  17.213  -84.951  0.859 0.4000000060
1849  17.684  -84.387  -0.743 0.4000000060
1900  17.058  -83.946  -5.973 0.4000000060
115529  15.845  -83.717  -4.945 0.5000000000
3458  10.660  -79.688  0.831 0.3000000119
4070  10.261  -78.912  0.918 0.3000000119
4064  9.807  -79.765  1.618 0.3000000119
3409  8.110  -80.468  4.112 0.3000000119
4046  7.644  -79.957  4.300 0.3000000119
7016  -1.160  -75.304  -5.397 0.5000000000
115311  11.123  -80.329  0.813 0.3000000119
2832  12.135  -81.443  1.029 0.3000000119
7049  -2.254  -74.895  -7.796 0.5000000000
7033  -1.902  -75.341  -7.079 0.6000000238
3457  11.938  -80.560  0.678 0.3000000119
3411  6.417  -80.557  3.988 0.3000000119
6301  -2.385  -75.744  -7.843 0.6000000238
118000  12.755  -79.947  0.521 0.3000000119
7065  -3.172  -75.661  -9.135 0.6000000238
118362  17.317  -83.501  0.873 0.3000000119
2291  16.037  -83.429  1.605 0.3000000119
7094  -4.205  -75.407  -10.775 0.6000000238
112440  -6.422  -75.500  -12.323 0.6000000238
7064  -2.629  -75.337  -8.483 0.6000000238
7835  -2.733  -74.225  -8.331 0.5000000000
7836  -3.171  -74.163  -9.235 0.6000000238
7856  -3.640  -74.954  -10.580 0.6000000238
7106  -4.657  -75.123  -11.728 0.6000000238
7866  -5.495  -74.529  -13.200 0.6000000238
7865  -4.754  -74.590  -12.599 0.6000000238
102471  -7.261  -74.789  -13.199 0.5000000000
7812  -1.982  -74.284  -7.045 0.5000000000
107194  -3.751  -74.271  -10.983 0.5000000000
113131  -4.899  -74.065  -13.215 0.6000000238
8616  -8.523  -73.190  -11.680 0.5000000000
9419  -8.348  -72.051  -10.872 0.6000000238
9420  -8.422  -72.449  -11.434 0.6000000238
8607  -8.645  -73.103  -11.297 0.5000000000
8606  -8.502  -72.790  -10.814 0.6000000238
7848  -8.588  -74.206  -9.754 0.6000000238
8623  -4.805  -73.412  -13.198 0.5000000000
8625  -5.972  -73.265  -13.390 0.5000000000
7874  -5.488  -73.822  -13.461 0.6000000238
9439  -5.635  -72.596  -13.073 0.6000000238
8631  -6.953  -73.294  -13.251 0.5000000000
8626  -7.810  -73.394  -12.969 0.5000000000
10273  -7.361  -72.008  -12.213 0.6000000238
10979  -5.911  -70.013  -10.850 0.6000000238
9432  -8.078  -72.136  -11.847 0.6000000238
115376  -7.833  -74.007  -9.288 0.5000000000
13932  -9.010  -66.647  -6.129 0.5000000000
8585  -3.209  -72.950  -8.578 0.5000000000
8615  -4.390  -73.926  -12.720 0.5000000000
9438  -4.804  -72.458  -12.917 0.6000000238
13887  -9.088  -66.641  -3.035 0.5000000000
13873  -8.921  -66.681  -1.586 0.6000000238
13902  -8.989  -66.440  -4.196 0.6000000238
13931  -8.422  -66.519  -6.049 0.6000000238
13136  -9.614  -66.926  -3.615 0.5000000000
13167  -8.705  -66.967  -6.685 0.5000000000
12433  -8.917  -67.542  -7.044 0.5000000000
7050  -6.993  -75.392  -6.909 0.5000000000
7837  -7.320  -74.082  -8.591 0.5000000000
15576  -4.489  -64.730  -3.582 0.6000000238
115674  -5.407  -64.495  -2.781 0.6999999881
15564  -5.710  -64.782  -3.374 0.6000000238
101779  -6.054  -64.791  -2.421 0.6999999881
14658  -6.490  -65.330  -1.249 0.6000000238
13853  -6.773  -65.958  -0.902 0.6000000238
14690  -6.509  -65.085  -3.343 0.6000000238
103825  -6.878  -65.251  -2.506 0.6000000238
14706  -4.711  -65.331  -3.952 0.6000000238
14722  -6.415  -65.703  -4.830 0.6000000238
14691  -7.308  -65.434  -3.269 0.6000000238
14673  -7.638  -65.737  -2.503 0.5000000000
13854  -7.485  -66.193  -1.234 0.6000000238
13151  -5.733  -66.557  -4.697 0.6000000238
14723  -7.448  -65.849  -4.978 0.6000000238
14692  -7.934  -65.841  -3.140 0.5000000000
13872  -7.999  -66.179  -1.818 0.6000000238
13916  -6.333  -66.252  -5.224 0.6000000238
108329  -8.277  -66.060  -4.601 0.6000000238
12417  -6.660  -67.595  -4.933 0.6000000238
115007  -7.674  -66.323  -5.733 0.6000000238
13166  -7.896  -66.926  -6.346 0.6000000238
12419  -8.353  -68.054  -6.693 0.5000000000
11657  -9.279  -69.370  -6.340 0.5000000000
11637  -9.150  -69.714  -4.607 0.5000000000
107926  -9.265  -70.545  -4.296 0.5000000000
10138  -8.928  -72.243  -3.721 0.5000000000
14672  -6.359  -65.077  -1.701 0.6000000238
116808  -6.375  -64.394  0.056 0.6999999881
13135  -5.958  -67.394  -4.323 0.5000000000
12402  -7.227  -68.378  -4.394 0.6000000238
12403  -8.066  -68.647  -4.976 0.6000000238
11656  -8.741  -69.003  -5.665 0.5000000000
11636  -8.642  -69.377  -3.964 0.6000000238
10888  -8.975  -70.082  -3.278 0.5000000000
10854  -8.341  -71.112  -2.021 0.6000000238
10118  -8.669  -71.553  -2.646 0.6000000238
15524  -2.472  -64.371  1.169 0.4000000060
16381  -6.296  -63.190  0.448 0.6999999881
17265  -7.942  -62.586  2.509 0.5000000000
15507  -7.700  -63.743  3.201 0.5000000000
14640  -2.784  -65.266  1.331 0.6000000238
14650  -2.967  -64.848  0.455 0.5000000000
16370  -7.933  -63.206  1.826 0.6000000238
99105  -7.325  -64.091  1.580 0.5000000000
13821  -2.477  -65.687  2.053 0.5000000000
17301  -5.179  -63.067  -0.196 0.6000000238
16382  -7.205  -63.203  1.087 0.8000000119
16409  -5.361  -63.929  -1.212 0.6999999881
16395  -6.383  -63.784  0.241 0.8000000119
14642  -6.370  -64.973  0.486 0.6999999881
11620  -8.276  -69.667  -2.921 0.6000000238
10873  -8.353  -70.369  -2.414 0.6000000238
16358  -7.898  -63.087  3.747 0.5000000000
118669  -1.978  -63.648  0.452 0.5000000000
17272  -6.347  -62.462  1.411 0.6999999881
15493  -7.230  -63.750  3.918 0.5000000000
14615  -1.696  -65.290  3.324 0.4000000060
14628  -2.225  -65.073  2.623 0.4000000060
113156  -1.723  -66.685  2.821 0.4000000060
13039  -1.568  -67.453  2.393 0.5000000000
12309  -1.405  -68.321  2.051 0.4000000060
112718  -7.521  -61.830  3.921 0.5000000000
16345  -7.030  -63.190  4.561 0.5000000000
16369  -1.790  -63.614  1.253 0.3000000119
100452  -1.160  -62.810  0.021 0.3000000119
17264  -6.968  -62.154  2.246 0.6000000238
13033  -1.124  -67.083  3.343 0.4000000060
13038  -0.977  -67.997  2.866 0.4000000060
11564  -1.999  -69.183  1.233 0.4000000060
18155  -6.649  -61.207  3.910 0.6000000238
17263  -5.556  -62.053  2.013 0.6000000238
12308  -0.812  -68.832  2.581 0.4000000060
18142  -7.068  -61.534  4.745 0.5000000000
17247  -7.072  -62.258  4.935 0.5000000000
16344  -0.455  -63.169  3.624 0.3000000119
17262  -0.749  -62.525  1.433 0.3000000119
106251  -0.740  -62.326  0.337 0.3000000119
18181  -0.909  -61.751  -0.199 0.4000000060
11534  -0.209  -69.249  3.047 0.3000000119
11550  -1.308  -69.240  1.868 0.4000000060
10799  -0.291  -70.581  2.407 0.4000000060
17278  -0.705  -61.750  0.068 0.4000000060
18977  -5.765  -60.607  4.428 0.6000000238
17231  -6.600  -61.600  5.606 0.4000000060
19010  -0.708  -61.282  0.415 0.4000000060
17246  0.442  -62.513  4.363 0.3000000119
17256  -0.045  -62.301  3.517 0.3000000119
18956  -6.009  -60.437  5.315 0.5000000000
105484  -1.410  -60.654  1.180 0.4000000060
18987  -2.370  -60.357  2.422 0.4000000060
19812  -2.656  -59.545  3.676 0.5000000000
18986  -1.558  -60.158  1.858 0.4000000060
19829  -2.154  -59.768  2.860 0.4000000060
20651  1.584  -58.464  1.446 0.3000000119
21434  1.353  -57.725  1.755 0.3000000119
98815  0.271  -58.098  2.072 0.3000000119
21415  -0.148  -57.508  3.000 0.3000000119
21414  0.728  -57.444  2.404 0.3000000119
18892  2.026  -60.740  9.335 0.4000000060
99029  1.943  -57.884  1.438 0.3000000119
4048  6.001  -80.182  4.380 0.3000000119
1384  16.428  -85.190  1.626 0.4000000060
19827  -0.741  -58.935  2.280 0.3000000119
10099  -7.796  -71.643  -1.490 0.6000000238
20539  1.275  -59.426  10.336 0.4000000060
13835  -2.192  -66.694  1.978 0.5000000000
20636  -0.525  -58.208  2.599 0.3000000119
1418  15.708  -85.907  0.371 0.3000000119
7857  -4.180  -74.614  -11.631 0.5000000000
1343  2.170  -84.542  6.797 0.4000000060
1344  0.537  -84.023  6.170 0.5000000000
1346  -3.321  -84.447  6.245 0.5000000000
1428  8.101  -85.062  -0.949 0.4000000060
1332  1.682  -83.891  7.203 0.4000000060
386  4.567  -88.463  4.161 0.4000000060
416  3.885  -87.242  2.684 0.4000000060
1421  9.590  -85.153  -0.012 0.4000000060
1856  6.815  -83.862  -0.746 0.4000000060
935  -1.613  -85.198  8.325 0.3000000119
644  5.890  -87.379  6.622 0.3000000119
177  5.771  -88.711  4.166 0.3000000119
676  5.195  -86.677  2.765 0.4000000060
680  4.505  -86.543  2.317 0.4000000060
1012  11.064  -85.775  0.671 0.4000000060
992  5.662  -86.086  2.864 0.4000000060
3459  4.782  -81.104  1.053 0.5000000000
2869  5.079  -80.925  -4.012 0.5000000000
175  8.087  -89.276  4.508 0.3000000119
103824  4.785  -84.522  3.480 0.4000000060
1373  3.916  -84.171  3.041 0.4000000060
1795  3.070  -83.522  2.963 0.5000000000
2279  8.821  -82.310  3.587 0.3000000119
1812  11.307  -84.092  2.700 0.3000000119
1403  11.489  -85.340  1.699 0.3000000119
1784  4.037  -83.324  4.641 0.3000000119
1365  4.234  -83.853  3.923 0.4000000060
4108  5.497  -79.707  -2.632 0.5000000000
1000  14.854  -86.331  1.957 0.4000000060
2770  3.297  -81.348  5.485 0.3000000119
3412  5.242  -80.401  3.351 0.3000000119
101875  18.229  -84.045  -1.594 0.4000000060
1416  16.848  -85.396  0.881 0.4000000060
1417  16.411  -85.770  0.769 0.4000000060
2875  17.801  -83.033  -4.623 0.3000000119
4061  8.649  -79.889  3.252 0.3000000119
105465  -2.868  -74.972  -9.056 0.6000000238
1848  18.056  -84.201  -0.584 0.3000000119
4045  8.141  -79.461  3.618 0.3000000119
4067  13.474  -80.003  0.429 0.3000000119
7879  -7.119  -74.029  -13.426 0.5000000000
9441  -7.635  -72.675  -12.617 0.6000000238
15548  -5.807  -64.538  -1.355 0.6999999881
99222  -7.130  -63.750  0.928 0.6999999881
16394  -5.681  -63.554  -0.359 0.6999999881
17273  -7.479  -62.727  1.619 0.6000000238
16362  -0.791  -62.990  2.647 0.3000000119
104274  -0.436  -62.560  2.930 0.3000000119
4091  6.781  -79.323  -1.806 0.5000000000
4092  5.991  -79.164  -2.068 0.5000000000
2925  13.042  -81.945  -7.595 0.6000000238
9431  -4.239  -72.863  -12.654 0.4000000060
102849  -4.236  -71.812  -12.509 0.5000000000
9407  -7.936  -72.402  -10.018 0.5000000000
11735  -6.216  -69.759  -10.068 0.5000000000
10260  -7.258  -70.737  -10.435 0.5000000000
10249  -7.931  -71.506  -10.521 0.5000000000
8587  -7.516  -73.348  -9.218 0.5000000000
9395  -7.198  -72.396  -9.029 0.5000000000
11741  -5.496  -69.403  -10.339 0.5000000000
7824  -6.705  -74.053  -7.869 0.4000000060
10966  -6.813  -70.327  -9.902 0.5000000000
112095  -6.969  -70.804  -9.430 0.5000000000
9394  -6.552  -72.446  -8.178 0.5000000000
117600  -6.337  -75.123  -6.506 0.5000000000
10233  -6.365  -70.872  -8.637 0.6000000238
110241  -6.812  -71.553  -8.776 0.5000000000
8566  -6.184  -73.799  -7.202 0.5000000000
9290  -8.150  -73.183  -2.372 0.5000000000
10212  -6.132  -71.695  -7.913 0.6000000238
6980  -6.595  -75.371  -3.734 0.5000000000
7758  -7.373  -74.436  -2.590 0.5000000000
9383  -5.978  -72.695  -7.261 0.6000000238
7814  -5.981  -74.429  -6.525 0.6000000238
7801  -5.900  -75.087  -5.758 0.5000000000
116765  -5.409  -70.407  -8.051 0.6000000238
9382  -5.524  -71.808  -7.013 0.6000000238
8565  -5.758  -73.460  -6.488 0.6000000238
7768  -6.202  -74.969  -3.138 0.6000000238
9368  -5.472  -72.541  -6.354 0.6000000238
7757  -6.598  -74.519  -2.464 0.5000000000
9270  -7.922  -72.502  -1.645 0.5000000000
114570  -5.349  -73.735  -5.234 0.6000000238
7017  -5.804  -75.216  -4.938 0.6000000238
13843  -6.204  -66.349  -0.107 0.5000000000
13842  -5.863  -66.090  0.155 0.5000000000
14652  -6.202  -65.447  -0.502 0.5000000000
9269  -7.315  -72.892  -1.201 0.6000000238
9330  -5.056  -73.020  -5.018 0.6000000238
8500  -7.030  -73.904  -1.822 0.6000000238
6996  -5.542  -74.853  -4.238 0.6000000238
7756  -5.810  -74.526  -2.561 0.6000000238
8516  -5.092  -74.175  -3.743 0.6000000238
19001  -0.873  -60.622  0.995 0.3000000119
18067  1.432  -61.239  9.434 0.3000000119
2367  13.988  -82.879  -6.095 0.5000000000
1886  8.514  -83.449  -4.420 0.5000000000
1882  8.166  -82.882  -3.673 0.5000000000
2375  13.884  -82.644  -6.913 0.4000000060
2353  7.795  -82.131  -2.996 0.4000000060
2942  12.987  -81.701  -8.372 0.4000000060
3474  6.210  -80.092  -2.355 0.4000000060
2858  6.888  -80.812  -2.441 0.4000000060
117772  7.002  -80.055  -1.877 0.4000000060
2866  7.146  -81.528  -2.904 0.4000000060
109753  12.317  -80.841  -11.328 0.4000000060
104798  11.891  -80.713  -10.178 0.4000000060
117688  11.589  -80.624  -9.513 0.4000000060
4767  5.751  -78.304  -2.034 0.4000000060
3535  12.193  -80.914  -9.390 0.4000000060
3545  10.290  -80.285  -10.879 0.4000000060
9347  -4.698  -72.273  -5.327 0.5000000000
10174  -4.278  -71.600  -5.544 0.5000000000
8536  -4.754  -73.377  -4.198 0.5000000000
10156  -4.231  -72.079  -4.936 0.5000000000
9328  -3.851  -72.354  -4.363 0.5000000000
8515  -4.560  -73.796  -3.378 0.5000000000
9308  -3.431  -72.816  -3.632 0.5000000000
14631  -6.333  -65.195  1.375 0.4000000060
15506  -6.658  -64.460  3.496 0.4000000060
9309  -4.183  -73.038  -3.878 0.5000000000
7755  -5.107  -74.319  -2.876 0.5000000000
3507  12.106  -81.267  -7.533 0.5000000000
2952  13.031  -81.423  -10.312 0.4000000060
3536  10.945  -80.385  -9.870 0.4000000060
1345  -2.531  -84.138  6.017 0.4000000060
1358  -3.285  -84.511  5.459 0.4000000060
184  -3.818  -89.362  5.157 0.4000000060
1770  -1.682  -83.935  6.011 0.4000000060
1357  -2.321  -84.317  5.459 0.4000000060
179  -3.128  -89.112  5.611 0.4000000060
1367  -2.786  -84.786  4.799 0.4000000060
408  -1.197  -88.764  4.793 0.4000000060
409  -2.233  -88.999  5.253 0.4000000060
393  -3.006  -88.807  5.913 0.4000000060
1355  0.078  -84.607  5.537 0.5000000000
981  -0.773  -84.349  5.433 0.5000000000
974  -0.609  -85.618  5.311 0.4000000060
1366  -1.949  -84.752  4.885 0.4000000060
383  -2.101  -88.517  6.038 0.4000000060
1354  0.935  -84.925  5.828 0.5000000000
972  1.197  -86.245  5.766 0.5000000000
973  0.358  -85.978  5.606 0.5000000000
982  -1.499  -85.745  5.089 0.4000000060
983  -2.277  -85.779  4.839 0.4000000060
657  0.463  -87.273  5.656 0.4000000060
658  -0.345  -87.274  5.762 0.4000000060
406  0.373  -88.460  4.222 0.4000000060
391  -0.476  -88.708  5.214 0.4000000060
392  -1.557  -88.656  5.729 0.4000000060
667  -2.532  -87.634  5.716 0.4000000060
380  0.661  -88.046  5.344 0.5000000000
381  -0.106  -88.121  5.626 0.4000000060
666  -1.788  -87.523  5.846 0.4000000060
405  1.189  -88.267  3.888 0.5000000000
109080  0.263  -88.502  5.116 0.4000000060
382  -0.888  -88.245  5.883 0.4000000060
691  1.364  -86.566  1.655 0.3000000119
1004  1.649  -85.588  1.174 0.3000000119
690  2.232  -86.244  1.502 0.4000000060
117608  1.403  -87.308  2.391 0.3000000119
682  2.935  -86.386  1.691 0.4000000060
683  2.162  -86.971  2.038 0.4000000060
1407  1.011  -84.019  0.571 0.3000000119
1391  1.367  -84.680  0.923 0.4000000060
1003  2.615  -85.652  1.391 0.4000000060
1815  1.481  -83.877  1.185 0.4000000060
1390  2.028  -84.787  1.273 0.4000000060
1377  2.895  -84.893  1.606 0.4000000060
1376  3.736  -84.846  2.079 0.3000000119
418  0.925  -87.875  3.124 0.3000000119
681  3.746  -86.462  1.951 0.3000000119
417  2.938  -87.270  2.549 0.4000000060
2315  1.525  -82.579  0.567 0.4000000060
997  3.464  -85.705  1.608 0.3000000119
102645  2.134  -83.959  1.769 0.4000000060
2280  1.851  -82.309  2.175 0.4000000060
100891  2.932  -84.090  2.241 0.4000000060
404  1.853  -87.825  3.050 0.4000000060
114312  1.780  -82.455  -0.076 0.4000000060
2846  2.815  -81.759  0.212 0.4000000060
2845  3.695  -81.734  0.064 0.4000000060
2836  2.505  -81.536  0.956 0.4000000060
2281  1.648  -82.419  1.449 0.4000000060
390  0.940  -88.386  4.667 0.4000000060
389  1.831  -88.241  4.108 0.4000000060
113742  2.534  -87.934  3.489 0.4000000060
2327  4.084  -82.302  -0.513 0.4000000060
2326  4.972  -82.539  -0.494 0.4000000060
2844  4.577  -81.862  -0.008 0.4000000060
2817  2.963  -81.111  1.462 0.4000000060
2798  1.890  -81.854  1.935 0.4000000060
110903  1.912  -87.567  5.258 0.4000000060
403  3.291  -87.879  3.362 0.3000000119
656  1.253  -87.357  5.510 0.4000000060
378  2.245  -88.001  4.579 0.4000000060
379  1.436  -88.095  4.965 0.4000000060
388  2.799  -88.163  3.998 0.4000000060
4198  8.501  -79.825  -10.043 0.4000000060
2314  2.053  -82.005  0.417 0.4000000060
163  9.015  -89.445  6.456 0.3000000119
176  7.121  -89.184  4.457 0.3000000119
207  14.322  -88.195  -0.298 0.4000000060
227  13.862  -88.120  -2.350 0.3000000119
384  7.668  -88.591  4.027 0.3000000119
400  6.264  -87.408  3.452 0.3000000119
415  4.598  -87.387  2.986 0.4000000060
442  10.101  -88.727  -0.112 0.3000000119
659  -1.515  -88.280  6.015 0.4000000060
675  5.769  -86.838  3.132 0.4000000060
707  15.661  -87.140  0.267 0.5000000000
717  14.817  -87.266  -1.562 0.4000000060
933  0.330  -84.509  8.702 0.3000000119
975  -1.090  -87.331  5.842 0.4000000060
1333  -0.957  -84.082  7.506 0.4000000060
1336  -3.404  -84.817  7.053 0.5000000000
1356  -1.530  -84.270  5.454 0.5000000000
1383  16.949  -84.940  1.314 0.4000000060
1385  14.712  -85.551  2.257 0.4000000060
1400  16.706  -85.298  1.239 0.4000000060
1738  0.448  -83.759  7.843 0.3000000119
1752  1.226  -83.703  7.504 0.3000000119
1755  -1.198  -83.858  6.706 0.5000000000
1769  -0.634  -83.749  6.441 0.5000000000
1779  -1.025  -83.900  5.920 0.5000000000
1796  1.625  -83.024  1.702 0.4000000060
1806  16.869  -83.631  1.327 0.3000000119
1807  16.677  -84.413  1.546 0.4000000060
1816  1.248  -83.149  0.959 0.4000000060
1823  17.448  -84.349  1.000 0.3000000119
1836  17.692  -84.452  0.334 0.4000000060
1837  17.480  -84.744  0.236 0.3000000119
1845  1.405  -83.068  -0.323 0.4000000060
1853  11.628  -83.999  -1.664 0.5000000000
1855  10.182  -82.793  -2.268 0.6999999881
1878  18.082  -83.960  -3.630 0.3000000119
1893  16.883  -83.997  -5.550 0.4000000060
2261  3.375  -82.563  4.736 0.3000000119
2269  2.191  -82.077  2.909 0.5000000000
2325  6.278  -82.712  -0.104 0.4000000060
2329  2.379  -82.259  -0.268 0.4000000060
2333  10.970  -83.080  -2.075 0.5000000000
2346  8.687  -81.784  -2.367 0.6000000238
2349  14.280  -83.313  -3.498 0.4000000060
2787  2.597  -81.456  3.414 0.5000000000
2819  1.871  -81.927  1.205 0.4000000060
2835  3.376  -81.311  0.798 0.4000000060
2854  10.418  -81.635  -2.417 0.6999999881
2868  5.696  -81.186  -3.682 0.6000000238
2879  11.711  -81.345  -5.111 0.6999999881
2908  13.086  -82.267  -6.359 0.6999999881
3410  7.411  -80.590  4.223 0.3000000119
3415  2.960  -80.943  3.947 0.3000000119
3430  4.407  -80.452  2.567 0.4000000060
3449  3.584  -80.759  1.798 0.5000000000
3529  11.307  -80.560  -8.840 0.4000000060
3537  9.923  -80.201  -10.059 0.4000000060
3544  11.205  -80.450  -11.052 0.4000000060
4089  8.361  -79.559  -2.052 0.6000000238
4106  9.332  -79.385  -3.107 0.6999999881
4154  9.516  -79.734  -6.595 0.6999999881
4155  8.769  -79.277  -6.684 0.6000000238
4766  6.547  -78.489  -1.908 0.5000000000
4769  4.065  -77.851  -2.529 0.5000000000
4787  7.704  -78.108  -2.485 0.6000000238
4836  7.765  -78.382  -6.711 0.6999999881
5470  2.635  -77.109  -2.470 0.6999999881
5471  1.869  -77.083  -2.592 0.6000000238
5502  8.415  -78.138  -3.814 0.8000000119
6221  5.205  -76.582  -2.360 0.8000000119
6225  1.523  -76.586  -2.676 0.6000000238
6238  6.564  -76.265  -3.143 0.6999999881
6240  0.309  -76.509  -3.350 0.6000000238
6241  -0.253  -76.614  -3.843 0.5000000000
6283  -1.491  -76.171  -5.765 0.6000000238
6298  6.802  -77.194  -7.413 0.5000000000
6962  3.904  -75.917  -2.598 0.6999999881
6963  2.339  -75.814  -2.674 0.6999999881
6979  -5.934  -75.200  -3.753 0.6000000238
6997  -6.143  -75.460  -4.371 0.5000000000
7012  5.644  -75.592  -5.317 0.8000000119
7013  4.773  -75.441  -5.679 0.8000000119
7015  -0.759  -75.232  -4.731 0.6000000238
7018  -6.364  -75.676  -5.177 0.5000000000
7083  -4.157  -76.016  -9.947 0.6000000238
7093  2.451  -75.357  -11.474 0.5000000000
7107  -5.477  -75.234  -12.317 0.6000000238
7116  3.175  -75.041  -13.540 0.5000000000
7748  -6.141  -74.130  -1.797 0.5000000000
7765  1.988  -74.831  -3.545 0.6999999881
7766  1.138  -74.996  -3.336 0.6000000238
7767  -5.607  -74.716  -3.367 0.6000000238
7769  -6.981  -75.000  -3.073 0.5000000000
7784  2.231  -74.480  -4.261 0.6999999881
7798  -0.742  -74.368  -4.948 0.6000000238
7800  -5.533  -74.539  -5.083 0.6000000238
7808  3.029  -75.006  -6.018 0.8999999762
7813  -5.612  -74.090  -5.814 0.6000000238
7823  -2.379  -73.992  -7.571 0.5000000000
7847  -3.207  -75.048  -9.745 0.6000000238
7867  -6.368  -75.048  -13.088 0.6000000238
7875  -6.319  -74.359  -13.419 0.6000000238
8472  -2.549  -73.738  -0.386 0.5000000000
8474  -4.227  -73.714  -0.524 0.6999999881
8486  -4.716  -73.968  -1.141 0.6000000238
8487  -5.618  -73.792  -1.173 0.6999999881
8489  -7.041  -73.326  -1.251 0.6000000238
8499  -4.458  -74.129  -2.457 0.6000000238
8501  -7.773  -73.850  -2.350 0.5000000000
8537  -5.185  -73.932  -4.567 0.6000000238
8555  -5.408  -73.170  -5.748 0.6000000238
8576  -6.442  -73.265  -7.774 0.5000000000
8586  -6.914  -73.298  -8.437 0.5000000000
8595  -8.191  -73.448  -9.993 0.5000000000
8605  -3.979  -73.704  -11.768 0.5000000000
8614  0.021  -73.455  -12.166 0.5000000000
8624  -5.247  -73.169  -13.309 0.5000000000
9246  -3.404  -72.876  0.571 0.5000000000
9257  -7.236  -72.304  -1.048 0.6999999881
9288  -3.081  -73.389  -2.796 0.6000000238
9289  -7.595  -73.290  -1.679 0.5000000000
9307  -2.599  -72.646  -3.352 0.5000000000
9329  -4.480  -72.645  -4.623 0.5000000000
9348  -5.127  -72.537  -5.701 0.6000000238
9378  0.379  -72.563  -7.281 0.6000000238
9381  -2.077  -72.548  -7.525 0.6000000238
9405  -3.447  -72.115  -9.308 0.6000000238
9406  -7.453  -71.495  -9.649 0.5000000000
9427  1.056  -73.710  -12.594 0.5000000000
9433  -8.185  -72.822  -12.167 0.5000000000
9440  -6.683  -72.613  -12.941 0.5000000000
10060  -0.913  -71.759  1.731 0.5000000000
10077  -3.836  -71.946  0.613 0.6000000238
10088  -4.699  -71.906  0.141 0.6999999881
10089  -5.563  -72.086  -0.273 0.6000000238
10090  -6.427  -72.190  -0.649 0.8000000119
10100  -8.310  -71.815  -1.959 0.6000000238
10119  -9.062  -71.045  -3.377 0.6000000238
10173  -3.620  -71.243  -5.398 0.5000000000
10211  -2.011  -71.892  -8.092 0.6000000238
10229  3.222  -71.467  -8.748 0.5000000000
10241  3.553  -72.045  -9.247 0.5000000000
10248  -7.439  -70.905  -10.160 0.5000000000
10259  -3.568  -70.580  -11.368 0.6999999881
10268  -5.805  -71.265  -12.107 0.6999999881
10270  -7.731  -71.514  -11.425 0.6000000238
10800  -0.993  -70.183  1.961 0.5000000000
10837  -4.252  -70.082  -0.232 0.8000000119
10838  -4.591  -70.893  -0.121 0.8000000119
10853  -7.588  -70.715  -1.706 0.6999999881
10874  -8.754  -70.789  -2.644 0.5000000000
10928  -4.519  -70.682  -6.797 0.6000000238
10973  -6.114  -69.778  -9.468 0.6000000238
10978  -3.280  -69.943  -11.180 0.6999999881
10980  -6.715  -70.366  -10.545 0.5000000000
11549  -0.615  -69.658  2.428 0.3000000119
11583  -3.775  -69.397  -0.245 0.6999999881
11602  -6.843  -69.915  -1.868 0.6999999881
11618  -6.528  -69.134  -2.400 0.6999999881
11635  -7.894  -69.012  -3.551 0.6999999881
11711  -4.769  -69.045  -8.389 0.6999999881
11736  -0.450  -69.362  -11.244 0.6000000238
11740  -3.994  -69.160  -10.695 0.6000000238
11744  -5.010  -69.793  -11.181 0.6999999881
12317  -1.783  -68.590  1.416 0.4000000060
12343  -3.130  -68.181  -0.355 0.6999999881
12344  -3.408  -68.763  -0.271 0.6999999881
12345  -3.905  -68.881  -0.662 0.6999999881
12362  -5.244  -68.768  -1.849 0.8000000119
12382  -5.413  -68.268  -2.555 0.8000000119
12418  -7.535  -67.673  -5.972 0.6000000238
12432  -8.268  -67.444  -6.717 0.5000000000
12455  -3.733  -68.069  -8.171 0.6000000238
12456  -4.332  -68.411  -8.516 0.6999999881
12461  3.230  -67.672  -8.463 0.5000000000
12464  0.211  -68.090  -8.874 0.6000000238
12467  -4.844  -68.492  -8.996 0.6999999881
12470  -0.906  -68.308  -10.020 0.6000000238
12474  -4.673  -68.420  -9.341 0.6000000238
12475  -5.103  -68.849  -9.805 0.5000000000
12476  -0.892  -68.921  -10.756 0.5000000000
13071  -2.459  -67.711  0.436 0.6999999881
13116  -3.662  -66.481  -2.197 0.8000000119
13118  -4.956  -67.525  -2.933 0.6999999881
13152  -6.245  -66.932  -5.087 0.6000000238
13153  -6.964  -66.816  -5.702 0.6000000238
13154  -9.514  -66.750  -5.145 0.5000000000
13187  -2.681  -67.003  -8.002 0.5000000000
13188  -3.233  -67.490  -8.418 0.6999999881
13198  -3.342  -67.546  -8.880 0.6000000238
13820  -2.082  -65.955  2.794 0.4000000060
13841  -2.828  -66.433  0.330 0.6999999881
13884  -3.781  -65.806  -2.953 0.8000000119
13886  -8.469  -66.314  -2.533 0.6000000238
13899  -4.294  -65.916  -3.540 0.8000000119
13900  -5.027  -66.063  -4.279 0.6000000238
13901  -8.434  -66.155  -3.556 0.5000000000
13915  -5.774  -65.917  -4.842 0.6000000238
13917  -6.964  -66.081  -5.425 0.6000000238
13918  -8.771  -66.362  -5.322 0.6000000238
13956  3.485  -66.253  -8.326 0.5000000000
13959  0.410  -66.169  -7.970 0.5000000000
13961  -1.839  -66.497  -7.987 0.5000000000
13962  -2.346  -66.756  -8.114 0.5000000000
14629  -2.529  -64.916  1.945 0.4000000060
14641  -5.680  -66.138  0.904 0.5000000000
14651  -2.778  -64.383  -0.657 0.6999999881
14659  -7.129  -65.611  -1.755 0.6000000238
14689  -3.624  -65.028  -2.958 0.8000000119
14707  -5.527  -65.462  -4.389 0.6000000238
14708  -6.024  -65.152  -4.119 0.6000000238
14709  -6.898  -65.395  -4.184 0.6000000238
14710  -7.740  -65.714  -3.971 0.6000000238
14750  1.185  -65.392  -7.129 0.5000000000
14751  0.361  -65.518  -7.035 0.5000000000
15517  -2.146  -64.282  2.113 0.4000000060
15518  -6.898  -64.584  2.467 0.4000000060
15538  -2.522  -63.603  -1.509 0.6999999881
15539  -6.050  -64.657  -0.735 0.6999999881
15546  -2.525  -63.169  -1.690 0.6999999881
15547  -5.383  -64.283  -2.057 0.6999999881
15561  -3.609  -64.229  -2.780 0.8000000119
15562  -4.239  -64.276  -3.148 0.8000000119
15563  -4.954  -64.512  -3.325 0.6000000238
15577  -5.225  -64.915  -3.886 0.6000000238
16363  -1.420  -63.490  2.189 0.3000000119
16364  -7.858  -63.629  2.414 0.5000000000
16380  -1.706  -63.234  -0.555 0.6000000238
16391  -1.590  -62.445  -0.966 0.6000000238
16392  -1.897  -62.850  -1.262 0.6999999881
16406  -2.958  -63.322  -1.996 0.6999999881
16407  -3.741  -63.455  -2.141 0.6999999881
16408  -4.625  -63.774  -2.067 0.8000000119
16427  -4.009  -63.808  -2.693 0.8000000119
17248  -7.604  -62.361  4.241 0.5000000000
17257  -7.928  -62.484  3.421 0.5000000000
17261  -0.523  -62.368  2.194 0.3000000119
17269  -0.532  -61.908  0.343 0.3000000119
17270  -3.741  -62.304  0.752 0.6999999881
17279  -0.823  -62.079  -0.304 0.6000000238
17281  -3.162  -62.392  -0.375 0.6999999881
17284  -6.764  -62.834  1.005 0.6999999881
17298  -1.812  -62.622  -1.092 0.6000000238
18077  1.107  -61.469  8.698 0.5000000000
18141  -6.552  -60.918  5.511 0.4000000060
18156  -7.409  -61.913  3.172 0.6000000238
18167  -6.139  -61.582  2.893 0.6000000238
18175  -2.208  -61.348  0.716 0.5000000000
18896  2.537  -60.574  8.578 0.4000000060
18907  1.058  -61.151  7.361 0.5000000000
19000  -0.343  -60.642  1.112 0.3000000119
19002  -2.099  -60.776  1.529 0.5000000000
19734  2.434  -59.542  9.412 0.4000000060
19758  2.661  -59.753  6.541 0.4000000060
19759  1.750  -59.850  6.332 0.3000000119
19773  1.074  -59.172  5.696 0.4000000060
19774  0.040  -59.148  5.658 0.4000000060
19779  -4.928  -59.617  6.288 0.6000000238
19811  -1.943  -59.051  3.418 0.5000000000
19828  -1.406  -59.328  2.492 0.3000000119
20603  -0.838  -57.713  4.419 0.5000000000
20635  0.940  -58.094  1.685 0.3000000119
21341  2.699  -57.300  8.740 0.3000000119
21372  1.743  -57.913  4.988 0.3000000119
21386  0.318  -57.222  4.059 0.3000000119
22111  2.803  -56.438  8.325 0.3000000119
22162  1.866  -56.810  3.852 0.3000000119
98462  -3.221  -59.406  4.421 0.6000000238
98663  -2.945  -65.642  0.644 0.6999999881
99258  12.157  -80.561  -12.435 0.4000000060
100056  8.940  -89.793  5.490 0.3000000119
101072  -8.444  -72.389  -2.561 0.5000000000
101275  -1.682  -69.961  1.531 0.5000000000
101862  5.353  -76.945  -10.484 0.6000000238
102066  4.391  -66.757  -8.474 0.5000000000
102147  7.649  -80.329  -1.911 0.6000000238
102185  -5.620  -70.972  -7.800 0.6000000238
102324  -2.227  -76.232  -7.202 0.6000000238
102629  13.052  -81.570  -9.252 0.4000000060
102973  -6.520  -74.676  -7.174 0.5000000000
104087  -2.708  -68.130  0.105 0.6999999881
104201  -2.435  -64.055  0.054 0.5000000000
104441  -0.716  -72.551  -11.140 0.5000000000
105448  -2.445  -67.023  0.898 0.6000000238
106119  -3.456  -74.264  -10.167 0.5000000000
106225  -0.389  -66.284  -8.065 0.5000000000
106439  7.045  -76.384  -5.138 0.8000000119
106939  -8.146  -71.745  -11.166 0.6000000238
107461  -6.509  -60.873  4.804 0.5000000000
107495  17.673  -83.468  -4.990 0.3000000119
107648  1.747  -68.771  -8.171 0.6000000238
108866  8.900  -78.791  -5.193 0.8000000119
109051  6.419  -88.831  4.136 0.3000000119
109584  -1.602  -66.619  -8.312 0.6000000238
110411  4.960  -75.435  -4.922 0.8000000119
110492  -2.952  -71.181  1.065 0.6000000238
110515  1.372  -84.282  6.475 0.4000000060
110666  6.744  -77.307  -2.377 0.6000000238
110864  -8.138  -63.074  2.853 0.5000000000
110950  14.520  -83.860  -1.320 0.4000000060
111722  3.501  -81.022  1.304 0.5000000000
111911  -6.320  -73.790  -13.494 0.5000000000
112552  1.918  -73.831  -6.408 0.6999999881
112800  3.076  -60.104  7.172 0.3000000119
112873  -3.874  -67.036  -2.099 0.8000000119
113036  -1.285  -84.784  5.030 0.4000000060
113422  -2.411  -88.786  5.863 0.4000000060
113976  3.995  -87.867  3.342 0.4000000060
114085  -6.501  -70.305  -9.281 0.5000000000
114136  -4.488  -73.266  -0.145 0.6000000238
114493  9.347  -81.595  -2.242 0.6999999881
115212  -9.285  -68.410  -7.112 0.5000000000
115245  -1.155  -62.951  1.073 0.3000000119
115309  -5.863  -64.083  -0.591 0.6999999881
115341  5.591  -88.381  3.818 0.3000000119
115612  -0.988  -73.969  -5.331 0.6000000238
115727  -0.789  -72.339  -7.209 0.6000000238
115796  -0.787  -70.988  2.010 0.4000000060
115948  3.974  -80.521  2.165 0.4000000060
116113  -4.074  -70.626  0.177 0.8000000119
116390  11.032  -78.997  0.561 0.3000000119
116511  1.010  -69.548  -11.017 0.6000000238
116910  -8.160  -66.187  -5.386 0.6000000238
116934  -3.369  -71.501  0.840 0.6000000238
116992  -0.038  -62.876  4.060 0.3000000119
117354  -9.256  -71.539  -4.359 0.5000000000
117367  -3.980  -72.173  -12.276 0.5000000000
117599  -3.219  -66.125  -0.965 0.6999999881
