#!ascii label  , from subject sub-v1s5x0050736_ses-1 vox2ras=TkReg
301
106037  22.601  -6.653  -8.898 0.0000000000
57294  21.399  -15.608  -6.589 0.0000000000
68379  20.617  -1.200  -9.243 0.0000000000
98240  16.851  9.549  -11.006 0.0000000000
56510  20.009  -16.711  -5.415 0.0000000000
70464  24.249  1.676  -9.110 0.0000000000
72682  23.780  4.674  -8.559 0.0000000000
112782  21.274  -8.241  -8.792 0.0000000000
60558  22.136  -11.360  -9.323 0.0000000000
105995  24.076  -10.037  -10.516 0.0000000000
66084  25.181  -5.336  -9.222 0.0000000000
62876  25.753  -8.734  -11.315 0.0000000000
66880  21.483  -3.340  -9.183 0.0000000000
105972  24.869  -2.099  -8.732 0.0000000000
97936  19.732  7.569  -9.280 0.0000000000
74202  23.866  6.997  -10.189 0.0000000000
58101  22.818  -15.205  -8.639 0.0000000000
111507  21.919  3.105  -7.749 0.0000000000
98092  21.947  4.257  -7.634 0.0000000000
107912  21.603  -7.279  -9.013 0.0000000000
62846  22.587  -9.017  -9.018 0.0000000000
62868  23.787  -8.930  -9.457 0.0000000000
56526  20.047  -16.068  -6.091 0.0000000000
114375  21.450  -2.493  -9.039 0.0000000000
67652  23.104  -2.849  -8.626 0.0000000000
68364  22.381  -1.158  -8.606 0.0000000000
71165  25.141  2.166  -9.902 0.0000000000
69800  25.345  0.945  -9.448 0.0000000000
97959  15.597  9.645  -11.129 0.0000000000
99509  18.613  7.940  -8.289 0.0000000000
75582  19.674  8.694  -9.999 0.0000000000
109465  21.814  9.177  -13.576 0.0000000000
75595  23.612  8.931  -12.611 0.0000000000
99961  23.840  8.953  -10.932 0.0000000000
106217  23.838  7.400  -12.111 0.0000000000
73522  24.151  6.254  -11.698 0.0000000000
59005  23.055  -13.802  -10.613 0.0000000000
58993  21.996  -13.780  -9.618 0.0000000000
55715  19.040  -17.365  -4.765 0.0000000000
107878  22.302  0.190  -8.527 0.0000000000
70467  21.933  1.449  -8.446 0.0000000000
71157  24.052  2.872  -8.935 0.0000000000
103287  24.678  3.894  -9.780 0.0000000000
61358  20.729  -10.443  -8.319 0.0000000000
62116  22.121  -9.483  -8.904 0.0000000000
61373  23.219  -10.491  -9.943 0.0000000000
60582  23.730  -12.239  -10.655 0.0000000000
64468  23.710  -6.502  -8.955 0.0000000000
63654  24.490  -8.143  -9.519 0.0000000000
64481  25.340  -7.514  -9.986 0.0000000000
65280  21.161  -5.662  -9.438 0.0000000000
66085  20.340  -4.326  -9.676 0.0000000000
66069  22.377  -4.969  -8.978 0.0000000000
107215  23.402  -4.711  -8.795 0.0000000000
66877  24.823  -3.749  -8.822 0.0000000000
67650  26.197  -2.123  -9.680 0.0000000000
69090  24.088  -0.500  -8.446 0.0000000000
69106  26.250  -0.768  -9.836 0.0000000000
98546  20.426  6.631  -8.737 0.0000000000
76916  19.476  9.195  -11.335 0.0000000000
107887  20.443  8.558  -10.527 0.0000000000
99800  21.572  7.301  -9.122 0.0000000000
111443  21.818  6.097  -8.225 0.0000000000
110365  23.463  6.007  -8.959 0.0000000000
73513  24.543  5.475  -11.009 0.0000000000
58971  20.600  -14.513  -7.489 0.0000000000
60543  21.138  -12.273  -8.394 0.0000000000
62867  24.481  -9.267  -10.265 0.0000000000
60594  25.153  -11.327  -11.280 0.0000000000
98102  20.847  3.566  -7.905 0.0000000000
111576  20.848  4.492  -7.781 0.0000000000
64470  21.981  -6.981  -8.992 0.0000000000
63644  22.957  -8.389  -8.953 0.0000000000
64469  22.709  -7.643  -8.875 0.0000000000
55698  18.319  -18.235  -3.821 0.0000000000
54911  18.913  -17.984  -4.373 0.0000000000
57286  21.130  -15.929  -5.982 0.0000000000
109192  21.076  -1.867  -9.111 0.0000000000
68378  21.839  -1.871  -8.800 0.0000000000
68365  21.465  -0.984  -8.852 0.0000000000
71192  25.344  2.958  -11.146 0.0000000000
71177  25.394  2.212  -10.491 0.0000000000
97948  16.247  8.701  -11.162 0.0000000000
97950  17.175  8.720  -10.679 0.0000000000
76260  18.737  8.944  -9.702 0.0000000000
74927  23.084  7.854  -12.841 0.0000000000
74219  22.946  6.824  -12.859 0.0000000000
59806  23.945  -13.578  -10.701 0.0000000000
58126  23.372  -14.870  -10.283 0.0000000000
57296  19.678  -15.321  -6.579 0.0000000000
70480  21.075  1.107  -8.623 0.0000000000
71167  21.146  1.810  -8.404 0.0000000000
98384  22.843  3.642  -7.862 0.0000000000
97897  22.696  2.685  -8.249 0.0000000000
71893  24.125  3.808  -8.862 0.0000000000
71892  24.521  3.201  -9.396 0.0000000000
116561  16.180  12.190  -10.084 0.0000000000
62117  21.331  -9.697  -8.660 0.0000000000
113414  21.351  -8.954  -8.695 0.0000000000
62130  23.594  -9.843  -10.006 0.0000000000
62131  22.931  -9.674  -9.440 0.0000000000
61372  23.840  -10.545  -10.435 0.0000000000
60572  23.477  -11.381  -10.318 0.0000000000
108048  23.983  -11.208  -10.617 0.0000000000
56511  19.369  -16.882  -5.206 0.0000000000
55714  19.832  -17.294  -4.899 0.0000000000
65277  24.069  -5.510  -8.917 0.0000000000
65290  24.658  -6.169  -9.152 0.0000000000
65289  25.537  -6.262  -9.722 0.0000000000
64472  20.585  -6.528  -9.316 0.0000000000
66881  20.657  -3.451  -9.581 0.0000000000
66071  21.160  -4.238  -9.440 0.0000000000
106919  21.598  -5.141  -9.305 0.0000000000
66070  21.896  -4.249  -9.118 0.0000000000
106955  22.649  -4.246  -8.838 0.0000000000
67637  23.784  -2.100  -8.513 0.0000000000
67651  24.278  -2.904  -8.640 0.0000000000
102522  25.521  -2.769  -9.109 0.0000000000
109701  25.643  -1.958  -9.224 0.0000000000
69786  23.018  0.527  -8.456 0.0000000000
108646  23.719  0.210  -8.496 0.0000000000
69785  23.847  0.965  -8.734 0.0000000000
69107  25.787  0.025  -9.414 0.0000000000
69122  26.382  -0.954  -10.667 0.0000000000
97939  19.127  7.925  -8.976 0.0000000000
97922  18.557  6.662  -8.396 0.0000000000
97927  19.015  6.665  -8.820 0.0000000000
98708  19.165  5.969  -8.940 0.0000000000
97925  20.156  7.222  -9.276 0.0000000000
76935  22.678  10.098  -12.500 0.0000000000
98429  21.823  10.693  -12.701 0.0000000000
76259  20.917  9.774  -11.705 0.0000000000
76271  22.141  9.984  -11.030 0.0000000000
74909  24.004  7.987  -10.629 0.0000000000
74910  22.926  8.429  -10.081 0.0000000000
74900  22.464  7.511  -9.414 0.0000000000
74195  22.152  6.770  -8.787 0.0000000000
74194  23.158  6.772  -9.274 0.0000000000
74186  22.722  6.098  -8.540 0.0000000000
108049  23.985  6.217  -9.628 0.0000000000
73528  23.855  5.699  -12.683 0.0000000000
73521  24.423  5.279  -12.039 0.0000000000
72707  24.600  4.554  -12.283 0.0000000000
58956  19.885  -14.244  -7.112 0.0000000000
60559  21.402  -11.379  -8.713 0.0000000000
59784  21.792  -12.500  -9.341 0.0000000000
58981  22.411  -14.661  -9.611 0.0000000000
58982  21.811  -14.549  -9.015 0.0000000000
58115  22.529  -15.178  -9.097 0.0000000000
58116  21.810  -15.174  -8.528 0.0000000000
106253  25.045  -8.607  -10.394 0.0000000000
63655  24.349  -8.793  -9.749 0.0000000000
62866  25.106  -9.387  -11.074 0.0000000000
111444  21.120  2.600  -8.058 0.0000000000
98124  23.048  4.553  -7.931 0.0000000000
62859  21.799  -7.947  -8.860 0.0000000000
62847  21.956  -8.625  -8.834 0.0000000000
62858  22.474  -8.441  -8.899 0.0000000000
109780  23.253  -9.124  -9.331 0.0000000000
110712  24.028  -9.543  -10.033 0.0000000000
104065  20.665  -17.115  -4.942 0.0000000000
56525  20.886  -16.490  -5.481 0.0000000000
56509  21.524  -16.848  -4.845 0.0000000000
66068  25.596  -4.386  -9.278 0.0000000000
66083  26.057  -5.096  -9.797 0.0000000000
67654  20.857  -2.647  -9.389 0.0000000000
66879  22.401  -3.535  -8.826 0.0000000000
67653  22.125  -2.698  -8.787 0.0000000000
67638  22.734  -2.006  -8.564 0.0000000000
68363  23.371  -1.260  -8.453 0.0000000000
70479  24.978  1.659  -9.495 0.0000000000
107714  24.664  1.122  -9.094 0.0000000000
70478  25.483  1.560  -9.980 0.0000000000
70491  25.661  1.438  -10.725 0.0000000000
97949  18.864  8.709  -9.278 0.0000000000
75572  19.789  8.238  -9.639 0.0000000000
76289  22.590  9.490  -12.855 0.0000000000
76288  23.574  9.552  -12.379 0.0000000000
107070  23.355  9.762  -11.186 0.0000000000
74918  24.215  8.497  -11.694 0.0000000000
74210  24.127  7.286  -11.133 0.0000000000
74218  23.586  6.414  -12.515 0.0000000000
73529  22.950  5.907  -13.184 0.0000000000
112765  22.479  -12.230  -9.828 0.0000000000
59795  22.469  -13.230  -10.142 0.0000000000
58127  23.059  -15.093  -9.886 0.0000000000
55716  18.569  -17.584  -4.301 0.0000000000
56512  18.800  -16.660  -5.101 0.0000000000
56527  19.298  -16.335  -5.619 0.0000000000
57295  20.528  -15.605  -6.657 0.0000000000
69109  20.825  -0.364  -8.953 0.0000000000
69093  21.589  0.004  -8.693 0.0000000000
69802  20.978  0.421  -8.775 0.0000000000
69787  22.368  0.890  -8.507 0.0000000000
70466  22.760  1.593  -8.612 0.0000000000
98238  21.912  2.223  -8.209 0.0000000000
71158  23.263  2.304  -8.753 0.0000000000
108689  23.908  2.173  -9.052 0.0000000000
71166  24.585  2.403  -9.450 0.0000000000
71178  25.044  2.983  -10.107 0.0000000000
71904  25.077  3.860  -10.783 0.0000000000
108974  15.929  11.371  -9.748 0.0000000000
97960  15.737  10.587  -10.826 0.0000000000
98399  16.136  10.449  -11.014 0.0000000000
61357  21.755  -10.425  -8.827 0.0000000000
61356  22.540  -10.432  -9.364 0.0000000000
60573  22.846  -11.375  -9.838 0.0000000000
59794  23.002  -12.516  -10.416 0.0000000000
117381  23.292  -13.022  -10.674 0.0000000000
63642  23.586  -7.645  -8.996 0.0000000000
64482  24.590  -7.113  -9.297 0.0000000000
64480  26.224  -6.789  -10.611 0.0000000000
63653  25.900  -7.895  -10.851 0.0000000000
118454  21.066  -7.029  -9.181 0.0000000000
64471  21.297  -6.504  -9.265 0.0000000000
65279  21.743  -6.125  -9.188 0.0000000000
65281  20.500  -5.276  -9.548 0.0000000000
112274  22.167  -5.729  -9.049 0.0000000000
65278  22.985  -5.698  -8.856 0.0000000000
112318  24.535  -4.638  -8.888 0.0000000000
66878  23.496  -3.744  -8.713 0.0000000000
116449  24.041  -4.198  -8.776 0.0000000000
66876  25.847  -3.564  -9.357 0.0000000000
67668  26.313  -2.960  -9.826 0.0000000000
69092  22.102  -0.457  -8.612 0.0000000000
68362  24.459  -1.342  -8.533 0.0000000000
69801  24.749  0.342  -8.766 0.0000000000
69108  25.149  -0.598  -8.751 0.0000000000
68377  25.375  -1.377  -8.974 0.0000000000
68376  26.061  -1.403  -9.527 0.0000000000
97911  19.806  5.798  -8.643 0.0000000000
117051  18.798  10.690  -9.682 0.0000000000
77497  19.164  10.336  -9.779 0.0000000000
76903  18.834  9.858  -9.840 0.0000000000
76917  19.205  9.338  -9.809 0.0000000000
75581  20.050  8.450  -10.435 0.0000000000
75571  20.317  7.955  -9.900 0.0000000000
75579  22.898  9.468  -10.526 0.0000000000
74901  21.530  8.132  -9.752 0.0000000000
113967  20.910  7.597  -9.377 0.0000000000
97917  20.906  7.121  -8.982 0.0000000000
97916  21.309  6.697  -8.596 0.0000000000
108948  20.874  6.000  -8.275 0.0000000000
111471  21.418  5.243  -7.964 0.0000000000
98230  23.292  5.387  -8.427 0.0000000000
73506  23.965  5.460  -9.096 0.0000000000
73514  24.246  6.294  -10.597 0.0000000000
73505  24.395  5.518  -9.970 0.0000000000
72681  24.335  4.702  -9.388 0.0000000000
72690  24.716  4.710  -10.352 0.0000000000
71915  25.073  3.768  -12.009 0.0000000000
58094  20.121  -14.963  -7.039 0.0000000000
58104  20.922  -15.323  -7.236 0.0000000000
59770  20.879  -13.089  -7.957 0.0000000000
59785  21.408  -13.381  -8.730 0.0000000000
58970  21.206  -14.301  -8.174 0.0000000000
58103  21.409  -15.189  -7.872 0.0000000000
63643  23.896  -8.477  -9.291 0.0000000000
62140  24.496  -9.892  -10.782 0.0000000000
62139  24.961  -9.970  -11.223 0.0000000000
61384  24.261  -10.562  -10.767 0.0000000000
60581  24.409  -11.446  -10.899 0.0000000000
58992  22.690  -14.317  -10.172 0.0000000000
59004  23.735  -14.581  -10.473 0.0000000000
61383  24.692  -10.521  -11.072 0.0000000000
63645  22.230  -7.747  -8.871 0.0000000000
67655  20.094  -2.729  -9.794 0.0000000000
68375  26.411  -1.506  -10.051 0.0000000000
69091  22.962  -0.352  -8.431 0.0000000000
69788  21.641  0.728  -8.577 0.0000000000
69815  25.884  0.804  -10.108 0.0000000000
70465  23.473  1.655  -8.888 0.0000000000
71887  23.480  3.227  -8.444 0.0000000000
72697  24.816  4.640  -11.406 0.0000000000
74220  22.075  6.283  -13.284 0.0000000000
74899  23.340  7.519  -9.911 0.0000000000
75580  21.831  9.162  -10.417 0.0000000000
75588  24.095  9.354  -11.802 0.0000000000
75596  22.448  8.561  -13.160 0.0000000000
76273  19.887  8.775  -10.887 0.0000000000
76280  23.595  9.965  -11.980 0.0000000000
76294  21.867  9.935  -13.397 0.0000000000
76936  22.019  10.347  -13.019 0.0000000000
77474  15.697  10.481  -10.522 0.0000000000
77485  17.872  11.249  -9.822 0.0000000000
78052  15.900  11.431  -10.334 0.0000000000
97901  23.513  4.002  -8.221 0.0000000000
97923  19.325  6.535  -8.860 0.0000000000
97924  19.684  6.540  -8.886 0.0000000000
97926  18.830  7.467  -8.618 0.0000000000
98344  22.530  2.015  -8.545 0.0000000000
99450  19.260  7.281  -8.884 0.0000000000
101483  19.243  9.921  -11.636 0.0000000000
103193  20.962  -4.935  -9.530 0.0000000000
104344  25.795  -0.813  -9.294 0.0000000000
105687  23.335  -8.297  -9.028 0.0000000000
109752  23.070  1.150  -8.599 0.0000000000
109853  19.513  6.967  -8.981 0.0000000000
111455  22.412  5.312  -7.994 0.0000000000
111561  20.447  2.256  -8.403 0.0000000000
117032  21.951  0.465  -8.538 0.0000000000
