#!ascii label  , from subject sub-v1s5x0050744_ses-1 vox2ras=TkReg
1260
94213  -23.809  -77.230  21.352 0.1000000015
2745  -22.960  -77.175  21.373 0.1000000015
2303  -23.234  -78.351  20.215 0.1000000015
2760  -22.588  -77.665  20.799 0.1000000015
2759  -21.600  -77.391  20.743 0.1000000015
3191  -21.479  -76.264  21.779 0.1000000015
3205  -20.862  -76.606  21.152 0.1000000015
3614  -20.165  -75.010  21.849 0.1000000015
3190  -20.098  -75.824  21.323 0.1000000015
4022  -19.690  -74.585  21.433 0.1000000015
4023  -20.202  -74.271  21.726 0.1000000015
4463  -19.627  -74.076  21.157 0.1000000015
4030  -19.063  -74.586  20.949 0.1000000015
4464  -19.873  -73.730  20.489 0.1000000015
86915  -21.291  -73.378  18.857 0.1000000015
4474  -19.090  -73.523  19.826 0.1000000015
4462  -18.985  -73.923  20.541 0.1000000015
3603  -23.708  -75.358  22.710 0.1000000015
3193  -23.423  -76.597  21.843 0.1000000015
3177  -24.000  -76.053  22.297 0.1000000015
3192  -22.473  -76.457  21.899 0.1000000015
3602  -22.767  -75.064  22.817 0.1000000015
3175  -21.932  -75.487  22.434 0.1000000015
3601  -20.948  -75.262  22.210 0.1000000015
3600  -20.755  -74.471  22.217 0.1000000015
4455  -20.372  -73.888  21.420 0.1000000015
4495  -27.796  -73.969  16.971 0.1000000015
4512  -25.178  -73.552  16.555 0.1000000015
4492  -24.536  -73.456  17.664 0.1000000015
4491  -23.625  -73.489  17.927 0.1000000015
4490  -22.805  -73.488  18.218 0.1000000015
4489  -22.003  -73.457  18.499 0.1000000015
4476  -21.759  -73.398  19.355 0.1000000015
4475  -20.827  -73.453  19.749 0.1000000015
88771  -19.890  -73.398  19.574 0.1000000015
3591  -25.177  -74.959  23.021 0.1000000015
4003  -23.711  -74.250  23.436 0.2000000030
4004  -24.704  -74.376  23.468 0.2000000030
3604  -24.609  -75.474  22.637 0.1000000015
4440  -23.158  -73.570  23.664 0.1000000015
3590  -24.252  -74.869  23.061 0.1000000015
4439  -22.407  -73.575  23.338 0.1000000015
4002  -22.662  -74.234  23.294 0.1000000015
93917  -31.889  -69.334  20.192 0.1000000015
5411  -32.528  -70.634  19.846 0.1000000015
4438  -21.886  -73.648  23.015 0.1000000015
4001  -21.931  -73.981  23.160 0.1000000015
93538  -21.296  -74.726  22.546 0.1000000015
5424  -33.055  -71.474  19.298 0.1000000015
5423  -31.682  -72.047  19.798 0.1000000015
4981  -29.811  -73.232  18.966 0.1000000015
4980  -28.563  -73.036  18.893 0.1000000015
4449  -21.479  -73.625  22.486 0.1000000015
4982  -31.278  -73.206  19.130 0.1000000015
4998  -31.048  -74.202  18.085 0.1000000015
4996  -28.152  -73.586  18.005 0.1000000015
4995  -27.043  -73.318  18.163 0.1000000015
4977  -24.522  -72.635  19.202 0.1000000015
4992  -24.083  -73.169  18.548 0.1000000015
4456  -21.193  -73.594  21.756 0.1000000015
89616  -20.913  -73.618  20.837 0.1000000015
4997  -29.573  -74.096  17.693 0.1000000015
4993  -24.986  -73.097  18.406 0.1000000015
4975  -22.904  -73.000  19.623 0.1000000015
4493  -25.557  -73.472  17.436 0.1000000015
4477  -22.512  -73.374  19.049 0.1000000015
4465  -21.578  -73.368  20.238 0.1000000015
4428  -23.685  -72.904  24.136 0.1000000015
4441  -24.173  -73.702  23.828 0.2000000030
4005  -25.643  -74.517  23.483 0.1000000015
3988  -26.024  -74.127  24.001 0.2000000030
4006  -26.446  -74.642  23.572 0.2000000030
90206  -22.861  -72.982  23.684 0.1000000015
7216  -32.146  -67.854  19.633 0.1000000015
6782  -31.919  -68.766  19.916 0.1000000015
4949  -22.310  -73.116  23.211 0.1000000015
4948  -21.949  -73.260  22.746 0.1000000015
4955  -22.301  -72.741  22.639 0.1000000015
5410  -31.865  -71.057  20.361 0.1000000015
5422  -30.121  -72.248  19.774 0.1000000015
4960  -21.808  -73.119  22.123 0.1000000015
5421  -28.902  -72.280  19.648 0.1000000015
97758  -27.903  -72.155  19.594 0.1000000015
4979  -26.474  -72.596  19.052 0.1000000015
5417  -24.839  -71.931  19.768 0.1000000015
4969  -23.349  -72.426  20.211 0.1000000015
4968  -22.504  -72.785  20.621 0.1000000015
4466  -22.215  -73.234  19.886 0.1000000015
4933  -24.202  -71.890  24.818 0.1000000015
4934  -24.802  -72.219  25.188 0.1000000015
5376  -23.710  -71.641  24.276 0.1000000015
4943  -24.375  -72.555  24.627 0.1000000015
4413  -25.177  -72.900  24.827 0.2000000030
4430  -25.591  -73.547  24.428 0.2000000030
4429  -24.670  -73.248  24.322 0.2000000030
4431  -26.381  -73.788  24.589 0.2000000030
4950  -23.315  -72.333  23.982 0.1000000015
5381  -23.329  -71.841  23.700 0.1000000015
5380  -22.823  -72.420  23.339 0.1000000015
7215  -31.172  -67.682  20.375 0.1000000015
6352  -31.339  -69.539  20.881 0.1000000015
5845  -30.863  -69.995  21.274 0.1000000015
5844  -29.931  -69.946  21.545 0.1000000015
5387  -22.817  -72.087  22.375 0.1000000015
7675  -32.670  -66.713  19.394 0.1000000015
7667  -31.656  -66.636  19.925 0.1000000015
89597  -31.655  -70.303  20.640 0.1000000015
5862  -30.709  -70.559  20.910 0.1000000015
5408  -29.180  -71.512  20.282 0.1000000015
101159  -28.298  -71.604  20.058 0.1000000015
5407  -27.497  -71.398  20.127 0.1000000015
5405  -25.805  -71.215  20.260 0.1000000015
5403  -23.855  -71.739  20.630 0.1000000015
99173  -23.120  -72.028  21.266 0.1000000015
4961  -22.362  -72.611  21.713 0.1000000015
7676  -33.776  -66.767  18.871 0.1000000015
5420  -26.971  -71.943  19.603 0.1000000015
5418  -25.451  -71.695  19.832 0.1000000015
4970  -24.105  -72.172  19.889 0.1000000015
8155  -34.064  -66.420  18.361 0.1000000015
8170  -33.248  -65.946  18.441 0.1000000015
8179  -34.489  -66.323  17.724 0.1000000015
8169  -32.440  -65.424  18.287 0.1000000015
6288  -24.641  -69.882  24.562 0.1000000015
5369  -24.177  -71.186  24.853 0.1000000015
6300  -24.794  -69.751  23.759 0.1000000015
5815  -24.232  -70.452  23.929 0.1000000015
5370  -24.563  -71.498  25.412 0.1000000015
4935  -25.535  -72.560  25.461 0.2000000030
5826  -24.463  -70.218  23.020 0.1000000015
90254  -23.708  -71.152  23.650 0.1000000015
4414  -25.973  -73.195  25.018 0.2000000030
6314  -25.269  -69.585  23.012 0.1000000015
100263  -24.020  -70.664  23.332 0.1000000015
8642  -31.474  -65.026  19.848 0.1000000015
8143  -31.363  -65.747  20.057 0.1000000015
7666  -30.772  -66.467  20.428 0.1000000015
7208  -30.615  -68.156  21.191 0.1000000015
6778  -30.810  -68.907  21.376 0.1000000015
6315  -25.849  -69.577  22.385 0.1000000015
5827  -25.090  -70.004  22.219 0.1000000015
5825  -23.858  -70.898  22.733 0.1000000015
5388  -23.268  -71.623  23.026 0.1000000015
5843  -28.780  -70.168  21.399 0.1000000015
5860  -28.245  -70.893  20.669 0.1000000015
5839  -24.798  -70.547  21.597 0.1000000015
5838  -24.091  -70.951  21.801 0.1000000015
8654  -31.345  -64.503  19.540 0.1000000015
5861  -29.491  -70.724  20.874 0.1000000015
5859  -27.152  -70.754  20.682 0.1000000015
5858  -26.269  -70.687  20.703 0.1000000015
5857  -25.393  -70.711  20.909 0.1000000015
97680  -23.781  -71.426  21.325 0.1000000015
5395  -23.446  -71.454  22.080 0.1000000015
8153  -32.108  -65.618  19.476 0.1000000015
8154  -33.096  -65.949  18.955 0.1000000015
8655  -31.817  -65.012  19.304 0.1000000015
91842  -32.479  -65.413  18.985 0.1000000015
97579  -31.985  -65.040  18.739 0.1000000015
8681  -31.669  -64.962  17.909 0.1000000015
8177  -32.076  -65.593  17.259 0.1000000015
5801  -24.495  -70.723  25.504 0.1000000015
6301  -25.496  -69.230  23.721 0.1000000015
95944  -25.097  -69.403  24.280 0.1000000015
6277  -24.692  -69.932  25.482 0.1000000015
4919  -25.114  -71.853  25.852 0.1000000015
6302  -26.199  -69.109  23.174 0.1000000015
5359  -24.788  -71.101  26.136 0.1000000015
6316  -26.739  -69.351  22.450 0.1000000015
4936  -26.283  -72.883  25.750 0.2000000030
7214  -30.322  -67.181  20.969 0.1000000015
6334  -27.217  -69.682  21.815 0.1000000015
99007  -25.661  -69.861  21.957 0.1000000015
4920  -25.802  -72.216  26.216 0.1000000015
4921  -26.572  -72.557  26.539 0.2000000030
6337  -30.496  -69.388  21.630 0.1000000015
93956  -29.166  -69.558  21.959 0.1000000015
5842  -27.704  -70.211  21.276 0.1000000015
5841  -26.742  -70.201  21.208 0.1000000015
94001  -26.011  -70.268  21.193 0.1000000015
8669  -31.490  -64.577  18.734 0.1000000015
9160  -29.920  -63.015  18.119 0.1000000015
9161  -30.349  -63.649  17.927 0.1000000015
9167  -29.958  -63.339  17.192 0.1000000015
6759  -26.843  -68.636  23.856 0.1000000015
6758  -26.091  -68.830  23.883 0.1000000015
6747  -25.635  -68.963  24.408 0.1000000015
6760  -27.840  -68.426  23.911 0.1000000015
6278  -25.098  -69.344  24.968 0.1000000015
6769  -27.257  -68.868  23.192 0.1000000015
86982  -25.194  -69.345  25.702 0.1000000015
6318  -28.922  -69.017  22.653 0.1000000015
6770  -28.294  -68.659  23.296 0.1000000015
5792  -24.768  -70.343  26.240 0.1000000015
8641  -31.074  -64.450  20.076 0.1000000015
8142  -30.706  -65.345  20.397 0.1000000015
7207  -30.127  -67.738  21.653 0.1000000015
6777  -30.179  -68.569  21.962 0.1000000015
6336  -29.777  -69.183  22.181 0.1000000015
6317  -27.778  -69.194  22.556 0.1000000015
5793  -25.082  -70.728  26.828 0.1000000015
5360  -25.365  -71.481  26.596 0.1000000015
6335  -28.259  -69.632  21.943 0.1000000015
5361  -26.074  -71.855  26.990 0.1000000015
9151  -30.968  -63.917  19.746 0.1000000015
9662  -30.470  -62.609  19.707 0.1000000015
9671  -30.463  -63.282  19.091 0.1000000015
9661  -29.819  -62.357  18.625 0.1000000015
10158  -29.528  -61.806  17.739 0.1000000015
9676  -29.718  -62.586  17.621 0.1000000015
10603  -29.770  -60.534  16.813 0.1000000015
7192  -28.396  -68.016  24.419 0.1000000015
6749  -27.513  -68.195  24.669 0.1000000015
6748  -26.415  -68.573  24.518 0.1000000015
101448  -28.748  -67.908  24.198 0.1000000015
6734  -25.802  -68.774  25.278 0.1000000015
7193  -29.008  -67.683  23.831 0.1000000015
6268  -25.033  -69.702  26.326 0.1000000015
6771  -29.098  -68.361  23.389 0.1000000015
6723  -25.633  -68.976  26.318 0.1000000015
9139  -30.739  -63.809  20.220 0.1000000015
7200  -29.765  -67.762  22.352 0.1000000015
6772  -29.581  -68.475  22.714 0.1000000015
7199  -29.400  -67.744  23.132 0.1000000015
85146  -30.782  -63.224  20.056 0.1000000015
8640  -30.414  -64.494  20.562 0.1000000015
7665  -30.042  -66.201  20.936 0.1000000015
90361  -29.758  -66.943  21.618 0.1000000015
5783  -25.369  -70.286  27.440 0.1000000015
10147  -29.946  -61.823  19.380 0.1000000015
10589  -29.616  -60.916  19.237 0.1000000015
10155  -29.515  -61.334  18.509 0.1000000015
10600  -29.476  -60.896  17.645 0.1000000015
10597  -29.424  -60.389  18.384 0.1000000015
7647  -28.768  -66.102  23.007 0.1000000015
7639  -28.690  -66.618  23.827 0.1000000015
7184  -28.638  -67.463  24.344 0.1000000015
6735  -26.789  -68.256  25.293 0.1000000015
7656  -29.456  -65.987  21.610 0.1000000015
7648  -29.293  -66.756  22.465 0.1000000015
89363  -29.073  -67.016  23.294 0.1000000015
98372  -26.294  -68.435  25.887 0.1000000015
9645  -30.768  -62.472  20.513 0.1000000015
89344  -30.521  -63.088  20.497 0.1000000015
8141  -29.865  -65.256  21.002 0.1000000015
10148  -30.600  -62.127  20.095 0.1000000015
6258  -25.345  -69.549  27.084 0.1000000015
5352  -25.598  -71.106  27.371 0.1000000015
10138  -30.383  -61.488  20.043 0.1000000015
88113  -29.435  -60.072  19.060 0.1000000015
11511  -29.470  -58.484  18.943 0.1000000015
88236  -29.490  -59.978  17.607 0.1000000015
7183  -28.236  -67.375  24.929 0.1000000015
6736  -27.683  -67.658  25.486 0.1000000015
9629  -30.826  -62.397  20.928 0.1000000015
8630  -29.694  -64.443  21.147 0.1000000015
8131  -29.267  -65.075  21.629 0.1000000015
7655  -28.999  -65.626  22.278 0.1000000015
10582  -31.583  -61.180  20.413 0.1000000015
10139  -31.536  -61.968  20.490 0.1000000015
9630  -31.553  -62.184  20.881 0.1000000015
9138  -30.219  -63.777  20.728 0.1000000015
10581  -29.955  -60.447  20.084 0.1000000015
11032  -29.918  -59.480  20.441 0.1000000015
90368  -29.510  -58.768  19.842 0.1000000015
11501  -29.481  -58.031  19.798 0.1000000015
83672  -29.531  -57.636  19.126 0.1000000015
8121  -28.504  -65.005  22.858 0.1000000015
7627  -28.415  -66.611  24.515 0.1000000015
8097  -28.023  -65.843  24.693 0.1000000015
11033  -31.345  -60.222  20.608 0.1000000015
11496  -29.721  -58.549  20.673 0.1000000015
12028  -29.518  -57.201  19.741 0.1000000015
12595  -29.640  -56.365  19.708 0.1000000015
8112  -28.352  -65.547  23.567 0.1000000015
8098  -28.263  -65.905  24.131 0.1000000015
8130  -28.851  -64.833  22.185 0.1000000015
10583  -32.823  -61.685  20.485 0.1000000015
10140  -32.268  -62.109  20.752 0.1000000015
9129  -30.159  -63.093  20.978 0.1000000015
8629  -29.072  -64.288  21.767 0.1000000015
11024  -30.938  -59.271  21.008 0.1000000015
86780  -29.518  -57.646  20.489 0.1000000015
12587  -29.503  -56.830  20.483 0.1000000015
13184  -29.560  -55.854  20.522 0.1000000015
13894  -29.824  -55.030  19.987 0.1000000015
9627  -29.384  -62.908  21.565 0.1000000015
9128  -28.881  -63.503  22.016 0.1000000015
8622  -28.602  -64.162  22.459 0.1000000015
11034  -33.268  -60.789  20.364 0.1000000015
92053  -32.971  -61.865  20.842 0.1000000015
9628  -30.060  -62.458  21.282 0.1000000015
11025  -33.218  -59.865  20.640 0.1000000015
89581  -29.548  -57.349  21.064 0.1000000015
13889  -29.581  -54.913  20.862 0.1000000015
9617  -29.476  -62.147  21.858 0.1000000015
10129  -31.955  -62.040  21.103 0.1000000015
10128  -30.533  -61.897  21.480 0.1000000015
11491  -32.596  -58.926  21.249 0.1000000015
12020  -29.693  -57.934  21.120 0.1000000015
13176  -29.460  -55.632  21.609 0.1000000015
13880  -29.486  -54.539  21.819 0.1000000015
11490  -30.456  -58.411  21.377 0.1000000015
12013  -29.967  -57.554  21.643 0.1000000015
12576  -29.530  -56.656  21.385 0.1000000015
14637  -29.494  -53.662  22.328 0.1000000015
11479  -31.525  -58.042  21.863 0.1000000015
99316  -29.823  -56.985  21.949 0.1000000015
13163  -29.501  -55.393  22.626 0.1000000015
2761  -23.484  -77.746  20.831 0.1000000015
2744  -22.091  -77.050  21.370 0.1000000015
99506  -21.510  -76.864  21.272 0.1000000015
84004  -20.688  -75.796  21.714 0.1000000015
3176  -23.042  -75.880  22.378 0.1000000015
3589  -23.430  -74.768  23.080 0.1000000015
4016  -21.908  -74.562  22.882 0.1000000015
4015  -21.373  -74.085  22.704 0.1000000015
4448  -20.808  -73.931  22.152 0.1000000015
4494  -26.692  -73.636  17.130 0.1000000015
4510  -23.114  -73.529  17.352 0.1000000015
3987  -25.167  -73.936  23.920 0.2000000030
6781  -31.274  -68.738  20.682 0.1000000015
5409  -30.468  -71.365  20.430 0.1000000015
91059  -27.471  -72.780  18.962 0.1000000015
4994  -25.988  -73.173  18.311 0.1000000015
4978  -25.460  -72.446  19.211 0.1000000015
4478  -23.264  -73.276  18.777 0.1000000015
4976  -23.694  -72.799  19.352 0.1000000015
4967  -21.779  -73.196  21.145 0.1000000015
98979  -22.020  -73.176  20.472 0.1000000015
4942  -23.804  -72.260  24.408 0.1000000015
5419  -26.105  -71.786  19.666 0.1000000015
101239  -24.458  -71.631  20.310 0.1000000015
5406  -26.615  -71.268  20.173 0.1000000015
5396  -24.472  -71.154  20.967 0.1000000015
7684  -35.429  -66.621  17.926 0.1000000015
5808  -24.348  -70.513  24.775 0.1000000015
5807  -23.970  -70.984  24.309 0.1000000015
6333  -26.229  -69.820  21.752 0.1000000015
5840  -25.513  -70.186  21.590 0.1000000015
99688  -24.423  -70.498  22.256 0.1000000015
11045  -29.435  -59.415  18.385 0.1000000015
12036  -29.629  -57.698  18.272 0.1000000015
93201  -29.517  -63.687  21.323 0.1000000015
6690  -40.706  -69.121  30.189 0.5000000000
3902  -39.503  -74.452  31.757 0.5000000000
3891  -39.300  -74.199  32.600 0.5000000000
7090  -40.519  -68.308  30.498 0.5000000000
6245  -40.295  -69.638  29.972 0.5000000000
4341  -38.146  -72.539  32.122 0.5000000000
7119  -38.152  -67.588  29.100 0.5000000000
7108  -39.312  -67.874  29.862 0.5000000000
7109  -39.864  -68.782  29.451 0.5000000000
4870  -36.732  -72.600  31.399 0.5000000000
7120  -39.095  -68.597  28.858 0.5000000000
6699  -39.126  -69.249  28.661 0.5000000000
4357  -34.765  -73.617  29.563 0.5000000000
4377  -34.132  -74.293  28.589 0.5000000000
4356  -33.667  -73.429  29.236 0.5000000000
4903  -32.827  -73.167  28.960 0.5000000000
5333  -31.790  -71.632  29.608 0.5000000000
6250  -30.973  -70.045  30.392 0.4000000060
6239  -30.665  -69.152  30.886 0.4000000060
4325  -33.504  -73.206  31.169 0.1000000015
3479  -38.729  -74.121  32.798 0.5000000000
85383  -39.460  -67.526  30.959 0.5000000000
6671  -41.277  -69.568  30.933 0.5000000000
6224  -39.636  -70.191  30.942 0.4000000060
4327  -38.008  -72.434  32.638 0.5000000000
7107  -37.844  -67.056  30.475 0.5000000000
85822  -37.169  -66.730  29.858 0.5000000000
7551  -35.344  -66.006  30.735 0.5000000000
85070  -36.264  -66.259  29.850 0.5000000000
8030  -35.469  -65.598  29.698 0.4000000060
89407  -37.758  -67.792  28.124 0.4000000060
6706  -38.439  -68.909  27.900 0.4000000060
7566  -37.092  -66.825  29.040 0.3000000119
6243  -38.285  -69.602  29.111 0.6999999881
7565  -36.213  -66.097  28.954 0.3000000119
6698  -38.451  -69.167  28.102 0.5000000000
91148  -37.507  -69.345  27.906 0.6000000238
6689  -36.523  -69.216  29.925 0.6000000238
6667  -35.581  -69.778  31.382 0.6000000238
4359  -37.287  -73.741  30.504 0.5000000000
3913  -36.772  -74.557  29.286 0.3000000119
6705  -37.594  -69.090  27.025 0.4000000060
6696  -35.781  -68.679  28.889 0.5000000000
6688  -35.010  -68.642  30.472 0.6000000238
6666  -34.378  -69.050  31.206 0.6000000238
91498  -34.433  -72.684  30.185 0.5000000000
7571  -36.780  -67.337  26.877 0.4000000060
7140  -36.962  -68.697  26.198 0.4000000060
6697  -36.858  -69.236  27.015 0.5000000000
6665  -33.459  -68.693  31.304 0.5000000000
6242  -33.409  -69.549  31.355 0.5000000000
4884  -33.344  -72.570  29.667 0.5000000000
7128  -36.164  -68.785  26.608 0.5000000000
7106  -34.363  -67.931  29.844 0.5000000000
7086  -33.291  -67.907  31.136 0.4000000060
5761  -33.041  -70.358  30.971 0.5000000000
5774  -32.372  -71.054  30.353 0.5000000000
6712  -36.624  -68.399  25.950 0.4000000060
7105  -33.446  -67.462  30.467 0.4000000060
5760  -31.892  -70.187  30.658 0.4000000060
7126  -34.161  -67.565  27.906 0.5000000000
7116  -33.772  -67.329  29.262 0.4000000060
6664  -31.981  -67.608  31.489 0.4000000060
6686  -31.325  -68.335  31.405 0.4000000060
7550  -32.864  -66.724  29.903 0.4000000060
89604  -32.164  -66.458  30.768 0.3000000119
7535  -31.605  -66.762  31.375 0.3000000119
7084  -30.825  -66.998  31.601 0.3000000119
4841  -32.443  -72.305  31.264 0.1000000015
97277  -32.824  -72.892  31.121 0.1000000015
4819  -33.080  -71.791  31.567 0.1000000015
4842  -33.370  -72.434  31.381 0.1000000015
4820  -34.198  -71.937  31.930 0.4000000060
4318  -34.317  -72.666  31.522 0.4000000060
3889  -35.265  -73.946  31.443 0.4000000060
3879  -36.307  -73.284  32.220 0.5000000000
4821  -35.454  -72.230  32.224 0.4000000060
4822  -36.235  -72.443  32.407 0.5000000000
4319  -38.644  -73.192  33.094 0.5000000000
6669  -40.704  -68.278  31.569 0.5000000000
6670  -41.407  -68.937  31.147 0.5000000000
6225  -41.065  -70.058  31.149 0.4000000060
4843  -35.720  -72.028  32.332 0.5000000000
4845  -37.008  -72.108  32.365 0.5000000000
7552  -36.463  -66.556  30.653 0.5000000000
96945  -36.221  -70.885  32.069 0.6000000238
8029  -34.681  -65.270  30.302 0.4000000060
8539  -34.419  -64.561  30.024 0.2000000030
8050  -35.611  -65.316  28.779 0.3000000119
7570  -36.267  -66.059  27.915 0.4000000060
8042  -34.991  -64.939  29.456 0.3000000119
8548  -35.036  -64.344  29.225 0.3000000119
8049  -35.418  -64.794  28.729 0.4000000060
89930  -36.043  -65.205  27.587 0.3000000119
7579  -36.462  -66.312  26.624 0.4000000060
7159  -36.455  -68.085  25.430 0.4000000060
7158  -36.289  -68.139  25.347 0.4000000060
7597  -36.508  -66.477  25.252 0.3000000119
7157  -35.913  -67.611  24.777 0.3000000119
88511  -35.576  -68.471  26.306 0.4000000060
7596  -35.397  -67.048  24.828 0.3000000119
7577  -33.747  -67.052  27.507 0.3000000119
7564  -33.364  -66.823  28.561 0.4000000060
7595  -34.503  -66.610  25.553 0.2000000030
100853  -33.427  -66.519  27.294 0.2000000030
7569  -33.076  -66.381  28.058 0.3000000119
7562  -32.113  -66.093  29.858 0.3000000119
8068  -33.552  -65.201  26.122 0.1000000015
7576  -32.917  -65.874  27.526 0.2000000030
7563  -32.610  -66.267  28.923 0.4000000060
9572  -32.816  -63.107  26.515 0.1000000015
5294  -33.870  -71.447  32.072 0.1000000015
5734  -34.435  -71.266  32.257 0.5000000000
90388  -34.928  -71.433  32.290 0.4000000060
6654  -39.891  -68.788  33.342 0.5000000000
6655  -41.373  -69.276  32.384 0.4000000060
6209  -41.385  -70.129  33.133 0.4000000060
5736  -39.285  -71.879  33.616 0.4000000060
6207  -37.610  -72.303  33.042 0.5000000000
5747  -34.929  -71.106  32.435 0.5000000000
7538  -36.774  -66.835  31.301 0.5000000000
7089  -37.649  -67.294  31.658 0.5000000000
87544  -38.747  -67.935  32.408 0.4000000060
6221  -35.202  -70.989  32.455 0.4000000060
8018  -34.297  -65.610  31.215 0.4000000060
8028  -33.866  -64.939  30.748 0.4000000060
95311  -33.932  -63.384  30.166 0.2000000030
9046  -34.475  -63.867  29.779 0.2000000030
9543  -34.822  -63.211  29.690 0.1000000015
8552  -35.816  -64.400  28.065 0.3000000119
9047  -35.440  -63.794  28.848 0.2000000030
8060  -36.500  -65.362  25.776 0.2000000030
8087  -36.336  -65.847  24.944 0.2000000030
9051  -36.709  -63.731  27.165 0.2000000030
8570  -36.311  -64.565  25.526 0.2000000030
8086  -36.065  -66.050  24.697 0.2000000030
9067  -36.728  -63.461  25.949 0.2000000030
9076  -36.386  -64.194  25.663 0.1000000015
8070  -35.371  -66.230  24.828 0.2000000030
8069  -34.386  -65.613  25.501 0.2000000030
95577  -37.513  -63.205  25.953 0.1000000015
9082  -35.583  -64.399  25.436 0.1000000015
8568  -34.301  -64.569  25.649 0.1000000015
91667  -35.794  -63.788  25.782 0.1000000015
92760  -34.693  -63.721  25.862 0.1000000015
8567  -33.118  -64.525  26.310 0.1000000015
9573  -33.912  -63.028  26.394 0.1000000015
9561  -34.460  -62.368  26.967 0.1000000015
10065  -34.100  -61.508  27.649 0.1000000015
5717  -34.765  -70.746  32.704 0.3000000119
6176  -36.297  -69.480  34.986 0.3000000119
6177  -37.262  -70.204  34.764 0.3000000119
6188  -36.204  -70.696  33.556 0.3000000119
6205  -35.442  -70.914  32.860 0.3000000119
6178  -38.980  -69.619  35.889 0.3000000119
5718  -38.548  -70.787  34.714 0.3000000119
6189  -37.435  -71.718  33.404 0.5000000000
6206  -36.327  -71.520  32.943 0.5000000000
7083  -38.394  -68.193  34.288 0.4000000060
6648  -40.743  -69.825  34.099 0.5000000000
6190  -40.796  -70.661  34.281 0.4000000060
5737  -40.536  -71.079  33.586 0.4000000060
7530  -33.995  -65.765  32.259 0.4000000060
86584  -35.241  -66.458  32.489 0.4000000060
7088  -36.543  -66.989  32.074 0.5000000000
85765  -32.839  -64.983  31.885 0.4000000060
8017  -33.470  -65.285  31.608 0.4000000060
7536  -34.776  -66.196  31.825 0.5000000000
8528  -33.105  -64.629  31.156 0.4000000060
8527  -32.416  -64.468  31.594 0.4000000060
9026  -31.961  -63.836  31.440 0.3000000119
8537  -32.674  -63.926  30.947 0.3000000119
8538  -33.605  -64.112  30.470 0.3000000119
9038  -33.080  -63.354  30.566 0.3000000119
9532  -33.671  -62.666  30.323 0.1000000015
9533  -34.586  -62.542  30.069 0.1000000015
9048  -36.037  -63.303  28.566 0.2000000030
10022  -35.481  -62.003  30.098 0.1000000015
10040  -35.470  -62.747  29.547 0.1000000015
9545  -37.452  -63.234  27.146 0.2000000030
9052  -37.885  -63.143  26.051 0.1000000015
9544  -37.623  -62.647  26.491 0.1000000015
9563  -37.633  -62.838  26.094 0.1000000015
9068  -36.752  -63.532  25.838 0.1000000015
9574  -35.293  -63.197  26.274 0.1000000015
10067  -37.110  -62.485  26.617 0.1000000015
9562  -36.440  -62.854  26.420 0.1000000015
10066  -35.408  -62.009  27.320 0.1000000015
10049  -35.892  -61.528  27.590 0.1000000015
10048  -34.772  -61.250  27.863 0.1000000015
10510  -34.875  -60.663  28.259 0.1000000015
10953  -34.023  -59.851  28.675 0.1000000015
10947  -33.550  -58.912  29.077 0.1000000015
6175  -35.469  -69.033  34.903 0.3000000119
6174  -34.533  -68.812  34.546 0.2000000030
97756  -37.880  -68.700  36.605 0.3000000119
6639  -38.868  -68.879  36.240 0.4000000060
7074  -37.350  -67.795  36.650 0.3000000119
7531  -34.657  -66.106  32.916 0.3000000119
7081  -35.958  -66.833  32.816 0.4000000060
7077  -36.290  -66.848  34.441 0.4000000060
7078  -37.358  -67.474  35.397 0.3000000119
7073  -36.431  -67.047  36.192 0.3000000119
9025  -31.385  -63.239  31.466 0.3000000119
9519  -31.537  -62.489  31.121 0.3000000119
9037  -32.154  -63.148  30.902 0.3000000119
9531  -32.745  -62.598  30.609 0.2000000030
10021  -33.243  -61.917  30.531 0.1000000015
98899  -32.906  -61.353  30.717 0.1000000015
85964  -34.207  -61.832  30.410 0.1000000015
10486  -33.678  -61.120  30.740 0.1000000015
10041  -36.739  -62.747  28.518 0.2000000030
10023  -36.850  -61.925  29.568 0.2000000030
10042  -38.164  -62.565  27.307 0.1000000015
88072  -37.991  -61.783  29.396 0.1000000015
10043  -38.817  -62.256  27.671 0.1000000015
10050  -37.883  -62.599  26.461 0.1000000015
10052  -38.983  -62.092  27.005 0.1000000015
10051  -38.305  -62.427  26.893 0.1000000015
87277  -37.486  -62.080  26.935 0.1000000015
10954  -35.047  -59.930  28.584 0.1000000015
10955  -35.967  -59.494  28.549 0.1000000015
10948  -34.736  -58.923  29.022 0.1000000015
11424  -32.834  -57.992  29.224 0.1000000015
6646  -33.449  -68.536  34.112 0.2000000030
6635  -34.111  -67.883  35.563 0.2000000030
6637  -36.099  -68.531  36.459 0.3000000119
7071  -33.687  -67.198  36.494 0.2000000030
6626  -35.717  -67.896  36.970 0.3000000119
6627  -36.735  -68.251  36.920 0.3000000119
7532  -35.410  -66.387  33.590 0.3000000119
8013  -32.467  -64.683  32.609 0.3000000119
8014  -33.303  -65.197  32.762 0.3000000119
7527  -34.845  -65.902  34.216 0.3000000119
7528  -35.621  -66.322  35.198 0.3000000119
8525  -31.340  -63.967  32.067 0.3000000119
8522  -31.758  -64.272  32.869 0.3000000119
7523  -35.470  -66.751  36.543 0.2000000030
9024  -30.691  -63.488  32.096 0.2000000030
9518  -30.752  -62.582  31.653 0.3000000119
9530  -32.111  -62.406  30.815 0.3000000119
10019  -31.816  -61.787  30.934 0.2000000030
10020  -32.485  -61.889  30.712 0.1000000015
10485  -32.297  -61.158  30.880 0.1000000015
93081  -33.018  -60.611  30.985 0.1000000015
10472  -34.041  -60.125  31.279 0.1000000015
10913  -33.138  -59.629  31.558 0.1000000015
11393  -33.989  -58.838  32.726 0.1000000015
100350  -33.954  -59.443  31.764 0.1000000015
11394  -34.559  -58.426  33.566 0.1000000015
11389  -34.026  -58.255  33.970 0.1000000015
100297  -34.031  -57.588  34.319 0.1000000015
10487  -34.854  -60.887  30.866 0.1000000015
96824  -35.058  -59.940  31.532 0.1000000015
10915  -35.850  -59.416  32.449 0.1000000015
88604  -35.123  -58.840  33.082 0.1000000015
11886  -34.332  -58.047  33.947 0.1000000015
87525  -35.936  -61.107  30.634 0.1000000015
89336  -39.037  -61.659  29.604 0.1000000015
10053  -41.622  -62.706  27.811 0.1000000015
10513  -38.878  -62.092  26.924 0.1000000015
10512  -38.063  -61.608  27.216 0.1000000015
89132  -36.925  -60.721  27.823 0.1000000015
10956  -37.314  -59.697  28.183 0.1000000015
7061  -33.251  -66.784  36.627 0.2000000030
7072  -34.765  -67.426  36.769 0.2000000030
7065  -37.251  -68.166  36.863 0.3000000119
7520  -32.788  -66.224  36.555 0.2000000030
7062  -34.174  -66.988  36.872 0.2000000030
7063  -35.075  -67.359  36.836 0.3000000119
7064  -36.295  -67.736  36.884 0.3000000119
85142  -32.993  -64.725  33.554 0.3000000119
8010  -33.640  -65.022  34.062 0.3000000119
8007  -34.332  -65.427  34.704 0.3000000119
98756  -32.385  -64.416  33.678 0.3000000119
8009  -33.053  -64.600  34.649 0.3000000119
7525  -34.938  -65.906  35.667 0.3000000119
9021  -29.620  -63.361  32.890 0.2000000030
9022  -30.251  -63.587  32.734 0.3000000119
9514  -30.094  -63.028  32.236 0.2000000030
9517  -30.089  -62.374  31.986 0.2000000030
10007  -30.420  -61.768  31.749 0.3000000119
10008  -31.122  -61.743  31.322 0.3000000119
10469  -30.750  -60.874  31.609 0.2000000030
93979  -31.406  -60.156  31.492 0.2000000030
10912  -32.081  -59.460  31.654 0.1000000015
10474  -36.622  -59.914  32.160 0.1000000015
11395  -35.734  -59.021  32.879 0.1000000015
10488  -36.885  -60.755  30.957 0.1000000015
10916  -36.508  -59.514  32.326 0.1000000015
10476  -38.100  -60.248  31.655 0.1000000015
10917  -37.427  -59.715  31.961 0.1000000015
10489  -38.131  -60.756  31.010 0.1000000015
10490  -39.113  -60.763  30.934 0.1000000015
84806  -40.351  -60.933  30.862 0.1000000015
10491  -41.841  -61.246  30.490 0.1000000015
10024  -40.278  -61.610  29.887 0.1000000015
10046  -42.465  -62.758  28.806 0.1000000015
10047  -43.286  -62.429  28.909 0.1000000015
10054  -42.594  -62.781  27.891 0.1000000015
10515  -41.810  -62.253  27.549 0.1000000015
10514  -40.157  -62.043  27.352 0.1000000015
90724  -38.266  -60.732  27.579 0.1000000015
7515  -31.487  -65.878  36.749 0.3000000119
8001  -32.147  -65.421  36.287 0.3000000119
7521  -33.658  -66.412  36.577 0.2000000030
7522  -34.484  -66.480  36.589 0.2000000030
8002  -33.198  -65.313  36.026 0.3000000119
8003  -33.970  -65.708  36.144 0.3000000119
8517  -31.674  -64.162  33.862 0.3000000119
8513  -32.259  -64.323  34.464 0.3000000119
8502  -32.376  -64.592  35.378 0.3000000119
8516  -30.930  -64.023  34.112 0.3000000119
9509  -28.923  -62.946  33.086 0.2000000030
9512  -28.749  -62.055  32.840 0.2000000030
10003  -29.313  -61.562  32.401 0.2000000030
10006  -29.844  -61.872  32.085 0.2000000030
10468  -29.973  -61.179  32.027 0.3000000119
10910  -30.143  -60.344  32.045 0.2000000030
10492  -42.601  -60.906  30.258 0.1000000015
83831  -42.433  -60.870  28.294 0.1000000015
10959  -41.211  -60.620  27.709 0.1000000015
86726  -39.101  -60.509  27.611 0.1000000015
7514  -30.781  -66.266  37.027 0.1000000015
7991  -30.143  -65.726  37.139 0.2000000030
7992  -30.846  -65.627  36.758 0.3000000119
8000  -31.226  -65.137  36.317 0.3000000119
8512  -31.656  -64.210  34.732 0.3000000119
8501  -31.542  -64.561  35.622 0.3000000119
9018  -29.386  -63.605  33.711 0.3000000119
9019  -30.105  -63.956  34.331 0.3000000119
8511  -30.875  -64.133  34.933 0.3000000119
9017  -28.603  -63.136  33.836 0.2000000030
100352  -28.180  -60.396  33.152 0.1000000015
10465  -29.373  -60.670  32.379 0.2000000030
10464  -28.749  -60.151  32.748 0.2000000030
84651  -29.559  -59.709  32.418 0.3000000119
7999  -30.375  -65.005  36.406 0.3000000119
8500  -30.672  -64.485  35.709 0.3000000119
9014  -29.139  -63.711  34.527 0.3000000119
8510  -30.007  -64.068  35.064 0.3000000119
9507  -28.022  -62.432  33.953 0.2000000030
9998  -27.677  -61.630  34.085 0.1000000015
89984  -27.862  -60.964  33.511 0.1000000015
8486  -29.419  -64.893  36.526 0.3000000119
96295  -28.646  -64.695  36.711 0.2000000030
8499  -29.744  -64.410  35.786 0.3000000119
97924  -29.227  -63.972  35.238 0.3000000119
9013  -28.207  -63.088  34.543 0.2000000030
9003  -28.495  -63.578  35.182 0.3000000119
89965  -27.625  -62.273  34.775 0.2000000030
9989  -27.286  -61.782  35.278 0.1000000015
9976  -26.834  -60.912  35.949 0.1000000015
9995  -27.387  -61.505  34.740 0.1000000015
10461  -27.368  -60.780  34.306 0.1000000015
10460  -27.066  -60.312  34.864 0.1000000015
10905  -27.660  -60.134  33.609 0.1000000015
8498  -28.725  -64.183  35.936 0.2000000030
8497  -27.991  -63.628  35.804 0.2000000030
9002  -27.805  -63.017  35.325 0.2000000030
9497  -27.362  -62.394  35.624 0.1000000015
9496  -27.001  -61.697  35.970 0.1000000015
9988  -27.086  -61.047  35.236 0.1000000015
10902  -27.214  -59.820  34.253 0.1000000015
10454  -26.739  -60.305  36.314 0.1000000015
10458  -26.872  -60.276  35.541 0.1000000015
96015  -26.745  -59.430  35.874 0.1000000015
10901  -26.918  -59.595  35.004 0.1000000015
10897  -26.709  -59.616  36.742 0.1000000015
6252  -39.549  -69.528  29.268 0.5000000000
6700  -39.696  -69.480  29.328 0.5000000000
6244  -39.394  -69.693  29.462 0.4000000060
6251  -39.143  -69.470  28.850 0.5000000000
6223  -38.233  -70.133  31.071 0.5000000000
5748  -39.930  -70.633  32.440 0.4000000060
4360  -38.800  -73.852  31.226 0.5000000000
6208  -38.322  -71.425  32.496 0.4000000060
4869  -36.397  -72.030  31.635 0.5000000000
6668  -36.913  -69.927  31.180 0.6000000238
87645  -35.381  -71.849  31.169 0.5000000000
4358  -35.968  -73.744  30.015 0.3000000119
3912  -35.535  -74.644  28.694 0.5000000000
97455  -34.889  -70.939  31.584 0.5000000000
3495  -39.397  -75.277  31.891 0.5000000000
5324  -35.110  -71.332  31.444 0.5000000000
5334  -32.913  -71.810  30.018 0.5000000000
5773  -31.339  -70.865  30.010 0.4000000060
6240  -31.525  -69.294  31.030 0.4000000060
6663  -31.254  -67.483  31.555 0.3000000119
6656  -41.549  -69.659  31.830 0.5000000000
7129  -37.630  -68.616  27.118 0.3000000119
85258  -36.970  -66.957  27.996 0.4000000060
97391  -34.351  -69.867  31.446 0.6000000238
5762  -34.425  -70.717  31.445 0.5000000000
4885  -35.571  -72.548  30.788 0.5000000000
6704  -36.949  -68.977  26.237 0.4000000060
5775  -33.728  -71.219  30.780 0.5000000000
5335  -34.386  -71.822  30.664 0.5000000000
7118  -35.681  -68.638  27.682 0.5000000000
98439  -32.801  -68.756  31.384 0.4000000060
7087  -33.968  -68.123  30.828 0.5000000000
7580  -36.608  -67.515  25.779 0.4000000060
7139  -36.340  -68.548  25.917 0.5000000000
7117  -34.690  -68.034  28.552 0.5000000000
93003  -32.706  -68.034  31.357 0.4000000060
6241  -32.428  -69.411  31.233 0.5000000000
7127  -35.060  -68.334  27.216 0.5000000000
6687  -32.137  -68.503  31.406 0.4000000060
7085  -32.601  -67.194  31.095 0.4000000060
7137  -34.659  -67.880  26.594 0.4000000060
5738  -41.258  -70.272  32.481 0.4000000060
93582  -35.518  -71.244  31.967 0.5000000000
7537  -35.773  -66.604  31.655 0.5000000000
6222  -36.951  -71.483  32.199 0.5000000000
8563  -36.590  -64.310  26.361 0.3000000119
96378  -36.255  -67.661  24.954 0.3000000119
7173  -36.403  -67.279  24.958 0.3000000119
7138  -35.676  -68.222  25.543 0.3000000119
7613  -36.358  -66.647  24.828 0.3000000119
7611  -35.904  -66.834  24.589 0.3000000119
7578  -34.960  -67.544  25.479 0.3000000119
95783  -34.047  -67.005  26.526 0.3000000119
8059  -33.568  -66.046  26.516 0.2000000030
9074  -32.549  -63.861  26.524 0.1000000015
5735  -38.533  -71.894  33.573 0.4000000060
98809  -34.205  -62.953  30.069 0.1000000015
8583  -36.181  -65.052  25.097 0.2000000030
8569  -35.480  -65.279  25.013 0.2000000030
9075  -33.510  -63.754  26.130 0.1000000015
6187  -35.122  -70.015  33.540 0.3000000119
6638  -37.084  -69.033  36.316 0.3000000119
96174  -38.012  -69.620  35.963 0.3000000119
88923  -35.699  -69.814  34.125 0.3000000119
5708  -39.748  -70.563  35.056 0.3000000119
6640  -39.985  -69.942  35.264 0.3000000119
5719  -39.690  -71.404  34.292 0.3000000119
7082  -37.085  -67.474  33.183 0.4000000060
7079  -38.378  -68.260  36.201 0.4000000060
6647  -39.592  -69.063  35.397 0.4000000060
10511  -35.974  -60.732  28.065 0.1000000015
6636  -35.145  -68.189  36.267 0.2000000030
6186  -34.009  -69.617  33.334 0.2000000030
6628  -37.918  -68.345  36.571 0.3000000119
8011  -34.103  -65.556  33.468 0.3000000119
8526  -31.887  -64.368  32.029 0.3000000119
6634  -32.992  -67.683  34.948 0.2000000030
8521  -30.933  -63.965  33.054 0.3000000119
10470  -31.565  -60.993  31.171 0.2000000030
10471  -32.220  -60.309  31.202 0.1000000015
10914  -34.699  -59.340  32.035 0.1000000015
11885  -33.944  -57.916  34.438 0.1000000015
10473  -35.867  -60.262  31.487 0.1000000015
87150  -34.957  -58.522  33.319 0.1000000015
12466  -34.401  -57.163  33.547 0.1000000015
10045  -41.304  -62.397  28.834 0.1000000015
7519  -32.065  -66.188  36.649 0.2000000030
8006  -33.839  -65.147  35.233 0.3000000119
8004  -34.377  -65.624  35.718 0.3000000119
9513  -29.475  -62.482  32.437 0.2000000030
88331  -30.182  -63.818  33.516 0.3000000119
10475  -37.341  -60.104  32.020 0.1000000015
10025  -41.619  -61.760  29.972 0.1000000015
10026  -42.822  -61.975  29.963 0.1000000015
10516  -42.390  -62.022  27.777 0.1000000015
97367  -30.771  -60.051  31.779 0.2000000030
7513  -30.104  -66.442  37.451 0.1000000015
9508  -28.412  -62.494  33.371 0.2000000030
9999  -28.155  -61.766  33.385 0.2000000030
10002  -28.568  -61.077  32.844 0.1000000015
9483  -27.118  -62.441  36.268 0.1000000015
3512  -35.687  -75.544  27.917 0.3000000119
3523  -35.352  -76.160  27.552 0.3000000119
3513  -36.433  -75.969  28.276 0.3000000119
2226  -31.159  -78.960  24.843 0.2000000030
2236  -29.787  -78.723  24.031 0.2000000030
3099  -35.087  -77.066  27.678 0.4000000060
2674  -33.792  -78.090  26.855 0.3000000119
2664  -34.357  -77.700  27.357 0.3000000119
2214  -32.789  -78.785  26.400 0.3000000119
92984  -34.629  -75.098  27.915 0.4000000060
86809  -34.345  -75.925  27.162 0.4000000060
2673  -33.371  -78.343  26.407 0.3000000119
88715  -31.985  -79.227  24.767 0.2000000030
3943  -34.000  -75.404  27.485 0.4000000060
2685  -33.604  -77.599  26.116 0.4000000060
3926  -33.562  -74.676  27.904 0.4000000060
4376  -33.103  -73.864  28.443 0.4000000060
3110  -33.389  -76.486  26.057 0.4000000060
94269  -33.211  -78.159  25.551 0.3000000119
2238  -31.924  -79.078  23.956 0.3000000119
85717  -33.206  -75.016  27.388 0.4000000060
3522  -33.696  -76.071  26.672 0.4000000060
3131  -33.227  -76.964  25.441 0.3000000119
2703  -32.750  -78.275  24.690 0.4000000060
3541  -32.976  -75.792  26.326 0.4000000060
3151  -32.387  -77.203  24.182 0.3000000119
4883  -32.224  -72.515  29.143 0.4000000060
3521  -33.068  -75.417  26.897 0.4000000060
3564  -32.816  -76.143  25.669 0.4000000060
4902  -32.325  -73.302  28.419 0.4000000060
3962  -32.432  -75.146  26.684 0.4000000060
3563  -32.096  -75.901  25.408 0.3000000119
3942  -32.490  -74.660  27.242 0.4000000060
93751  -31.949  -73.409  28.044 0.4000000060
4394  -31.872  -73.864  27.638 0.4000000060
3941  -31.655  -74.371  27.031 0.4000000060
3540  -32.328  -75.544  26.080 0.4000000060
3579  -31.822  -76.299  24.656 0.3000000119
4901  -31.667  -72.798  28.423 0.4000000060
87885  -31.797  -74.980  26.466 0.4000000060
3539  -31.482  -75.281  25.914 0.3000000119
3578  -30.964  -76.020  24.476 0.2000000030
4882  -31.299  -72.151  28.940 0.3000000119
4375  -31.404  -73.105  27.959 0.4000000060
4900  -30.982  -72.486  28.350 0.4000000060
4912  -30.647  -72.874  27.863 0.4000000060
3940  -30.780  -73.917  27.039 0.4000000060
3961  -30.849  -74.544  26.462 0.4000000060
3562  -31.164  -75.640  25.180 0.2000000030
3561  -30.091  -75.433  24.870 0.2000000030
3167  -29.910  -76.658  22.952 0.3000000119
5332  -30.899  -71.429  29.383 0.3000000119
3960  -29.758  -74.382  26.152 0.3000000119
3975  -30.478  -74.999  25.699 0.2000000030
3577  -30.265  -76.144  23.843 0.2000000030
3166  -28.905  -76.294  22.832 0.2000000030
5346  -30.541  -71.886  28.808 0.3000000119
86144  -30.248  -73.373  27.379 0.4000000060
3974  -29.521  -74.736  25.466 0.1000000015
6249  -30.159  -69.893  30.271 0.3000000119
5331  -30.124  -71.221  29.269 0.3000000119
4911  -29.734  -72.783  27.791 0.2000000030
4403  -29.954  -73.887  26.804 0.2000000030
88847  -29.257  -75.428  24.269 0.1000000015
4898  -29.221  -72.220  28.286 0.2000000030
4392  -29.282  -73.323  27.248 0.1000000015
3959  -29.010  -74.308  25.870 0.1000000015
100156  -28.592  -75.338  23.874 0.1000000015
5771  -29.727  -70.476  29.728 0.3000000119
5345  -29.703  -71.703  28.762 0.3000000119
6238  -29.779  -68.955  30.746 0.1000000015
5330  -29.241  -71.047  29.288 0.2000000030
4910  -28.744  -72.694  27.711 0.1000000015
4417  -28.292  -74.044  25.797 0.1000000015
3576  -28.430  -74.838  24.491 0.1000000015
3575  -27.915  -75.037  23.799 0.1000000015
6248  -29.283  -69.664  30.209 0.2000000030
5770  -28.789  -70.230  29.722 0.2000000030
5344  -28.724  -71.552  28.771 0.1000000015
4391  -28.299  -73.134  27.056 0.1000000015
4401  -27.874  -73.491  26.337 0.1000000015
3972  -27.919  -74.287  25.059 0.1000000015
3607  -26.999  -75.654  22.691 0.1000000015
5780  -28.243  -70.790  29.257 0.1000000015
4909  -27.770  -72.490  27.558 0.1000000015
4922  -27.392  -72.854  26.824 0.1000000015
3971  -27.124  -74.050  24.834 0.1000000015
86452  -26.848  -75.092  23.241 0.1000000015
3606  -26.230  -75.703  22.480 0.1000000015
5343  -27.689  -71.322  28.721 0.1000000015
4400  -27.035  -73.214  26.079 0.1000000015
3592  -26.138  -75.122  22.994 0.1000000015
4415  -26.712  -73.505  25.305 0.1000000015
7549  -31.488  -65.978  30.841 0.2000000030
7548  -30.708  -66.274  31.445 0.1000000015
6684  -29.317  -67.893  31.228 0.1000000015
6695  -28.808  -68.718  30.611 0.1000000015
5354  -27.231  -71.807  28.077 0.1000000015
4007  -27.171  -74.795  23.691 0.1000000015
4908  -26.867  -72.212  27.334 0.1000000015
3098  -34.460  -76.598  27.111 0.3000000119
2227  -32.445  -78.993  25.464 0.3000000119
3111  -33.924  -77.076  26.611 0.3000000119
2239  -32.280  -78.908  24.576 0.3000000119
97511  -33.636  -75.610  27.102 0.4000000060
3152  -32.934  -77.377  24.907 0.3000000119
3130  -32.611  -76.563  24.981 0.3000000119
3925  -32.603  -74.127  27.855 0.4000000060
4393  -31.128  -73.537  27.492 0.4000000060
3594  -29.192  -75.860  23.495 0.2000000030
5772  -30.528  -70.674  29.792 0.3000000119
4899  -30.170  -72.310  28.300 0.3000000119
3560  -29.170  -74.981  24.904 0.1000000015
4402  -28.885  -73.840  26.516 0.1000000015
3165  -27.976  -75.976  22.745 0.1000000015
3973  -28.709  -74.514  25.278 0.1000000015
3990  -27.545  -74.537  24.313 0.1000000015
3593  -27.515  -75.348  23.259 0.1000000015
7104  -29.968  -66.942  31.543 0.1000000015
4897  -28.215  -72.061  28.225 0.1000000015
4416  -27.486  -73.761  25.572 0.1000000015
3605  -25.486  -75.562  22.561 0.1000000015
6247  -28.327  -69.339  30.081 0.1000000015
3494  -35.412  -76.326  30.516 0.3000000119
3068  -34.843  -77.149  29.800 0.2000000030
84047  -36.059  -77.269  29.973 0.2000000030
3890  -36.360  -74.426  31.739 0.4000000060
3487  -36.540  -75.714  31.297 0.2000000030
3488  -37.688  -74.910  32.188 0.4000000060
3069  -36.817  -76.716  30.681 0.3000000119
3076  -34.317  -77.686  29.215 0.2000000030
3489  -38.906  -75.097  32.330 0.4000000060
91158  -36.932  -76.956  30.218 0.2000000030
3077  -35.416  -77.533  29.148 0.2000000030
3087  -32.819  -77.739  28.726 0.1000000015
3088  -33.817  -78.060  28.682 0.2000000030
3079  -37.556  -76.643  30.119 0.3000000119
3086  -31.720  -77.128  28.702 0.1000000015
2644  -34.628  -77.869  28.574 0.2000000030
3097  -31.542  -77.554  27.874 0.1000000015
2660  -31.275  -77.831  27.075 0.1000000015
2651  -32.518  -78.091  28.002 0.1000000015
2661  -32.269  -78.382  27.166 0.1000000015
3129  -29.067  -76.977  25.958 0.1000000015
3109  -30.328  -77.178  26.903 0.1000000015
2671  -30.956  -78.092  26.289 0.1000000015
91694  -28.680  -77.274  25.272 0.1000000015
2670  -29.984  -77.416  26.116 0.1000000015
3505  -38.313  -75.748  30.083 0.3000000119
92142  -36.031  -77.281  28.831 0.2000000030
2653  -34.152  -78.224  28.114 0.2000000030
2652  -33.447  -78.363  28.080 0.2000000030
2682  -29.603  -77.659  25.380 0.1000000015
2681  -27.827  -77.014  25.216 0.1000000015
3514  -37.574  -75.664  29.350 0.2000000030
3091  -37.791  -76.249  29.720 0.3000000119
2654  -34.783  -77.804  27.989 0.2000000030
2672  -31.949  -78.664  26.354 0.2000000030
2683  -30.569  -78.276  25.532 0.1000000015
2699  -27.489  -77.379  24.575 0.1000000015
3914  -37.790  -74.768  29.746 0.2000000030
2684  -31.604  -78.867  25.563 0.2000000030
2700  -28.287  -77.611  24.617 0.1000000015
2701  -29.193  -77.946  24.679 0.1000000015
2225  -30.171  -78.456  24.790 0.1000000015
2234  -27.876  -77.992  23.997 0.1000000015
3927  -36.727  -75.262  28.706 0.2000000030
97718  -30.746  -79.166  24.149 0.1000000015
2256  -28.382  -78.785  23.241 0.1000000015
101004  -31.070  -79.450  23.548 0.1000000015
1879  -30.429  -79.438  23.329 0.1000000015
1880  -31.485  -79.319  23.328 0.1000000015
2279  -27.046  -79.090  22.602 0.1000000015
2257  -29.449  -79.251  23.219 0.1000000015
1889  -30.163  -79.812  22.371 0.1000000015
2702  -32.268  -78.381  23.746 0.3000000119
1888  -29.158  -79.809  22.138 0.1000000015
3915  -38.726  -74.987  30.424 0.3000000119
3061  -37.792  -76.014  31.537 0.3000000119
3070  -37.775  -76.519  30.789 0.2000000030
3100  -35.888  -76.765  28.214 0.3000000119
2235  -28.791  -78.340  23.987 0.1000000015
2662  -33.210  -78.622  27.237 0.2000000030
3078  -36.445  -77.143  29.577 0.2000000030
3090  -36.869  -76.624  29.062 0.3000000119
2255  -27.302  -78.363  23.388 0.1000000015
1887  -27.967  -79.187  22.606 0.1000000015
2254  -26.300  -78.384  23.271 0.1000000015
2258  -31.771  -78.882  23.074 0.2000000030
1926  -30.405  -79.562  20.924 0.1000000015
1940  -29.628  -79.578  19.925 0.1000000015
2293  -29.957  -79.290  20.281 0.2000000030
1938  -28.963  -80.378  19.120 0.1000000015
96870  -31.458  -78.755  22.154 0.2000000030
2751  -30.464  -78.804  20.893 0.2000000030
2292  -29.383  -79.068  19.891 0.2000000030
2307  -28.928  -79.661  19.173 0.1000000015
2750  -29.861  -78.534  20.652 0.2000000030
2723  -31.841  -78.258  22.829 0.2000000030
2738  -30.961  -78.296  21.587 0.1000000015
85189  -29.112  -78.146  20.804 0.1000000015
3169  -31.851  -77.498  23.229 0.2000000030
2722  -31.428  -77.821  22.364 0.2000000030
2737  -30.232  -77.975  21.390 0.1000000015
2736  -29.308  -77.620  21.449 0.1000000015
3183  -29.587  -77.123  22.190 0.1000000015
3168  -31.042  -76.978  22.968 0.2000000030
3184  -30.617  -77.466  22.178 0.1000000015
3150  -31.456  -76.654  23.841 0.2000000030
2735  -28.369  -77.334  21.481 0.1000000015
1891  -31.377  -79.252  22.595 0.1000000015
1927  -30.710  -79.457  21.450 0.1000000015
3486  -35.306  -75.015  31.113 0.2000000030
3493  -34.011  -76.029  30.288 0.1000000015
84698  -33.191  -70.837  32.213 0.1000000015
7060  -32.171  -66.615  36.408 0.1000000015
6645  -32.365  -68.243  33.748 0.1000000015
88512  -31.297  -66.845  36.371 0.2000000030
6644  -31.331  -68.104  33.578 0.1000000015
7518  -31.441  -66.392  36.648 0.2000000030
7070  -32.563  -67.138  35.941 0.1000000015
6633  -31.870  -67.593  34.506 0.1000000015
5716  -33.577  -70.236  32.582 0.1000000015
7069  -31.398  -67.230  35.454 0.1000000015
3485  -34.321  -75.097  30.702 0.1000000015
7990  -29.102  -65.386  37.193 0.1000000015
7979  -29.611  -66.116  37.801 0.1000000015
7989  -28.293  -64.918  37.331 0.1000000015
7978  -28.775  -65.690  37.909 0.1000000015
7509  -29.116  -66.408  38.300 0.1000000015
7049  -29.617  -66.706  37.934 0.1000000015
92876  -27.918  -64.126  36.601 0.1000000015
7499  -28.691  -66.718  38.854 0.1000000015
7977  -28.005  -65.198  38.039 0.1000000015
7508  -28.392  -65.894  38.610 0.1000000015
8993  -27.463  -63.163  36.180 0.1000000015
96196  -27.751  -65.502  39.120 0.1000000015
101299  -27.877  -65.352  38.533 0.1000000015
85469  -27.589  -64.809  38.434 0.1000000015
8476  -27.545  -64.335  37.582 0.1000000015
8980  -27.360  -63.615  36.937 0.1000000015
10911  -30.435  -59.552  32.102 0.1000000015
11391  -30.842  -58.854  32.284 0.1000000015
8979  -27.058  -63.451  37.532 0.1000000015
10908  -28.812  -59.381  32.812 0.1000000015
88477  -31.216  -59.407  31.866 0.1000000015
11385  -29.389  -58.829  32.690 0.1000000015
11392  -31.896  -58.686  32.351 0.1000000015
7498  -28.209  -66.321  39.169 0.1000000015
8041  -32.040  -65.798  29.178 0.1000000015
8040  -31.418  -65.591  29.895 0.1000000015
8048  -32.337  -65.705  28.428 0.1000000015
3899  -31.570  -74.387  30.303 0.1000000015
3910  -31.147  -75.173  29.954 0.1000000015
3911  -31.998  -75.099  30.132 0.1000000015
3898  -30.691  -74.340  30.271 0.1000000015
3900  -32.513  -74.491  30.442 0.1000000015
4339  -30.298  -73.643  30.491 0.1000000015
86471  -31.139  -73.637  30.443 0.1000000015
4338  -29.088  -73.971  30.572 0.1000000015
85595  -29.571  -73.653  30.582 0.1000000015
87165  -28.984  -73.235  30.798 0.1000000015
4867  -29.887  -72.975  30.688 0.1000000015
83987  -27.712  -74.493  34.982 0.1000000015
96616  -27.667  -73.375  34.815 0.1000000015
5272  -25.537  -72.146  34.753 0.1000000015
86971  -24.646  -72.519  34.501 0.1000000015
4813  -25.198  -72.192  33.779 0.1000000015
99780  -24.934  -72.341  32.808 0.1000000015
3901  -33.381  -74.909  30.511 0.1000000015
86669  -23.927  -72.731  33.012 0.1000000015
4866  -28.213  -73.218  30.933 0.1000000015
99279  -32.740  -76.471  29.683 0.1000000015
4816  -24.120  -72.481  32.000 0.1000000015
4834  -25.656  -72.497  31.315 0.1000000015
4865  -26.255  -72.885  30.745 0.1000000015
4336  -27.688  -73.560  30.642 0.1000000015
87287  -33.232  -77.342  29.281 0.1000000015
4815  -23.405  -72.883  32.397 0.1000000015
4864  -25.140  -72.559  30.377 0.1000000015
4836  -27.521  -72.716  31.280 0.1000000015
4799  -26.300  -72.487  35.459 0.1000000015
4808  -26.110  -72.130  35.053 0.1000000015
4340  -31.948  -73.658  30.559 0.1000000015
3887  -32.802  -73.624  30.789 0.1000000015
98508  -33.084  -74.263  30.642 0.1000000015
99289  -25.856  -71.817  33.927 0.1000000015
3492  -32.852  -75.639  30.121 0.1000000015
4835  -26.606  -72.547  31.429 0.1000000015
4838  -29.342  -72.332  31.062 0.1000000015
5308  -26.903  -71.970  31.954 0.1000000015
4837  -28.413  -72.493  31.205 0.1000000015
4299  -28.773  -73.864  34.444 0.1000000015
4800  -27.112  -72.474  34.843 0.1000000015
84423  -29.156  -72.698  34.389 0.1000000015
98421  -29.618  -74.197  34.398 0.1000000015
5269  -26.791  -71.939  34.686 0.1000000015
98602  -31.491  -73.073  30.683 0.1000000015
3888  -33.666  -74.126  30.877 0.1000000015
4323  -30.770  -72.943  30.651 0.1000000015
5273  -26.421  -71.674  34.238 0.1000000015
5286  -25.838  -71.979  33.184 0.1000000015
4817  -25.972  -72.217  32.238 0.1000000015
5309  -27.744  -71.674  31.661 0.1000000015
4300  -30.087  -73.205  34.422 0.1000000015
4324  -32.151  -72.955  30.903 0.1000000015
4801  -28.206  -72.311  34.511 0.1000000015
4301  -31.063  -72.813  34.873 0.1000000015
4839  -30.328  -72.246  31.025 0.1000000015
4840  -31.411  -72.348  31.084 0.1000000015
5310  -28.686  -71.526  31.452 0.1000000015
5287  -26.566  -71.516  32.783 0.1000000015
88542  -34.502  -74.350  31.077 0.1000000015
5713  -27.048  -70.707  33.054 0.1000000015
5277  -26.490  -71.435  33.489 0.1000000015
5311  -29.698  -71.474  31.372 0.1000000015
5312  -30.741  -71.471  31.399 0.1000000015
4809  -27.870  -71.511  34.447 0.1000000015
5289  -27.991  -70.683  31.932 0.1000000015
5290  -28.972  -70.647  31.764 0.1000000015
5288  -27.236  -70.973  32.349 0.1000000015
98821  -27.157  -71.266  34.197 0.1000000015
5278  -27.086  -70.898  33.687 0.1000000015
5292  -31.017  -70.677  31.810 0.1000000015
5270  -29.287  -71.630  34.599 0.1000000015
5729  -27.626  -70.252  32.689 0.1000000015
5730  -28.351  -70.041  32.405 0.1000000015
5291  -29.990  -70.654  31.723 0.1000000015
5731  -29.273  -69.955  32.256 0.1000000015
5733  -31.217  -69.926  32.257 0.1000000015
4283  -31.452  -72.921  36.454 0.1000000015
4292  -31.516  -73.166  35.339 0.1000000015
4795  -31.277  -72.323  35.523 0.1000000015
86089  -25.097  -72.359  31.911 0.1000000015
86523  -27.016  -73.128  30.969 0.1000000015
4284  -31.811  -73.737  35.924 0.1000000015
1602  -20.263  -80.487  16.571 0.1000000015
1601  -19.543  -80.358  16.707 0.1000000015
2000  -20.104  -78.233  11.716 0.1000000015
1631  -19.630  -79.519  12.037 0.1000000015
1632  -20.352  -79.428  12.313 0.1000000015
1624  -20.481  -80.351  13.334 0.1000000015
1612  -18.959  -80.386  15.227 0.1000000015
2383  -19.395  -77.574  11.598 0.1000000015
2370  -18.756  -77.402  12.415 0.1000000015
89146  -17.885  -77.670  13.667 0.1000000015
1589  -20.620  -80.598  17.417 0.1000000015
88831  -20.128  -80.447  18.241 0.1000000015
88059  -20.714  -80.620  15.627 0.1000000015
93135  -19.809  -80.454  14.524 0.1000000015
1613  -19.787  -80.435  15.709 0.1000000015
1588  -19.805  -80.376  17.407 0.1000000015
101179  -20.448  -78.385  12.256 0.1000000015
1623  -19.420  -80.433  13.615 0.1000000015
2384  -20.138  -77.946  12.217 0.1000000015
2371  -19.471  -77.717  12.711 0.1000000015
91673  -18.618  -77.659  13.634 0.1000000015
2359  -18.023  -77.689  14.881 0.1000000015
2274  -22.217  -78.864  22.715 0.1000000015
1918  -21.485  -79.780  21.515 0.1000000015
1899  -22.590  -79.419  22.173 0.1000000015
91870  -20.884  -80.704  18.225 0.1000000015
1577  -20.635  -80.580  19.008 0.1000000015
1548  -21.001  -80.404  20.324 0.1000000015
1936  -21.254  -80.199  20.899 0.1000000015
1937  -22.143  -80.319  21.063 0.1000000015
1590  -21.519  -80.988  17.540 0.1000000015
1562  -20.281  -80.287  19.890 0.1000000015
1603  -21.330  -80.861  16.310 0.1000000015
1614  -20.783  -80.585  14.423 0.1000000015
2275  -23.111  -78.933  22.740 0.1000000015
85750  -22.147  -79.759  21.684 0.1000000015
2251  -23.567  -78.379  23.321 0.1000000015
1563  -21.256  -80.672  19.671 0.1000000015
1549  -21.742  -80.632  20.335 0.1000000015
1578  -21.672  -80.997  18.690 0.1000000015
1625  -21.354  -80.218  13.271 0.1000000015
1634  -21.585  -79.425  12.925 0.1000000015
2001  -21.002  -78.831  12.504 0.1000000015
2385  -20.738  -78.310  12.677 0.1000000015
2372  -20.179  -77.885  13.413 0.1000000015
91192  -21.662  -80.832  14.877 0.1000000015
1898  -21.764  -79.340  22.154 0.1000000015
85744  -22.365  -81.303  16.566 0.1000000015
2273  -21.283  -78.664  22.672 0.1000000015
97082  -23.219  -81.431  15.703 0.1000000015
1295  -24.329  -81.331  15.387 0.1000000015
1296  -25.399  -81.074  15.617 0.1000000015
1564  -22.206  -81.021  19.576 0.1000000015
1579  -22.863  -81.334  18.656 0.1000000015
1591  -22.543  -81.346  17.675 0.1000000015
1288  -23.447  -81.575  16.564 0.1000000015
1565  -23.248  -81.215  19.469 0.1000000015
1550  -22.644  -80.805  20.275 0.1000000015
1580  -24.118  -81.550  18.449 0.1000000015
1304  -24.914  -80.809  15.081 0.1000000015
1282  -23.746  -81.617  17.562 0.1000000015
1633  -20.976  -79.786  12.748 0.1000000015
1890  -30.941  -79.645  22.689 0.1000000015
1907  -31.072  -79.426  21.933 0.1000000015
1939  -29.308  -79.867  19.618 0.1000000015
2237  -31.492  -79.260  24.113 0.2000000030
2294  -30.927  -79.078  21.366 0.1000000015
2386  -21.427  -78.679  12.938 0.1000000015
2663  -33.815  -78.335  27.555 0.2000000030
3062  -38.634  -75.848  31.490 0.3000000119
3067  -33.614  -76.733  29.769 0.1000000015
3071  -38.563  -76.165  30.963 0.2000000030
3080  -38.276  -76.154  30.338 0.3000000119
3089  -35.337  -77.482  28.384 0.2000000030
3613  -19.516  -75.150  21.321 0.1000000015
3878  -35.241  -73.041  31.707 0.4000000060
3880  -37.605  -73.650  32.603 0.5000000000
3989  -26.779  -74.322  24.145 0.2000000030
4342  -39.218  -73.142  32.521 0.5000000000
4823  -37.416  -72.612  32.863 0.5000000000
4844  -36.125  -72.066  32.378 0.5000000000
4868  -35.923  -71.386  31.746 0.5000000000
5325  -35.550  -71.466  31.589 0.5000000000
5404  -25.061  -71.352  20.331 0.1000000015
5709  -40.322  -70.917  34.710 0.4000000060
5720  -40.411  -71.287  34.156 0.4000000060
5721  -40.955  -70.758  33.611 0.4000000060
6220  -34.967  -70.705  31.653 0.6000000238
6226  -41.446  -69.884  31.515 0.5000000000
6685  -30.427  -67.989  31.398 0.3000000119
6761  -28.647  -68.203  23.919 0.1000000015
7612  -36.229  -66.886  24.703 0.3000000119
8680  -30.876  -64.467  17.521 0.1000000015
10027  -43.074  -61.548  29.645 0.1000000015
10044  -40.073  -62.194  28.011 0.1000000015
10055  -42.854  -62.102  28.233 0.1000000015
10507  -42.983  -61.203  28.906 0.1000000015
11038  -29.490  -59.398  19.429 0.1000000015
12564  -29.756  -56.460  22.377 0.1000000015
84548  -41.952  -61.028  27.808 0.1000000015
85369  -34.568  -71.696  32.021 0.5000000000
85872  -30.945  -64.035  18.868 0.1000000015
87810  -25.008  -70.084  26.848 0.1000000015
91736  -24.316  -76.671  21.768 0.1000000015
92950  -37.506  -72.007  32.312 0.5000000000
93006  -33.691  -68.374  31.151 0.5000000000
93682  -38.995  -75.534  30.902 0.5000000000
96967  -34.855  -75.666  27.495 0.4000000060
97191  -28.322  -75.611  23.330 0.1000000015
99196  -19.037  -75.260  20.876 0.1000000015
