#!ascii label  , from subject sub-v1s5x0050722_ses-1 vox2ras=TkReg
1172
83368  -41.762  26.310  48.403 0.0000000000
89360  -37.627  37.718  39.739 0.0000000000
111704  -39.321  32.327  54.478 0.0000000000
87126  -48.889  35.148  46.468 0.0000000000
88880  -43.026  36.333  35.545 0.0000000000
88787  -44.219  36.795  43.002 0.0000000000
87728  -45.983  34.769  39.837 0.0000000000
86177  -43.284  31.684  44.854 0.0000000000
79044  -47.317  18.836  56.085 0.0000000000
82248  -41.916  24.824  52.992 0.0000000000
92337  -35.757  43.588  41.368 0.0000000000
91871  -42.684  42.584  38.353 0.0000000000
90422  -42.763  38.661  31.253 0.0000000000
85107  -46.052  29.119  57.817 0.0000000000
87120  -38.283  33.395  46.663 0.0000000000
86122  -44.688  32.435  50.012 0.0000000000
84621  -49.325  27.919  49.286 0.0000000000
84683  -48.693  28.721  41.917 0.0000000000
84038  -41.645  27.568  42.493 0.0000000000
101294  -43.044  26.446  46.515 0.0000000000
102987  -46.417  34.125  34.225 0.0000000000
114981  -46.570  35.356  36.888 0.0000000000
87752  -45.565  33.930  36.593 0.0000000000
87726  -42.846  34.448  39.669 0.0000000000
80467  -44.828  22.480  54.067 0.0000000000
81120  -41.592  22.951  53.778 0.0000000000
92327  -33.604  43.933  44.276 0.0000000000
90904  -45.476  40.727  34.314 0.0000000000
85104  -42.633  27.964  57.972 0.0000000000
115062  -42.459  33.705  58.150 0.0000000000
89322  -35.315  37.432  42.608 0.0000000000
88236  -38.365  35.998  43.846 0.0000000000
88216  -46.964  36.948  45.806 0.0000000000
87125  -43.702  34.006  46.559 0.0000000000
87105  -47.017  34.123  48.902 0.0000000000
104849  -47.066  31.523  50.772 0.0000000000
86135  -49.581  31.772  46.773 0.0000000000
84664  -50.384  28.688  43.614 0.0000000000
85659  -48.410  31.107  45.091 0.0000000000
85219  -42.559  29.513  44.623 0.0000000000
89381  -40.337  37.379  37.275 0.0000000000
88817  -40.931  36.912  41.492 0.0000000000
101005  -43.404  36.652  39.813 0.0000000000
88822  -46.439  36.761  41.431 0.0000000000
88242  -46.697  36.030  43.298 0.0000000000
86652  -45.618  32.594  45.278 0.0000000000
117753  -44.105  33.801  42.847 0.0000000000
87180  -41.918  33.439  42.234 0.0000000000
80482  -47.570  21.877  53.493 0.0000000000
81141  -43.712  22.819  52.155 0.0000000000
82792  -40.397  25.583  50.579 0.0000000000
110463  -36.388  41.039  46.064 0.0000000000
90840  -33.513  40.518  43.781 0.0000000000
90855  -35.613  40.014  39.851 0.0000000000
90881  -39.000  40.833  36.999 0.0000000000
90387  -41.129  39.354  34.846 0.0000000000
89411  -43.048  37.489  33.006 0.0000000000
88357  -43.628  34.323  29.538 0.0000000000
89453  -42.228  37.330  28.525 0.0000000000
82755  -40.264  25.386  56.500 0.0000000000
84579  -41.767  28.041  54.134 0.0000000000
84597  -43.110  29.066  51.333 0.0000000000
86116  -38.685  31.370  49.797 0.0000000000
87656  -41.156  35.004  44.792 0.0000000000
86617  -41.929  32.106  48.230 0.0000000000
86080  -42.418  31.325  52.700 0.0000000000
121118  -45.380  31.486  54.568 0.0000000000
117287  -47.220  29.347  52.575 0.0000000000
84619  -45.420  27.948  49.061 0.0000000000
117078  -46.739  27.024  45.183 0.0000000000
83455  -48.812  26.871  40.259 0.0000000000
84090  -46.603  27.670  37.786 0.0000000000
85222  -45.202  29.479  44.819 0.0000000000
116411  -44.459  28.221  42.668 0.0000000000
101935  -43.204  27.783  39.128 0.0000000000
82794  -40.187  24.801  49.319 0.0000000000
82801  -40.831  25.256  47.913 0.0000000000
106340  -42.417  26.436  47.981 0.0000000000
87780  -45.549  33.036  33.125 0.0000000000
116326  -46.330  33.436  34.982 0.0000000000
87760  -44.653  33.576  35.001 0.0000000000
103509  -42.603  34.404  37.117 0.0000000000
86567  -39.815  33.647  56.566 0.0000000000
89335  -36.384  37.500  41.567 0.0000000000
88208  -48.129  36.520  46.350 0.0000000000
87632  -46.826  35.864  47.119 0.0000000000
87115  -48.730  34.635  47.627 0.0000000000
86630  -48.571  33.488  47.942 0.0000000000
105954  -49.658  32.837  46.483 0.0000000000
86163  -50.061  31.837  45.213 0.0000000000
86654  -49.186  33.111  45.731 0.0000000000
88861  -41.739  36.850  36.674 0.0000000000
102186  -41.940  36.836  38.833 0.0000000000
88863  -43.687  36.440  37.308 0.0000000000
87745  -47.187  35.108  37.970 0.0000000000
88844  -46.586  36.341  39.714 0.0000000000
88272  -46.742  36.305  40.614 0.0000000000
88243  -46.804  36.957  43.069 0.0000000000
88262  -46.736  35.975  41.482 0.0000000000
87685  -45.841  35.118  42.739 0.0000000000
104850  -45.026  34.540  41.323 0.0000000000
100599  -42.883  34.172  40.928 0.0000000000
81691  -43.502  23.661  53.158 0.0000000000
81137  -44.727  23.042  53.133 0.0000000000
81704  -42.719  23.782  52.404 0.0000000000
81702  -40.902  24.245  51.380 0.0000000000
113165  -40.859  24.903  51.721 0.0000000000
92332  -33.632  43.608  42.819 0.0000000000
91843  -33.542  42.022  43.727 0.0000000000
91848  -33.774  42.093  42.303 0.0000000000
90847  -34.107  40.371  41.561 0.0000000000
91853  -35.736  42.141  40.765 0.0000000000
106104  -42.038  43.100  40.018 0.0000000000
91365  -39.280  42.060  38.603 0.0000000000
91376  -40.493  41.828  37.486 0.0000000000
90901  -39.887  39.909  35.874 0.0000000000
91391  -42.164  41.573  36.431 0.0000000000
90925  -44.957  39.951  33.141 0.0000000000
90399  -43.623  38.888  33.274 0.0000000000
89901  -43.850  38.365  32.200 0.0000000000
88901  -44.798  35.793  31.418 0.0000000000
89427  -43.481  37.097  30.634 0.0000000000
88922  -42.916  35.398  28.890 0.0000000000
110666  -42.804  37.291  29.616 0.0000000000
109070  -37.718  25.546  55.565 0.0000000000
82219  -37.353  24.466  55.294 0.0000000000
82760  -38.725  24.868  56.249 0.0000000000
82222  -39.910  24.505  55.194 0.0000000000
83325  -39.987  25.801  57.155 0.0000000000
85105  -44.498  28.779  58.234 0.0000000000
84565  -42.626  27.334  57.484 0.0000000000
113895  -43.516  29.117  54.945 0.0000000000
84588  -42.596  28.943  52.823 0.0000000000
107815  -44.122  29.460  53.451 0.0000000000
87103  -37.067  32.882  48.087 0.0000000000
86607  -37.217  32.217  49.405 0.0000000000
86615  -38.843  31.934  48.357 0.0000000000
88800  -42.121  36.564  42.471 0.0000000000
88239  -41.029  36.037  43.647 0.0000000000
88226  -42.467  35.706  44.220 0.0000000000
108501  -44.350  32.903  48.605 0.0000000000
112019  -43.027  32.948  47.382 0.0000000000
86131  -42.656  31.916  48.924 0.0000000000
103067  -42.025  31.320  50.254 0.0000000000
119584  -43.454  31.495  51.701 0.0000000000
86057  -43.833  31.516  54.156 0.0000000000
111053  -45.265  31.832  52.152 0.0000000000
85625  -48.810  28.991  50.099 0.0000000000
111832  -48.571  29.213  51.849 0.0000000000
84605  -48.317  28.479  50.787 0.0000000000
84604  -46.656  28.696  50.491 0.0000000000
84620  -47.905  27.884  49.281 0.0000000000
101502  -46.520  27.502  47.362 0.0000000000
83988  -48.209  27.573  46.475 0.0000000000
84674  -49.745  28.908  42.269 0.0000000000
117577  -49.669  27.461  41.907 0.0000000000
84077  -49.398  28.116  39.654 0.0000000000
83465  -48.287  27.448  38.494 0.0000000000
84058  -47.831  28.231  39.055 0.0000000000
86670  -44.037  32.120  44.877 0.0000000000
113840  -45.056  31.213  45.437 0.0000000000
85656  -44.473  30.548  45.349 0.0000000000
84668  -42.457  28.486  43.987 0.0000000000
84669  -43.319  28.538  43.831 0.0000000000
84039  -42.618  27.770  42.509 0.0000000000
84055  -43.465  27.794  41.562 0.0000000000
84054  -42.471  27.619  41.494 0.0000000000
84070  -41.387  27.558  40.476 0.0000000000
80495  -42.665  21.712  50.263 0.0000000000
83409  -43.904  26.247  44.788 0.0000000000
88325  -44.653  35.323  34.156 0.0000000000
88873  -44.993  35.855  36.614 0.0000000000
88319  -46.674  34.573  35.446 0.0000000000
87753  -46.784  34.269  36.426 0.0000000000
87734  -46.217  34.505  38.257 0.0000000000
101722  -44.532  34.475  40.036 0.0000000000
115058  -44.547  34.378  38.373 0.0000000000
79753  -46.688  20.894  55.260 0.0000000000
118495  -44.714  20.972  54.400 0.0000000000
81690  -42.896  23.914  53.350 0.0000000000
92809  -35.400  44.498  41.600 0.0000000000
91884  -44.451  42.590  36.901 0.0000000000
90924  -43.621  40.364  32.843 0.0000000000
90953  -42.394  40.148  31.236 0.0000000000
84563  -40.707  27.064  57.428 0.0000000000
86014  -42.626  31.769  57.575 0.0000000000
85562  -44.527  30.698  57.979 0.0000000000
87652  -37.965  34.909  45.173 0.0000000000
88776  -45.707  37.180  44.186 0.0000000000
116526  -43.495  35.118  45.366 0.0000000000
87644  -44.995  35.698  45.705 0.0000000000
87112  -45.368  34.202  47.728 0.0000000000
86620  -46.232  33.477  49.360 0.0000000000
86111  -45.950  32.336  51.126 0.0000000000
103650  -46.978  32.210  49.918 0.0000000000
86124  -47.549  30.782  49.097 0.0000000000
85185  -49.486  28.829  47.710 0.0000000000
84641  -49.836  28.310  46.568 0.0000000000
85198  -50.241  29.625  45.922 0.0000000000
85225  -50.083  30.181  43.884 0.0000000000
85224  -49.065  29.910  43.856 0.0000000000
86158  -43.097  30.964  45.103 0.0000000000
86075  -38.010  32.389  53.423 0.0000000000
89371  -38.648  37.670  38.679 0.0000000000
89339  -39.680  37.237  40.834 0.0000000000
120224  -40.639  37.127  39.792 0.0000000000
88831  -41.817  36.813  40.278 0.0000000000
101006  -43.833  36.714  41.146 0.0000000000
88853  -45.408  36.371  38.374 0.0000000000
88833  -44.915  36.777  40.857 0.0000000000
103226  -45.370  37.162  42.556 0.0000000000
88788  -46.442  37.392  43.712 0.0000000000
88778  -47.135  37.170  44.670 0.0000000000
87646  -48.039  36.109  45.618 0.0000000000
86653  -47.494  33.795  45.699 0.0000000000
87658  -45.956  34.401  44.291 0.0000000000
87151  -45.014  33.456  44.304 0.0000000000
87165  -43.657  33.272  43.457 0.0000000000
101836  -43.994  34.299  40.885 0.0000000000
87181  -42.836  33.587  42.317 0.0000000000
80468  -46.634  22.142  54.170 0.0000000000
80480  -45.258  22.554  52.755 0.0000000000
80487  -44.021  22.063  51.427 0.0000000000
81146  -42.328  22.349  50.870 0.0000000000
81706  -40.252  23.868  50.365 0.0000000000
102945  -40.571  26.057  49.904 0.0000000000
90303  -36.171  39.966  46.649 0.0000000000
90837  -34.441  40.693  45.160 0.0000000000
90314  -33.992  39.931  45.011 0.0000000000
89822  -33.681  39.016  42.684 0.0000000000
89828  -34.988  38.410  41.346 0.0000000000
89851  -36.459  38.641  39.564 0.0000000000
91855  -37.585  42.662  40.404 0.0000000000
91359  -37.563  41.578  39.168 0.0000000000
114078  -37.351  40.328  38.344 0.0000000000
89866  -37.896  38.758  37.912 0.0000000000
89874  -38.928  38.781  36.838 0.0000000000
89396  -40.066  37.926  36.105 0.0000000000
89398  -41.334  37.207  35.493 0.0000000000
117940  -43.608  39.884  34.334 0.0000000000
89890  -42.096  38.462  33.847 0.0000000000
88885  -42.488  36.750  33.984 0.0000000000
88332  -45.128  34.983  33.258 0.0000000000
87787  -46.003  33.192  31.476 0.0000000000
87792  -42.161  33.902  30.156 0.0000000000
117616  -41.432  35.972  29.169 0.0000000000
111309  -42.437  39.547  28.716 0.0000000000
81688  -41.085  24.128  54.043 0.0000000000
82772  -40.866  25.341  54.203 0.0000000000
83915  -41.481  26.544  57.392 0.0000000000
83927  -41.120  26.570  54.764 0.0000000000
83354  -40.933  26.598  52.721 0.0000000000
116880  -40.967  27.433  52.222 0.0000000000
83959  -41.358  27.803  50.740 0.0000000000
83965  -42.357  27.673  49.597 0.0000000000
106771  -38.940  31.401  52.482 0.0000000000
88798  -39.615  36.677  42.773 0.0000000000
88223  -39.836  35.547  44.297 0.0000000000
87133  -39.578  33.821  45.962 0.0000000000
87642  -42.592  34.607  45.482 0.0000000000
87122  -40.929  33.333  46.455 0.0000000000
86625  -39.921  32.312  47.607 0.0000000000
114861  -40.022  31.463  49.047 0.0000000000
101932  -40.437  31.074  51.287 0.0000000000
86054  -40.208  31.989  54.338 0.0000000000
86039  -42.317  32.312  55.648 0.0000000000
101517  -44.081  32.617  57.294 0.0000000000
86018  -46.331  30.465  56.727 0.0000000000
113479  -47.224  31.254  52.347 0.0000000000
86044  -46.992  30.569  54.165 0.0000000000
85130  -46.444  29.735  55.260 0.0000000000
85167  -45.107  29.425  51.649 0.0000000000
101575  -43.967  28.653  50.075 0.0000000000
83970  -43.256  27.181  48.615 0.0000000000
83974  -44.456  27.082  47.587 0.0000000000
119773  -44.794  26.699  45.676 0.0000000000
83411  -45.654  26.439  44.384 0.0000000000
84015  -49.173  27.460  44.598 0.0000000000
104128  -47.295  26.318  42.781 0.0000000000
82852  -46.550  25.674  41.559 0.0000000000
82869  -46.528  25.700  39.613 0.0000000000
82878  -46.874  26.825  37.819 0.0000000000
86161  -47.676  32.314  45.663 0.0000000000
85658  -46.732  30.644  45.387 0.0000000000
113814  -46.552  28.943  43.886 0.0000000000
85221  -44.277  29.511  44.824 0.0000000000
113896  -45.126  28.685  43.686 0.0000000000
112405  -46.444  28.456  42.435 0.0000000000
120510  -45.114  27.981  40.911 0.0000000000
101827  -44.323  27.782  39.057 0.0000000000
115207  -40.549  25.552  49.212 0.0000000000
82797  -40.456  25.043  48.546 0.0000000000
82798  -40.993  25.726  48.484 0.0000000000
82802  -41.432  25.709  47.753 0.0000000000
87779  -43.680  33.330  32.874 0.0000000000
87770  -44.200  33.482  33.990 0.0000000000
87759  -42.820  33.972  34.770 0.0000000000
86554  -39.536  32.807  56.625 0.0000000000
86037  -39.254  33.276  55.757 0.0000000000
89351  -37.407  37.551  40.572 0.0000000000
89336  -37.208  37.373  41.368 0.0000000000
89337  -38.026  37.299  41.259 0.0000000000
87647  -48.529  35.849  46.293 0.0000000000
88202  -48.417  36.127  46.859 0.0000000000
87626  -48.991  35.240  47.070 0.0000000000
86631  -49.349  33.750  47.066 0.0000000000
87116  -49.192  34.521  46.729 0.0000000000
86640  -49.379  33.497  46.250 0.0000000000
86639  -48.864  34.189  46.075 0.0000000000
88872  -42.420  36.577  36.330 0.0000000000
88862  -42.521  36.618  37.062 0.0000000000
103738  -43.489  36.329  36.425 0.0000000000
87729  -46.898  35.190  39.148 0.0000000000
88282  -47.043  35.904  39.667 0.0000000000
112686  -46.808  35.521  39.964 0.0000000000
88271  -46.919  36.051  40.599 0.0000000000
87716  -46.259  35.279  40.803 0.0000000000
87702  -45.944  35.257  41.849 0.0000000000
79045  -48.013  19.329  55.999 0.0000000000
81700  -43.047  24.110  53.064 0.0000000000
81699  -42.443  24.397  52.820 0.0000000000
82253  -41.558  24.642  52.311 0.0000000000
82252  -41.189  25.311  52.515 0.0000000000
92336  -34.885  43.638  41.656 0.0000000000
91846  -33.815  42.982  42.428 0.0000000000
117363  -34.438  42.751  41.780 0.0000000000
117269  -34.992  42.220  41.266 0.0000000000
92355  -43.633  43.910  39.476 0.0000000000
91863  -42.498  43.872  40.690 0.0000000000
91870  -41.533  42.478  38.686 0.0000000000
91882  -41.669  42.043  37.409 0.0000000000
91390  -40.840  41.398  36.595 0.0000000000
91883  -43.073  42.305  37.272 0.0000000000
90937  -44.093  39.689  32.732 0.0000000000
106950  -43.975  38.880  32.632 0.0000000000
89911  -43.573  38.250  31.845 0.0000000000
110955  -43.847  37.712  31.732 0.0000000000
89923  -42.887  37.893  30.664 0.0000000000
83332  -37.848  26.330  55.011 0.0000000000
83333  -38.421  25.845  56.079 0.0000000000
121825  -38.402  25.225  56.185 0.0000000000
82754  -39.288  25.411  56.655 0.0000000000
85106  -45.365  28.793  58.188 0.0000000000
118996  -44.153  28.262  57.476 0.0000000000
103677  -44.193  29.004  56.020 0.0000000000
104032  -44.229  29.402  54.665 0.0000000000
85129  -45.265  29.451  55.787 0.0000000000
87119  -37.428  33.638  46.791 0.0000000000
87109  -37.776  32.970  47.389 0.0000000000
86622  -37.724  32.491  48.034 0.0000000000
86623  -38.403  32.393  47.804 0.0000000000
88786  -43.058  36.570  42.695 0.0000000000
121579  -42.291  36.372  43.053 0.0000000000
88241  -43.058  36.275  43.530 0.0000000000
86608  -44.496  32.680  49.249 0.0000000000
86618  -43.606  32.470  48.704 0.0000000000
86121  -43.669  32.117  49.489 0.0000000000
86108  -42.915  31.494  50.462 0.0000000000
103343  -44.300  31.812  51.039 0.0000000000
107241  -44.226  31.671  51.711 0.0000000000
104382  -45.157  32.044  51.441 0.0000000000
85181  -49.331  28.110  49.577 0.0000000000
84606  -48.934  28.524  50.288 0.0000000000
84615  -49.120  27.912  49.721 0.0000000000
84614  -48.346  28.090  50.054 0.0000000000
106072  -48.797  27.740  49.132 0.0000000000
120283  -47.524  27.758  48.362 0.0000000000
84628  -49.090  27.806  48.509 0.0000000000
84684  -49.643  28.485  41.264 0.0000000000
84693  -49.018  28.491  40.447 0.0000000000
84701  -48.948  28.243  39.267 0.0000000000
84692  -48.028  28.409  40.220 0.0000000000
86159  -44.021  31.271  45.255 0.0000000000
84027  -41.947  27.977  43.456 0.0000000000
84028  -42.881  28.124  43.262 0.0000000000
84053  -41.601  27.487  41.391 0.0000000000
84052  -40.924  27.388  42.065 0.0000000000
80494  -41.768  21.877  50.004 0.0000000000
83381  -42.702  26.168  45.814 0.0000000000
83395  -43.433  26.385  45.573 0.0000000000
101663  -46.037  34.852  34.866 0.0000000000
88326  -47.052  34.033  34.979 0.0000000000
87761  -45.673  33.567  35.676 0.0000000000
114852  -46.714  33.751  35.837 0.0000000000
87743  -46.035  34.268  37.388 0.0000000000
87742  -44.631  34.229  37.491 0.0000000000
79067  -44.359  20.073  54.316 0.0000000000
81122  -43.348  23.281  53.643 0.0000000000
120572  -42.339  23.596  53.697 0.0000000000
93269  -34.812  45.313  41.890 0.0000000000
113602  -43.587  40.923  33.276 0.0000000000
91443  -42.068  41.092  32.483 0.0000000000
91442  -41.502  41.662  33.022 0.0000000000
86013  -41.425  33.030  57.856 0.0000000000
85573  -41.816  31.299  57.020 0.0000000000
109443  -43.433  32.199  58.076 0.0000000000
86542  -43.178  33.230  58.186 0.0000000000
89318  -34.500  37.358  43.912 0.0000000000
88221  -38.116  35.396  44.608 0.0000000000
88769  -46.076  37.078  44.822 0.0000000000
88215  -45.982  36.608  45.448 0.0000000000
87624  -47.385  35.499  47.761 0.0000000000
87623  -46.337  35.057  47.646 0.0000000000
87113  -46.685  34.674  48.309 0.0000000000
87104  -45.907  33.878  48.667 0.0000000000
86610  -46.338  32.957  49.971 0.0000000000
86621  -46.952  33.333  49.295 0.0000000000
111583  -49.129  32.747  47.382 0.0000000000
118575  -48.391  32.588  48.048 0.0000000000
86134  -48.337  31.410  48.028 0.0000000000
85628  -48.497  29.612  48.717 0.0000000000
85631  -48.983  30.052  47.624 0.0000000000
85632  -49.831  30.295  46.547 0.0000000000
85660  -49.876  31.466  44.751 0.0000000000
85661  -50.185  31.264  44.835 0.0000000000
85211  -50.096  30.927  44.426 0.0000000000
85210  -49.487  30.763  44.379 0.0000000000
89372  -39.464  37.475  38.419 0.0000000000
89362  -39.312  37.398  39.329 0.0000000000
89373  -40.269  37.301  38.109 0.0000000000
101172  -43.002  36.643  38.964 0.0000000000
88842  -42.326  36.730  39.671 0.0000000000
88832  -42.796  36.681  40.573 0.0000000000
121678  -43.871  36.678  40.504 0.0000000000
88864  -45.205  36.138  37.467 0.0000000000
88865  -46.533  35.673  37.768 0.0000000000
88835  -46.476  36.511  40.603 0.0000000000
88834  -45.818  36.674  40.338 0.0000000000
88821  -45.775  36.982  41.216 0.0000000000
88820  -44.996  36.941  41.700 0.0000000000
88803  -46.129  37.184  42.076 0.0000000000
105087  -46.263  37.319  42.945 0.0000000000
88229  -47.124  36.932  44.013 0.0000000000
87659  -47.399  36.635  44.855 0.0000000000
88228  -46.803  35.685  44.153 0.0000000000
87645  -47.027  35.174  44.890 0.0000000000
87684  -44.984  34.224  43.103 0.0000000000
87670  -45.194  34.033  43.768 0.0000000000
87166  -44.427  33.577  43.627 0.0000000000
107277  -43.842  34.450  39.414 0.0000000000
87714  -43.375  34.364  40.230 0.0000000000
87190  -42.391  33.852  41.594 0.0000000000
79752  -45.437  21.597  54.510 0.0000000000
80452  -46.365  21.799  54.635 0.0000000000
80451  -45.684  22.264  54.215 0.0000000000
81142  -44.486  22.695  52.439 0.0000000000
80488  -44.902  22.002  51.679 0.0000000000
80486  -43.183  22.180  51.174 0.0000000000
82254  -40.425  24.804  50.901 0.0000000000
81707  -41.070  23.380  50.990 0.0000000000
100873  -40.150  24.724  50.078 0.0000000000
90829  -38.172  40.956  46.708 0.0000000000
90817  -38.913  40.589  47.241 0.0000000000
90828  -37.482  40.674  46.661 0.0000000000
90815  -37.156  40.111  47.031 0.0000000000
90827  -36.735  40.550  46.471 0.0000000000
92323  -34.688  43.954  45.400 0.0000000000
92328  -34.025  43.403  44.878 0.0000000000
91340  -33.654  41.304  44.126 0.0000000000
91341  -34.107  41.419  44.744 0.0000000000
90836  -33.847  40.627  44.547 0.0000000000
90313  -33.597  39.845  44.232 0.0000000000
119585  -33.543  39.149  43.937 0.0000000000
90317  -33.481  39.607  43.330 0.0000000000
90851  -35.074  40.016  40.407 0.0000000000
90329  -34.767  39.310  40.906 0.0000000000
90330  -35.430  39.376  40.203 0.0000000000
89850  -35.831  38.827  39.996 0.0000000000
90340  -35.986  39.370  39.640 0.0000000000
91859  -37.134  41.978  39.928 0.0000000000
91860  -38.029  42.328  39.846 0.0000000000
91374  -38.616  41.215  37.741 0.0000000000
91364  -38.181  41.471  38.482 0.0000000000
90867  -37.887  40.678  37.972 0.0000000000
90363  -37.549  39.269  38.081 0.0000000000
90364  -38.057  39.335  37.573 0.0000000000
89867  -38.492  38.577  37.486 0.0000000000
90370  -38.603  39.409  37.030 0.0000000000
90379  -40.299  39.343  35.470 0.0000000000
90378  -39.713  39.205  35.922 0.0000000000
89881  -40.587  38.652  35.204 0.0000000000
89397  -40.673  37.588  35.824 0.0000000000
89403  -40.909  37.875  35.058 0.0000000000
91393  -45.231  41.840  35.774 0.0000000000
91405  -45.054  41.092  35.227 0.0000000000
90903  -44.432  40.403  34.681 0.0000000000
89900  -43.145  38.289  33.119 0.0000000000
89410  -42.089  37.703  33.800 0.0000000000
88893  -43.446  36.536  32.966 0.0000000000
88324  -43.600  35.958  33.622 0.0000000000
107997  -44.143  35.761  32.874 0.0000000000
88912  -44.750  34.822  30.377 0.0000000000
88347  -45.462  34.708  31.323 0.0000000000
87802  -44.865  33.600  30.280 0.0000000000
87219  -45.300  32.688  31.464 0.0000000000
87793  -44.049  33.342  30.043 0.0000000000
87801  -43.037  33.895  29.438 0.0000000000
89441  -42.433  36.472  28.692 0.0000000000
88921  -42.325  35.516  28.759 0.0000000000
103629  -41.970  36.573  28.558 0.0000000000
90954  -42.416  39.615  30.067 0.0000000000
81687  -39.184  23.388  54.151 0.0000000000
116583  -40.326  24.147  54.458 0.0000000000
82762  -40.295  25.011  55.404 0.0000000000
82233  -40.837  24.703  54.252 0.0000000000
120169  -40.598  25.511  55.281 0.0000000000
84553  -41.306  27.558  57.432 0.0000000000
83908  -41.559  26.794  57.671 0.0000000000
84554  -42.085  27.117  58.074 0.0000000000
84573  -42.349  28.025  55.473 0.0000000000
84572  -41.704  27.215  55.777 0.0000000000
83928  -41.379  27.255  54.459 0.0000000000
83945  -41.074  27.049  53.479 0.0000000000
83946  -41.342  27.813  53.135 0.0000000000
85153  -43.345  29.268  52.403 0.0000000000
84596  -41.791  28.464  51.786 0.0000000000
84601  -42.553  28.617  50.713 0.0000000000
83960  -42.060  28.116  50.286 0.0000000000
84602  -43.322  28.816  50.568 0.0000000000
86115  -37.820  31.690  49.811 0.0000000000
102397  -38.587  31.308  51.480 0.0000000000
115760  -39.930  37.103  41.508 0.0000000000
88816  -39.363  37.027  42.103 0.0000000000
88799  -40.259  36.843  42.233 0.0000000000
88224  -40.666  35.558  44.250 0.0000000000
88238  -40.180  36.029  43.719 0.0000000000
87655  -40.321  34.970  44.807 0.0000000000
87654  -39.491  34.964  44.873 0.0000000000
87641  -40.800  34.430  45.356 0.0000000000
87630  -43.479  34.539  45.910 0.0000000000
86627  -42.133  32.616  47.508 0.0000000000
86638  -42.364  33.163  46.852 0.0000000000
86637  -41.498  32.883  46.966 0.0000000000
86636  -40.538  32.664  47.146 0.0000000000
114231  -40.503  32.110  47.918 0.0000000000
114287  -39.735  31.865  48.287 0.0000000000
86129  -40.830  31.506  49.012 0.0000000000
86095  -41.596  31.187  51.237 0.0000000000
86107  -40.956  31.137  50.408 0.0000000000
119814  -41.763  31.227  52.155 0.0000000000
107242  -40.833  31.134  52.195 0.0000000000
86079  -41.241  31.328  53.219 0.0000000000
86055  -41.157  31.854  54.432 0.0000000000
107246  -42.114  31.431  53.754 0.0000000000
101934  -44.558  31.545  54.875 0.0000000000
86040  -43.529  31.894  55.559 0.0000000000
101221  -44.529  31.750  55.964 0.0000000000
86028  -45.178  31.650  56.684 0.0000000000
86029  -46.137  31.067  56.081 0.0000000000
86112  -47.002  31.614  51.487 0.0000000000
86098  -46.139  32.026  51.866 0.0000000000
85170  -48.320  29.231  52.385 0.0000000000
85600  -47.873  30.037  53.328 0.0000000000
85142  -47.679  29.797  53.198 0.0000000000
85131  -46.982  29.913  55.043 0.0000000000
112392  -46.772  29.573  53.153 0.0000000000
107739  -45.456  29.575  53.271 0.0000000000
85168  -46.661  29.289  51.851 0.0000000000
84613  -45.874  28.457  49.730 0.0000000000
84603  -45.128  28.855  50.232 0.0000000000
84612  -44.666  28.287  49.546 0.0000000000
118411  -43.765  28.123  49.509 0.0000000000
83971  -44.176  27.621  48.900 0.0000000000
83973  -43.939  27.097  48.114 0.0000000000
101629  -45.060  27.473  48.240 0.0000000000
83987  -46.942  27.424  46.551 0.0000000000
83986  -45.698  27.124  46.538 0.0000000000
83397  -45.899  26.774  45.133 0.0000000000
83412  -46.629  26.743  44.482 0.0000000000
84649  -50.006  28.045  45.625 0.0000000000
84002  -49.657  27.734  45.265 0.0000000000
84016  -50.168  27.917  44.345 0.0000000000
83445  -49.236  27.144  41.190 0.0000000000
84029  -48.622  26.925  42.590 0.0000000000
83444  -48.095  26.475  41.676 0.0000000000
83443  -47.092  25.975  42.022 0.0000000000
106137  -47.615  26.127  40.925 0.0000000000
82861  -47.090  25.833  40.268 0.0000000000
83454  -48.208  26.668  39.504 0.0000000000
84075  -47.581  27.504  38.154 0.0000000000
82879  -47.519  27.188  38.073 0.0000000000
84091  -46.877  27.328  37.635 0.0000000000
116199  -46.235  27.396  37.292 0.0000000000
107431  -46.469  33.336  45.416 0.0000000000
101916  -46.587  32.582  45.596 0.0000000000
85657  -45.491  30.536  45.408 0.0000000000
85209  -45.920  29.943  45.224 0.0000000000
85223  -46.274  29.429  44.626 0.0000000000
85206  -43.028  30.168  44.934 0.0000000000
85220  -43.410  29.531  44.729 0.0000000000
84680  -43.701  28.204  43.041 0.0000000000
84670  -44.315  28.549  43.562 0.0000000000
84681  -45.356  28.374  42.713 0.0000000000
84691  -46.548  28.280  41.198 0.0000000000
84041  -45.078  28.074  41.661 0.0000000000
84072  -43.291  27.719  40.393 0.0000000000
106861  -44.298  27.810  40.310 0.0000000000
114300  -44.392  27.953  37.376 0.0000000000
81711  -40.014  23.218  49.497 0.0000000000
81710  -39.887  23.439  48.738 0.0000000000
82263  -40.367  24.527  47.751 0.0000000000
104911  -46.026  33.529  33.477 0.0000000000
87772  -46.827  33.744  34.879 0.0000000000
87771  -45.989  33.313  34.271 0.0000000000
121614  -44.237  33.759  35.687 0.0000000000
87751  -43.826  34.005  36.345 0.0000000000
102596  -43.127  34.052  35.628 0.0000000000
86012  -39.429  33.565  57.405 0.0000000000
112773  -40.694  33.736  57.351 0.0000000000
89334  -35.521  37.719  41.820 0.0000000000
89323  -36.133  37.233  42.302 0.0000000000
100481  -38.165  36.543  43.122 0.0000000000
88207  -47.444  36.607  46.407 0.0000000000
87633  -47.897  36.281  47.080 0.0000000000
87625  -48.378  35.594  47.421 0.0000000000
87114  -47.807  34.882  48.280 0.0000000000
87106  -47.832  34.022  48.592 0.0000000000
86144  -50.153  31.780  45.774 0.0000000000
119739  -49.967  32.344  46.123 0.0000000000
86655  -49.812  32.536  45.779 0.0000000000
86162  -49.311  32.144  45.309 0.0000000000
89382  -41.058  37.165  36.991 0.0000000000
89374  -41.001  37.153  37.763 0.0000000000
88850  -41.720  36.903  37.464 0.0000000000
88851  -42.569  36.675  38.029 0.0000000000
88292  -47.046  35.392  38.034 0.0000000000
88293  -47.026  35.546  38.452 0.0000000000
88845  -46.876  36.215  39.947 0.0000000000
88804  -46.549  37.033  42.380 0.0000000000
88263  -46.636  36.540  41.412 0.0000000000
88253  -46.618  36.145  42.374 0.0000000000
87671  -45.930  34.844  43.543 0.0000000000
103946  -44.780  34.343  42.204 0.0000000000
87713  -42.370  34.353  40.261 0.0000000000
80469  -48.170  21.577  54.401 0.0000000000
117877  -43.895  23.309  53.452 0.0000000000
81123  -44.466  23.061  53.554 0.0000000000
81136  -44.120  23.382  52.999 0.0000000000
81135  -43.447  23.623  52.758 0.0000000000
81140  -42.932  22.973  51.814 0.0000000000
81703  -41.840  23.969  51.909 0.0000000000
109324  -40.617  25.479  51.487 0.0000000000
91828  -36.887  42.285  46.301 0.0000000000
92330  -33.486  43.658  43.533 0.0000000000
107608  -33.595  42.885  44.189 0.0000000000
91845  -33.477  42.750  43.149 0.0000000000
111868  -33.444  41.880  43.027 0.0000000000
91345  -33.585  41.218  42.588 0.0000000000
90846  -33.699  40.447  42.156 0.0000000000
91347  -33.947  41.157  41.870 0.0000000000
91352  -35.018  40.773  40.672 0.0000000000
91353  -35.605  41.263  40.416 0.0000000000
116026  -41.680  43.404  40.564 0.0000000000
110077  -39.649  42.640  39.800 0.0000000000
91862  -40.720  42.700  39.533 0.0000000000
91869  -40.222  42.151  38.310 0.0000000000
91375  -39.504  41.590  37.582 0.0000000000
90892  -39.455  40.388  36.438 0.0000000000
91389  -39.821  41.173  36.767 0.0000000000
90893  -40.288  40.643  36.103 0.0000000000
91403  -41.434  40.867  35.800 0.0000000000
90913  -45.252  40.213  33.697 0.0000000000
90912  -45.131  39.936  33.898 0.0000000000
90400  -44.600  39.601  32.930 0.0000000000
111172  -44.204  39.099  32.695 0.0000000000
89418  -44.145  37.538  32.135 0.0000000000
88900  -44.441  36.477  32.052 0.0000000000
89419  -44.279  36.924  31.552 0.0000000000
89428  -44.091  36.122  30.490 0.0000000000
88923  -43.675  35.386  29.612 0.0000000000
89442  -43.086  36.374  29.268 0.0000000000
89936  -42.490  37.998  28.949 0.0000000000
83926  -37.615  27.273  54.009 0.0000000000
82771  -37.075  26.156  54.445 0.0000000000
108135  -37.066  25.195  55.206 0.0000000000
116656  -37.215  24.778  55.348 0.0000000000
82221  -39.077  24.442  55.706 0.0000000000
82761  -39.651  24.973  56.382 0.0000000000
83326  -40.434  25.775  57.092 0.0000000000
84546  -43.575  27.827  58.096 0.0000000000
84555  -42.664  27.370  58.092 0.0000000000
84566  -43.493  27.622  57.966 0.0000000000
85118  -43.220  28.467  56.149 0.0000000000
85139  -42.934  28.915  54.516 0.0000000000
84580  -42.380  28.684  53.769 0.0000000000
85152  -43.077  29.184  53.429 0.0000000000
86612  -36.657  32.876  48.984 0.0000000000
86126  -37.752  31.961  49.067 0.0000000000
86127  -38.383  31.697  49.071 0.0000000000
88818  -41.946  36.730  41.804 0.0000000000
116846  -41.202  36.673  42.342 0.0000000000
88785  -41.491  36.386  43.018 0.0000000000
88240  -41.943  36.037  43.605 0.0000000000
88225  -41.524  35.584  44.228 0.0000000000
87111  -44.020  33.505  47.324 0.0000000000
87110  -43.135  33.441  46.835 0.0000000000
86628  -43.752  32.887  48.001 0.0000000000
100751  -42.828  32.462  48.101 0.0000000000
86130  -41.655  31.655  48.909 0.0000000000
86120  -42.861  31.614  49.791 0.0000000000
101898  -42.508  31.356  50.936 0.0000000000
86096  -42.663  31.358  51.710 0.0000000000
107245  -43.143  31.428  53.371 0.0000000000
86081  -43.519  31.475  52.358 0.0000000000
107244  -44.201  31.532  53.152 0.0000000000
107738  -45.341  31.652  53.012 0.0000000000
85624  -47.613  30.417  50.239 0.0000000000
85620  -47.970  30.271  51.299 0.0000000000
85621  -48.807  28.981  51.130 0.0000000000
85175  -48.582  28.894  51.647 0.0000000000
85169  -48.119  28.903  52.290 0.0000000000
85174  -47.701  28.737  51.418 0.0000000000
102980  -46.758  28.166  49.418 0.0000000000
83972  -46.386  27.854  48.681 0.0000000000
83975  -46.094  27.578  47.986 0.0000000000
84000  -47.370  27.309  45.714 0.0000000000
84675  -50.223  28.641  42.646 0.0000000000
84031  -50.265  28.038  43.194 0.0000000000
84043  -50.170  28.034  42.017 0.0000000000
84042  -49.825  27.797  40.981 0.0000000000
83456  -49.479  27.661  40.053 0.0000000000
83466  -49.090  27.697  39.122 0.0000000000
84076  -49.229  28.044  39.167 0.0000000000
109398  -48.705  27.873  38.783 0.0000000000
86671  -44.847  32.714  44.844 0.0000000000
119488  -45.596  31.868  45.433 0.0000000000
86651  -44.814  31.907  45.244 0.0000000000
85208  -44.841  29.956  45.243 0.0000000000
84658  -42.071  28.948  44.387 0.0000000000
84659  -42.915  28.989  44.390 0.0000000000
84040  -43.323  27.952  42.538 0.0000000000
109137  -44.043  28.000  42.153 0.0000000000
84071  -42.310  27.615  40.398 0.0000000000
101936  -42.127  27.758  39.321 0.0000000000
107247  -40.916  27.422  41.285 0.0000000000
80509  -44.022  21.287  49.696 0.0000000000
109229  -44.203  35.661  34.938 0.0000000000
88318  -44.917  35.561  35.664 0.0000000000
88311  -46.364  35.196  36.116 0.0000000000
87773  -47.144  33.790  34.995 0.0000000000
87763  -47.076  33.921  35.133 0.0000000000
109042  -46.937  34.622  36.846 0.0000000000
87744  -46.990  34.735  37.427 0.0000000000
87735  -47.029  34.887  38.323 0.0000000000
115009  -46.384  34.684  38.933 0.0000000000
87727  -45.197  34.476  39.148 0.0000000000
87733  -42.952  34.522  38.871 0.0000000000
87741  -43.866  34.209  37.115 0.0000000000
108592  -43.112  34.468  37.893 0.0000000000
79053  -46.579  19.743  55.603 0.0000000000
79052  -45.485  20.188  54.954 0.0000000000
103277  -44.410  21.822  54.172 0.0000000000
121070  -44.068  20.962  54.121 0.0000000000
111454  -43.555  21.498  53.917 0.0000000000
80466  -43.907  22.676  53.922 0.0000000000
82235  -42.493  24.348  53.152 0.0000000000
92802  -33.486  44.491  43.645 0.0000000000
92805  -33.853  44.323  42.609 0.0000000000
92808  -34.487  44.430  42.043 0.0000000000
91419  -45.591  41.156  34.180 0.0000000000
91432  -44.976  40.567  33.436 0.0000000000
90407  -42.752  39.441  31.796 0.0000000000
90936  -42.615  40.210  32.163 0.0000000000
109719  -42.218  40.925  31.573 0.0000000000
85574  -42.742  29.716  57.430 0.0000000000
85561  -43.617  30.207  57.739 0.0000000000
85098  -45.808  29.226  58.102 0.0000000000
87637  -37.513  34.577  45.686 0.0000000000
87132  -38.724  33.866  46.049 0.0000000000
88775  -44.384  36.611  43.843 0.0000000000
88227  -43.438  35.992  44.273 0.0000000000
88214  -44.530  36.096  44.908 0.0000000000
87643  -44.135  35.208  45.645 0.0000000000
104305  -44.573  34.879  46.282 0.0000000000
88206  -46.062  35.992  46.275 0.0000000000
87631  -45.564  34.987  47.002 0.0000000000
115859  -44.587  34.227  46.942 0.0000000000
86629  -44.742  33.415  48.217 0.0000000000
86619  -45.218  33.231  49.001 0.0000000000
86609  -45.513  32.963  49.726 0.0000000000
86123  -45.742  32.663  50.417 0.0000000000
100954  -46.432  32.366  50.635 0.0000000000
86132  -47.621  32.587  48.748 0.0000000000
116969  -49.271  28.684  48.521 0.0000000000
84622  -49.438  27.983  48.739 0.0000000000
84629  -49.537  28.125  47.749 0.0000000000
85197  -49.774  28.896  46.933 0.0000000000
84642  -50.252  28.753  45.609 0.0000000000
85212  -50.458  29.674  44.926 0.0000000000
85644  -50.292  30.962  45.508 0.0000000000
118568  -50.413  30.514  45.059 0.0000000000
85226  -50.349  29.639  44.001 0.0000000000
85229  -50.123  29.356  43.171 0.0000000000
85228  -49.885  29.449  43.093 0.0000000000
84673  -48.544  29.100  43.129 0.0000000000
86176  -42.498  31.435  44.715 0.0000000000
85672  -42.320  30.668  44.823 0.0000000000
103503  -42.210  30.011  44.753 0.0000000000
85218  -41.707  29.492  44.578 0.0000000000
118098  -41.731  28.473  44.100 0.0000000000
84667  -41.120  28.152  43.947 0.0000000000
102891  -41.169  27.743  43.360 0.0000000000
89361  -38.440  37.549  39.530 0.0000000000
89352  -38.256  37.430  40.429 0.0000000000
89354  -40.039  37.213  40.100 0.0000000000
88830  -40.974  37.014  40.459 0.0000000000
89364  -41.056  37.099  38.582 0.0000000000
110660  -41.276  36.996  39.531 0.0000000000
101201  -41.856  36.796  41.026 0.0000000000
88801  -42.908  36.705  42.044 0.0000000000
88802  -44.050  36.784  42.247 0.0000000000
88852  -43.940  36.549  38.206 0.0000000000
102374  -44.257  36.621  39.114 0.0000000000
88843  -45.611  36.547  39.356 0.0000000000
100980  -44.620  36.689  40.012 0.0000000000
116567  -45.533  37.232  43.365 0.0000000000
88777  -46.718  37.327  44.414 0.0000000000
118357  -46.591  37.215  43.320 0.0000000000
88789  -46.884  37.251  43.935 0.0000000000
88217  -47.454  36.844  45.564 0.0000000000
87138  -48.406  35.098  45.906 0.0000000000
87137  -47.260  34.495  45.399 0.0000000000
86672  -45.968  33.637  44.962 0.0000000000
87150  -44.046  32.854  44.240 0.0000000000
111819  -43.433  32.307  44.491 0.0000000000
87715  -45.134  34.582  40.591 0.0000000000
87701  -44.090  34.192  41.601 0.0000000000
87700  -43.292  34.029  41.579 0.0000000000
87683  -43.708  33.905  42.178 0.0000000000
80453  -47.497  21.500  54.979 0.0000000000
81124  -45.341  22.658  53.646 0.0000000000
80481  -46.217  22.270  53.160 0.0000000000
80497  -44.453  21.577  50.647 0.0000000000
80496  -43.547  21.614  50.460 0.0000000000
81145  -41.407  22.574  50.521 0.0000000000
81139  -42.071  23.157  51.406 0.0000000000
81144  -40.518  22.871  50.116 0.0000000000
83365  -41.076  26.270  49.180 0.0000000000
91333  -36.205  41.795  46.025 0.0000000000
91840  -34.228  42.349  44.922 0.0000000000
91338  -34.832  41.490  45.327 0.0000000000
91332  -35.688  41.196  45.753 0.0000000000
90826  -35.770  40.483  46.097 0.0000000000
90309  -34.709  39.981  45.765 0.0000000000
90301  -34.525  38.979  46.142 0.0000000000
117803  -33.857  38.386  44.895 0.0000000000
89810  -33.703  38.486  44.125 0.0000000000
89823  -34.049  38.358  42.749 0.0000000000
90324  -33.882  39.805  41.821 0.0000000000
90321  -34.120  38.982  41.851 0.0000000000
89333  -34.670  38.030  42.179 0.0000000000
89349  -35.791  37.980  41.018 0.0000000000
89839  -36.125  38.254  40.285 0.0000000000
89852  -37.173  38.223  39.245 0.0000000000
91850  -36.197  42.948  40.968 0.0000000000
91854  -36.675  42.407  40.494 0.0000000000
91354  -36.321  41.639  40.162 0.0000000000
91358  -36.732  41.256  39.501 0.0000000000
91865  -38.564  42.139  39.282 0.0000000000
91362  -37.029  40.804  38.867 0.0000000000
110355  -36.535  40.564  39.246 0.0000000000
90354  -37.059  39.289  38.571 0.0000000000
89858  -36.892  38.777  38.942 0.0000000000
89370  -37.867  37.898  38.927 0.0000000000
89860  -38.175  38.174  38.202 0.0000000000
89379  -38.857  37.846  37.869 0.0000000000
89380  -39.597  37.597  37.570 0.0000000000
90371  -39.226  39.498  36.416 0.0000000000
89875  -39.498  38.499  36.396 0.0000000000
89388  -39.779  37.745  36.787 0.0000000000
89390  -41.173  37.173  36.247 0.0000000000
88879  -42.075  36.696  35.031 0.0000000000
91392  -43.886  41.671  36.234 0.0000000000
91404  -43.063  40.997  35.544 0.0000000000
105106  -42.375  40.373  34.995 0.0000000000
90389  -44.019  39.434  33.628 0.0000000000
90388  -42.186  39.120  34.076 0.0000000000
89889  -41.284  38.625  34.558 0.0000000000
113720  -41.463  38.014  34.360 0.0000000000
88886  -43.168  36.214  34.545 0.0000000000
88333  -46.107  33.924  32.812 0.0000000000
88894  -45.258  35.022  32.164 0.0000000000
88340  -46.059  33.871  31.807 0.0000000000
87781  -46.175  33.187  32.246 0.0000000000
87216  -45.883  32.780  31.827 0.0000000000
87215  -45.075  32.732  32.016 0.0000000000
88356  -42.832  34.681  28.983 0.0000000000
88355  -42.285  34.523  29.255 0.0000000000
90435  -42.464  38.688  29.474 0.0000000000
90443  -42.295  38.876  28.590 0.0000000000
111600  -40.864  23.293  53.878 0.0000000000
110517  -40.155  23.589  54.167 0.0000000000
81689  -42.018  24.065  53.672 0.0000000000
82234  -41.701  24.656  53.450 0.0000000000
82247  -41.403  25.191  53.386 0.0000000000
83914  -40.808  26.281  57.272 0.0000000000
83327  -41.009  26.059  57.147 0.0000000000
84564  -42.109  26.893  57.163 0.0000000000
83921  -41.268  26.499  56.042 0.0000000000
83334  -40.780  25.895  56.049 0.0000000000
83340  -40.922  26.166  54.195 0.0000000000
82784  -41.113  25.788  53.150 0.0000000000
113065  -40.792  26.044  52.076 0.0000000000
83356  -40.695  26.705  51.656 0.0000000000
110658  -40.532  26.089  51.271 0.0000000000
116859  -41.372  28.105  52.233 0.0000000000
83953  -41.266  27.977  51.508 0.0000000000
83361  -40.631  26.577  50.716 0.0000000000
120019  -41.006  27.248  50.510 0.0000000000
83964  -41.546  27.503  50.009 0.0000000000
83366  -41.841  26.950  49.238 0.0000000000
103365  -38.324  31.685  52.527 0.0000000000
86077  -39.246  31.767  53.496 0.0000000000
89338  -38.991  37.256  41.235 0.0000000000
88782  -39.020  36.437  43.253 0.0000000000
88784  -40.494  36.470  43.023 0.0000000000
88783  -39.733  36.350  43.311 0.0000000000
88237  -39.360  36.016  43.795 0.0000000000
88222  -38.982  35.519  44.395 0.0000000000
87639  -39.128  34.409  45.472 0.0000000000
103976  -39.159  33.280  46.553 0.0000000000
88213  -43.058  35.377  44.834 0.0000000000
87657  -42.045  35.096  44.813 0.0000000000
104211  -41.633  34.499  45.365 0.0000000000
87124  -42.692  33.864  46.250 0.0000000000
87136  -41.984  34.044  45.847 0.0000000000
87135  -41.263  33.923  45.867 0.0000000000
87134  -40.437  33.845  45.909 0.0000000000
87121  -40.041  33.260  46.513 0.0000000000
86635  -39.602  32.720  47.077 0.0000000000
86624  -39.213  32.304  47.684 0.0000000000
86128  -39.196  31.521  49.035 0.0000000000
86117  -39.544  31.246  49.765 0.0000000000
86119  -41.323  31.346  49.614 0.0000000000
86118  -40.432  31.244  49.715 0.0000000000
86106  -39.967  31.101  50.495 0.0000000000
107243  -39.823  31.191  52.310 0.0000000000
86078  -40.120  31.453  53.279 0.0000000000
101309  -40.172  32.658  55.373 0.0000000000
86038  -40.984  32.905  55.921 0.0000000000
86027  -41.744  33.458  56.943 0.0000000000
86056  -42.783  31.613  54.451 0.0000000000
100570  -42.829  33.202  57.087 0.0000000000
86547  -43.013  33.456  58.116 0.0000000000
86015  -43.920  32.766  58.129 0.0000000000
86008  -45.385  31.037  57.667 0.0000000000
85564  -46.100  29.949  57.494 0.0000000000
86083  -46.244  31.733  52.605 0.0000000000
86059  -45.967  31.492  53.932 0.0000000000
85608  -48.105  30.037  52.868 0.0000000000
86060  -46.805  31.174  53.725 0.0000000000
105310  -46.567  31.102  54.361 0.0000000000
86043  -46.645  30.604  55.148 0.0000000000
85122  -46.650  29.886  56.171 0.0000000000
85121  -46.137  29.489  56.819 0.0000000000
102773  -45.309  29.570  54.354 0.0000000000
85154  -44.557  29.469  52.442 0.0000000000
85166  -43.984  29.339  51.696 0.0000000000
85173  -45.844  29.228  50.977 0.0000000000
85172  -44.272  29.189  50.873 0.0000000000
83966  -43.189  27.682  49.245 0.0000000000
83369  -42.513  26.797  48.545 0.0000000000
83370  -43.081  26.725  47.981 0.0000000000
83374  -43.624  26.756  47.251 0.0000000000
83985  -45.291  27.232  47.336 0.0000000000
83375  -44.474  26.911  46.906 0.0000000000
83382  -43.802  26.631  46.293 0.0000000000
116240  -44.237  26.580  45.604 0.0000000000
83410  -44.775  26.153  44.245 0.0000000000
84640  -49.091  27.827  47.274 0.0000000000
84001  -48.603  27.479  45.519 0.0000000000
84013  -47.764  27.160  44.728 0.0000000000
84030  -49.727  27.506  42.876 0.0000000000
84014  -48.752  27.201  43.750 0.0000000000
83413  -47.549  26.752  43.702 0.0000000000
83428  -46.425  26.336  43.642 0.0000000000
83442  -46.188  25.854  42.712 0.0000000000
82851  -45.562  25.485  42.025 0.0000000000
82860  -46.013  25.395  40.899 0.0000000000
82868  -45.460  25.279  40.212 0.0000000000
82870  -47.551  26.482  38.925 0.0000000000
104894  -46.954  26.348  38.573 0.0000000000
109224  -47.874  33.223  45.795 0.0000000000
113476  -47.537  31.467  45.503 0.0000000000
86160  -46.281  31.425  45.548 0.0000000000
109386  -47.489  30.064  44.865 0.0000000000
84663  -47.455  29.317  44.111 0.0000000000
84672  -47.222  28.683  42.923 0.0000000000
85655  -43.687  30.577  45.210 0.0000000000
84660  -43.793  29.010  44.335 0.0000000000
84661  -44.673  29.016  44.300 0.0000000000
84662  -45.566  29.004  44.189 0.0000000000
84671  -45.969  28.644  43.373 0.0000000000
84682  -47.594  28.498  41.580 0.0000000000
84057  -46.018  28.070  40.332 0.0000000000
84074  -46.634  28.028  38.775 0.0000000000
84056  -44.470  27.913  41.190 0.0000000000
118647  -45.252  27.898  40.161 0.0000000000
84073  -45.428  27.841  38.987 0.0000000000
79054  -47.384  19.880  55.792 0.0000000000
81673  -39.537  23.992  54.732 0.0000000000
82257  -39.971  24.032  49.461 0.0000000000
82260  -40.066  24.248  48.636 0.0000000000
83362  -41.007  26.833  49.908 0.0000000000
83372  -42.016  26.132  47.662 0.0000000000
83383  -44.749  26.820  46.219 0.0000000000
83384  -45.363  26.836  45.755 0.0000000000
83396  -44.912  26.574  45.086 0.0000000000
83467  -49.428  27.973  39.479 0.0000000000
83472  -46.578  27.242  37.419 0.0000000000
83473  -47.085  27.310  37.763 0.0000000000
83909  -42.078  26.879  57.999 0.0000000000
83958  -40.876  27.330  51.209 0.0000000000
83969  -42.643  27.238  49.044 0.0000000000
83976  -47.910  27.661  47.458 0.0000000000
83989  -49.303  27.763  46.180 0.0000000000
83999  -46.287  27.087  45.815 0.0000000000
84059  -49.655  28.049  40.144 0.0000000000
84060  -49.901  28.261  41.030 0.0000000000
84587  -41.901  28.473  52.786 0.0000000000
84600  -41.811  28.365  51.023 0.0000000000
84611  -42.975  28.337  49.926 0.0000000000
84650  -50.397  28.627  44.737 0.0000000000
84685  -50.000  28.612  41.893 0.0000000000
84694  -49.591  28.233  40.405 0.0000000000
85096  -43.448  28.644  58.057 0.0000000000
85097  -45.317  29.289  58.212 0.0000000000
85108  -46.318  29.626  57.046 0.0000000000
85119  -44.447  28.190  58.139 0.0000000000
85120  -45.264  28.766  57.559 0.0000000000
85132  -47.207  29.924  53.913 0.0000000000
85140  -46.424  29.699  53.972 0.0000000000
85141  -47.254  29.729  53.516 0.0000000000
85155  -45.902  29.536  52.452 0.0000000000
85156  -47.871  29.368  52.837 0.0000000000
85157  -48.056  29.601  52.893 0.0000000000
85563  -45.419  30.230  57.947 0.0000000000
85575  -46.609  29.967  56.588 0.0000000000
85581  -46.898  30.044  55.683 0.0000000000
85589  -47.004  30.112  54.582 0.0000000000
85590  -47.434  30.058  53.720 0.0000000000
85618  -48.168  30.089  52.178 0.0000000000
85673  -50.250  30.528  44.411 0.0000000000
86005  -42.397  33.205  58.183 0.0000000000
86006  -44.000  32.424  58.193 0.0000000000
86007  -44.677  31.693  57.985 0.0000000000
86016  -44.841  31.946  57.631 0.0000000000
86017  -45.779  31.095  57.135 0.0000000000
86030  -46.583  30.353  56.076 0.0000000000
86041  -45.364  31.470  55.511 0.0000000000
86042  -46.100  31.268  54.917 0.0000000000
86058  -44.885  31.546  53.890 0.0000000000
86061  -47.305  30.488  53.586 0.0000000000
86082  -44.502  31.630  52.439 0.0000000000
86084  -47.267  31.029  53.135 0.0000000000
86097  -43.413  31.538  51.104 0.0000000000
86105  -39.050  31.160  50.564 0.0000000000
86109  -43.817  31.826  50.353 0.0000000000
86110  -44.934  32.257  50.759 0.0000000000
86145  -50.242  31.553  45.296 0.0000000000
86545  -40.343  33.445  57.487 0.0000000000
86546  -41.786  33.751  57.555 0.0000000000
86555  -39.580  33.226  57.242 0.0000000000
86556  -42.049  34.066  58.005 0.0000000000
86613  -37.375  32.371  48.651 0.0000000000
86614  -38.079  32.098  48.462 0.0000000000
86616  -41.104  31.879  48.364 0.0000000000
86626  -41.273  32.351  47.675 0.0000000000
86634  -38.742  32.796  47.153 0.0000000000
87123  -41.783  33.514  46.363 0.0000000000
87220  -45.445  32.780  31.138 0.0000000000
87222  -44.516  32.753  30.907 0.0000000000
87629  -37.887  34.012  46.181 0.0000000000
87634  -48.752  35.668  46.846 0.0000000000
87638  -38.313  34.447  45.585 0.0000000000
87640  -39.967  34.408  45.398 0.0000000000
87653  -38.671  34.950  45.003 0.0000000000
87736  -47.071  35.418  38.683 0.0000000000
87754  -46.840  34.432  36.241 0.0000000000
87762  -46.963  33.697  35.241 0.0000000000
87794  -44.959  32.924  30.494 0.0000000000
87795  -45.539  33.161  30.784 0.0000000000
88303  -47.091  34.936  37.345 0.0000000000
88348  -45.729  33.847  30.909 0.0000000000
88770  -46.897  37.191  45.119 0.0000000000
88805  -46.707  36.701  42.105 0.0000000000
88819  -42.801  36.701  41.401 0.0000000000
88854  -47.018  35.954  39.167 0.0000000000
88871  -41.868  36.760  35.891 0.0000000000
89321  -34.560  37.670  43.044 0.0000000000
89325  -37.965  36.915  42.454 0.0000000000
89350  -36.598  37.728  40.765 0.0000000000
89353  -39.115  37.362  40.252 0.0000000000
89359  -36.845  37.936  39.969 0.0000000000
89363  -40.285  37.234  39.111 0.0000000000
89389  -40.482  37.482  36.521 0.0000000000
89404  -41.599  37.337  34.639 0.0000000000
89454  -42.460  37.252  28.698 0.0000000000
89805  -33.715  39.152  44.610 0.0000000000
89816  -33.666  38.733  43.385 0.0000000000
89817  -33.962  37.979  43.573 0.0000000000
89838  -35.442  38.677  40.580 0.0000000000
89859  -37.485  38.599  38.517 0.0000000000
89868  -39.127  38.093  37.117 0.0000000000
89880  -40.017  38.594  35.747 0.0000000000
90320  -33.636  39.695  42.408 0.0000000000
90325  -34.257  39.697  41.401 0.0000000000
90353  -36.539  39.350  39.103 0.0000000000
90390  -45.120  39.801  33.324 0.0000000000
90834  -35.133  40.774  45.602 0.0000000000
90843  -33.456  40.451  42.914 0.0000000000
90850  -34.550  40.175  40.968 0.0000000000
90856  -36.197  40.015  39.344 0.0000000000
90866  -36.778  40.019  38.740 0.0000000000
90879  -37.671  39.922  37.844 0.0000000000
90880  -38.325  40.226  37.347 0.0000000000
90891  -38.840  40.097  36.756 0.0000000000
90902  -40.938  40.084  35.345 0.0000000000
90911  -42.158  39.741  34.507 0.0000000000
91334  -37.253  41.363  46.368 0.0000000000
91343  -33.488  41.236  43.372 0.0000000000
91348  -34.501  40.977  41.253 0.0000000000
91349  -35.049  41.550  40.968 0.0000000000
91357  -36.025  40.773  39.789 0.0000000000
91363  -37.551  40.979  38.506 0.0000000000
91394  -45.579  41.952  35.505 0.0000000000
91406  -45.684  41.614  34.911 0.0000000000
91839  -33.782  42.006  44.351 0.0000000000
91849  -35.346  42.860  41.307 0.0000000000
91872  -43.759  42.984  38.360 0.0000000000
92333  -34.167  43.630  42.222 0.0000000000
92343  -37.088  43.134  40.805 0.0000000000
92804  -33.546  44.211  43.077 0.0000000000
93264  -33.590  44.880  42.988 0.0000000000
93265  -34.079  45.112  42.473 0.0000000000
101418  -43.067  43.383  39.567 0.0000000000
101494  -42.454  28.880  52.036 0.0000000000
101851  -43.724  36.732  41.704 0.0000000000
101933  -39.446  31.108  51.408 0.0000000000
102479  -46.660  36.045  38.669 0.0000000000
104350  -35.456  40.567  40.217 0.0000000000
105311  -46.971  29.829  54.308 0.0000000000
105844  -34.744  42.946  45.389 0.0000000000
107619  -34.067  39.130  45.396 0.0000000000
110837  -37.280  39.767  38.298 0.0000000000
111497  -34.421  41.793  41.564 0.0000000000
112972  -46.321  31.522  53.241 0.0000000000
113066  -35.447  41.786  45.664 0.0000000000
113109  -47.003  33.886  35.648 0.0000000000
113546  -49.787  27.604  43.773 0.0000000000
113580  -47.176  28.378  50.056 0.0000000000
116687  -42.096  31.521  49.473 0.0000000000
116903  -41.882  27.966  57.611 0.0000000000
117048  -41.635  36.953  38.150 0.0000000000
117837  -38.898  42.619  40.016 0.0000000000
117942  -39.292  32.999  56.914 0.0000000000
117954  -40.389  38.075  35.584 0.0000000000
118178  -40.439  31.736  48.515 0.0000000000
118280  -39.983  25.484  56.989 0.0000000000
118353  -46.037  32.908  32.415 0.0000000000
118797  -47.350  28.950  43.591 0.0000000000
118978  -42.307  28.702  51.350 0.0000000000
119239  -41.906  31.856  54.717 0.0000000000
119398  -45.028  27.007  46.747 0.0000000000
119520  -40.304  25.331  49.835 0.0000000000
120603  -40.314  37.126  40.909 0.0000000000
120788  -43.218  26.432  46.034 0.0000000000
121021  -48.765  28.833  50.954 0.0000000000
121521  -50.129  27.969  45.036 0.0000000000
121563  -43.494  29.293  54.090 0.0000000000
121689  -36.673  40.104  46.798 0.0000000000
122084  -50.015  29.026  42.514 0.0000000000
