#!ascii label  , from subject sub-v1s5x0050722_ses-1 vox2ras=TkReg
824
64690  16.100  -6.879  -2.412 0.2500000000
64701  16.312  -6.824  -3.132 0.2500000000
63911  16.650  -7.568  -3.343 0.7500000000
67186  15.716  -3.222  -2.726 0.2500000000
66325  16.101  -4.310  -2.880 0.1250000000
67194  16.023  -3.245  -3.567 0.3750000000
112286  16.353  -5.000  -3.476 0.2500000000
119403  16.117  -6.227  -2.883 0.2500000000
64711  16.704  -6.677  -3.787 0.7500000000
65499  16.405  -5.908  -3.552 0.3750000000
63121  17.228  -7.889  -3.884 0.8750000000
63922  17.055  -7.206  -3.985 0.8750000000
63120  17.651  -8.232  -4.438 0.8750000000
66334  16.404  -4.220  -3.831 0.3750000000
65518  16.645  -5.143  -4.299 0.8750000000
64719  18.271  -6.482  -5.296 1.0000000000
64720  17.632  -6.564  -5.019 1.0000000000
110609  16.771  -6.007  -4.237 0.8750000000
63133  17.957  -7.928  -4.936 1.0000000000
64710  17.137  -6.575  -4.420 0.8750000000
63132  18.579  -8.065  -5.307 1.0000000000
66343  16.681  -4.229  -4.524 0.7500000000
65528  17.021  -4.700  -4.948 0.8750000000
64718  18.929  -6.330  -5.311 1.0000000000
106299  17.771  -5.923  -5.288 1.0000000000
65527  17.633  -5.177  -5.283 1.0000000000
109105  19.403  -6.846  -5.220 1.0000000000
63929  18.858  -7.208  -5.359 1.0000000000
118459  19.110  -7.843  -5.438 1.0000000000
63930  18.128  -7.272  -5.160 1.0000000000
67204  16.399  -3.398  -4.218 0.6250000000
67212  17.286  -3.333  -5.044 1.0000000000
109672  16.837  -3.612  -4.843 0.8750000000
66353  17.575  -4.194  -5.240 1.0000000000
65516  19.601  -5.566  -4.551 1.0000000000
65525  19.105  -5.583  -5.110 1.0000000000
65526  18.363  -5.622  -5.354 1.0000000000
109740  18.159  -4.840  -5.371 1.0000000000
63920  19.981  -6.876  -4.835 1.0000000000
64709  19.507  -6.243  -4.913 1.0000000000
63909  21.325  -6.940  -3.527 1.0000000000
63919  20.514  -7.572  -4.830 1.0000000000
70625  16.071  0.752  -3.811 0.2500000000
68118  15.553  -2.281  -3.620 0.2500000000
68130  15.582  -1.656  -4.144 0.3750000000
67205  15.846  -2.451  -4.055 0.5000000000
67213  16.716  -2.548  -4.623 1.0000000000
68129  15.933  -1.969  -4.288 0.6250000000
67203  18.747  -3.325  -4.710 1.0000000000
67211  17.935  -3.414  -5.137 1.0000000000
65515  20.059  -5.538  -3.902 1.0000000000
66342  19.170  -3.960  -4.569 1.0000000000
66340  20.204  -4.744  -3.519 1.0000000000
64699  20.979  -6.262  -3.470 1.0000000000
65507  20.656  -5.534  -3.395 1.0000000000
65506  21.290  -5.720  -2.944 1.0000000000
70637  16.404  0.613  -4.466 0.5000000000
70638  15.796  -0.108  -4.346 0.3750000000
69859  15.741  -0.715  -4.518 0.5000000000
69858  16.014  -0.307  -4.613 0.5000000000
68990  16.485  -1.066  -4.686 0.8750000000
68140  16.975  -1.881  -4.642 1.0000000000
69856  17.954  -0.449  -4.594 1.0000000000
68128  17.680  -2.084  -4.695 1.0000000000
66333  20.037  -3.951  -3.509 1.0000000000
67202  19.614  -3.241  -3.958 1.0000000000
66323  21.518  -4.431  -2.392 1.0000000000
66331  20.966  -4.796  -2.855 1.0000000000
65498  21.676  -5.176  -2.426 0.8750000000
71431  16.586  1.570  -4.060 0.5000000000
105234  16.949  0.952  -4.687 0.6250000000
70635  17.323  0.343  -4.765 0.6250000000
69857  16.923  -0.437  -4.792 0.7500000000
108418  18.748  -0.987  -4.245 1.0000000000
68107  21.318  -2.163  -2.287 1.0000000000
68108  20.688  -1.850  -2.775 1.0000000000
68116  20.214  -2.479  -3.310 1.0000000000
68117  19.572  -2.115  -3.810 1.0000000000
67185  20.847  -2.775  -2.694 1.0000000000
67193  20.397  -3.379  -3.194 1.0000000000
108190  21.531  -3.021  -2.231 0.8750000000
66324  21.080  -3.763  -2.627 1.0000000000
66322  22.067  -4.581  -1.999 0.8750000000
71438  16.865  1.455  -4.425 0.5000000000
110821  17.683  1.139  -4.590 0.8750000000
70623  19.771  0.342  -3.678 1.0000000000
70624  18.993  0.435  -4.072 1.0000000000
68957  21.209  -1.283  -2.381 1.0000000000
69844  19.999  -0.572  -3.496 1.0000000000
68969  19.492  -1.218  -3.843 1.0000000000
69825  21.932  -0.320  -1.967 1.0000000000
68093  22.576  -2.637  -1.476 1.0000000000
68094  21.934  -2.414  -1.862 1.0000000000
106772  21.674  -0.912  -2.093 1.0000000000
68945  22.369  -1.834  -1.587 1.0000000000
72203  17.124  2.321  -4.138 0.5000000000
71436  17.992  1.944  -4.457 0.8750000000
112453  20.621  1.862  -3.885 1.0000000000
71428  20.188  1.091  -3.625 1.0000000000
71429  19.360  1.188  -3.902 1.0000000000
71413  22.097  1.106  -1.982 1.0000000000
70605  22.779  0.211  -1.207 1.0000000000
111326  22.471  0.870  -1.444 1.0000000000
70607  21.754  0.451  -2.297 1.0000000000
105575  22.771  -1.221  -1.312 1.0000000000
70606  22.231  0.322  -1.736 1.0000000000
114633  19.117  5.961  -3.674 1.0000000000
73714  17.668  5.244  -2.820 0.3750000000
73719  19.673  4.757  -4.614 0.8750000000
72946  21.522  3.281  -4.357 1.0000000000
112499  22.313  1.829  -2.463 1.0000000000
112574  22.097  1.955  -3.200 1.0000000000
74480  19.933  6.421  -4.132 0.8750000000
74479  21.442  5.910  -4.853 1.0000000000
73713  20.864  5.142  -4.940 1.0000000000
73711  22.572  4.970  -4.270 1.0000000000
72179  22.718  2.460  -2.154 1.0000000000
72936  22.897  3.055  -2.744 1.0000000000
72166  23.021  2.465  -1.304 1.0000000000
107184  19.065  6.713  -2.996 0.7500000000
73697  23.355  4.459  -2.217 1.0000000000
108720  23.189  3.686  -2.531 1.0000000000
73698  23.173  4.241  -3.303 1.0000000000
77438  21.651  10.387  -0.496 0.1250000000
109657  21.748  10.476  0.775 0.1250000000
77441  21.740  10.183  -1.899 0.2500000000
78005  22.047  10.870  -1.213 0.2500000000
78023  22.199  10.952  -3.502 0.5000000000
78012  21.979  10.906  -2.642 0.2500000000
78540  22.351  12.009  -3.831 0.3750000000
78525  22.375  11.457  -1.911 0.2500000000
78533  22.165  11.715  -3.226 0.2500000000
78532  22.474  12.191  -2.623 0.2500000000
79034  22.344  12.615  -3.967 0.2500000000
78545  22.574  12.659  -4.041 0.3750000000
79028  22.286  12.335  -3.669 0.2500000000
78544  23.859  12.563  -4.146 0.3750000000
65500  15.865  -5.122  -2.131 0.1250000000
71435  18.543  1.211  -4.334 0.8750000000
70616  21.298  0.548  -2.816 1.0000000000
63902  15.978  -7.633  -1.826 0.1250000000
63111  16.906  -8.446  -3.315 0.6250000000
62242  17.264  -9.260  -3.515 0.7500000000
66312  15.717  -4.089  -2.057 0.1250000000
61307  17.812  -9.723  -4.172 1.0000000000
108509  15.962  -6.061  -2.253 0.1250000000
62267  18.711  -9.009  -5.313 1.0000000000
63130  20.331  -8.307  -5.373 1.0000000000
63118  21.076  -8.321  -4.868 1.0000000000
99879  15.448  -1.755  -3.030 0.3750000000
70626  15.712  -0.160  -3.267 0.2500000000
69846  15.513  -0.829  -4.196 0.2500000000
64688  21.948  -6.078  -2.522 0.8750000000
107579  22.439  -3.936  -1.682 0.8750000000
67174  23.373  -2.964  -1.087 0.8750000000
72198  17.177  3.011  -3.731 0.3750000000
72197  18.200  2.753  -4.282 0.6250000000
69824  22.501  -0.442  -1.506 1.0000000000
106600  23.040  -2.040  -1.170 0.8750000000
73720  18.455  5.290  -3.728 0.3750000000
72952  18.778  4.305  -4.243 0.8750000000
71412  22.617  1.660  -1.531 1.0000000000
72165  23.586  2.524  -0.570 1.0000000000
72921  23.290  3.173  -0.977 1.0000000000
72934  23.321  3.803  -1.567 1.0000000000
75300  20.644  7.102  -4.661 0.8750000000
75299  21.874  7.413  -4.955 1.0000000000
74477  23.513  5.915  -2.842 1.0000000000
76832  20.919  8.917  -0.677 0.1250000000
77448  21.516  9.440  -2.618 0.6250000000
77447  21.881  10.223  -3.194 0.6250000000
111849  22.546  10.416  -3.748 0.5000000000
78022  22.753  11.066  -3.880 0.5000000000
78522  22.553  11.335  -0.604 0.2500000000
78539  23.076  11.867  -4.167 0.5000000000
79033  22.606  12.905  -4.014 0.2500000000
79038  23.451  13.378  -4.096 0.2500000000
110226  24.551  12.965  -4.417 0.3750000000
79527  24.213  13.816  -4.638 0.2500000000
79027  22.712  12.909  -3.456 0.1250000000
63901  16.242  -7.626  -2.576 0.3750000000
63100  16.422  -8.328  -2.679 0.5000000000
65508  16.112  -5.438  -2.849 0.1250000000
63110  17.376  -8.558  -3.870 0.7500000000
63921  17.536  -7.378  -4.562 0.8750000000
62255  17.706  -8.983  -4.330 1.0000000000
63119  18.094  -8.622  -4.927 1.0000000000
65517  17.172  -5.730  -4.868 1.0000000000
63131  19.407  -8.478  -5.489 1.0000000000
63928  19.684  -7.579  -5.313 1.0000000000
113493  16.367  -2.760  -4.394 0.8750000000
64700  20.454  -6.084  -3.818 1.0000000000
109073  18.718  -5.002  -5.224 1.0000000000
66352  18.533  -4.206  -5.127 1.0000000000
63910  20.636  -6.802  -4.130 1.0000000000
63918  21.180  -7.599  -4.159 1.0000000000
68970  15.439  -1.509  -4.036 0.3750000000
68980  15.679  -1.339  -4.323 0.5000000000
68141  16.173  -1.565  -4.484 0.8750000000
68139  17.449  -2.701  -4.889 1.0000000000
68127  18.188  -2.650  -4.786 1.0000000000
107726  19.735  -4.985  -4.143 1.0000000000
66351  19.251  -4.787  -4.776 1.0000000000
66341  19.634  -4.278  -4.038 1.0000000000
66332  20.537  -4.120  -3.112 1.0000000000
68991  15.832  -1.006  -4.584 0.6250000000
70636  16.562  0.115  -4.735 0.6250000000
68979  17.481  -1.258  -4.611 1.0000000000
69855  18.682  -0.198  -4.306 1.0000000000
68126  18.966  -2.473  -4.372 1.0000000000
68978  18.357  -1.767  -4.495 1.0000000000
67184  21.782  -3.824  -2.088 0.8750000000
65497  22.337  -5.376  -1.987 0.8750000000
70634  18.226  0.423  -4.537 1.0000000000
69845  19.305  -0.372  -3.939 1.0000000000
68946  21.772  -1.612  -1.969 1.0000000000
105253  20.114  -1.519  -3.382 1.0000000000
69834  20.636  -0.877  -2.914 1.0000000000
67175  22.143  -3.199  -1.768 0.8750000000
110171  20.613  0.201  -3.167 1.0000000000
69833  21.291  -0.297  -2.492 1.0000000000
105826  22.171  -1.059  -1.739 1.0000000000
72202  17.611  2.437  -4.262 0.6250000000
71430  18.845  2.017  -4.159 1.0000000000
111227  19.696  1.953  -3.938 1.0000000000
71424  21.065  1.106  -3.384 1.0000000000
72190  21.048  2.591  -4.267 1.0000000000
72189  21.912  2.530  -3.758 1.0000000000
112573  21.494  1.849  -3.653 1.0000000000
71411  23.013  0.934  -0.951 1.0000000000
71423  21.817  1.234  -2.894 1.0000000000
72195  19.971  2.714  -4.124 1.0000000000
72951  20.172  3.585  -4.500 1.0000000000
72180  22.453  2.482  -2.977 1.0000000000
113222  20.943  4.080  -4.810 1.0000000000
73712  22.253  3.976  -4.189 1.0000000000
73699  22.932  3.577  -3.246 1.0000000000
72945  22.415  3.119  -3.572 1.0000000000
72935  23.086  3.108  -1.921 1.0000000000
74478  22.784  6.030  -4.419 1.0000000000
74468  23.337  5.090  -3.206 1.0000000000
120151  21.716  6.534  -4.965 1.0000000000
77439  21.248  9.805  0.103 0.1250000000
77442  21.347  9.570  -1.241 0.1250000000
78003  22.084  10.922  0.126 0.2500000000
63889  15.751  -7.601  -1.079 0.1250000000
63088  15.688  -8.356  -1.277 0.1250000000
62243  16.633  -9.038  -2.744 0.7500000000
62254  18.229  -9.390  -4.766 1.0000000000
72947  17.512  4.416  -3.218 0.5000000000
72954  17.616  3.208  -4.008 0.6250000000
72196  19.076  2.793  -4.127 0.8750000000
109667  18.390  3.545  -4.152 0.7500000000
112061  19.270  3.438  -4.277 0.8750000000
108775  17.916  4.790  -3.717 0.7500000000
72953  17.848  4.098  -3.890 0.8750000000
75298  23.190  6.881  -3.865 1.0000000000
77456  21.951  9.345  -3.855 0.7500000000
77455  22.234  10.062  -3.632 0.7500000000
79037  25.099  13.193  -4.928 0.3750000000
58973  17.788  -13.508  -2.119 0.7500000000
58984  19.611  -13.741  -3.477 0.7500000000
58974  17.133  -12.906  -1.951 0.7500000000
105438  17.068  -12.110  -2.394 0.7500000000
59763  19.437  -13.013  -3.782 0.7500000000
58972  18.487  -13.385  -2.738 0.7500000000
59765  18.078  -12.086  -3.132 0.7500000000
60491  17.557  -11.918  -2.827 0.7500000000
59762  20.320  -13.371  -3.948 0.7500000000
59775  19.128  -12.352  -4.001 0.7500000000
61294  16.810  -9.918  -2.826 0.7500000000
61292  18.402  -11.132  -3.938 0.7500000000
112832  17.779  -10.778  -3.600 0.8750000000
116306  20.892  -12.712  -4.458 0.7500000000
59774  19.916  -12.433  -4.388 0.7500000000
60517  20.035  -11.664  -4.904 0.7500000000
61306  18.849  -10.699  -4.698 0.8750000000
112962  18.366  -10.032  -4.558 0.8750000000
60516  20.935  -11.394  -5.143 0.7500000000
60525  20.163  -11.083  -5.288 0.7500000000
61316  19.688  -10.415  -5.375 0.8750000000
62266  19.490  -9.448  -5.482 0.8750000000
118279  21.921  -10.011  -5.090 0.7500000000
62265  20.382  -9.734  -5.598 0.8750000000
101896  20.109  -9.005  -5.571 0.8750000000
62241  22.031  -8.998  -3.932 0.8750000000
62252  21.639  -9.168  -4.845 0.8750000000
63117  21.662  -8.354  -4.083 0.8750000000
63898  23.139  -7.851  -1.996 0.3750000000
63899  22.425  -7.562  -2.651 0.7500000000
63900  21.891  -6.894  -2.942 0.7500000000
63887  23.816  -7.185  -1.635 0.5000000000
64679  23.410  -6.275  -1.631 0.7500000000
64680  22.631  -6.172  -1.953 0.7500000000
64677  25.246  -6.292  -1.382 0.1250000000
64678  24.318  -6.298  -1.458 0.3750000000
65488  23.059  -5.475  -1.600 0.6250000000
64687  27.049  -6.477  -1.724 0.1250000000
64676  26.188  -6.375  -1.468 0.1250000000
107282  24.899  -5.533  -1.267 0.1250000000
66308  25.638  -4.826  -1.081 0.1250000000
118964  23.866  -4.266  -1.212 0.6250000000
67173  24.252  -3.684  -0.932 0.6250000000
103050  22.735  -3.343  -1.454 0.7500000000
66307  26.726  -4.856  -1.399 0.1250000000
66321  27.401  -4.492  -1.968 0.1250000000
67172  25.424  -3.998  -0.793 0.1250000000
67156  24.257  -2.818  -0.735 0.7500000000
65496  27.367  -5.272  -1.904 0.1250000000
67155  25.319  -2.964  -0.636 0.5000000000
68075  25.691  -1.986  -0.444 0.5000000000
68076  24.732  -2.165  -0.493 0.6250000000
68077  23.824  -2.151  -0.753 0.7500000000
75301  19.676  7.151  -3.040 0.6250000000
76141  20.203  7.514  -2.190 0.5000000000
75308  21.141  7.784  -4.605 0.7500000000
115264  25.894  -1.024  -0.264 0.6250000000
70591  24.483  0.073  -0.307 0.6250000000
70592  23.513  0.153  -0.703 0.8750000000
69822  26.737  -0.849  -0.672 0.5000000000
70590  25.519  -0.069  -0.075 0.6250000000
71398  23.958  0.936  -0.528 0.7500000000
76156  20.523  7.639  -3.558 0.7500000000
72920  23.645  3.847  -0.651 0.8750000000
73686  23.534  4.575  -1.186 0.8750000000
72164  24.530  2.738  -0.081 0.8750000000
72919  24.305  3.645  -0.069 0.8750000000
73685  24.255  4.582  -0.308 0.8750000000
70604  27.048  -0.002  -0.794 0.3750000000
69808  26.386  -0.114  -0.320 0.5000000000
109453  26.089  0.662  0.088 0.5000000000
108214  25.321  1.945  0.188 0.6250000000
70615  27.334  -0.037  -1.541 0.2500000000
70588  27.127  0.710  -0.734 0.3750000000
71396  26.458  1.362  0.002 0.5000000000
76155  21.138  8.185  -4.016 0.6250000000
109011  23.528  5.232  -1.908 0.8750000000
74467  23.881  5.907  -1.654 0.7500000000
74451  24.701  5.490  -0.474 0.8750000000
72156  25.528  2.773  0.226 0.6250000000
72912  25.039  3.339  0.103 0.7500000000
71395  27.025  1.305  -0.471 0.3750000000
107162  26.848  2.081  -0.220 0.5000000000
73683  26.276  4.837  -0.420 0.7500000000
71394  27.367  1.160  -1.085 0.2500000000
76140  20.737  8.159  -2.735 0.6250000000
76166  21.682  8.336  -4.811 0.8750000000
76153  23.669  7.528  -3.246 0.8750000000
75287  23.895  6.584  -2.434 0.8750000000
75286  24.405  6.478  -1.395 0.8750000000
75270  25.769  6.354  -0.694 0.7500000000
110384  26.517  4.041  -0.322 0.5000000000
72188  27.993  2.918  -2.489 0.2500000000
72178  27.676  2.703  -1.512 0.5000000000
72161  27.218  2.798  -0.601 0.5000000000
71422  27.659  1.455  -2.549 0.2500000000
76846  21.314  8.709  -3.263 0.5000000000
76860  22.017  8.943  -4.629 0.7500000000
76845  23.225  8.563  -3.614 0.7500000000
77446  23.318  9.350  -3.525 0.7500000000
76844  24.257  8.770  -2.877 0.7500000000
76836  25.102  8.460  -2.136 0.7500000000
76152  24.421  7.965  -2.598 0.7500000000
75285  25.186  7.689  -1.577 0.7500000000
76130  25.585  7.090  -1.046 0.7500000000
118136  25.719  7.706  -1.320 0.7500000000
74464  27.578  5.439  -1.796 0.5000000000
75297  27.653  6.250  -2.468 0.3750000000
75284  26.371  6.613  -1.150 0.6250000000
110670  27.933  3.663  -1.873 0.2500000000
73710  28.003  4.539  -2.243 0.3750000000
74476  27.990  5.321  -2.710 0.3750000000
115173  22.641  9.881  -3.738 0.6250000000
76859  22.351  9.370  -3.890 0.7500000000
77445  24.365  9.439  -3.046 0.7500000000
77444  25.369  9.477  -2.552 0.7500000000
76835  25.973  9.099  -2.041 0.7500000000
76151  26.434  8.406  -1.922 0.6250000000
105118  27.358  7.109  -2.599 0.3750000000
110667  28.069  3.933  -3.770 0.1250000000
74492  27.875  5.210  -4.622 0.1250000000
74488  28.057  5.262  -3.618 0.2500000000
77454  23.469  10.141  -3.671 0.7500000000
77443  26.042  9.712  -2.553 0.7500000000
76150  27.090  7.950  -2.521 0.3750000000
113719  26.419  9.196  -2.426 0.3750000000
100851  25.771  8.330  -1.631 0.7500000000
75314  27.679  6.856  -4.473 0.2500000000
112045  27.659  6.744  -3.452 0.3750000000
76138  26.202  7.607  -1.336 0.6250000000
73726  27.188  4.482  -6.492 0.1250000000
74495  27.595  5.527  -5.498 0.1250000000
110568  27.504  3.833  -5.186 0.1250000000
78020  25.300  10.551  -3.417 0.3750000000
78011  24.716  10.068  -3.230 0.3750000000
77453  26.424  9.709  -3.058 0.3750000000
76877  27.356  8.331  -5.306 0.2500000000
76857  27.249  8.318  -3.398 0.3750000000
115520  27.454  6.322  -5.998 0.1250000000
75321  27.583  6.997  -5.336 0.3750000000
76165  27.507  7.573  -3.990 0.3750000000
73731  26.719  4.362  -7.195 0.1250000000
110186  27.734  6.154  -5.015 0.1250000000
78538  24.366  11.808  -3.985 0.3750000000
78021  24.130  10.970  -3.738 0.3750000000
120497  25.956  10.678  -3.688 0.3750000000
106805  26.970  9.760  -5.438 0.3750000000
77465  26.746  10.028  -4.600 0.3750000000
78019  26.362  10.214  -3.738 0.3750000000
76885  27.157  9.037  -6.002 0.3750000000
76878  27.168  9.151  -4.818 0.3750000000
102225  26.823  9.539  -3.886 0.3750000000
75340  25.886  6.633  -8.704 0.1250000000
112257  27.383  7.294  -6.092 0.1250000000
76188  27.307  8.096  -6.104 0.2500000000
74507  26.580  5.807  -7.704 0.1250000000
78549  26.365  11.560  -5.384 0.2500000000
106945  26.658  10.892  -6.083 0.2500000000
117479  25.314  11.334  -3.844 0.3750000000
106270  26.699  10.112  -7.352 0.1250000000
78039  26.708  10.534  -5.368 0.3750000000
78030  26.277  10.920  -4.410 0.3750000000
77479  26.947  9.309  -7.032 0.1250000000
77472  26.893  10.067  -6.331 0.2500000000
76903  25.542  8.144  -9.544 0.1250000000
104699  27.074  8.460  -6.839 0.1250000000
117412  25.280  12.520  -4.609 0.3750000000
112769  25.755  11.823  -4.565 0.3750000000
78554  26.548  11.585  -6.403 0.2500000000
78049  26.566  10.779  -7.640 0.1250000000
78051  26.403  10.244  -8.328 0.1250000000
106776  26.425  11.177  -8.314 0.1250000000
76904  24.888  8.147  -10.178 0.1250000000
77489  25.412  9.774  -10.098 0.1250000000
78558  26.417  11.949  -8.172 0.1250000000
78053  26.168  10.897  -9.304 0.1250000000
76909  24.251  9.096  -10.681 0.1250000000
109716  24.228  8.159  -10.577 0.1250000000
63109  22.265  -8.442  -3.306 0.6250000000
103169  24.285  1.786  -0.273 0.8750000000
72155  26.123  2.957  0.225 0.5000000000
111890  27.614  1.716  -1.675 0.3750000000
76861  21.716  8.683  -4.403 0.6250000000
76154  22.426  8.174  -4.628 0.8750000000
76139  24.441  7.166  -1.980 0.7500000000
116386  24.925  6.971  -1.217 0.7500000000
73682  27.037  4.258  -0.699 0.5000000000
73696  26.966  5.098  -1.061 0.5000000000
76897  26.469  8.028  -8.086 0.1250000000
78045  26.704  10.833  -6.876 0.2500000000
77488  26.017  9.978  -9.314 0.1250000000
113902  24.681  9.725  -10.562 0.1250000000
66309  24.490  -4.655  -1.159 0.5000000000
66310  23.544  -4.756  -1.393 0.6250000000
66311  22.759  -4.690  -1.618 0.7500000000
68944  26.514  -1.657  -0.639 0.3750000000
69821  27.171  -0.776  -1.244 0.2500000000
73684  25.303  4.813  -0.139 0.7500000000
113957  26.358  8.787  -8.381 0.1250000000
106687  27.384  0.070  -2.323 0.1250000000
58057  18.093  -14.977  -1.586 0.7500000000
58072  17.739  -14.195  -1.721 0.7500000000
59744  16.605  -12.239  -1.750 0.7500000000
58070  19.233  -14.657  -2.654 0.7500000000
58068  20.856  -14.402  -3.108 0.7500000000
61281  16.693  -10.708  -2.503 0.6250000000
60492  17.109  -11.401  -2.744 0.7500000000
58983  21.254  -13.347  -4.050 0.6250000000
103574  21.394  -12.087  -4.724 0.7500000000
60515  21.807  -11.461  -4.873 0.6250000000
61304  22.188  -10.649  -4.531 0.6250000000
100778  22.493  -9.343  -3.352 0.5000000000
63098  23.433  -8.678  -2.228 0.3750000000
119321  22.610  -8.836  -2.972 0.5000000000
63087  23.942  -8.147  -1.758 0.1250000000
109555  25.565  -6.916  -1.503 0.1250000000
64686  27.615  -6.436  -2.356 0.1250000000
65495  27.707  -5.687  -2.552 0.1250000000
66320  27.700  -4.938  -2.612 0.1250000000
107942  27.637  -4.290  -2.673 0.1250000000
67183  27.543  -3.725  -2.330 0.1250000000
67171  27.075  -3.818  -1.397 0.1250000000
106108  27.019  -2.081  -1.055 0.1250000000
68943  27.031  -1.406  -0.991 0.2500000000
70622  27.447  0.619  -2.894 0.1250000000
109879  27.537  2.083  -4.114 0.1250000000
72957  27.697  3.354  -4.511 0.1250000000
72959  27.351  3.121  -5.386 0.1250000000
76837  21.015  8.817  -1.990 0.3750000000
72963  26.817  3.656  -6.662 0.1250000000
73732  26.205  4.309  -7.827 0.1250000000
72965  26.301  3.610  -7.330 0.1250000000
75346  25.358  6.623  -9.299 0.1250000000
75351  24.046  6.722  -10.424 0.1250000000
79045  26.153  13.128  -6.596 0.2500000000
79535  26.008  13.616  -7.218 0.1250000000
78054  25.510  10.769  -10.239 0.1250000000
78560  26.291  11.912  -9.220 0.1250000000
76910  23.479  8.639  -11.086 0.1250000000
77492  23.786  10.477  -11.015 0.1250000000
64689  21.490  -6.392  -3.074 0.7500000000
69809  23.935  -0.667  -0.540 0.7500000000
68929  23.468  -1.365  -0.822 0.7500000000
61293  17.473  -10.152  -3.557 0.7500000000
104220  18.103  -10.429  -4.084 0.8750000000
103705  23.251  -3.956  -1.318 0.6250000000
71399  23.312  1.726  -0.788 0.8750000000
74452  23.907  5.344  -0.962 0.8750000000
101422  24.970  12.192  -4.176 0.3750000000
79042  25.583  13.407  -5.773 0.2500000000
59755  17.838  -12.632  -2.608 0.7500000000
58071  18.450  -14.253  -2.284 0.7500000000
58985  19.037  -13.389  -3.306 0.7500000000
58971  19.065  -13.986  -2.973 0.7500000000
58069  20.065  -14.817  -2.798 0.7500000000
59764  18.645  -12.671  -3.327 0.7500000000
60504  18.537  -11.883  -3.700 0.7500000000
60518  19.160  -11.665  -4.481 0.7500000000
60506  17.215  -10.748  -3.120 0.7500000000
117194  20.633  -12.069  -4.748 0.7500000000
60526  19.562  -11.141  -5.008 0.8750000000
61305  20.712  -10.555  -5.489 0.7500000000
108884  21.586  -10.665  -5.278 0.7500000000
62253  20.887  -9.038  -5.461 0.8750000000
62251  22.176  -9.709  -4.280 0.6250000000
63908  21.786  -7.629  -3.445 0.7500000000
63099  22.785  -8.412  -2.612 0.5000000000
63888  22.910  -6.982  -1.960 0.7500000000
63886  24.776  -7.004  -1.514 0.2500000000
117529  24.513  -7.680  -1.608 0.1250000000
65487  23.939  -5.496  -1.428 0.3750000000
65485  26.837  -5.743  -1.556 0.1250000000
108703  27.361  -5.919  -1.920 0.1250000000
65486  25.932  -5.608  -1.286 0.1250000000
100133  26.314  -4.204  -0.987 0.1250000000
113757  26.342  -3.432  -0.808 0.1250000000
68092  26.390  -2.522  -0.700 0.1250000000
68928  24.299  -1.450  -0.491 0.6250000000
105911  24.865  -0.792  -0.238 0.6250000000
71397  25.132  0.932  0.009 0.6250000000
73673  25.071  4.021  0.088 0.7500000000
74450  25.572  5.636  -0.452 0.7500000000
72163  26.162  2.172  0.258 0.5000000000
74466  24.339  5.939  -0.953 0.7500000000
74449  26.312  5.756  -0.771 0.6250000000
72918  26.928  3.508  -0.412 0.5000000000
72194  27.917  2.994  -3.568 0.1250000000
110669  27.806  2.156  -3.069 0.1250000000
111055  27.811  2.193  -2.252 0.2500000000
109787  27.525  1.303  -3.511 0.1250000000
113707  25.526  8.887  -2.105 0.7500000000
118302  26.651  7.012  -1.537 0.6250000000
117175  27.921  5.906  -3.253 0.3750000000
117002  27.294  6.798  -2.131 0.3750000000
110668  28.120  3.767  -2.836 0.1250000000
73718  28.134  4.571  -3.176 0.3750000000
78010  25.551  10.025  -2.939 0.3750000000
110666  27.886  6.019  -4.083 0.3750000000
110673  27.820  4.271  -4.588 0.1250000000
73725  27.536  4.629  -5.533 0.1250000000
76870  27.357  8.319  -4.406 0.3750000000
115260  26.898  9.121  -3.140 0.3750000000
74500  27.032  5.159  -7.102 0.1250000000
110230  26.559  4.949  -7.651 0.1250000000
72962  27.264  3.770  -5.932 0.1250000000
76182  27.444  7.683  -5.545 0.2500000000
110993  27.152  6.039  -6.932 0.1250000000
75334  26.798  6.683  -7.434 0.1250000000
75328  27.184  6.901  -6.768 0.1250000000
74514  26.107  5.996  -8.367 0.1250000000
76199  26.591  7.327  -7.797 0.1250000000
76205  25.738  7.375  -9.100 0.1250000000
76206  25.179  7.379  -9.712 0.1250000000
112099  26.805  7.913  -7.395 0.1250000000
76892  26.698  8.656  -7.602 0.1250000000
74508  26.071  5.125  -8.302 0.1250000000
74515  25.507  5.767  -8.898 0.1250000000
79041  26.261  12.454  -5.968 0.2500000000
78550  25.802  12.500  -5.170 0.2500000000
77485  26.555  9.432  -7.873 0.1250000000
110638  25.887  9.008  -9.260 0.1250000000
76908  25.179  8.928  -10.077 0.1250000000
105711  26.447  12.270  -6.765 0.1250000000
78556  26.545  11.585  -7.378 0.1250000000
76210  24.527  7.422  -10.242 0.1250000000
79048  26.304  12.731  -8.616 0.1250000000
79047  26.354  12.677  -7.522 0.1250000000
57137  18.814  -15.044  -2.176 0.7500000000
58958  17.148  -13.752  -1.525 0.7500000000
58058  17.282  -14.556  -1.169 0.7500000000
61269  16.243  -10.631  -1.824 0.5000000000
107932  22.467  -10.151  -3.666 0.5000000000
67170  27.483  -2.995  -1.899 0.1250000000
67192  27.655  -3.792  -3.240 0.1250000000
104558  27.036  -2.889  -1.148 0.1250000000
119408  27.652  2.750  -4.257 0.1250000000
75347  24.746  6.641  -9.837 0.1250000000
58059  16.685  -14.126  -0.853 0.7500000000
59745  16.200  -12.273  -1.088 0.5000000000
104870  18.117  -15.763  -1.225 0.6250000000
57125  18.837  -15.693  -1.709 0.6250000000
58056  20.812  -14.934  -2.229 0.3750000000
57135  20.086  -15.313  -2.164 0.6250000000
58970  21.542  -14.335  -2.541 0.2500000000
62231  22.945  -9.159  -2.720 0.3750000000
76838  20.613  8.032  -1.429 0.2500000000
58982  21.938  -13.188  -3.888 0.5000000000
59772  21.971  -12.117  -4.505 0.5000000000
60514  22.313  -11.575  -4.164 0.3750000000
57112  20.723  -15.562  -0.746 0.5000000000
57123  20.415  -15.484  -1.509 0.6250000000
56172  18.359  -16.705  -0.606 0.6250000000
59732  15.683  -12.119  -0.513 0.3750000000
58948  16.201  -13.695  -0.479 0.3750000000
56181  17.702  -16.234  -0.617 0.6250000000
57127  16.790  -14.937  -0.502 0.6250000000
57102  20.751  -15.823  0.122 0.3750000000
57113  20.012  -16.060  -0.853 0.5000000000
56180  18.538  -16.278  -1.102 0.6250000000
115277  15.930  -11.775  -0.965 0.2500000000
57111  21.237  -15.300  -0.295 0.3750000000
101009  22.233  -13.772  -2.611 0.2500000000
58042  21.942  -14.463  -1.032 0.2500000000
58969  22.356  -13.241  -3.286 0.2500000000
59761  22.391  -12.471  -3.798 0.3750000000
60503  22.713  -11.649  -3.473 0.2500000000
61280  22.920  -10.148  -2.910 0.2500000000
69835  15.532  -0.675  -2.322 0.1250000000
72199  16.797  2.365  -3.563 0.2500000000
63097  24.209  -9.015  -1.984 0.2500000000
74481  18.359  6.454  -2.474 0.2500000000
70617  16.094  0.633  -2.792 0.1250000000
103097  15.463  -1.064  -3.268 0.2500000000
109790  16.203  -8.823  -2.205 0.2500000000
59773  21.708  -12.702  -4.346 0.5000000000
58959  16.559  -13.155  -1.222 0.5000000000
57136  19.461  -15.255  -2.242 0.6250000000
58081  20.866  -13.889  -3.670 0.5000000000
62230  23.607  -9.583  -2.429 0.2500000000
60480  16.146  -11.443  -1.413 0.3750000000
60479  16.614  -11.441  -2.155 0.3750000000
62232  16.261  -9.403  -2.149 0.2500000000
57126  17.463  -15.359  -0.855 0.6250000000
61270  15.727  -10.516  -1.169 0.3750000000
61291  22.599  -10.896  -3.521 0.2500000000
56171  19.270  -16.178  -1.271 0.6250000000
57124  19.685  -15.725  -1.676 0.5000000000
58055  21.538  -14.611  -1.755 0.2500000000
58043  21.222  -15.050  -1.130 0.2500000000
58054  22.121  -14.169  -1.819 0.2500000000
103587  21.609  -13.811  -3.400 0.3750000000
58960  16.098  -12.883  -0.659 0.3750000000
56161  19.910  -16.468  0.098 0.3750000000
106963  19.181  -16.606  -0.590 0.5000000000
59754  22.806  -12.714  -3.033 0.2500000000
60502  23.184  -11.222  -2.936 0.2500000000
104481  15.413  -1.175  -1.891 0.1250000000
119071  16.438  -16.404  0.671 0.5000000000
56162  19.268  -16.885  0.148 0.2500000000
55257  18.140  -17.437  0.299 0.3750000000
56163  18.627  -17.039  -0.117 0.5000000000
56164  16.988  -16.547  0.136 0.5000000000
55260  16.113  -16.635  1.170 0.3750000000
57103  15.965  -15.439  0.709 0.5000000000
57114  16.912  -15.717  -0.213 0.5000000000
56173  16.430  -15.894  0.403 0.5000000000
58044  16.302  -14.544  -0.200 0.3750000000
113974  14.914  -16.531  2.506 0.1250000000
108674  15.656  -16.549  1.619 0.3750000000
58045  15.850  -14.156  0.124 0.2500000000
54373  15.021  -18.189  2.781 0.1250000000
56145  15.370  -16.890  2.084 0.2500000000
55247  16.369  -17.462  1.317 0.3750000000
55244  19.111  -17.459  1.332 0.2500000000
55246  16.993  -17.735  0.988 0.3750000000
55258  17.379  -17.313  0.414 0.5000000000
55224  14.498  -17.737  3.290 0.1250000000
55248  15.818  -17.192  1.669 0.3750000000
56146  14.757  -15.776  2.547 0.1250000000
58021  15.251  -14.749  1.507 0.1250000000
68942  27.307  -1.569  -1.693 0.1250000000
55268  17.815  -17.001  -0.208 0.5000000000
58949  15.656  -13.125  -0.063 0.2500000000
99998  19.665  -16.879  0.956 0.2500000000
55259  16.673  -17.050  0.728 0.5000000000
56165  16.135  -16.039  0.872 0.5000000000
55256  18.897  -17.295  0.525 0.3750000000
55245  17.765  -17.805  0.857 0.3750000000
56166  15.689  -15.940  1.316 0.2500000000
57091  15.543  -15.285  1.203 0.1250000000
57116  16.017  -14.855  0.309 0.1250000000
57115  16.362  -15.251  0.113 0.5000000000
55236  14.965  -17.305  2.646 0.1250000000
56128  14.491  -16.771  3.191 0.1250000000
56155  15.253  -16.183  1.948 0.1250000000
118046  14.620  -16.240  2.850 0.1250000000
109511  15.589  -14.653  0.769 0.1250000000
54381  15.971  -18.017  1.824 0.3750000000
55234  18.416  -17.912  1.748 0.2500000000
57092  15.149  -15.421  1.834 0.1250000000
54372  15.589  -18.522  2.426 0.2500000000
54370  17.058  -18.660  2.195 0.2500000000
62219  15.881  -9.728  -1.503 0.2500000000
117798  18.469  -17.622  0.891 0.2500000000
55235  15.463  -17.691  2.201 0.1250000000
54380  16.615  -18.175  1.614 0.2500000000
54371  16.218  -18.769  2.235 0.1250000000
114214  15.366  -9.721  -0.790 0.1250000000
75302  18.919  6.589  -2.098 0.1250000000
75288  19.584  6.901  -1.601 0.1250000000
75272  19.532  6.771  -0.433 0.1250000000
76131  20.226  7.304  -0.901 0.1250000000
76833  20.450  8.210  -0.172 0.1250000000
76127  20.021  7.432  0.304 0.1250000000
76125  19.912  7.576  1.299 0.1250000000
59720  15.267  -12.168  0.176 0.1250000000
61259  15.275  -10.466  -0.498 0.1250000000
72938  17.229  3.846  -2.740 0.1250000000
74470  17.817  5.961  -2.096 0.1250000000
74453  18.236  6.133  -0.706 0.1250000000
75289  18.801  6.506  -1.080 0.1250000000
75264  19.191  6.277  0.769 0.1250000000
76829  20.387  8.396  1.061 0.1250000000
74482  18.082  5.957  -2.998 0.1250000000
63101  16.048  -8.325  -2.016 0.1250000000
116703  16.375  -10.058  -2.152 0.1250000000
60467  15.636  -11.266  -0.805 0.1250000000
60457  15.213  -11.296  -0.160 0.1250000000
72948  17.344  3.687  -3.533 0.1250000000
62233  15.848  -8.935  -1.634 0.1250000000
120172  15.169  -9.300  -0.490 0.1250000000
62210  15.013  -9.735  -0.209 0.1250000000
75273  19.089  6.176  -0.078 0.1250000000
75263  19.507  6.773  0.668 0.1250000000
76124  20.542  8.630  2.128 0.1250000000
57101  21.666  -15.244  0.534 0.1250000000
58034  21.806  -14.787  -0.274 0.1250000000
110029  22.435  -14.293  -0.339 0.1250000000
58957  22.691  -13.621  -1.821 0.1250000000
100501  22.811  -13.169  -2.516 0.1250000000
101206  23.394  -12.529  -2.423 0.1250000000
60490  23.064  -12.105  -3.071 0.1250000000
60477  24.995  -11.773  -2.044 0.1250000000
60478  24.172  -12.061  -2.122 0.1250000000
60489  23.684  -11.844  -2.594 0.1250000000
60487  25.324  -11.224  -2.313 0.1250000000
61279  23.835  -10.644  -2.572 0.1250000000
61277  25.507  -10.352  -2.350 0.1250000000
61278  24.772  -10.790  -2.444 0.1250000000
62229  24.514  -9.962  -2.303 0.1250000000
54379  17.410  -18.200  1.541 0.1250000000
55233  19.377  -17.637  2.267 0.1250000000
56144  19.747  -17.170  1.797 0.1250000000
56143  20.352  -16.736  1.758 0.1250000000
116195  21.858  -15.467  1.348 0.1250000000
57090  21.233  -15.809  1.115 0.1250000000
116657  22.433  -14.578  0.434 0.1250000000
58936  23.077  -13.792  -0.311 0.1250000000
59731  23.704  -13.136  -0.797 0.1250000000
59743  23.898  -12.590  -1.599 0.1250000000
59742  24.596  -12.215  -1.533 0.1250000000
62218  25.104  -9.284  -2.002 0.1250000000
116932  26.072  -9.370  -2.112 0.1250000000
63086  24.775  -8.400  -1.734 0.1250000000
56154  20.487  -16.319  0.976 0.1250000000
103716  22.570  -13.986  -1.073 0.1250000000
120727  23.761  -11.300  -2.621 0.1250000000
54369  17.900  -18.456  2.426 0.1250000000
56153  21.030  -16.279  1.737 0.1250000000
120250  22.767  -14.176  0.110 0.1250000000
58956  23.282  -13.105  -1.738 0.1250000000
101572  23.073  -13.536  -1.149 0.1250000000
60488  24.423  -11.456  -2.414 0.1250000000
61268  26.114  -10.969  -2.312 0.1250000000
54368  18.862  -18.274  2.892 0.1250000000
58082  20.233  -14.144  -3.409 0.7500000000
58083  19.635  -14.309  -3.113 0.7500000000
60505  17.781  -11.419  -3.305 0.7500000000
61315  21.316  -9.859  -5.502 0.8750000000
61317  18.857  -9.860  -5.120 0.8750000000
64708  20.009  -6.204  -4.322 1.0000000000
68091  27.317  -2.359  -1.607 0.1250000000
68977  19.049  -1.723  -4.143 1.0000000000
68981  15.620  -1.118  -4.384 0.5000000000
69823  23.124  -0.561  -0.974 0.7500000000
69868  16.167  -0.570  -4.698 0.6250000000
70589  26.708  0.651  -0.352 0.3750000000
71410  27.507  0.767  -1.870 0.2500000000
71437  17.322  1.741  -4.437 0.5000000000
72162  26.625  2.839  -0.096 0.5000000000
72206  27.453  2.550  -4.841 0.1250000000
72910  26.330  3.491  -0.051 0.5000000000
72911  25.695  3.459  0.150 0.7500000000
72917  27.439  3.571  -1.047 0.5000000000
73672  25.892  4.119  -0.063 0.7500000000
73695  27.552  4.426  -1.432 0.3750000000
73722  28.083  4.642  -3.951 0.1250000000
74465  26.895  5.870  -1.296 0.6250000000
74499  27.370  5.347  -6.295 0.1250000000
74521  24.952  5.976  -9.472 0.1250000000
75271  25.031  6.344  -0.743 0.7500000000
75283  27.129  6.495  -1.729 0.6250000000
75339  26.389  6.640  -8.106 0.1250000000
76137  26.894  7.370  -1.901 0.6250000000
76175  27.521  7.633  -4.855 0.2500000000
76189  27.138  7.675  -6.753 0.1250000000
76194  26.915  7.311  -7.249 0.1250000000
76200  26.228  7.359  -8.460 0.1250000000
76858  26.858  8.656  -2.598 0.6250000000
76871  27.155  8.900  -3.938 0.3750000000
76898  26.094  8.114  -8.834 0.1250000000
78009  26.039  10.195  -3.151 0.3750000000
100509  25.100  -1.499  -0.318 0.6250000000
106304  22.365  -6.738  -2.412 0.7500000000
110906  27.321  0.502  -1.155 0.2500000000
112798  25.900  1.390  0.250 0.5000000000
113097  27.355  1.972  -0.857 0.5000000000
113504  26.283  9.479  -8.621 0.1250000000
115768  15.816  -0.786  -4.567 0.5000000000
116685  24.945  9.024  -2.440 0.7500000000
117748  27.405  7.541  -3.207 0.3750000000
118369  15.409  -1.291  -2.431 0.2500000000
118485  23.767  3.204  -0.403 0.8750000000
118681  18.163  -1.121  -4.446 1.0000000000
