#!ascii label  , from subject sub-v1s5x0050722_ses-1 vox2ras=TkReg
264
65487  23.939  -5.496  -1.428 0.0000000000
58970  21.542  -14.335  -2.541 0.0000000000
69824  22.501  -0.442  -1.506 0.0000000000
77446  23.318  9.350  -3.525 0.0000000000
57124  19.685  -15.725  -1.676 0.0000000000
71396  26.458  1.362  0.002 0.0000000000
73683  26.276  4.837  -0.420 0.0000000000
63900  21.891  -6.894  -2.942 0.0000000000
107932  22.467  -10.151  -3.666 0.0000000000
63087  23.942  -8.147  -1.758 0.0000000000
100133  26.314  -4.204  -0.987 0.0000000000
64687  27.049  -6.477  -1.724 0.0000000000
67174  23.373  -2.964  -1.087 0.0000000000
68944  26.514  -1.657  -0.639 0.0000000000
75287  23.895  6.584  -2.434 0.0000000000
118302  26.651  7.012  -1.537 0.0000000000
101206  23.394  -12.529  -2.423 0.0000000000
72919  24.305  3.645  -0.069 0.0000000000
73685  24.255  4.582  -0.308 0.0000000000
64680  22.631  -6.172  -1.953 0.0000000000
63898  23.139  -7.851  -1.996 0.0000000000
63887  23.816  -7.185  -1.635 0.0000000000
58056  20.812  -14.934  -2.229 0.0000000000
105575  22.771  -1.221  -1.312 0.0000000000
68076  24.732  -2.165  -0.493 0.0000000000
105911  24.865  -0.792  -0.238 0.0000000000
72178  27.676  2.703  -1.512 0.0000000000
71394  27.367  1.160  -1.085 0.0000000000
76861  21.716  8.683  -4.403 0.0000000000
75299  21.874  7.413  -4.955 0.0000000000
76153  23.669  7.528  -3.246 0.0000000000
106805  26.970  9.760  -5.438 0.0000000000
76878  27.168  9.151  -4.818 0.0000000000
76151  26.434  8.406  -1.922 0.0000000000
76165  27.507  7.573  -3.990 0.0000000000
75297  27.653  6.250  -2.468 0.0000000000
61279  23.835  -10.644  -2.572 0.0000000000
60502  23.184  -11.222  -2.936 0.0000000000
56180  18.538  -16.278  -1.102 0.0000000000
71398  23.958  0.936  -0.528 0.0000000000
103169  24.285  1.786  -0.273 0.0000000000
72155  26.123  2.957  0.225 0.0000000000
110670  27.933  3.663  -1.873 0.0000000000
62252  21.639  -9.168  -4.845 0.0000000000
63109  22.265  -8.442  -3.306 0.0000000000
63098  23.433  -8.678  -2.228 0.0000000000
62218  25.104  -9.284  -2.002 0.0000000000
66309  24.490  -4.655  -1.159 0.0000000000
64677  25.246  -6.292  -1.382 0.0000000000
66307  26.726  -4.856  -1.399 0.0000000000
65498  21.676  -5.176  -2.426 0.0000000000
67184  21.782  -3.824  -2.088 0.0000000000
103705  23.251  -3.956  -1.318 0.0000000000
67173  24.252  -3.684  -0.932 0.0000000000
68092  26.390  -2.522  -0.700 0.0000000000
68942  27.307  -1.569  -1.693 0.0000000000
69808  26.386  -0.114  -0.320 0.0000000000
69821  27.171  -0.776  -1.244 0.0000000000
74477  23.513  5.915  -2.842 0.0000000000
77444  25.369  9.477  -2.552 0.0000000000
76836  25.102  8.460  -2.136 0.0000000000
116386  24.925  6.971  -1.217 0.0000000000
74466  24.339  5.939  -0.953 0.0000000000
74449  26.312  5.756  -0.771 0.0000000000
74476  27.990  5.321  -2.710 0.0000000000
58982  21.938  -13.188  -3.888 0.0000000000
61304  22.188  -10.649  -4.531 0.0000000000
109555  25.565  -6.916  -1.503 0.0000000000
112006  26.128  -8.033  -1.696 0.0000000000
73686  23.534  4.575  -1.186 0.0000000000
64679  23.410  -6.275  -1.631 0.0000000000
55258  17.379  -17.313  0.414 0.0000000000
56163  18.627  -17.039  -0.117 0.0000000000
58055  21.538  -14.611  -1.755 0.0000000000
68929  23.468  -1.365  -0.822 0.0000000000
69809  23.935  -0.667  -0.540 0.0000000000
72188  27.993  2.918  -2.489 0.0000000000
111055  27.811  2.193  -2.252 0.0000000000
76860  22.017  8.943  -4.629 0.0000000000
76166  21.682  8.336  -4.811 0.0000000000
76154  22.426  8.174  -4.628 0.0000000000
76845  23.225  8.563  -3.614 0.0000000000
76870  27.357  8.319  -4.406 0.0000000000
75321  27.583  6.997  -5.336 0.0000000000
61278  24.772  -10.790  -2.444 0.0000000000
58069  20.065  -14.817  -2.798 0.0000000000
71399  23.312  1.726  -0.788 0.0000000000
72165  23.586  2.524  -0.570 0.0000000000
73673  25.071  4.021  0.088 0.0000000000
72912  25.039  3.339  0.103 0.0000000000
110384  26.517  4.041  -0.322 0.0000000000
72918  26.928  3.508  -0.412 0.0000000000
73682  27.037  4.258  -0.699 0.0000000000
115173  22.641  9.881  -3.738 0.0000000000
63117  21.662  -8.354  -4.083 0.0000000000
63908  21.786  -7.629  -3.445 0.0000000000
63099  22.785  -8.412  -2.612 0.0000000000
63097  24.209  -9.015  -1.984 0.0000000000
63086  24.775  -8.400  -1.734 0.0000000000
56171  19.270  -16.178  -1.271 0.0000000000
106963  19.181  -16.606  -0.590 0.0000000000
66308  25.638  -4.826  -1.081 0.0000000000
68093  22.576  -2.637  -1.476 0.0000000000
67175  22.143  -3.199  -1.768 0.0000000000
107579  22.439  -3.936  -1.682 0.0000000000
103050  22.735  -3.343  -1.454 0.0000000000
68075  25.691  -1.986  -0.444 0.0000000000
106108  27.019  -2.081  -1.055 0.0000000000
68943  27.031  -1.406  -0.991 0.0000000000
71397  25.132  0.932  0.009 0.0000000000
70590  25.519  -0.069  -0.075 0.0000000000
109453  26.089  0.662  0.088 0.0000000000
70615  27.334  -0.037  -1.541 0.0000000000
119213  27.379  -0.801  -2.897 0.0000000000
75298  23.190  6.881  -3.865 0.0000000000
74478  22.784  6.030  -4.419 0.0000000000
102225  26.823  9.539  -3.886 0.0000000000
77465  26.746  10.028  -4.600 0.0000000000
77443  26.042  9.712  -2.553 0.0000000000
76835  25.973  9.099  -2.041 0.0000000000
76138  26.202  7.607  -1.336 0.0000000000
118136  25.719  7.706  -1.320 0.0000000000
76130  25.585  7.090  -1.046 0.0000000000
75286  24.405  6.478  -1.395 0.0000000000
75270  25.769  6.354  -0.694 0.0000000000
75284  26.371  6.613  -1.150 0.0000000000
110666  27.886  6.019  -4.083 0.0000000000
117175  27.921  5.906  -3.253 0.0000000000
74488  28.057  5.262  -3.618 0.0000000000
73718  28.134  4.571  -3.176 0.0000000000
58983  21.254  -13.347  -4.050 0.0000000000
62251  22.176  -9.709  -4.280 0.0000000000
60489  23.684  -11.844  -2.594 0.0000000000
60503  22.713  -11.649  -3.473 0.0000000000
60490  23.064  -12.105  -3.071 0.0000000000
59754  22.806  -12.714  -3.033 0.0000000000
64676  26.188  -6.375  -1.468 0.0000000000
72921  23.290  3.173  -0.977 0.0000000000
72920  23.645  3.847  -0.651 0.0000000000
73684  25.303  4.813  -0.139 0.0000000000
63899  22.425  -7.562  -2.651 0.0000000000
63888  22.910  -6.982  -1.960 0.0000000000
57123  20.415  -15.484  -1.509 0.0000000000
57113  20.012  -16.060  -0.853 0.0000000000
57112  20.723  -15.562  -0.746 0.0000000000
57111  21.237  -15.300  -0.295 0.0000000000
67171  27.075  -3.818  -1.397 0.0000000000
66321  27.401  -4.492  -1.968 0.0000000000
68945  22.369  -1.834  -1.587 0.0000000000
106600  23.040  -2.040  -1.170 0.0000000000
67156  24.257  -2.818  -0.735 0.0000000000
68077  23.824  -2.151  -0.753 0.0000000000
68928  24.299  -1.450  -0.491 0.0000000000
115264  25.894  -1.024  -0.264 0.0000000000
107162  26.848  2.081  -0.220 0.0000000000
71395  27.025  1.305  -0.471 0.0000000000
111890  27.614  1.716  -1.675 0.0000000000
71422  27.659  1.455  -2.549 0.0000000000
115260  26.898  9.121  -3.140 0.0000000000
113719  26.419  9.196  -2.426 0.0000000000
76150  27.090  7.950  -2.521 0.0000000000
105118  27.358  7.109  -2.599 0.0000000000
117002  27.294  6.798  -2.131 0.0000000000
112045  27.659  6.744  -3.452 0.0000000000
75314  27.679  6.856  -4.473 0.0000000000
61280  22.920  -10.148  -2.910 0.0000000000
120727  23.761  -11.300  -2.621 0.0000000000
56172  18.359  -16.705  -0.606 0.0000000000
104870  18.117  -15.763  -1.225 0.0000000000
57136  19.461  -15.255  -2.242 0.0000000000
57135  20.086  -15.313  -2.164 0.0000000000
58068  20.856  -14.402  -3.108 0.0000000000
70605  22.779  0.211  -1.207 0.0000000000
70592  23.513  0.153  -0.703 0.0000000000
108214  25.321  1.945  0.188 0.0000000000
72164  24.530  2.738  -0.081 0.0000000000
72156  25.528  2.773  0.226 0.0000000000
72163  26.162  2.172  0.258 0.0000000000
72161  27.218  2.798  -0.601 0.0000000000
77456  21.951  9.345  -3.855 0.0000000000
76859  22.351  9.370  -3.890 0.0000000000
62241  22.031  -8.998  -3.932 0.0000000000
100778  22.493  -9.343  -3.352 0.0000000000
119321  22.610  -8.836  -2.972 0.0000000000
62231  22.945  -9.159  -2.720 0.0000000000
62230  23.607  -9.583  -2.429 0.0000000000
62229  24.514  -9.962  -2.303 0.0000000000
61277  25.507  -10.352  -2.350 0.0000000000
107282  24.899  -5.533  -1.267 0.0000000000
65486  25.932  -5.608  -1.286 0.0000000000
65485  26.837  -5.743  -1.556 0.0000000000
65496  27.367  -5.272  -1.904 0.0000000000
108703  27.361  -5.919  -1.920 0.0000000000
64688  21.948  -6.078  -2.522 0.0000000000
65497  22.337  -5.376  -1.987 0.0000000000
65488  23.059  -5.475  -1.600 0.0000000000
66322  22.067  -4.581  -1.999 0.0000000000
66311  22.759  -4.690  -1.618 0.0000000000
66310  23.544  -4.756  -1.393 0.0000000000
118964  23.866  -4.266  -1.212 0.0000000000
67172  25.424  -3.998  -0.793 0.0000000000
67155  25.319  -2.964  -0.636 0.0000000000
113757  26.342  -3.432  -0.808 0.0000000000
104558  27.036  -2.889  -1.148 0.0000000000
68091  27.317  -2.359  -1.607 0.0000000000
70591  24.483  0.073  -0.307 0.0000000000
69822  26.737  -0.849  -0.672 0.0000000000
70588  27.127  0.710  -0.734 0.0000000000
70604  27.048  -0.002  -0.794 0.0000000000
109011  23.528  5.232  -1.908 0.0000000000
77445  24.365  9.439  -3.046 0.0000000000
76844  24.257  8.770  -2.877 0.0000000000
76152  24.421  7.965  -2.598 0.0000000000
76139  24.441  7.166  -1.980 0.0000000000
100851  25.771  8.330  -1.631 0.0000000000
75285  25.186  7.689  -1.577 0.0000000000
74467  23.881  5.907  -1.654 0.0000000000
74452  23.907  5.344  -0.962 0.0000000000
74451  24.701  5.490  -0.474 0.0000000000
74450  25.572  5.636  -0.452 0.0000000000
74464  27.578  5.439  -1.796 0.0000000000
73696  26.966  5.098  -1.061 0.0000000000
73710  28.003  4.539  -2.243 0.0000000000
110668  28.120  3.767  -2.836 0.0000000000
58081  20.866  -13.889  -3.670 0.0000000000
103587  21.609  -13.811  -3.400 0.0000000000
60515  21.807  -11.461  -4.873 0.0000000000
61291  22.599  -10.896  -3.521 0.0000000000
60514  22.313  -11.575  -4.164 0.0000000000
59772  21.971  -12.117  -4.505 0.0000000000
58969  22.356  -13.241  -3.286 0.0000000000
64678  24.318  -6.298  -1.458 0.0000000000
63886  24.776  -7.004  -1.514 0.0000000000
117529  24.513  -7.680  -1.608 0.0000000000
63884  26.401  -7.247  -1.646 0.0000000000
63885  25.382  -7.689  -1.593 0.0000000000
63085  25.612  -8.564  -1.790 0.0000000000
63084  26.283  -8.583  -1.895 0.0000000000
69823  23.124  -0.561  -0.974 0.0000000000
69832  27.373  -0.678  -2.179 0.0000000000
70589  26.708  0.651  -0.352 0.0000000000
71410  27.507  0.767  -1.870 0.0000000000
71411  23.013  0.934  -0.951 0.0000000000
72162  26.625  2.839  -0.096 0.0000000000
72910  26.330  3.491  -0.051 0.0000000000
72911  25.695  3.459  0.150 0.0000000000
72917  27.439  3.571  -1.047 0.0000000000
73672  25.892  4.119  -0.063 0.0000000000
73695  27.552  4.426  -1.432 0.0000000000
74465  26.895  5.870  -1.296 0.0000000000
75271  25.031  6.344  -0.743 0.0000000000
75283  27.129  6.495  -1.729 0.0000000000
76137  26.894  7.370  -1.901 0.0000000000
76857  27.249  8.318  -3.398 0.0000000000
76858  26.858  8.656  -2.598 0.0000000000
76871  27.155  8.900  -3.938 0.0000000000
100509  25.100  -1.499  -0.318 0.0000000000
106304  22.365  -6.738  -2.412 0.0000000000
110906  27.321  0.502  -1.155 0.0000000000
112798  25.900  1.390  0.250 0.0000000000
113097  27.355  1.972  -0.857 0.0000000000
116685  24.945  9.024  -2.440 0.0000000000
117748  27.405  7.541  -3.207 0.0000000000
118485  23.767  3.204  -0.403 0.0000000000
