#!ascii label  , from subject sub-v1s5x0050752_ses-1 vox2ras=TkReg
1163
84158  -58.617  14.016  30.262 0.0000000000
96651  -51.650  31.354  25.640 0.0000000000
88981  -47.907  20.437  32.012 0.0000000000
89055  -54.301  20.506  24.315 0.0000000000
94094  -47.903  27.919  19.652 0.0000000000
91935  -53.452  25.413  20.634 0.0000000000
89830  -51.722  20.800  16.919 0.0000000000
89051  -48.496  20.504  24.377 0.0000000000
79405  -53.595  6.737  36.366 0.0000000000
81767  -56.105  10.267  33.990 0.0000000000
113705  -48.642  35.993  29.878 0.0000000000
98766  -47.673  36.083  24.810 0.0000000000
97734  -50.739  33.641  18.628 0.0000000000
86329  -53.827  16.928  32.475 0.0000000000
92615  -47.683  26.071  24.951 0.0000000000
90478  -52.508  22.764  27.800 0.0000000000
130592  -56.360  20.037  30.099 0.0000000000
87049  -51.632  16.986  28.323 0.0000000000
86376  -46.717  16.853  28.682 0.0000000000
84169  -57.565  14.595  28.459 0.0000000000
93370  -49.203  25.706  16.585 0.0000000000
91965  -49.399  24.184  18.366 0.0000000000
89850  -48.985  21.242  14.862 0.0000000000
125512  -47.795  21.892  18.767 0.0000000000
79396  -56.328  8.213  36.670 0.0000000000
111909  -53.840  9.428  37.045 0.0000000000
112175  -47.658  35.640  32.156 0.0000000000
98782  -49.054  35.583  21.669 0.0000000000
119450  -51.300  14.855  32.561 0.0000000000
87706  -50.474  18.179  32.228 0.0000000000
96621  -53.251  31.404  29.355 0.0000000000
95401  -51.592  29.212  25.674 0.0000000000
90572  -55.256  22.424  21.157 0.0000000000
90544  -52.322  22.856  23.864 0.0000000000
90514  -55.700  22.662  25.625 0.0000000000
89739  -56.236  22.802  29.869 0.0000000000
113285  -55.510  21.274  27.787 0.0000000000
87051  -53.453  17.600  28.942 0.0000000000
88417  -52.496  19.178  26.176 0.0000000000
87772  -48.030  18.927  26.670 0.0000000000
95420  -48.129  29.906  22.922 0.0000000000
94786  -53.019  29.410  22.283 0.0000000000
93346  -51.390  27.032  20.310 0.0000000000
91291  -54.266  22.993  18.275 0.0000000000
89090  -53.328  20.617  20.539 0.0000000000
114731  -51.889  20.033  23.934 0.0000000000
89801  -50.267  20.641  21.588 0.0000000000
89789  -46.923  21.770  22.822 0.0000000000
80196  -54.419  8.456  33.027 0.0000000000
80968  -58.025  9.078  32.272 0.0000000000
83329  -57.239  11.742  32.158 0.0000000000
97640  -48.770  33.784  32.605 0.0000000000
97650  -52.425  34.272  31.564 0.0000000000
97669  -50.344  33.831  28.644 0.0000000000
97163  -47.070  32.905  26.009 0.0000000000
97202  -46.710  32.090  21.574 0.0000000000
96110  -48.484  30.990  18.688 0.0000000000
94828  -51.213  28.365  14.916 0.0000000000
97261  -51.895  31.965  15.445 0.0000000000
82555  -51.820  11.454  33.269 0.0000000000
84139  -53.738  13.368  32.426 0.0000000000
130519  -56.838  15.477  32.546 0.0000000000
91213  -47.167  22.898  28.281 0.0000000000
92631  -50.592  25.810  22.751 0.0000000000
90509  -50.198  22.863  25.673 0.0000000000
89734  -50.230  22.214  29.921 0.0000000000
89002  -53.057  21.015  30.590 0.0000000000
87726  -56.930  19.653  32.168 0.0000000000
86351  -57.990  16.739  30.787 0.0000000000
85685  -55.214  15.897  30.196 0.0000000000
84977  -52.666  14.432  29.514 0.0000000000
84975  -50.454  14.265  29.396 0.0000000000
88415  -50.695  18.839  26.107 0.0000000000
121064  -48.906  16.841  28.550 0.0000000000
84994  -47.175  13.877  28.885 0.0000000000
82584  -58.407  12.023  29.823 0.0000000000
83368  -58.712  13.384  28.038 0.0000000000
84170  -58.415  14.747  28.498 0.0000000000
92681  -49.851  25.213  13.766 0.0000000000
91978  -49.260  23.354  15.222 0.0000000000
90641  -48.403  22.399  13.803 0.0000000000
115758  -46.788  21.828  15.627 0.0000000000
88356  -48.947  19.152  32.248 0.0000000000
116960  -52.418  31.534  27.666 0.0000000000
89074  -55.255  21.110  22.386 0.0000000000
90547  -55.414  22.361  23.818 0.0000000000
89776  -55.798  21.778  24.282 0.0000000000
89761  -56.062  22.154  26.213 0.0000000000
89037  -55.149  21.139  25.690 0.0000000000
88406  -53.842  19.640  27.257 0.0000000000
89054  -53.404  20.087  24.845 0.0000000000
94794  -48.063  28.491  21.342 0.0000000000
94795  -49.283  28.352  21.645 0.0000000000
94079  -48.668  26.639  20.151 0.0000000000
91288  -51.602  21.965  16.821 0.0000000000
91279  -51.520  23.405  18.190 0.0000000000
90611  -52.832  21.461  17.440 0.0000000000
89833  -53.834  21.541  18.146 0.0000000000
118366  -52.629  20.759  18.358 0.0000000000
89078  -51.252  20.593  20.719 0.0000000000
112208  -50.624  20.751  19.017 0.0000000000
131818  -47.218  22.055  21.282 0.0000000000
80954  -56.907  9.141  35.765 0.0000000000
80183  -57.847  8.949  34.580 0.0000000000
81768  -57.480  9.774  33.820 0.0000000000
81775  -58.064  9.806  32.284 0.0000000000
82561  -55.989  11.379  32.646 0.0000000000
115613  -47.337  35.453  30.582 0.0000000000
98694  -51.199  35.510  32.352 0.0000000000
98711  -51.788  36.308  31.182 0.0000000000
98170  -52.901  35.143  30.283 0.0000000000
99316  -51.125  37.352  29.156 0.0000000000
120433  -49.032  38.269  26.908 0.0000000000
124222  -47.984  35.399  26.455 0.0000000000
98761  -47.218  35.174  25.113 0.0000000000
97174  -46.495  32.552  23.911 0.0000000000
132155  -46.851  34.269  23.065 0.0000000000
98230  -49.483  34.143  19.849 0.0000000000
97719  -48.091  32.868  19.905 0.0000000000
97226  -49.747  32.370  18.281 0.0000000000
95482  -49.781  29.284  16.854 0.0000000000
96730  -50.790  31.547  17.050 0.0000000000
96746  -51.637  30.729  15.219 0.0000000000
97239  -52.007  32.892  16.831 0.0000000000
82547  -47.508  11.211  34.750 0.0000000000
81739  -48.339  10.242  36.123 0.0000000000
81753  -49.123  10.790  34.659 0.0000000000
81755  -50.894  10.543  34.577 0.0000000000
119211  -49.825  11.747  33.613 0.0000000000
113972  -52.333  16.291  32.500 0.0000000000
84942  -52.668  13.972  32.489 0.0000000000
119447  -54.107  14.881  32.503 0.0000000000
126230  -55.255  13.888  32.399 0.0000000000
113355  -55.701  16.545  32.634 0.0000000000
93302  -46.231  26.398  26.224 0.0000000000
91219  -46.120  23.894  27.323 0.0000000000
91893  -47.176  24.361  26.147 0.0000000000
93338  -53.583  28.144  20.764 0.0000000000
93322  -51.500  27.542  22.785 0.0000000000
92632  -51.718  26.046  21.806 0.0000000000
109886  -52.542  22.584  26.012 0.0000000000
90510  -50.892  22.820  24.999 0.0000000000
109888  -51.056  22.514  26.840 0.0000000000
90460  -50.256  22.499  28.372 0.0000000000
90446  -51.682  22.540  29.278 0.0000000000
89720  -51.532  21.752  30.251 0.0000000000
89737  -53.532  22.492  29.655 0.0000000000
126438  -56.784  21.460  30.209 0.0000000000
89004  -56.484  21.666  30.947 0.0000000000
88381  -57.447  20.144  31.060 0.0000000000
87017  -57.808  18.067  31.664 0.0000000000
87026  -57.438  18.063  30.828 0.0000000000
86349  -56.968  17.055  30.580 0.0000000000
87025  -56.193  17.760  30.495 0.0000000000
87050  -52.541  17.222  28.536 0.0000000000
86369  -53.523  16.222  29.557 0.0000000000
86382  -52.202  16.506  28.847 0.0000000000
84976  -51.229  14.021  29.449 0.0000000000
86368  -50.927  15.808  29.073 0.0000000000
89061  -50.059  20.272  23.745 0.0000000000
88430  -51.138  19.727  24.588 0.0000000000
88423  -49.294  19.548  25.493 0.0000000000
87753  -47.088  17.900  27.873 0.0000000000
87056  -47.959  17.833  27.782 0.0000000000
86377  -47.452  16.648  28.770 0.0000000000
123783  -48.003  15.247  29.272 0.0000000000
85702  -46.587  15.489  29.183 0.0000000000
84971  -45.830  14.415  28.861 0.0000000000
81794  -57.464  9.635  29.555 0.0000000000
83354  -55.143  13.174  28.718 0.0000000000
93364  -48.746  26.319  17.781 0.0000000000
92654  -48.801  25.531  19.131 0.0000000000
92668  -48.808  24.703  17.671 0.0000000000
91294  -50.328  21.592  15.715 0.0000000000
89843  -50.517  20.906  16.034 0.0000000000
89818  -48.936  21.374  18.398 0.0000000000
90621  -48.258  21.371  16.447 0.0000000000
79407  -55.603  7.518  36.554 0.0000000000
79380  -55.014  7.458  38.380 0.0000000000
80953  -55.448  9.652  35.820 0.0000000000
98718  -45.235  35.152  29.703 0.0000000000
99375  -48.369  36.350  23.368 0.0000000000
98807  -51.122  35.527  19.914 0.0000000000
98823  -51.386  34.833  18.584 0.0000000000
84135  -49.940  13.740  32.835 0.0000000000
86326  -50.984  16.894  32.458 0.0000000000
87008  -52.324  17.719  32.240 0.0000000000
94760  -49.203  28.109  24.853 0.0000000000
91266  -54.396  23.702  20.898 0.0000000000
110455  -52.089  24.064  22.194 0.0000000000
90558  -53.679  22.939  22.860 0.0000000000
90530  -54.458  22.629  24.352 0.0000000000
109887  -54.302  23.117  26.836 0.0000000000
90448  -54.420  23.169  29.189 0.0000000000
90481  -55.963  23.382  27.549 0.0000000000
89021  -56.423  22.406  28.683 0.0000000000
88388  -55.648  20.226  29.331 0.0000000000
87744  -55.053  18.924  29.569 0.0000000000
88395  -54.056  19.294  28.169 0.0000000000
87767  -53.288  18.758  27.721 0.0000000000
87061  -52.096  17.969  27.493 0.0000000000
88422  -48.490  19.728  25.610 0.0000000000
89699  -46.075  21.292  31.356 0.0000000000
96059  -49.407  30.826  24.213 0.0000000000
96061  -52.427  30.860  24.115 0.0000000000
95436  -50.873  29.672  22.523 0.0000000000
94071  -52.194  28.532  21.009 0.0000000000
93348  -53.678  27.637  20.042 0.0000000000
92656  -50.441  25.187  19.578 0.0000000000
91956  -52.241  24.698  18.930 0.0000000000
91958  -54.539  25.044  18.965 0.0000000000
114769  -55.079  23.284  19.586 0.0000000000
89813  -55.064  21.345  20.400 0.0000000000
112999  -53.746  20.498  22.040 0.0000000000
89064  -52.864  20.233  23.636 0.0000000000
89071  -51.990  20.379  22.299 0.0000000000
89070  -50.957  20.410  22.398 0.0000000000
125043  -49.765  20.521  23.063 0.0000000000
110186  -49.042  21.338  20.470 0.0000000000
118461  -48.477  21.383  21.808 0.0000000000
80181  -56.424  8.110  35.271 0.0000000000
80198  -57.318  8.524  33.435 0.0000000000
80980  -57.361  9.011  31.064 0.0000000000
81779  -58.109  9.544  31.606 0.0000000000
82568  -58.226  11.177  31.402 0.0000000000
83337  -58.178  12.272  31.359 0.0000000000
97656  -48.203  32.980  30.935 0.0000000000
97641  -50.219  34.256  32.598 0.0000000000
127572  -50.879  33.147  30.864 0.0000000000
97141  -52.498  32.557  30.328 0.0000000000
97154  -52.779  32.245  29.129 0.0000000000
96629  -49.750  32.359  27.433 0.0000000000
112533  -48.949  38.063  28.565 0.0000000000
98750  -49.967  36.711  27.822 0.0000000000
97673  -48.139  33.632  27.284 0.0000000000
111167  -48.953  31.734  25.987 0.0000000000
96664  -47.554  31.549  24.696 0.0000000000
96082  -46.801  30.925  22.342 0.0000000000
111176  -47.416  29.918  20.209 0.0000000000
98206  -47.571  34.338  21.824 0.0000000000
96707  -47.811  31.586  19.625 0.0000000000
95465  -48.010  29.608  19.032 0.0000000000
120313  -49.157  28.651  17.461 0.0000000000
94106  -50.314  27.159  15.577 0.0000000000
94862  -50.576  27.823  14.014 0.0000000000
96155  -50.450  29.936  14.263 0.0000000000
97762  -51.861  33.937  17.111 0.0000000000
81749  -52.621  10.027  35.381 0.0000000000
81765  -53.443  10.679  33.874 0.0000000000
83323  -51.452  12.954  32.626 0.0000000000
83325  -52.825  12.343  32.599 0.0000000000
82560  -54.624  11.490  32.766 0.0000000000
84141  -55.362  12.836  32.298 0.0000000000
84143  -57.087  13.861  32.250 0.0000000000
84956  -58.310  14.906  31.624 0.0000000000
90427  -47.312  22.041  30.353 0.0000000000
95412  -53.073  29.870  23.899 0.0000000000
94052  -50.521  27.566  23.575 0.0000000000
92622  -49.114  26.007  23.894 0.0000000000
91256  -51.241  24.262  22.734 0.0000000000
91249  -49.698  24.093  24.256 0.0000000000
91905  -48.555  24.582  24.887 0.0000000000
90491  -48.891  22.918  26.805 0.0000000000
90443  -48.357  22.393  29.410 0.0000000000
89718  -48.727  21.757  30.722 0.0000000000
88984  -50.643  20.385  31.283 0.0000000000
122917  -51.817  19.736  31.354 0.0000000000
87723  -53.365  18.801  31.790 0.0000000000
89003  -54.324  21.192  30.743 0.0000000000
88369  -55.274  20.062  31.618 0.0000000000
87710  -55.021  18.530  32.263 0.0000000000
86331  -56.869  17.312  32.587 0.0000000000
85674  -58.014  16.334  32.024 0.0000000000
85689  -58.317  15.550  30.112 0.0000000000
85711  -57.845  15.527  29.534 0.0000000000
84981  -56.756  15.086  29.745 0.0000000000
84167  -54.744  13.668  29.325 0.0000000000
86370  -54.271  16.711  29.811 0.0000000000
115831  -54.002  14.884  29.776 0.0000000000
84166  -53.708  13.633  29.366 0.0000000000
83351  -52.251  13.185  29.138 0.0000000000
84183  -50.411  13.213  28.859 0.0000000000
126895  -52.597  19.739  24.995 0.0000000000
88416  -51.678  18.951  26.078 0.0000000000
87059  -50.559  17.739  27.490 0.0000000000
87773  -48.994  18.686  26.640 0.0000000000
87058  -49.644  17.730  27.584 0.0000000000
86379  -49.855  16.830  28.469 0.0000000000
85705  -49.391  15.376  29.253 0.0000000000
118537  -48.621  14.630  29.278 0.0000000000
83345  -58.583  13.060  30.042 0.0000000000
83355  -58.653  13.183  28.977 0.0000000000
84188  -58.669  14.194  28.189 0.0000000000
84171  -58.685  14.144  29.136 0.0000000000
92689  -49.530  25.088  13.647 0.0000000000
91309  -48.659  23.257  13.763 0.0000000000
91981  -47.896  23.771  14.004 0.0000000000
88355  -48.044  19.641  32.299 0.0000000000
88363  -48.678  20.099  31.952 0.0000000000
96637  -51.863  31.459  26.716 0.0000000000
96638  -52.965  31.102  27.131 0.0000000000
96034  -52.705  31.033  26.007 0.0000000000
89066  -55.045  20.847  23.095 0.0000000000
89786  -55.591  21.583  23.346 0.0000000000
89046  -55.272  21.191  24.674 0.0000000000
115405  -54.398  20.554  25.026 0.0000000000
89045  -53.896  20.192  25.633 0.0000000000
94087  -47.947  27.783  20.237 0.0000000000
94069  -48.502  27.763  20.998 0.0000000000
94088  -48.203  27.179  19.644 0.0000000000
89844  -51.206  20.869  16.497 0.0000000000
90610  -51.864  21.121  16.836 0.0000000000
89831  -52.371  20.938  17.261 0.0000000000
89820  -51.718  20.634  17.862 0.0000000000
89088  -51.444  20.652  19.405 0.0000000000
119161  -50.996  20.650  17.529 0.0000000000
79412  -54.406  7.177  35.845 0.0000000000
81759  -56.030  9.846  35.007 0.0000000000
81760  -57.317  9.423  34.806 0.0000000000
81774  -57.483  10.324  32.901 0.0000000000
81773  -56.030  10.779  33.126 0.0000000000
132103  -47.786  35.527  30.013 0.0000000000
98709  -49.567  36.063  30.570 0.0000000000
98710  -50.972  37.024  30.276 0.0000000000
99304  -51.822  36.955  30.180 0.0000000000
98721  -49.953  37.316  29.541 0.0000000000
99357  -48.556  37.724  25.629 0.0000000000
129376  -48.739  37.996  26.291 0.0000000000
98762  -48.178  36.646  25.798 0.0000000000
98196  -47.565  35.337  25.894 0.0000000000
98198  -46.710  34.306  24.551 0.0000000000
98765  -47.064  35.031  24.230 0.0000000000
97721  -50.211  33.873  19.180 0.0000000000
97733  -49.794  33.098  18.746 0.0000000000
97227  -50.673  33.033  18.202 0.0000000000
96729  -49.813  31.626  17.766 0.0000000000
97237  -50.660  32.318  17.668 0.0000000000
97249  -51.552  32.272  16.969 0.0000000000
97238  -51.531  33.016  17.564 0.0000000000
83316  -46.884  12.661  33.915 0.0000000000
82551  -47.388  11.873  34.244 0.0000000000
81752  -48.278  10.946  34.757 0.0000000000
82548  -48.744  11.332  34.272 0.0000000000
82549  -49.638  11.206  34.071 0.0000000000
113971  -53.200  16.332  32.498 0.0000000000
85669  -52.748  15.627  32.519 0.0000000000
127526  -53.788  16.364  32.514 0.0000000000
85671  -54.838  15.682  32.559 0.0000000000
113970  -54.458  16.405  32.549 0.0000000000
94032  -47.509  27.322  25.399 0.0000000000
92607  -46.706  25.982  25.705 0.0000000000
91892  -46.453  24.790  26.377 0.0000000000
92608  -47.351  25.574  25.353 0.0000000000
119788  -53.371  27.254  20.852 0.0000000000
93331  -53.080  27.719  21.386 0.0000000000
91934  -52.629  25.780  21.179 0.0000000000
90495  -52.884  22.702  26.839 0.0000000000
90494  -51.801  22.533  26.385 0.0000000000
130417  -51.864  22.554  27.133 0.0000000000
110182  -51.295  22.551  27.824 0.0000000000
90461  -52.128  22.726  28.622 0.0000000000
89736  -52.193  22.304  29.708 0.0000000000
90447  -52.865  22.778  29.209 0.0000000000
88380  -57.201  20.792  30.767 0.0000000000
87736  -57.005  19.668  30.625 0.0000000000
87737  -57.526  19.130  30.987 0.0000000000
109990  -56.859  18.706  30.613 0.0000000000
87735  -55.730  18.551  30.212 0.0000000000
130445  -52.128  17.514  27.995 0.0000000000
86381  -51.487  16.350  28.787 0.0000000000
86380  -50.792  16.560  28.590 0.0000000000
89052  -49.459  20.200  24.359 0.0000000000
89053  -50.285  19.943  24.446 0.0000000000
89043  -48.924  20.010  24.986 0.0000000000
87044  -46.742  17.476  28.284 0.0000000000
87045  -47.507  17.294  28.352 0.0000000000
86364  -47.026  16.123  29.065 0.0000000000
86363  -46.213  16.128  29.059 0.0000000000
81795  -57.878  10.223  29.090 0.0000000000
83367  -56.866  13.731  27.352 0.0000000000
84185  -56.459  13.675  28.238 0.0000000000
111156  -48.744  25.382  17.683 0.0000000000
92673  -49.060  24.537  16.397 0.0000000000
91299  -49.268  22.220  14.288 0.0000000000
109369  -49.504  22.687  15.714 0.0000000000
90629  -49.700  21.495  15.015 0.0000000000
90622  -50.122  21.247  15.622 0.0000000000
89842  -49.587  21.049  15.527 0.0000000000
89828  -49.485  20.958  16.683 0.0000000000
89841  -48.389  21.256  15.521 0.0000000000
90608  -46.829  21.846  16.984 0.0000000000
79369  -54.452  7.595  39.084 0.0000000000
80949  -54.614  9.541  36.434 0.0000000000
98707  -45.393  35.377  30.514 0.0000000000
98794  -51.139  36.336  20.587 0.0000000000
99399  -51.212  36.191  20.109 0.0000000000
99994  -50.787  37.130  20.166 0.0000000000
87705  -49.508  18.322  32.328 0.0000000000
86325  -50.163  16.890  32.474 0.0000000000
127962  -50.541  17.431  32.391 0.0000000000
87007  -51.273  17.585  32.311 0.0000000000
87707  -51.483  18.331  32.055 0.0000000000
96620  -52.570  31.371  29.573 0.0000000000
94748  -50.052  28.667  25.493 0.0000000000
90571  -54.971  22.905  21.529 0.0000000000
91258  -53.927  23.248  21.945 0.0000000000
90559  -54.763  22.721  22.502 0.0000000000
90531  -55.549  22.430  24.694 0.0000000000
90513  -54.830  22.775  25.290 0.0000000000
109885  -53.717  22.737  25.939 0.0000000000
90496  -55.145  23.077  26.163 0.0000000000
90480  -55.373  23.330  26.905 0.0000000000
90497  -55.907  23.108  26.502 0.0000000000
110409  -55.389  21.347  26.784 0.0000000000
89754  -56.228  22.496  27.389 0.0000000000
89020  -55.646  20.911  28.627 0.0000000000
88396  -54.836  19.872  28.589 0.0000000000
88407  -54.656  20.214  27.959 0.0000000000
88418  -53.374  19.616  26.312 0.0000000000
88405  -52.922  18.992  26.938 0.0000000000
126045  -52.617  18.423  27.402 0.0000000000
87776  -52.077  18.542  26.805 0.0000000000
96070  -48.788  30.399  23.615 0.0000000000
96071  -50.391  30.516  23.599 0.0000000000
95421  -49.739  29.971  23.083 0.0000000000
94080  -50.808  27.522  20.795 0.0000000000
94796  -51.279  28.784  21.574 0.0000000000
94081  -52.699  28.061  20.516 0.0000000000
93347  -53.080  27.587  19.974 0.0000000000
91954  -49.069  24.821  18.810 0.0000000000
92655  -49.421  25.287  19.473 0.0000000000
117249  -49.738  24.501  19.013 0.0000000000
91966  -52.853  23.721  18.316 0.0000000000
91957  -53.954  25.482  18.779 0.0000000000
91280  -54.608  24.012  18.742 0.0000000000
91946  -54.856  24.297  19.195 0.0000000000
90613  -54.841  23.217  18.814 0.0000000000
89811  -53.278  20.780  19.290 0.0000000000
89812  -54.256  20.991  19.595 0.0000000000
89091  -54.501  20.818  20.802 0.0000000000
89081  -54.577  20.729  21.751 0.0000000000
117998  -53.828  20.582  21.375 0.0000000000
89072  -53.129  20.361  22.706 0.0000000000
89080  -52.979  20.458  21.709 0.0000000000
112485  -51.280  20.486  21.659 0.0000000000
89069  -50.219  20.522  22.509 0.0000000000
89809  -48.980  21.418  19.673 0.0000000000
90597  -48.081  21.823  19.636 0.0000000000
90557  -46.958  22.007  21.916 0.0000000000
89798  -47.857  21.740  21.394 0.0000000000
79413  -55.302  7.606  35.529 0.0000000000
80177  -56.311  7.963  36.086 0.0000000000
80191  -57.904  8.862  33.965 0.0000000000
80190  -57.538  8.630  34.280 0.0000000000
80961  -57.794  8.794  33.010 0.0000000000
80967  -57.048  8.727  31.856 0.0000000000
81787  -57.822  9.504  30.608 0.0000000000
82567  -58.001  10.926  31.954 0.0000000000
122453  -58.178  10.237  31.733 0.0000000000
83336  -57.765  12.146  31.788 0.0000000000
98139  -48.593  34.151  33.479 0.0000000000
97638  -46.418  33.447  32.616 0.0000000000
97639  -47.538  33.560  32.572 0.0000000000
97647  -47.826  33.281  31.693 0.0000000000
99298  -47.438  36.104  32.907 0.0000000000
115552  -49.177  35.590  32.632 0.0000000000
98147  -52.460  35.092  32.058 0.0000000000
98144  -51.514  35.115  32.611 0.0000000000
97649  -51.290  33.909  31.679 0.0000000000
97658  -50.013  33.562  31.523 0.0000000000
97659  -52.643  33.313  30.779 0.0000000000
98169  -51.960  35.226  29.551 0.0000000000
97663  -53.086  33.812  30.063 0.0000000000
125139  -51.696  33.121  29.105 0.0000000000
97159  -50.980  32.430  28.203 0.0000000000
97153  -50.588  32.990  28.454 0.0000000000
99325  -50.030  38.043  28.032 0.0000000000
98749  -49.615  37.448  27.548 0.0000000000
97677  -47.402  33.689  26.604 0.0000000000
98191  -48.040  34.691  26.962 0.0000000000
97158  -48.729  32.916  27.401 0.0000000000
96634  -47.874  32.238  26.121 0.0000000000
96649  -48.134  31.665  25.416 0.0000000000
96648  -47.289  32.181  25.331 0.0000000000
97182  -46.489  32.365  23.129 0.0000000000
96674  -46.664  31.842  23.538 0.0000000000
96692  -46.656  31.440  21.969 0.0000000000
96091  -46.930  30.604  21.592 0.0000000000
96700  -46.857  31.351  21.165 0.0000000000
98776  -48.620  35.926  22.480 0.0000000000
98781  -48.080  35.117  22.109 0.0000000000
98207  -48.457  34.790  21.337 0.0000000000
96708  -48.381  31.692  19.046 0.0000000000
120714  -48.021  31.083  19.240 0.0000000000
96109  -48.031  30.421  19.100 0.0000000000
96121  -48.608  30.110  18.336 0.0000000000
95466  -48.497  29.171  18.349 0.0000000000
95481  -49.052  29.485  17.718 0.0000000000
95498  -50.801  29.085  15.774 0.0000000000
94821  -50.370  28.242  15.989 0.0000000000
94847  -50.952  27.654  14.510 0.0000000000
94115  -50.596  26.718  14.216 0.0000000000
94128  -50.668  27.172  14.005 0.0000000000
94116  -50.874  27.741  14.201 0.0000000000
126029  -51.714  31.221  15.222 0.0000000000
95515  -51.421  29.986  14.826 0.0000000000
96157  -51.496  30.722  14.843 0.0000000000
96751  -50.593  30.948  14.301 0.0000000000
96753  -51.514  31.438  14.802 0.0000000000
98269  -51.661  34.231  17.880 0.0000000000
80938  -50.667  9.704  36.799 0.0000000000
81763  -51.206  10.997  33.838 0.0000000000
81748  -51.536  10.095  35.333 0.0000000000
81756  -51.890  10.451  34.563 0.0000000000
81757  -53.033  10.338  34.651 0.0000000000
81764  -52.308  10.848  33.825 0.0000000000
84941  -50.651  14.255  32.636 0.0000000000
84136  -50.738  13.389  32.699 0.0000000000
131372  -53.195  13.650  32.464 0.0000000000
122245  -52.870  13.082  32.463 0.0000000000
83326  -53.490  12.520  32.490 0.0000000000
117611  -53.378  11.813  32.723 0.0000000000
127998  -54.068  12.042  32.505 0.0000000000
83327  -54.950  12.024  32.442 0.0000000000
121184  -54.303  12.653  32.402 0.0000000000
84945  -56.266  14.604  32.465 0.0000000000
117323  -56.110  13.589  32.310 0.0000000000
84946  -57.460  14.893  32.337 0.0000000000
84151  -57.969  14.108  32.018 0.0000000000
132042  -58.013  14.822  32.131 0.0000000000
109286  -46.168  23.274  28.151 0.0000000000
114966  -46.933  22.358  29.668 0.0000000000
95423  -52.702  30.251  22.893 0.0000000000
96073  -52.950  30.275  23.380 0.0000000000
94763  -53.228  29.706  23.205 0.0000000000
93330  -51.541  26.769  22.289 0.0000000000
125288  -52.001  28.229  23.111 0.0000000000
123110  -50.010  27.067  23.475 0.0000000000
94051  -49.398  27.210  23.961 0.0000000000
118007  -49.781  25.541  23.457 0.0000000000
91257  -52.810  23.394  22.454 0.0000000000
91251  -51.814  23.401  23.104 0.0000000000
91235  -50.117  23.204  25.025 0.0000000000
91241  -50.362  23.513  24.294 0.0000000000
111609  -49.740  23.609  24.746 0.0000000000
91240  -49.169  23.967  24.830 0.0000000000
91234  -49.460  23.349  25.429 0.0000000000
114837  -48.544  23.844  25.534 0.0000000000
91227  -48.931  23.256  26.042 0.0000000000
90444  -49.830  22.403  29.291 0.0000000000
90459  -49.081  22.510  28.602 0.0000000000
124850  -49.565  22.247  29.901 0.0000000000
124815  -48.943  22.176  30.102 0.0000000000
90429  -49.614  21.843  30.468 0.0000000000
88999  -50.032  21.122  31.027 0.0000000000
89001  -51.969  21.016  30.628 0.0000000000
88985  -51.459  20.354  31.117 0.0000000000
88986  -52.347  20.273  31.024 0.0000000000
88367  -52.658  19.443  31.454 0.0000000000
90449  -55.786  23.268  29.305 0.0000000000
89738  -55.078  22.766  29.813 0.0000000000
89723  -55.675  22.118  30.497 0.0000000000
88370  -56.683  20.482  31.673 0.0000000000
88988  -56.049  21.039  31.362 0.0000000000
87725  -55.839  19.490  32.090 0.0000000000
87724  -54.501  19.097  31.909 0.0000000000
87711  -56.218  18.812  32.372 0.0000000000
111853  -56.541  18.084  32.508 0.0000000000
87712  -57.149  18.898  32.321 0.0000000000
87027  -57.899  17.378  31.220 0.0000000000
86338  -57.942  17.245  31.830 0.0000000000
86339  -58.103  16.655  31.343 0.0000000000
126020  -58.441  15.497  30.866 0.0000000000
85688  -57.989  16.091  30.218 0.0000000000
85712  -58.072  15.460  29.509 0.0000000000
131520  -57.931  15.763  29.798 0.0000000000
85686  -56.295  16.153  30.345 0.0000000000
84964  -56.908  15.670  30.097 0.0000000000
84963  -55.830  15.367  30.097 0.0000000000
84980  -55.535  14.490  29.683 0.0000000000
84962  -54.801  15.077  29.950 0.0000000000
87743  -54.168  18.304  29.124 0.0000000000
87038  -54.442  17.712  29.617 0.0000000000
117559  -52.712  15.929  29.332 0.0000000000
85709  -53.292  15.224  29.615 0.0000000000
84978  -53.462  14.298  29.593 0.0000000000
84165  -52.856  13.667  29.393 0.0000000000
84164  -50.667  13.639  29.233 0.0000000000
84163  -49.946  13.699  29.148 0.0000000000
117086  -52.654  19.991  24.379 0.0000000000
88431  -51.959  19.668  24.768 0.0000000000
88424  -51.333  19.332  25.366 0.0000000000
87775  -51.307  18.524  26.597 0.0000000000
123753  -50.648  18.304  26.873 0.0000000000
122030  -48.092  19.468  26.125 0.0000000000
87046  -48.425  17.333  28.218 0.0000000000
87057  -48.819  17.774  27.675 0.0000000000
87047  -49.265  17.328  28.098 0.0000000000
118999  -50.004  17.365  27.953 0.0000000000
86366  -49.234  16.235  28.915 0.0000000000
84973  -47.629  14.521  29.204 0.0000000000
84995  -48.118  13.839  29.001 0.0000000000
82583  -58.257  10.995  29.529 0.0000000000
82591  -58.433  12.134  28.809 0.0000000000
83384  -58.628  13.548  27.314 0.0000000000
92674  -49.764  25.176  14.891 0.0000000000
92680  -49.463  24.331  14.298 0.0000000000
91304  -48.899  22.353  13.867 0.0000000000
90636  -48.554  21.863  13.992 0.0000000000
89849  -47.782  21.419  15.041 0.0000000000
90634  -47.113  21.839  14.959 0.0000000000
87720  -49.927  19.031  32.081 0.0000000000
96626  -53.426  31.420  29.154 0.0000000000
95360  -53.433  30.318  28.226 0.0000000000
95403  -52.765  29.785  25.649 0.0000000000
118720  -55.436  21.519  21.997 0.0000000000
126780  -55.312  22.346  23.079 0.0000000000
89794  -55.683  22.083  23.234 0.0000000000
89787  -55.850  22.088  24.055 0.0000000000
90532  -55.944  22.214  24.941 0.0000000000
90515  -56.057  22.528  25.871 0.0000000000
89768  -55.971  21.903  25.194 0.0000000000
89028  -54.672  20.515  27.261 0.0000000000
89036  -54.343  20.380  26.477 0.0000000000
88426  -52.956  19.637  25.541 0.0000000000
95434  -48.048  29.381  22.309 0.0000000000
95435  -49.135  29.391  22.548 0.0000000000
94783  -48.585  28.873  22.008 0.0000000000
114895  -49.190  27.137  20.798 0.0000000000
93345  -49.715  26.570  20.477 0.0000000000
91295  -50.678  22.202  16.595 0.0000000000
119846  -50.252  23.478  18.050 0.0000000000
91289  -52.527  22.173  17.313 0.0000000000
91290  -53.448  22.631  17.866 0.0000000000
90598  -54.409  22.193  18.371 0.0000000000
89832  -53.157  21.218  17.758 0.0000000000
89821  -53.622  21.090  18.505 0.0000000000
89089  -52.309  20.643  19.923 0.0000000000
109552  -50.402  20.747  20.309 0.0000000000
90584  -47.384  22.104  20.572 0.0000000000
80180  -54.674  7.894  34.511 0.0000000000
80178  -56.829  8.609  36.035 0.0000000000
124333  -57.647  9.023  34.896 0.0000000000
80956  -57.895  9.031  34.393 0.0000000000
81769  -57.999  9.099  33.369 0.0000000000
82562  -57.358  11.039  32.412 0.0000000000
98140  -49.924  34.886  34.143 0.0000000000
98692  -48.067  35.510  31.440 0.0000000000
98693  -49.552  35.578  31.723 0.0000000000
117005  -50.547  36.000  31.286 0.0000000000
98696  -52.716  35.515  31.610 0.0000000000
97665  -53.253  34.437  30.743 0.0000000000
98723  -52.810  35.967  30.516 0.0000000000
98722  -52.141  36.583  29.774 0.0000000000
98736  -51.327  36.645  28.883 0.0000000000
99338  -48.833  39.233  27.443 0.0000000000
98748  -48.835  36.364  26.924 0.0000000000
98759  -48.603  36.730  26.472 0.0000000000
98195  -46.841  34.257  25.436 0.0000000000
97680  -46.683  33.322  25.347 0.0000000000
97682  -46.546  33.582  24.688 0.0000000000
121313  -46.499  33.655  23.988 0.0000000000
97689  -46.526  33.012  22.679 0.0000000000
98792  -49.574  35.238  20.924 0.0000000000
98216  -48.903  34.460  20.583 0.0000000000
97720  -48.922  33.218  19.419 0.0000000000
97225  -48.931  32.435  18.853 0.0000000000
96717  -49.009  31.690  18.420 0.0000000000
96133  -49.436  30.110  17.485 0.0000000000
116369  -50.020  30.815  17.214 0.0000000000
96134  -50.321  29.959  16.578 0.0000000000
96145  -51.197  29.768  15.654 0.0000000000
95514  -51.284  29.065  14.799 0.0000000000
117199  -51.641  30.900  15.719 0.0000000000
96740  -51.817  31.422  15.682 0.0000000000
97250  -52.003  32.151  16.242 0.0000000000
83315  -46.128  12.735  34.129 0.0000000000
83313  -46.362  12.059  34.461 0.0000000000
82543  -46.866  11.060  35.234 0.0000000000
81744  -47.697  10.681  35.423 0.0000000000
81747  -50.522  10.205  35.263 0.0000000000
81754  -49.988  10.641  34.595 0.0000000000
126069  -50.394  10.944  34.110 0.0000000000
114581  -51.035  11.604  33.359 0.0000000000
85668  -51.845  15.579  32.533 0.0000000000
84137  -51.584  13.928  32.546 0.0000000000
119449  -52.215  14.819  32.517 0.0000000000
119448  -53.165  14.859  32.494 0.0000000000
84944  -54.361  14.087  32.448 0.0000000000
84140  -54.565  13.374  32.389 0.0000000000
118642  -55.102  14.792  32.490 0.0000000000
85672  -55.940  15.586  32.603 0.0000000000
92601  -45.782  25.202  26.738 0.0000000000
91224  -46.714  24.061  26.744 0.0000000000
91220  -47.043  23.407  27.396 0.0000000000
94062  -53.129  28.789  21.479 0.0000000000
94053  -53.161  28.975  22.384 0.0000000000
94061  -53.053  28.346  21.793 0.0000000000
90512  -52.753  22.603  25.295 0.0000000000
90528  -51.954  22.704  24.694 0.0000000000
90511  -51.750  22.586  25.533 0.0000000000
110249  -50.949  22.577  25.959 0.0000000000
90493  -50.285  22.635  26.471 0.0000000000
109889  -49.693  22.678  26.865 0.0000000000
90477  -50.331  22.542  27.324 0.0000000000
115048  -51.191  22.574  28.719 0.0000000000
90445  -50.713  22.442  29.289 0.0000000000
89719  -50.565  21.752  30.389 0.0000000000
89735  -51.122  22.217  29.832 0.0000000000
89721  -52.657  21.796  30.161 0.0000000000
89740  -56.514  22.426  29.749 0.0000000000
89724  -56.540  22.034  30.411 0.0000000000
89005  -56.947  21.445  30.890 0.0000000000
88990  -57.206  20.845  31.220 0.0000000000
88371  -57.264  20.111  31.643 0.0000000000
87727  -57.419  19.414  31.997 0.0000000000
88372  -57.454  19.593  31.395 0.0000000000
109686  -57.665  18.143  31.153 0.0000000000
86350  -57.819  17.087  30.805 0.0000000000
85687  -57.691  16.175  30.224 0.0000000000
86348  -55.668  16.750  30.353 0.0000000000
87037  -53.707  16.984  29.438 0.0000000000
87036  -53.009  16.747  29.133 0.0000000000
85708  -52.474  15.178  29.462 0.0000000000
113420  -51.891  14.651  29.447 0.0000000000
126303  -51.828  15.648  29.217 0.0000000000
85707  -51.093  14.926  29.413 0.0000000000
85706  -50.250  15.156  29.341 0.0000000000
111623  -50.921  20.100  23.823 0.0000000000
110272  -50.300  19.459  25.285 0.0000000000
88414  -49.655  19.056  26.059 0.0000000000
87764  -47.530  18.410  27.337 0.0000000000
119514  -48.426  18.310  27.231 0.0000000000
86378  -48.122  16.787  28.662 0.0000000000
126938  -48.552  16.351  28.890 0.0000000000
86365  -47.869  16.063  29.092 0.0000000000
85703  -47.290  15.349  29.243 0.0000000000
84993  -46.274  13.912  28.684 0.0000000000
84972  -46.637  14.617  29.115 0.0000000000
80991  -56.907  9.232  29.949 0.0000000000
120777  -48.414  26.762  18.736 0.0000000000
93352  -48.558  26.311  19.389 0.0000000000
93358  -48.610  25.892  18.586 0.0000000000
92664  -48.740  25.109  18.390 0.0000000000
91964  -48.948  24.401  18.040 0.0000000000
91972  -48.969  23.876  16.983 0.0000000000
91287  -49.546  23.358  17.187 0.0000000000
90623  -50.931  21.086  16.208 0.0000000000
89829  -50.340  20.731  17.088 0.0000000000
90609  -48.032  21.637  17.693 0.0000000000
90620  -47.188  21.587  15.953 0.0000000000
79406  -54.749  7.021  36.802 0.0000000000
79394  -54.536  6.890  37.612 0.0000000000
79395  -55.361  7.380  37.486 0.0000000000
80175  -56.100  8.367  37.182 0.0000000000
80166  -55.026  8.021  38.562 0.0000000000
80934  -55.345  8.504  37.929 0.0000000000
80942  -55.851  8.692  37.329 0.0000000000
80950  -55.999  9.165  36.736 0.0000000000
123488  -46.336  35.937  32.129 0.0000000000
98690  -45.744  35.621  31.271 0.0000000000
116163  -46.348  35.402  30.563 0.0000000000
98708  -47.046  35.398  29.821 0.0000000000
98769  -47.622  35.724  23.810 0.0000000000
98793  -50.656  35.624  20.576 0.0000000000
98231  -50.762  34.715  19.529 0.0000000000
98253  -51.236  34.411  18.710 0.0000000000
97735  -51.473  33.714  18.107 0.0000000000
98232  -51.261  35.033  19.228 0.0000000000
99407  -51.177  35.399  19.326 0.0000000000
114108  -49.699  16.254  32.556 0.0000000000
85667  -50.969  15.551  32.543 0.0000000000
113973  -51.450  16.246  32.506 0.0000000000
86327  -51.877  16.950  32.425 0.0000000000
86328  -52.817  16.968  32.417 0.0000000000
94746  -47.752  28.007  25.783 0.0000000000
94040  -48.037  27.094  24.814 0.0000000000
110338  -54.364  24.900  20.211 0.0000000000
125210  -52.451  24.831  21.529 0.0000000000
91265  -53.246  24.120  21.404 0.0000000000
90545  -53.445  22.748  23.696 0.0000000000
90546  -54.605  22.635  23.392 0.0000000000
90529  -53.067  22.656  24.497 0.0000000000
109884  -53.735  22.670  25.083 0.0000000000
90479  -53.756  23.141  27.664 0.0000000000
90462  -53.376  23.075  28.529 0.0000000000
90463  -54.820  23.456  28.331 0.0000000000
90464  -55.997  23.418  28.672 0.0000000000
90465  -56.410  23.117  29.143 0.0000000000
127372  -56.359  23.116  27.474 0.0000000000
90482  -56.405  23.174  28.191 0.0000000000
89013  -56.442  21.630  29.406 0.0000000000
87756  -54.474  19.127  28.918 0.0000000000
87755  -53.670  18.459  28.501 0.0000000000
87754  -52.811  17.975  28.087 0.0000000000
89042  -48.124  20.217  25.160 0.0000000000
88421  -47.745  19.881  25.770 0.0000000000
88412  -47.417  19.479  26.348 0.0000000000
88404  -47.061  18.977  26.899 0.0000000000
87763  -46.634  18.490  27.472 0.0000000000
87752  -46.169  17.935  28.039 0.0000000000
116699  -46.201  17.328  28.449 0.0000000000
96650  -50.191  31.418  25.497 0.0000000000
96047  -51.453  31.223  24.777 0.0000000000
96060  -51.044  30.975  24.133 0.0000000000
96072  -52.037  30.619  23.470 0.0000000000
95437  -52.581  29.969  22.509 0.0000000000
94784  -50.109  29.004  22.104 0.0000000000
94785  -52.178  29.457  21.965 0.0000000000
94797  -52.910  29.003  21.441 0.0000000000
94072  -53.362  28.482  20.975 0.0000000000
93339  -53.692  27.726  20.299 0.0000000000
92647  -53.830  27.008  19.805 0.0000000000
93344  -49.029  25.930  19.902 0.0000000000
92645  -50.167  25.913  20.110 0.0000000000
91955  -50.758  24.358  19.020 0.0000000000
128695  -51.591  25.289  19.408 0.0000000000
92646  -51.996  26.428  19.716 0.0000000000
92657  -53.141  26.119  19.221 0.0000000000
92648  -54.254  26.014  19.346 0.0000000000
91944  -54.274  26.066  19.728 0.0000000000
91273  -54.808  24.179  19.871 0.0000000000
90586  -55.224  22.252  20.186 0.0000000000
90599  -54.950  22.333  19.115 0.0000000000
89823  -54.906  21.601  19.531 0.0000000000
89802  -55.348  21.762  21.226 0.0000000000
89082  -55.148  21.152  21.409 0.0000000000
89065  -54.051  20.421  23.461 0.0000000000
111258  -52.242  20.278  23.161 0.0000000000
89079  -52.135  20.527  21.170 0.0000000000
89063  -51.433  20.274  23.138 0.0000000000
89062  -50.578  20.349  23.116 0.0000000000
89060  -49.204  20.529  23.691 0.0000000000
89819  -49.880  20.950  18.679 0.0000000000
89810  -49.694  21.058  19.905 0.0000000000
89800  -49.524  21.013  20.888 0.0000000000
90585  -48.349  21.654  20.521 0.0000000000
89799  -48.739  21.391  21.153 0.0000000000
111148  -49.200  21.050  21.706 0.0000000000
80189  -55.301  8.170  34.002 0.0000000000
80182  -57.422  8.844  35.142 0.0000000000
128901  -56.837  8.311  34.539 0.0000000000
80197  -56.067  8.345  33.399 0.0000000000
81788  -58.110  10.135  30.122 0.0000000000
81780  -58.264  10.172  31.116 0.0000000000
82576  -58.351  10.996  30.554 0.0000000000
82577  -58.387  12.051  30.805 0.0000000000
83338  -58.450  13.047  31.029 0.0000000000
98142  -49.684  34.457  33.348 0.0000000000
121861  -50.379  35.376  32.988 0.0000000000
98143  -50.626  34.961  33.341 0.0000000000
97648  -48.951  33.462  31.669 0.0000000000
97657  -49.341  33.065  30.872 0.0000000000
97139  -48.661  32.570  30.281 0.0000000000
97140  -50.258  32.523  30.366 0.0000000000
97148  -51.736  31.844  30.062 0.0000000000
97149  -52.796  32.329  29.554 0.0000000000
97142  -53.205  33.164  30.161 0.0000000000
96625  -53.341  31.734  29.394 0.0000000000
96630  -52.842  31.829  28.614 0.0000000000
109430  -51.185  31.915  27.590 0.0000000000
96636  -50.215  31.731  26.564 0.0000000000
98734  -48.868  37.113  29.132 0.0000000000
99315  -50.180  37.960  28.520 0.0000000000
98735  -50.505  37.329  28.403 0.0000000000
128111  -50.469  36.211  28.263 0.0000000000
98192  -49.093  35.681  27.379 0.0000000000
98182  -49.612  34.917  28.071 0.0000000000
97152  -49.185  33.553  27.952 0.0000000000
115311  -49.676  32.845  27.869 0.0000000000
126693  -49.100  31.390  25.314 0.0000000000
96665  -48.621  31.200  24.797 0.0000000000
96069  -47.548  30.652  23.403 0.0000000000
96647  -46.814  32.128  24.465 0.0000000000
96675  -47.122  31.363  23.881 0.0000000000
96083  -47.212  30.459  22.666 0.0000000000
96092  -47.206  29.954  21.714 0.0000000000
115500  -47.249  29.750  21.031 0.0000000000
94807  -47.678  28.524  20.153 0.0000000000
98201  -47.149  34.888  23.372 0.0000000000
97690  -46.886  33.823  22.440 0.0000000000
97203  -47.068  32.781  21.216 0.0000000000
98215  -47.912  34.031  21.051 0.0000000000
114232  -47.574  32.841  20.491 0.0000000000
97209  -47.089  32.119  20.777 0.0000000000
114978  -47.570  30.717  19.792 0.0000000000
95456  -47.636  29.300  19.765 0.0000000000
94813  -47.966  28.648  19.167 0.0000000000
94814  -48.476  28.454  18.345 0.0000000000
112526  -48.730  27.986  17.878 0.0000000000
94105  -49.379  26.746  16.725 0.0000000000
93371  -50.100  26.159  15.248 0.0000000000
93379  -50.236  25.828  13.918 0.0000000000
92690  -49.922  25.545  13.621 0.0000000000
94863  -50.944  28.273  14.352 0.0000000000
95519  -50.543  28.792  14.148 0.0000000000
97750  -51.805  33.575  17.375 0.0000000000
122026  -52.087  32.741  16.029 0.0000000000
80948  -52.407  9.717  36.349 0.0000000000
80947  -51.127  9.833  36.095 0.0000000000
121198  -53.382  9.743  36.092 0.0000000000
80952  -53.859  9.916  35.512 0.0000000000
81758  -54.399  10.156  34.824 0.0000000000
81766  -54.721  10.478  33.970 0.0000000000
83319  -49.588  12.346  33.393 0.0000000000
83320  -50.440  12.092  33.228 0.0000000000
83321  -51.416  12.136  32.895 0.0000000000
84138  -52.140  13.292  32.520 0.0000000000
83324  -52.162  12.585  32.612 0.0000000000
82558  -52.370  11.911  32.811 0.0000000000
82556  -52.809  11.311  33.209 0.0000000000
82559  -53.889  11.115  33.211 0.0000000000
81772  -54.948  10.863  33.308 0.0000000000
83328  -56.136  11.929  32.305 0.0000000000
84142  -56.770  12.740  32.175 0.0000000000
124674  -57.613  13.214  31.974 0.0000000000
116460  -58.071  13.127  31.615 0.0000000000
84152  -58.396  13.975  31.316 0.0000000000
90425  -45.604  22.175  30.182 0.0000000000
89716  -46.830  21.651  30.974 0.0000000000
89717  -47.824  21.656  30.994 0.0000000000
96048  -52.565  30.987  24.971 0.0000000000
95402  -52.550  29.560  24.732 0.0000000000
94773  -52.884  28.962  23.191 0.0000000000
94772  -51.349  28.245  23.767 0.0000000000
94761  -50.634  28.388  24.548 0.0000000000
94042  -49.825  27.789  24.211 0.0000000000
94041  -48.796  27.452  24.533 0.0000000000
92616  -48.339  25.981  24.498 0.0000000000
91922  -50.921  25.114  22.611 0.0000000000
91242  -51.312  23.100  24.054 0.0000000000
91250  -50.205  24.257  23.666 0.0000000000
130252  -49.277  25.226  23.965 0.0000000000
114870  -48.736  25.272  24.394 0.0000000000
92609  -48.047  25.340  24.897 0.0000000000
91900  -47.746  24.652  25.483 0.0000000000
91225  -47.494  23.707  26.595 0.0000000000
90474  -47.740  22.969  27.762 0.0000000000
90476  -49.452  22.600  27.596 0.0000000000
90475  -48.515  22.766  27.694 0.0000000000
90458  -48.048  22.653  28.459 0.0000000000
90428  -48.146  22.078  30.270 0.0000000000
89702  -48.547  21.276  31.273 0.0000000000
88983  -49.200  20.713  31.481 0.0000000000
88364  -49.504  19.833  31.815 0.0000000000
88365  -50.321  19.691  31.666 0.0000000000
89000  -51.011  21.081  30.798 0.0000000000
88366  -51.110  19.685  31.505 0.0000000000
87721  -50.821  18.980  31.879 0.0000000000
87722  -51.691  19.086  31.681 0.0000000000
87708  -52.413  18.550  31.883 0.0000000000
87009  -53.363  17.605  32.298 0.0000000000
89722  -54.028  21.905  30.215 0.0000000000
122447  -55.516  21.400  31.006 0.0000000000
88987  -54.712  20.609  31.228 0.0000000000
88379  -53.433  20.308  31.061 0.0000000000
88368  -53.923  19.663  31.484 0.0000000000
87709  -53.908  18.273  32.126 0.0000000000
87010  -54.387  17.704  32.375 0.0000000000
86330  -54.943  17.132  32.544 0.0000000000
87011  -55.925  17.380  32.600 0.0000000000
123473  -56.806  16.294  32.616 0.0000000000
87012  -57.600  17.758  32.177 0.0000000000
86332  -57.546  16.832  32.326 0.0000000000
85673  -57.540  15.899  32.386 0.0000000000
125928  -58.027  15.437  32.119 0.0000000000
84957  -58.548  14.862  30.571 0.0000000000
84965  -58.476  14.975  29.400 0.0000000000
84982  -58.197  15.160  28.919 0.0000000000
122744  -57.736  15.073  29.014 0.0000000000
111649  -56.719  14.557  29.333 0.0000000000
84168  -56.019  13.860  29.104 0.0000000000
87024  -55.090  17.292  30.144 0.0000000000
86347  -54.838  16.450  30.126 0.0000000000
85710  -54.248  15.757  29.895 0.0000000000
84979  -54.333  14.284  29.644 0.0000000000
83353  -54.005  13.105  28.977 0.0000000000
83352  -53.073  13.112  29.112 0.0000000000
83363  -52.467  12.744  28.709 0.0000000000
115557  -52.030  13.797  29.399 0.0000000000
84184  -51.328  13.290  29.113 0.0000000000
88425  -52.163  19.393  25.468 0.0000000000
87766  -51.372  18.091  27.156 0.0000000000
87060  -51.443  17.561  27.733 0.0000000000
123644  -49.284  18.193  27.175 0.0000000000
87765  -50.001  18.090  27.160 0.0000000000
87048  -50.721  17.180  28.082 0.0000000000
86367  -50.078  16.050  28.992 0.0000000000
85704  -48.614  15.668  29.177 0.0000000000
84974  -49.605  14.426  29.330 0.0000000000
80167  -55.651  8.053  37.833 0.0000000000
80943  -56.346  8.740  36.639 0.0000000000
80946  -50.132  9.945  35.954 0.0000000000
82552  -48.306  11.888  33.979 0.0000000000
82554  -50.402  11.413  33.682 0.0000000000
84133  -50.113  12.877  32.979 0.0000000000
84943  -53.530  14.145  32.472 0.0000000000
85670  -53.746  15.741  32.530 0.0000000000
85679  -58.279  15.827  31.490 0.0000000000
87006  -49.846  17.573  32.412 0.0000000000
87713  -57.567  18.623  32.075 0.0000000000
87728  -57.629  18.896  31.519 0.0000000000
87774  -49.881  18.509  26.659 0.0000000000
88982  -48.438  20.728  31.660 0.0000000000
88989  -56.898  21.269  31.260 0.0000000000
89044  -49.665  19.837  24.903 0.0000000000
89056  -55.205  21.004  23.829 0.0000000000
89073  -54.359  20.585  22.571 0.0000000000
89701  -47.857  21.062  31.557 0.0000000000
89703  -49.229  21.407  31.043 0.0000000000
89715  -46.035  21.763  30.728 0.0000000000
89793  -55.577  21.716  22.663 0.0000000000
89822  -54.389  21.532  18.755 0.0000000000
89848  -47.917  21.638  14.439 0.0000000000
89854  -48.564  21.505  14.442 0.0000000000
90426  -46.469  22.086  30.255 0.0000000000
90492  -49.566  22.899  26.204 0.0000000000
90498  -56.279  22.909  26.806 0.0000000000
90560  -55.438  22.206  22.215 0.0000000000
90612  -53.727  21.870  17.845 0.0000000000
90628  -49.164  21.657  14.404 0.0000000000
90635  -47.707  22.095  14.190 0.0000000000
91221  -47.989  23.202  27.090 0.0000000000
91226  -48.265  23.452  26.322 0.0000000000
91233  -47.814  23.953  25.972 0.0000000000
91255  -50.640  24.465  23.130 0.0000000000
91267  -55.081  23.115  20.502 0.0000000000
91899  -46.885  25.146  25.813 0.0000000000
91906  -49.178  24.631  24.344 0.0000000000
91913  -49.694  24.769  23.794 0.0000000000
91914  -50.244  24.982  23.218 0.0000000000
91923  -51.690  25.017  22.025 0.0000000000
91945  -54.604  25.240  19.469 0.0000000000
91967  -54.057  24.071  18.460 0.0000000000
91982  -49.070  23.571  13.864 0.0000000000
91983  -49.531  24.913  13.697 0.0000000000
91989  -48.643  24.199  13.721 0.0000000000
91990  -49.146  24.420  13.714 0.0000000000
92602  -46.281  25.590  26.212 0.0000000000
92630  -50.140  26.473  23.216 0.0000000000
92640  -53.830  26.853  20.208 0.0000000000
92658  -53.884  26.503  19.302 0.0000000000
93308  -47.509  26.700  25.150 0.0000000000
93313  -48.656  26.727  24.297 0.0000000000
93321  -49.375  26.723  23.774 0.0000000000
93353  -53.522  27.067  19.653 0.0000000000
94033  -48.231  27.728  25.111 0.0000000000
94070  -50.059  27.880  21.275 0.0000000000
94082  -53.564  27.975  20.465 0.0000000000
94095  -48.254  27.726  18.788 0.0000000000
94099  -49.415  27.706  16.926 0.0000000000
94747  -48.648  28.338  25.614 0.0000000000
94749  -51.505  28.906  24.911 0.0000000000
94762  -52.407  29.008  24.065 0.0000000000
94774  -53.168  29.599  22.713 0.0000000000
94803  -47.577  28.900  20.875 0.0000000000
94848  -51.035  28.129  14.502 0.0000000000
95422  -51.457  30.226  22.977 0.0000000000
95424  -53.103  29.929  22.739 0.0000000000
95443  -47.624  29.275  21.644 0.0000000000
95449  -47.492  29.247  20.442 0.0000000000
95520  -51.041  29.256  14.477 0.0000000000
96006  -52.538  30.778  29.351 0.0000000000
96007  -53.403  30.937  29.201 0.0000000000
96023  -53.448  30.651  27.790 0.0000000000
96035  -53.213  30.483  26.774 0.0000000000
96046  -49.926  31.170  24.781 0.0000000000
96058  -48.030  30.898  24.168 0.0000000000
96068  -46.878  31.132  23.079 0.0000000000
96100  -47.147  30.601  20.690 0.0000000000
96135  -51.106  30.650  16.281 0.0000000000
96146  -51.530  30.173  15.275 0.0000000000
96156  -51.139  30.252  14.510 0.0000000000
96627  -53.523  30.850  28.724 0.0000000000
96631  -53.282  31.243  28.275 0.0000000000
96635  -48.749  32.299  26.771 0.0000000000
96684  -46.623  31.629  22.734 0.0000000000
96701  -47.297  31.427  20.329 0.0000000000
96728  -49.161  30.905  17.995 0.0000000000
96739  -51.591  31.507  16.332 0.0000000000
96752  -51.168  30.985  14.514 0.0000000000
97157  -47.842  32.918  26.781 0.0000000000
97167  -46.798  32.663  25.176 0.0000000000
97193  -46.555  32.204  22.339 0.0000000000
97216  -47.632  32.213  20.060 0.0000000000
97217  -48.257  32.349  19.464 0.0000000000
97651  -52.952  34.528  31.402 0.0000000000
97652  -53.293  34.505  31.026 0.0000000000
97660  -53.216  33.916  30.722 0.0000000000
97664  -53.226  34.057  30.506 0.0000000000
97670  -51.633  33.909  29.360 0.0000000000
97676  -46.888  33.723  25.984 0.0000000000
97684  -46.434  33.130  24.150 0.0000000000
97697  -46.690  32.800  21.930 0.0000000000
97698  -47.147  33.492  21.634 0.0000000000
97711  -48.301  33.577  20.286 0.0000000000
97763  -51.954  33.438  16.567 0.0000000000
98146  -51.534  34.811  32.513 0.0000000000
98148  -53.046  35.023  31.450 0.0000000000
98158  -53.358  34.967  30.973 0.0000000000
98171  -53.248  35.001  30.733 0.0000000000
98181  -48.639  34.372  27.564 0.0000000000
98183  -50.762  35.063  28.770 0.0000000000
98194  -47.307  34.461  26.240 0.0000000000
98200  -46.723  34.288  23.742 0.0000000000
98203  -46.596  33.664  23.246 0.0000000000
98204  -47.331  34.653  22.594 0.0000000000
98217  -50.154  34.945  20.234 0.0000000000
98280  -51.588  34.433  17.048 0.0000000000
98676  -48.512  35.818  33.009 0.0000000000
98678  -50.635  35.130  33.169 0.0000000000
98691  -46.855  35.526  31.308 0.0000000000
98695  -52.244  35.595  31.913 0.0000000000
98712  -52.657  36.165  30.983 0.0000000000
98713  -53.037  35.500  31.178 0.0000000000
98720  -47.864  35.891  29.358 0.0000000000
98724  -53.080  35.518  30.847 0.0000000000
99305  -52.199  36.632  30.209 0.0000000000
99308  -50.837  37.490  29.317 0.0000000000
99309  -51.666  37.114  29.751 0.0000000000
99314  -49.700  38.082  28.578 0.0000000000
99350  -48.942  39.314  26.998 0.0000000000
99902  -49.699  38.362  28.129 0.0000000000
109487  -53.408  20.245  24.125 0.0000000000
110305  -46.111  35.246  29.770 0.0000000000
110806  -48.729  27.242  17.842 0.0000000000
111944  -47.187  26.252  25.367 0.0000000000
112051  -47.560  33.363  20.911 0.0000000000
112426  -50.863  23.776  23.470 0.0000000000
113556  -47.461  29.862  22.219 0.0000000000
113974  -50.564  16.209  32.516 0.0000000000
114525  -46.852  11.503  34.714 0.0000000000
114852  -47.157  20.807  31.901 0.0000000000
115709  -48.040  11.440  34.393 0.0000000000
115742  -55.489  17.923  32.468 0.0000000000
116697  -47.646  22.296  29.778 0.0000000000
117301  -49.941  20.344  31.454 0.0000000000
117451  -46.549  32.875  24.632 0.0000000000
117776  -58.227  16.110  30.703 0.0000000000
117872  -49.158  22.358  29.480 0.0000000000
118332  -46.430  33.050  23.524 0.0000000000
119115  -50.560  14.946  32.597 0.0000000000
119618  -48.365  35.585  30.657 0.0000000000
120010  -57.246  18.162  32.356 0.0000000000
121894  -47.784  35.433  22.913 0.0000000000
122197  -48.381  27.264  20.352 0.0000000000
122719  -53.087  32.902  29.734 0.0000000000
123723  -47.286  21.295  31.402 0.0000000000
125436  -47.834  28.274  20.686 0.0000000000
125793  -53.371  28.455  21.122 0.0000000000
125958  -49.599  21.398  15.073 0.0000000000
126304  -47.043  30.343  22.102 0.0000000000
126327  -53.383  29.944  27.983 0.0000000000
126906  -54.876  23.426  27.461 0.0000000000
127861  -50.813  12.655  32.841 0.0000000000
128259  -53.052  18.152  32.080 0.0000000000
128384  -55.949  7.854  37.200 0.0000000000
128597  -48.006  26.523  24.730 0.0000000000
129597  -46.745  33.272  22.170 0.0000000000
129919  -55.342  23.430  28.947 0.0000000000
130180  -46.093  24.476  26.851 0.0000000000
131237  -52.731  23.011  23.189 0.0000000000
131913  -47.689  29.992  19.561 0.0000000000
