#!ascii label  , from subject sub-v1s5x0050752_ses-1 vox2ras=TkReg
1306
4628  35.164  -82.868  -9.207 0.5000000000
15675  21.786  -69.136  -14.805 0.6000000238
16619  21.129  -68.625  -14.449 0.6000000238
130610  20.492  -68.946  -14.679 0.6000000238
16604  21.657  -68.214  -13.893 0.6999999881
122720  20.206  -68.543  -14.338 0.6000000238
118460  21.994  -68.467  -12.344 0.6999999881
16605  20.680  -68.070  -13.670 0.6000000238
123699  24.226  -76.298  -6.971 0.5000000000
8239  26.048  -77.811  -8.382 0.6000000238
8240  25.473  -77.155  -8.957 0.6000000238
9054  24.808  -76.820  -7.054 0.5000000000
6729  27.823  -79.722  -8.895 0.5000000000
7482  26.563  -78.539  -9.081 0.4000000060
8222  25.436  -77.268  -7.717 0.6000000238
11785  19.764  -73.067  -12.896 0.5000000000
117616  31.795  -80.817  -8.601 0.4000000060
12816  19.473  -72.349  -13.666 0.5000000000
11805  19.519  -73.656  -13.990 0.5000000000
13768  19.889  -71.719  -13.191 0.6000000238
14705  20.201  -70.680  -14.415 0.6000000238
15684  22.328  -69.484  -15.002 0.6000000238
113254  23.007  -69.066  -14.551 0.6999999881
15676  20.774  -69.434  -14.856 0.6000000238
15664  22.886  -68.745  -13.997 0.6999999881
14692  23.857  -69.891  -12.688 0.6000000238
15651  22.541  -68.603  -13.301 0.6999999881
119744  23.787  -70.035  -11.482 0.6000000238
15639  23.247  -69.398  -12.128 0.6000000238
15640  22.621  -69.024  -11.621 0.6999999881
14667  23.797  -70.038  -10.485 0.6999999881
117717  19.733  -67.998  -13.742 0.6000000238
9904  23.521  -74.956  -7.676 0.5000000000
9073  24.573  -76.059  -8.573 0.6000000238
9903  24.113  -75.465  -8.101 0.5000000000
120195  26.465  -78.834  -10.120 0.6000000238
122612  25.545  -77.455  -10.056 0.6999999881
9072  24.948  -76.660  -8.167 0.6000000238
6740  28.297  -80.235  -9.650 0.4000000060
13752  20.933  -71.861  -11.890 0.5000000000
12804  19.998  -72.202  -12.686 0.5000000000
5274  34.231  -81.663  -8.609 0.5000000000
13767  20.467  -71.747  -12.612 0.5000000000
13794  21.688  -71.061  -14.465 0.6999999881
13782  20.286  -71.263  -13.395 0.6000000238
14729  23.189  -70.316  -15.491 0.6999999881
14720  21.586  -70.323  -14.992 0.6000000238
13781  20.951  -70.827  -13.954 0.6000000238
14730  22.424  -69.980  -15.243 0.6999999881
14731  21.666  -69.765  -14.998 0.6000000238
15674  23.531  -69.543  -14.659 0.6999999881
14704  23.931  -69.740  -13.944 0.6000000238
14680  24.484  -70.682  -11.841 0.6000000238
115098  23.239  -69.165  -13.299 0.6000000238
13732  24.877  -70.913  -10.763 0.6000000238
14652  24.502  -70.475  -10.028 0.6999999881
16579  20.610  -67.981  -11.750 0.6999999881
17559  19.548  -67.406  -12.579 0.5000000000
115709  23.199  -69.534  -11.033 0.6999999881
16577  22.016  -68.697  -11.096 0.6999999881
16593  20.459  -67.802  -12.697 0.6000000238
9920  24.400  -75.431  -9.963 0.5000000000
10759  23.778  -74.749  -8.484 0.5000000000
10774  23.412  -74.010  -8.823 0.5000000000
9101  25.147  -76.990  -10.729 0.6999999881
9913  24.303  -75.383  -9.000 0.6000000238
7506  26.359  -79.217  -11.075 0.5000000000
8277  25.965  -78.257  -10.479 0.6999999881
9090  25.066  -76.750  -9.757 0.6000000238
9091  24.665  -76.087  -9.445 0.6000000238
6762  28.195  -80.503  -10.772 0.4000000060
6741  27.561  -79.974  -10.048 0.4000000060
126660  26.937  -79.283  -9.766 0.5000000000
13751  21.476  -71.956  -11.998 0.5000000000
13780  21.953  -71.730  -13.795 0.5000000000
13765  21.693  -71.804  -12.839 0.5000000000
13766  21.001  -71.431  -12.769 0.5000000000
13804  22.924  -71.163  -15.700 0.6000000238
121725  21.372  -71.358  -13.481 0.5000000000
14728  23.950  -70.482  -15.388 0.6999999881
13779  25.084  -71.408  -14.538 0.6000000238
14718  24.495  -70.781  -15.160 0.6999999881
127289  23.597  -69.959  -15.115 0.6999999881
13763  25.359  -71.671  -13.198 0.6000000238
14703  24.516  -70.507  -14.299 0.6000000238
14719  24.069  -70.111  -14.806 0.6999999881
115607  26.081  -71.656  -10.970 0.6999999881
13764  24.989  -71.215  -12.573 0.6000000238
14691  24.450  -70.463  -13.206 0.6000000238
124764  26.268  -70.936  -9.771 0.6000000238
14631  27.258  -70.106  -8.746 0.6000000238
14650  25.943  -70.603  -9.217 0.6000000238
13708  25.709  -70.908  -9.859 0.6999999881
17529  19.402  -67.426  -11.315 0.6000000238
14651  25.121  -70.527  -9.360 0.6999999881
15624  21.983  -68.762  -10.163 0.6999999881
17546  19.862  -67.522  -11.986 0.6000000238
15596  27.041  -69.722  -8.116 0.6999999881
14632  26.380  -70.118  -8.469 0.6000000238
14633  25.437  -70.203  -8.583 0.8000000119
114269  24.437  -70.187  -9.302 0.6999999881
15622  23.207  -69.542  -10.087 0.6999999881
15623  22.594  -69.115  -10.585 0.6999999881
10773  23.965  -74.648  -9.377 0.6000000238
9110  25.082  -76.942  -11.665 0.6999999881
9111  24.697  -76.182  -11.137 0.6999999881
9102  24.748  -76.219  -10.266 0.6000000238
7507  25.852  -78.442  -11.306 0.5000000000
8289  25.450  -77.645  -11.423 0.6999999881
6763  27.557  -80.338  -11.267 0.4000000060
6742  26.930  -79.756  -10.701 0.5000000000
12779  22.003  -72.321  -11.373 0.5000000000
12752  21.973  -72.526  -10.531 0.5000000000
12802  22.185  -72.301  -12.258 0.5000000000
12815  22.405  -72.412  -14.291 0.6000000238
12846  23.497  -71.740  -16.037 0.6000000238
12831  22.682  -72.026  -15.502 0.6999999881
13793  22.215  -71.571  -14.942 0.6999999881
12829  24.791  -71.474  -15.590 0.6999999881
13802  24.200  -71.156  -15.724 0.6999999881
12813  25.688  -72.222  -13.666 0.6000000238
12828  25.235  -71.914  -15.301 0.6000000238
12777  26.964  -72.300  -11.724 0.6999999881
126096  26.183  -72.031  -11.783 0.6999999881
12800  25.944  -72.244  -12.685 0.6999999881
122962  19.189  -68.476  -8.999 0.6000000238
13729  27.395  -71.485  -10.606 0.6000000238
130994  26.627  -71.913  -11.274 0.6999999881
127922  25.565  -71.762  -12.300 0.6999999881
16531  28.611  -68.299  -8.563 0.6000000238
15594  28.469  -69.163  -8.791 0.6000000238
15606  28.549  -69.840  -9.391 0.6000000238
13706  27.536  -70.948  -9.980 0.6000000238
13730  26.696  -71.593  -10.737 0.6999999881
16542  19.988  -68.448  -9.508 0.6000000238
16532  28.063  -68.688  -8.055 0.6000000238
114023  26.829  -70.639  -9.380 0.6000000238
15598  22.599  -69.123  -8.831 0.6999999881
15599  21.901  -68.895  -8.492 0.6000000238
16541  21.102  -68.525  -9.785 0.6999999881
16560  20.707  -68.243  -10.780 0.6000000238
17497  28.533  -67.496  -8.587 0.5000000000
16518  28.201  -67.912  -7.881 0.6000000238
15582  26.469  -69.476  -7.513 0.8000000119
112406  25.737  -69.483  -7.132 0.8000000119
15583  25.072  -69.606  -7.202 0.8000000119
14635  23.953  -69.819  -8.889 0.8000000119
15608  23.256  -69.478  -9.245 0.6999999881
15609  22.589  -69.129  -9.696 0.6999999881
14616  24.884  -69.861  -7.958 0.8000000119
115187  24.372  -75.352  -10.810 0.6999999881
10803  24.046  -74.674  -11.266 0.6999999881
10789  23.596  -73.902  -9.713 0.6000000238
127656  25.357  -77.574  -12.065 0.6999999881
10804  23.605  -73.802  -10.718 0.6000000238
7524  25.705  -78.363  -12.057 0.6000000238
11744  23.055  -73.180  -10.582 0.5000000000
11761  23.104  -73.221  -11.514 0.5000000000
19417  17.914  -65.503  -5.122 0.6000000238
12801  22.731  -72.890  -12.332 0.5000000000
19432  17.602  -65.576  -5.748 0.5000000000
12814  22.744  -72.980  -13.269 0.5000000000
18481  19.200  -65.960  -6.092 0.6000000238
12830  22.978  -72.696  -16.056 0.6999999881
11804  22.653  -72.743  -15.245 0.6000000238
12844  25.011  -72.166  -15.995 0.6999999881
17489  18.896  -67.789  -7.079 0.6000000238
123101  25.524  -72.206  -14.576 0.6999999881
12798  27.401  -72.766  -12.232 0.6999999881
11782  27.056  -73.140  -12.830 0.6999999881
12812  26.344  -72.766  -13.143 0.6999999881
16521  20.279  -68.833  -7.960 0.6000000238
16522  19.436  -68.517  -7.583 0.6000000238
13749  27.951  -71.862  -11.124 0.6000000238
12799  26.666  -72.577  -12.364 0.6999999881
15588  20.860  -68.869  -7.603 0.6000000238
16523  18.753  -68.432  -8.262 0.6000000238
120538  29.626  -69.925  -10.384 0.6000000238
14649  28.356  -70.553  -9.902 0.6000000238
15570  21.924  -69.127  -6.895 0.6999999881
15600  21.095  -68.847  -8.241 0.6000000238
127041  20.593  -68.669  -8.815 0.6000000238
16540  29.083  -68.623  -9.282 0.6000000238
16509  25.686  -68.714  -6.068 0.6000000238
15550  24.865  -68.985  -5.902 0.6000000238
15585  23.463  -69.492  -7.478 0.6999999881
15586  22.526  -69.209  -7.781 0.6000000238
16533  21.380  -68.707  -8.954 0.6000000238
118439  26.424  -68.374  -6.339 0.6000000238
15567  24.536  -69.382  -6.543 0.8000000119
16520  26.898  -68.737  -6.981 0.6000000238
15565  26.127  -69.064  -6.695 0.6999999881
15584  24.295  -69.616  -7.303 0.8000000119
9124  24.674  -76.336  -12.190 0.6999999881
9932  24.351  -75.537  -11.755 0.6999999881
10823  23.963  -74.893  -12.330 0.6999999881
9137  25.168  -77.327  -13.279 0.6999999881
9123  25.090  -77.080  -12.524 0.6999999881
115664  23.672  -74.022  -11.849 0.6000000238
18440  18.547  -66.200  -3.533 0.6000000238
18441  17.800  -66.498  -3.883 0.6000000238
18457  18.251  -65.784  -4.352 0.6000000238
18458  17.473  -66.017  -4.655 0.6000000238
11783  23.201  -73.526  -12.563 0.6000000238
19416  18.738  -65.513  -4.850 0.5000000000
11831  23.058  -73.720  -16.574 0.6999999881
11816  22.815  -73.450  -15.580 0.6999999881
18480  20.059  -66.004  -5.869 0.4000000060
19430  19.398  -65.625  -5.406 0.5000000000
12852  24.455  -72.752  -16.531 0.6999999881
11837  23.800  -73.522  -17.012 0.8000000119
18494  20.572  -66.678  -6.045 0.5000000000
11815  25.607  -72.765  -15.248 0.6000000238
11830  23.583  -72.829  -16.508 0.6999999881
17479  20.225  -67.562  -6.418 0.6000000238
11802  26.013  -72.841  -14.043 0.6999999881
16500  21.962  -68.284  -5.755 0.6999999881
121728  20.636  -68.360  -6.612 0.6000000238
12775  28.499  -72.280  -11.644 0.6999999881
12797  28.196  -72.809  -12.171 0.6999999881
16499  22.649  -68.630  -5.675 0.5000000000
16512  20.317  -68.676  -7.219 0.6000000238
14679  29.931  -70.579  -10.974 0.6000000238
13727  29.155  -71.170  -10.803 0.6000000238
13748  28.795  -71.711  -11.152 0.6999999881
16510  22.281  -68.984  -6.159 0.6999999881
13728  28.293  -71.241  -10.534 0.6000000238
16497  24.321  -68.505  -5.430 0.5000000000
16498  23.394  -68.592  -5.488 0.6000000238
14648  29.300  -69.367  -9.780 0.6000000238
18475  26.605  -66.783  -5.842 0.6000000238
16496  25.216  -68.333  -5.532 0.5000000000
15569  22.809  -69.332  -6.762 0.6999999881
18493  27.000  -66.351  -6.582 0.6000000238
9949  24.217  -75.724  -12.842 0.6999999881
9966  23.944  -75.819  -14.123 0.6999999881
10845  23.730  -75.061  -13.469 0.6000000238
10824  23.525  -74.305  -12.915 0.6000000238
18429  18.826  -66.656  -2.758 0.4000000060
17436  18.173  -67.129  -3.175 0.5000000000
118715  23.341  -74.473  -13.880 0.6000000238
19395  20.044  -65.711  -3.481 0.5000000000
17438  16.536  -67.568  -3.711 0.6000000238
10003  22.977  -75.230  -16.499 0.6999999881
10880  22.926  -74.641  -16.891 0.6999999881
113768  23.118  -73.780  -13.592 0.6000000238
19429  20.333  -65.708  -5.267 0.5000000000
128264  24.543  -73.482  -16.926 0.6999999881
18479  20.843  -66.053  -5.650 0.4000000060
10843  27.895  -74.338  -13.791 0.6999999881
10844  26.983  -74.106  -13.986 0.6999999881
10865  26.579  -74.472  -14.915 0.6999999881
17468  21.256  -66.680  -5.732 0.6000000238
11779  29.828  -73.176  -12.805 0.6999999881
11799  28.356  -73.813  -13.238 0.6999999881
11801  26.662  -73.387  -13.569 0.6999999881
11814  26.291  -73.590  -14.476 0.6999999881
18477  22.236  -66.655  -5.259 0.5000000000
17467  21.808  -67.341  -5.591 0.5000000000
12773  30.185  -71.655  -11.857 0.6000000238
12796  29.145  -72.710  -12.166 0.6999999881
11780  28.763  -73.306  -12.689 0.6999999881
17449  23.189  -67.014  -4.884 0.5000000000
14664  30.201  -69.602  -11.108 0.5000000000
13746  30.476  -70.963  -11.770 0.6000000238
13747  29.666  -71.391  -11.318 0.6000000238
17425  19.080  -67.091  -2.013 0.4000000060
9984  23.511  -75.977  -15.714 0.6999999881
9985  23.287  -75.028  -14.893 0.6999999881
17427  17.806  -67.940  -2.774 0.4000000060
17428  16.952  -68.100  -3.030 0.6000000238
10892  23.461  -75.355  -17.912 0.8000000119
10015  23.004  -75.333  -17.417 0.6999999881
9983  26.086  -74.902  -16.127 0.6000000238
10879  25.146  -74.160  -17.058 0.6000000238
15519  15.195  -69.076  -2.138 0.6000000238
10864  27.392  -74.847  -14.491 0.6999999881
10842  28.889  -74.394  -13.812 0.6000000238
14560  14.533  -70.891  -2.487 0.5000000000
13762  30.779  -71.384  -12.497 0.6000000238
12795  30.298  -72.302  -12.376 0.6999999881
123026  30.383  -69.746  -12.889 0.5000000000
9164  23.135  -75.926  -17.238 0.6999999881
16449  18.095  -68.268  -1.946 0.4000000060
10019  24.029  -75.813  -18.257 0.8000000119
16450  17.259  -68.431  -2.211 0.5000000000
10001  26.396  -75.842  -16.842 0.8000000119
16436  15.748  -68.843  -1.835 0.4000000060
16434  17.438  -68.569  -1.281 0.4000000060
10002  25.357  -75.367  -17.588 0.6999999881
15510  15.297  -69.293  -1.324 0.4000000060
16451  16.318  -68.483  -2.413 0.5000000000
11797  30.430  -73.662  -13.570 0.6000000238
15496  15.247  -69.354  -0.432 0.4000000060
11778  30.893  -72.794  -13.321 0.6000000238
11798  29.339  -73.805  -13.306 0.6000000238
13608  14.170  -71.324  -2.054 0.4000000060
132293  14.696  -70.158  -2.193 0.6000000238
13761  30.985  -71.136  -13.270 0.6000000238
14690  30.765  -70.545  -12.796 0.5000000000
15662  29.962  -69.413  -13.998 0.5000000000
16433  18.254  -68.313  -1.029 0.4000000060
9184  24.391  -76.423  -18.200 0.8000000119
16420  16.625  -68.725  -0.526 0.4000000060
132961  24.689  -75.870  -18.206 0.6999999881
128917  15.850  -68.931  -0.265 0.4000000060
9981  27.882  -75.618  -15.120 0.6000000238
9982  26.928  -75.380  -15.436 0.6999999881
10841  29.947  -74.372  -13.970 0.6000000238
10863  28.405  -74.989  -14.388 0.6000000238
15478  14.845  -69.491  0.292 0.4000000060
15497  14.575  -69.980  -0.113 0.4000000060
12794  31.088  -71.803  -13.265 0.6000000238
14533  13.704  -70.763  -0.368 0.4000000060
14702  30.628  -70.631  -14.010 0.4000000060
16401  17.759  -68.255  0.481 0.4000000060
9162  26.812  -76.780  -17.781 0.6999999881
16402  16.922  -68.455  0.391 0.4000000060
9999  28.407  -76.291  -15.972 0.6999999881
10000  27.381  -76.173  -16.205 0.6000000238
110115  16.109  -68.688  0.385 0.4000000060
10840  30.876  -74.119  -14.387 0.6000000238
10862  29.442  -75.017  -14.502 0.6000000238
15479  14.120  -69.872  0.661 0.4000000060
12811  31.187  -72.060  -14.365 0.6000000238
14516  13.464  -70.394  0.341 0.3000000119
14717  30.622  -70.655  -14.866 0.4000000060
15673  30.392  -70.029  -14.623 0.4000000060
14716  30.736  -70.494  -15.177 0.4000000060
114592  15.446  -68.602  1.203 0.4000000060
16389  14.629  -68.700  1.542 0.4000000060
127160  31.292  -73.718  -14.909 0.6000000238
12827  31.324  -72.158  -15.421 0.6000000238
111030  31.465  -73.128  -15.601 0.6000000238
14727  31.155  -70.868  -15.560 0.4000000060
14726  31.885  -71.152  -15.763 0.5000000000
14715  31.590  -69.744  -15.077 0.4000000060
18399  10.850  -66.897  -0.027 0.3000000119
129924  31.744  -70.429  -15.413 0.4000000060
19325  17.560  -65.600  2.706 0.4000000060
19352  12.255  -66.050  0.384 0.3000000119
19382  10.017  -65.094  -2.434 0.4000000060
118403  17.854  -64.841  2.940 0.4000000060
117846  16.239  -64.835  2.410 0.4000000060
19351  13.025  -65.550  0.583 0.3000000119
19335  14.309  -65.532  1.674 0.3000000119
18408  11.309  -65.703  -0.874 0.3000000119
18398  11.458  -66.219  -0.167 0.3000000119
19375  10.318  -65.504  -1.820 0.3000000119
20227  16.619  -64.148  2.522 0.4000000060
20228  15.944  -64.122  2.165 0.4000000060
19328  15.043  -65.555  2.112 0.4000000060
19364  12.774  -65.118  -0.170 0.3000000119
20268  12.371  -64.878  -0.809 0.3000000119
21222  9.211  -62.931  -6.163 0.4000000060
121524  8.564  -61.982  -7.385 0.3000000119
23875  9.278  -60.820  -6.898 0.3000000119
110253  11.819  -65.004  -1.205 0.3000000119
110135  10.815  -64.831  -2.223 0.3000000119
21124  15.720  -63.418  1.874 0.4000000060
20236  15.330  -64.151  1.701 0.4000000060
20238  14.248  -64.706  1.070 0.3000000119
20250  13.541  -64.791  0.367 0.3000000119
20266  13.239  -64.467  -0.343 0.3000000119
21204  10.154  -63.320  -4.445 0.3000000119
20279  12.439  -64.297  -1.384 0.3000000119
22089  9.310  -61.910  -7.290 0.3000000119
20280  11.657  -64.465  -1.989 0.3000000119
22960  11.119  -61.442  -6.936 0.4000000060
23874  10.147  -60.967  -7.341 0.3000000119
23873  11.002  -60.974  -7.324 0.3000000119
23860  10.116  -60.444  -6.835 0.3000000119
21132  15.070  -63.505  1.269 0.4000000060
21142  14.610  -63.266  0.637 0.4000000060
112784  13.691  -64.060  -0.132 0.3000000119
22063  10.154  -62.706  -5.674 0.4000000060
21168  13.292  -63.210  -1.159 0.3000000119
22062  10.788  -62.768  -4.728 0.3000000119
22073  10.486  -62.048  -6.639 0.4000000060
22072  11.172  -62.102  -5.765 0.4000000060
24755  11.922  -59.308  -6.751 0.3000000119
21133  15.001  -62.854  0.980 0.4000000060
22016  14.580  -62.507  0.472 0.4000000060
22022  13.987  -62.558  -0.208 0.4000000060
22023  13.525  -62.626  -0.919 0.4000000060
21169  12.760  -63.427  -1.705 0.3000000119
113090  12.478  -62.266  -2.917 0.3000000119
22052  11.599  -62.476  -4.231 0.3000000119
22060  12.130  -61.811  -4.467 0.3000000119
23845  12.517  -60.701  -5.121 0.5000000000
22959  11.791  -61.413  -6.371 0.4000000060
22973  12.111  -60.944  -6.613 0.4000000060
25646  11.656  -58.799  -6.394 0.3000000119
22906  14.229  -61.789  0.072 0.4000000060
22907  13.704  -61.872  -0.606 0.4000000060
22914  13.280  -61.990  -1.403 0.3000000119
23815  12.686  -60.942  -2.949 0.3000000119
24714  12.850  -59.359  -2.508 0.3000000119
24725  12.827  -58.935  -3.317 0.3000000119
22031  12.605  -62.815  -2.313 0.3000000119
22925  12.671  -61.691  -2.717 0.3000000119
23828  12.580  -60.791  -3.991 0.3000000119
24726  12.647  -60.033  -4.600 0.3000000119
25598  12.879  -58.525  -4.634 0.3000000119
128729  12.449  -61.614  -3.589 0.3000000119
115799  12.570  -59.978  -5.798 0.3000000119
131038  12.333  -59.969  -6.548 0.3000000119
25624  11.894  -57.798  -6.172 0.3000000119
23764  16.996  -60.428  2.331 0.3000000119
22894  15.848  -60.912  1.613 0.3000000119
125969  14.996  -60.891  0.807 0.3000000119
24680  14.670  -59.759  0.329 0.3000000119
25551  14.234  -58.644  -0.543 0.3000000119
26400  13.847  -57.803  -1.833 0.3000000119
124284  14.494  -60.996  0.345 0.3000000119
24690  13.553  -59.397  -0.856 0.3000000119
24701  13.112  -59.340  -1.681 0.3000000119
25563  13.645  -58.581  -1.332 0.3000000119
25597  13.087  -58.035  -3.496 0.3000000119
25622  13.082  -57.706  -4.607 0.3000000119
122062  12.709  -58.598  -5.790 0.3000000119
25623  12.865  -57.874  -5.626 0.3000000119
25659  12.169  -58.803  -6.556 0.3000000119
26479  12.245  -58.004  -6.241 0.3000000119
24657  17.659  -59.898  2.699 0.3000000119
24670  15.850  -59.565  1.247 0.3000000119
24679  15.212  -59.654  0.738 0.3000000119
25537  14.825  -58.987  0.252 0.3000000119
25562  14.322  -57.985  -1.124 0.3000000119
27338  13.707  -56.633  -3.242 0.3000000119
26455  13.067  -57.076  -5.299 0.3000000119
26477  12.960  -56.565  -5.640 0.3000000119
26456  11.832  -56.847  -5.741 0.3000000119
26399  14.493  -57.424  -1.558 0.3000000119
26413  14.258  -56.992  -2.269 0.3000000119
27363  13.330  -56.164  -4.631 0.3000000119
28303  13.003  -55.850  -5.460 0.3000000119
119972  12.295  -57.124  -6.007 0.3000000119
28304  12.576  -55.939  -5.541 0.3000000119
27318  15.397  -56.310  -1.882 0.3000000119
27337  14.498  -56.210  -2.740 0.3000000119
27362  14.027  -55.780  -3.496 0.3000000119
110896  15.398  -56.741  -1.304 0.3000000119
28223  15.913  -55.684  -2.177 0.3000000119
28248  14.914  -55.483  -3.015 0.3000000119
28267  14.461  -55.075  -3.632 0.3000000119
28283  14.046  -54.621  -4.204 0.3000000119
28285  12.773  -55.284  -5.183 0.3000000119
123764  12.515  -54.673  -4.822 0.3000000119
4612  34.663  -82.512  -8.874 0.5000000000
123093  33.370  -81.650  -8.430 0.5000000000
6004  32.707  -81.014  -8.581 0.4000000060
16591  21.995  -68.264  -13.393 0.6999999881
123747  21.156  -68.138  -12.273 0.6999999881
6028  28.884  -80.298  -9.106 0.4000000060
6003  33.704  -80.942  -8.814 0.5000000000
115586  22.285  -72.291  -13.156 0.5000000000
13750  25.369  -71.425  -11.488 0.6000000238
10893  23.219  -74.404  -17.254 0.8000000119
10846  22.988  -74.081  -14.698 0.6999999881
10866  25.884  -73.850  -15.639 0.6000000238
14678  30.571  -70.043  -11.867 0.5000000000
11800  27.466  -73.697  -13.313 0.6999999881
15511  14.804  -69.918  -0.911 0.4000000060
126341  29.798  -69.079  -13.239 0.5000000000
11796  31.255  -73.170  -14.408 0.6000000238
110222  30.361  -70.095  -13.765 0.4000000060
9980  28.910  -75.695  -15.105 0.6000000238
10861  30.427  -74.905  -14.762 0.6000000238
15466  13.842  -69.158  1.493 0.3000000119
13792  30.917  -71.215  -15.244 0.4000000060
13801  31.424  -71.607  -15.742 0.4000000060
121647  17.018  -64.854  2.691 0.4000000060
22895  15.336  -61.262  1.219 0.3000000119
24658  16.969  -59.609  2.101 0.3000000119
9160  28.996  -76.847  -17.146 0.5000000000
9161  27.963  -76.865  -17.371 0.5000000000
9177  26.277  -77.484  -18.221 0.6999999881
9179  23.719  -76.406  -17.897 0.6000000238
9998  29.373  -76.234  -16.062 0.5000000000
10013  25.497  -76.501  -18.153 0.6000000238
9150  24.973  -77.226  -14.222 0.6000000238
9138  24.612  -76.565  -13.359 0.6000000238
8347  26.813  -77.917  -18.282 0.6999999881
8331  25.302  -77.758  -16.678 0.6000000238
9151  24.606  -77.123  -15.720 0.6000000238
8343  25.248  -77.467  -18.021 0.6999999881
8332  24.386  -77.111  -17.470 0.6000000238
127738  24.272  -76.535  -14.709 0.6000000238
9997  30.305  -76.024  -16.379 0.5000000000
7577  27.368  -78.972  -16.832 0.6999999881
131189  26.645  -78.640  -16.742 0.6999999881
123305  26.132  -78.426  -16.039 0.6000000238
119687  25.576  -78.007  -15.013 0.6000000238
7586  27.628  -78.667  -17.724 0.6000000238
7587  26.780  -78.441  -17.735 0.6999999881
8339  29.116  -78.642  -17.527 0.6000000238
9996  31.106  -75.610  -16.522 0.5000000000
7585  28.731  -79.078  -17.221 0.6999999881
8311  25.570  -78.017  -13.770 0.6000000238
10012  31.656  -75.203  -16.576 0.5000000000
10878  30.786  -75.270  -15.810 0.5000000000
11826  33.044  -73.275  -16.264 0.5000000000
10877  31.506  -74.758  -16.272 0.5000000000
12841  33.027  -72.404  -15.925 0.4000000060
116855  18.585  -69.321  -15.060 0.4000000060
122855  19.745  -69.292  -14.867 0.4000000060
113054  19.810  -69.924  -15.156 0.5000000000
14722  19.532  -70.514  -15.149 0.5000000000
13795  18.999  -71.331  -15.574 0.5000000000
11828  31.695  -73.662  -16.146 0.5000000000
10881  18.124  -75.421  -17.058 0.6000000238
11827  32.096  -73.357  -16.427 0.4000000060
14706  19.523  -71.371  -14.165 0.5000000000
12832  18.950  -72.145  -14.924 0.5000000000
10869  18.583  -74.410  -16.560 0.5000000000
14732  17.982  -70.737  -16.036 0.5000000000
13806  18.826  -70.713  -15.689 0.5000000000
13807  18.188  -71.564  -16.298 0.5000000000
13812  17.577  -72.267  -16.669 0.5000000000
12847  18.012  -72.522  -16.641 0.5000000000
124397  18.066  -73.432  -16.846 0.5000000000
12843  31.648  -72.559  -16.041 0.5000000000
11818  18.649  -73.023  -16.019 0.5000000000
12826  33.880  -72.082  -15.158 0.4000000060
13800  32.079  -71.923  -16.074 0.4000000060
13791  32.879  -71.531  -15.533 0.4000000060
17547  19.084  -67.002  -11.955 0.5000000000
13808  17.102  -71.530  -16.457 0.5000000000
10860  31.263  -74.309  -15.420 0.5000000000
17512  18.949  -67.491  -10.573 0.5000000000
17531  18.223  -67.050  -10.537 0.5000000000
18566  17.398  -66.047  -11.535 0.5000000000
17530  18.653  -66.892  -11.288 0.5000000000
126273  32.766  -70.696  -15.117 0.4000000060
17513  18.422  -67.679  -9.784 0.5000000000
118573  17.616  -66.705  -10.429 0.5000000000
17498  17.945  -67.872  -8.718 0.5000000000
18537  17.042  -66.764  -9.801 0.5000000000
18554  17.106  -66.111  -10.747 0.5000000000
128750  16.433  -65.565  -11.580 0.4000000060
17491  17.418  -67.393  -7.858 0.5000000000
18538  16.395  -66.254  -9.929 0.6000000238
19496  16.236  -65.676  -10.695 0.6000000238
17490  18.203  -67.927  -7.706 0.5000000000
18520  16.712  -66.922  -8.026 0.5000000000
117785  16.468  -66.757  -9.010 0.5000000000
18521  15.961  -66.320  -9.207 0.6000000238
19481  14.918  -65.669  -9.782 0.6000000238
111007  14.577  -65.015  -10.974 0.6000000238
19508  14.099  -65.031  -11.372 0.5000000000
19509  13.257  -65.110  -11.575 0.5000000000
19511  11.267  -65.210  -11.410 0.5000000000
17481  18.069  -66.909  -7.051 0.5000000000
18498  17.081  -66.123  -6.633 0.5000000000
123634  16.070  -66.518  -8.270 0.5000000000
19452  15.928  -66.390  -7.512 0.6000000238
111325  14.412  -65.193  -10.493 0.6000000238
19498  13.941  -64.887  -10.871 0.6000000238
19500  12.270  -64.782  -11.095 0.5000000000
127498  9.918  -67.915  -7.737 0.5000000000
19502  10.220  -65.153  -10.799 0.5000000000
112938  18.979  -66.735  -6.586 0.5000000000
19440  17.842  -65.641  -6.078 0.5000000000
19441  17.301  -65.781  -6.166 0.6000000238
19443  15.833  -66.298  -6.939 0.6000000238
18499  15.402  -66.444  -6.470 0.6000000238
19466  14.707  -66.078  -8.811 0.6000000238
18509  14.236  -66.445  -7.436 0.6000000238
19467  14.069  -65.503  -9.634 0.6000000238
18522  12.961  -66.084  -8.409 0.6000000238
19482  13.231  -65.083  -10.026 0.6000000238
19484  11.605  -64.991  -9.974 0.5000000000
129411  10.792  -64.983  -10.997 0.5000000000
19485  10.309  -65.293  -10.039 0.5000000000
19471  10.664  -65.782  -9.172 0.5000000000
19486  9.567  -65.536  -10.488 0.5000000000
18526  9.384  -66.590  -8.870 0.5000000000
19433  16.967  -65.760  -5.963 0.6000000238
18483  15.675  -66.472  -5.769 0.6000000238
18484  14.803  -66.801  -5.901 0.6000000238
18485  13.969  -67.000  -6.088 0.6000000238
18501  13.716  -66.739  -6.796 0.6000000238
18510  13.376  -66.446  -7.558 0.6000000238
18502  12.910  -66.850  -6.869 0.6000000238
18523  12.026  -66.116  -8.381 0.5000000000
18512  11.622  -66.647  -7.648 0.5000000000
19470  11.485  -65.645  -9.133 0.5000000000
18513  10.803  -66.823  -7.784 0.5000000000
121668  11.309  -67.830  -6.988 0.6000000238
18525  10.280  -66.394  -8.541 0.5000000000
17493  10.657  -67.515  -7.462 0.5000000000
16524  10.729  -68.272  -7.332 0.5000000000
119994  11.030  -70.249  -7.615 0.5000000000
18461  15.112  -67.032  -5.243 0.6000000238
17469  14.206  -67.376  -5.311 0.6000000238
17483  12.656  -67.407  -6.298 0.6000000238
18503  12.108  -66.998  -6.961 0.6000000238
16515  11.493  -68.533  -6.910 0.6000000238
15589  11.052  -69.336  -7.394 0.5000000000
17452  14.720  -67.515  -4.770 0.6000000238
115339  12.322  -67.974  -6.164 0.6000000238
15554  12.719  -69.612  -6.256 0.6000000238
14599  12.421  -70.280  -6.773 0.5000000000
16453  15.005  -68.846  -2.772 0.6000000238
16470  15.064  -68.313  -3.356 0.6000000238
118362  14.174  -69.006  -3.976 0.6000000238
16501  13.381  -68.606  -5.166 0.6000000238
16502  12.782  -68.639  -5.801 0.6000000238
14586  13.327  -70.480  -5.939 0.5000000000
15527  14.578  -69.081  -3.271 0.6000000238
15539  13.865  -69.452  -4.623 0.6000000238
14576  14.355  -69.872  -3.759 0.6000000238
15553  13.315  -69.489  -5.493 0.6000000238
13637  14.307  -71.603  -3.915 0.6000000238
130065  14.113  -72.052  -4.175 0.5000000000
13623  14.279  -71.617  -3.015 0.4000000060
130521  24.031  -76.547  -15.642 0.6000000238
9178  25.287  -77.171  -18.245 0.6999999881
9979  29.881  -75.596  -15.318 0.5000000000
10876  32.803  -74.118  -16.543 0.5000000000
10890  31.956  -74.357  -16.586 0.5000000000
11838  17.394  -73.924  -17.236 0.6000000238
127508  15.413  -66.254  -8.822 0.6000000238
19453  15.262  -66.348  -7.874 0.6000000238
19469  12.460  -65.458  -9.357 0.6000000238
18524  11.119  -66.229  -8.359 0.5000000000
17453  14.220  -67.885  -4.594 0.6000000238
17471  12.958  -67.921  -5.629 0.6000000238
118019  13.756  -70.263  -5.191 0.6000000238
14585  13.839  -71.122  -5.347 0.6000000238
3994  35.302  -82.943  -9.134 0.4000000060
5270  38.369  -80.501  -8.591 0.5000000000
6019  38.138  -79.874  -9.440 0.5000000000
5287  37.683  -80.999  -9.413 0.4000000060
4626  36.727  -81.774  -9.476 0.4000000060
112132  36.115  -80.492  -9.938 0.4000000060
4627  35.949  -82.214  -9.257 0.4000000060
6739  37.709  -79.128  -9.853 0.5000000000
127135  38.583  -79.652  -8.672 0.5000000000
6020  36.521  -79.682  -10.389 0.5000000000
6021  35.013  -80.371  -9.820 0.5000000000
5272  35.437  -80.871  -9.263 0.4000000060
7498  36.510  -78.243  -10.310 0.5000000000
6755  35.815  -79.240  -10.692 0.5000000000
6041  35.333  -79.862  -10.537 0.5000000000
6042  34.122  -80.019  -10.730 0.5000000000
6002  34.663  -80.868  -8.948 0.4000000060
131632  33.588  -80.241  -10.387 0.4000000060
7499  35.337  -78.576  -10.686 0.5000000000
7500  34.161  -78.857  -10.899 0.5000000000
7501  33.072  -79.093  -10.929 0.5000000000
6757  33.582  -79.647  -10.939 0.5000000000
6043  33.196  -80.065  -10.838 0.5000000000
7539  25.986  -78.955  -12.679 0.5000000000
7523  26.284  -79.407  -12.083 0.4000000060
6775  26.908  -80.122  -11.704 0.4000000060
6774  27.494  -80.347  -12.035 0.4000000060
114817  28.072  -80.445  -11.609 0.4000000060
6048  28.882  -80.510  -10.253 0.4000000060
6047  29.716  -80.414  -10.632 0.4000000060
6026  30.386  -80.466  -9.483 0.4000000060
6025  31.280  -80.519  -9.319 0.4000000060
7502  32.079  -79.318  -10.970 0.4000000060
6758  32.648  -79.797  -10.964 0.5000000000
6024  32.142  -80.456  -9.679 0.4000000060
6044  32.360  -80.150  -10.721 0.4000000060
7538  26.547  -79.596  -12.938 0.4000000060
6773  27.884  -80.356  -12.050 0.4000000060
114949  28.783  -80.448  -11.121 0.4000000060
7480  31.471  -78.596  -10.620 0.4000000060
112204  30.217  -80.198  -11.010 0.4000000060
6045  31.505  -80.227  -10.640 0.4000000060
7481  30.518  -78.771  -10.848 0.4000000060
7503  31.184  -79.554  -11.047 0.4000000060
6760  30.939  -80.078  -11.012 0.4000000060
7549  26.082  -78.919  -13.370 0.5000000000
7548  26.715  -79.379  -13.646 0.4000000060
6800  27.007  -79.882  -13.034 0.4000000060
7537  27.198  -79.591  -13.199 0.4000000060
7521  28.070  -79.468  -12.378 0.4000000060
6772  28.583  -80.239  -11.651 0.4000000060
7505  28.654  -79.098  -11.706 0.4000000060
6761  29.468  -80.218  -11.219 0.4000000060
8275  29.446  -78.752  -11.137 0.4000000060
7504  30.230  -79.828  -11.195 0.4000000060
7563  26.201  -78.800  -14.214 0.5000000000
7562  26.903  -79.183  -14.546 0.5000000000
8324  27.037  -79.012  -15.671 0.6000000238
7547  27.026  -79.317  -13.833 0.5000000000
7522  27.619  -79.218  -12.901 0.4000000060
8288  27.872  -78.024  -12.588 0.4000000060
8287  28.039  -77.715  -11.782 0.4000000060
123220  28.153  -76.571  -11.235 0.4000000060
8323  28.332  -78.695  -14.404 0.4000000060
124730  27.999  -79.322  -16.072 0.5000000000
122365  28.733  -77.755  -13.979 0.4000000060
9109  28.040  -77.411  -12.732 0.4000000060
8322  29.164  -78.597  -14.793 0.5000000000
8308  29.395  -77.556  -14.128 0.4000000060
8309  28.236  -77.732  -13.441 0.4000000060
9122  28.386  -76.685  -12.549 0.4000000060
7560  28.754  -79.320  -15.681 0.6000000238
129551  28.658  -79.389  -16.502 0.6000000238
8321  30.184  -78.537  -14.996 0.5000000000
8307  30.354  -77.396  -14.231 0.4000000060
9176  27.379  -77.684  -18.128 0.5000000000
18459  16.692  -66.307  -4.898 0.5000000000
17451  15.387  -67.312  -4.592 0.5000000000
16469  15.976  -68.123  -3.163 0.5000000000
18442  17.022  -66.838  -4.192 0.5000000000
17439  15.639  -67.719  -3.896 0.5000000000
18460  15.901  -66.629  -5.083 0.5000000000
6754  36.823  -78.915  -10.378 0.5000000000
111619  37.253  -80.271  -10.003 0.5000000000
6791  26.976  -80.148  -12.478 0.4000000060
6790  27.342  -80.083  -12.518 0.4000000060
8310  27.516  -78.962  -14.005 0.4000000060
8297  27.805  -78.458  -13.225 0.4000000060
7561  27.631  -79.159  -14.995 0.5000000000
7559  29.892  -79.347  -15.802 0.6000000238
131167  29.581  -76.857  -13.597 0.5000000000
12822  38.026  -74.166  -14.199 0.3000000119
10859  36.776  -75.046  -15.149 0.3000000119
11824  35.890  -74.665  -15.352 0.3000000119
12823  37.035  -73.360  -14.432 0.3000000119
13776  37.669  -72.413  -14.071 0.3000000119
13775  38.607  -72.299  -13.767 0.3000000119
129960  36.712  -75.840  -14.762 0.3000000119
9994  35.741  -76.523  -15.214 0.4000000060
9995  35.184  -76.481  -15.708 0.4000000060
11810  37.955  -75.071  -14.116 0.3000000119
9170  34.344  -76.587  -16.142 0.4000000060
112193  35.528  -76.001  -15.652 0.4000000060
130857  31.354  -75.899  -16.712 0.4000000060
127876  30.811  -76.545  -16.925 0.4000000060
11795  38.329  -74.763  -13.683 0.3000000119
122968  35.285  -75.122  -15.745 0.3000000119
10888  33.581  -75.158  -16.432 0.4000000060
13788  36.427  -71.982  -14.169 0.3000000119
11813  35.362  -73.580  -15.176 0.3000000119
114577  34.556  -77.427  -15.372 0.4000000060
8320  32.869  -78.593  -15.787 0.4000000060
7582  31.478  -78.955  -16.175 0.4000000060
8338  30.090  -78.672  -17.154 0.4000000060
9960  36.691  -75.907  -14.558 0.4000000060
9157  34.984  -77.041  -15.500 0.4000000060
127613  33.667  -78.076  -15.682 0.4000000060
132809  31.727  -78.596  -16.397 0.4000000060
9173  30.434  -77.667  -17.209 0.4000000060
10835  37.448  -75.626  -14.004 0.3000000119
9158  34.209  -77.608  -15.751 0.4000000060
9172  32.718  -77.010  -16.605 0.4000000060
9175  28.516  -77.729  -17.783 0.4000000060
10857  37.956  -75.245  -13.844 0.3000000119
10011  31.962  -75.854  -16.769 0.4000000060
9174  29.534  -77.730  -17.501 0.4000000060
11794  38.907  -74.308  -13.323 0.3000000119
128122  32.079  -75.101  -16.747 0.4000000060
12840  34.167  -73.159  -15.630 0.4000000060
9134  32.605  -77.313  -14.414 0.4000000060
7558  30.909  -79.235  -15.834 0.4000000060
9963  34.027  -76.725  -14.265 0.4000000060
9147  34.209  -77.759  -15.130 0.4000000060
9148  32.451  -78.426  -15.206 0.4000000060
7573  31.090  -79.190  -16.114 0.4000000060
10836  36.841  -75.148  -13.438 0.3000000119
9961  35.940  -76.170  -14.348 0.4000000060
12790  38.670  -74.339  -12.632 0.3000000119
11772  38.599  -74.738  -13.243 0.3000000119
11771  39.125  -74.373  -12.885 0.3000000119
9149  31.312  -78.501  -15.107 0.4000000060
129279  34.559  -71.719  -14.569 0.3000000119
8340  28.110  -78.446  -17.981 0.4000000060
7584  29.786  -79.167  -16.876 0.4000000060
7575  29.462  -79.398  -16.456 0.4000000060
9135  31.432  -77.154  -14.202 0.4000000060
10875  36.188  -75.803  -15.259 0.3000000119
9977  35.589  -76.790  -14.852 0.4000000060
10887  34.735  -75.634  -16.037 0.4000000060
9171  33.681  -77.238  -16.271 0.4000000060
10010  32.958  -75.898  -16.567 0.4000000060
11825  34.945  -74.138  -15.630 0.4000000060
9978  34.985  -77.265  -14.946 0.4000000060
7557  31.882  -78.928  -15.853 0.4000000060
129052  33.018  -78.508  -15.908 0.4000000060
123565  36.742  -76.008  -13.770 0.3000000119
8335  33.492  -78.119  -16.048 0.4000000060
10816  37.885  -75.204  -13.591 0.3000000119
9962  34.979  -76.457  -14.291 0.4000000060
123351  35.748  -75.252  -13.510 0.3000000119
11773  37.257  -74.575  -12.905 0.3000000119
3336  35.326  -84.535  -3.562 0.3000000119
2759  34.292  -85.726  -4.153 0.3000000119
3947  35.799  -83.399  -4.073 0.3000000119
2748  34.870  -85.259  -3.563 0.3000000119
3345  36.200  -83.431  -4.804 0.3000000119
2758  35.139  -85.093  -4.191 0.3000000119
131534  36.124  -82.564  -4.732 0.3000000119
4567  34.999  -83.088  -4.100 0.3000000119
3933  35.204  -83.962  -3.263 0.3000000119
5229  36.036  -82.169  -5.426 0.3000000119
4576  36.250  -82.429  -5.095 0.3000000119
127740  35.893  -84.051  -5.269 0.3000000119
4611  37.230  -82.061  -8.986 0.3000000119
121808  34.408  -82.682  -4.892 0.3000000119
4568  34.032  -83.017  -4.327 0.3000000119
5244  35.038  -81.865  -5.902 0.3000000119
4577  35.358  -82.513  -4.967 0.3000000119
3934  34.322  -83.914  -2.844 0.3000000119
5227  37.386  -81.659  -6.162 0.3000000119
6001  38.609  -80.085  -8.099 0.3000000119
4596  37.862  -81.785  -7.182 0.3000000119
114126  35.783  -81.373  -6.271 0.3000000119
5228  37.112  -81.965  -5.704 0.3000000119
5243  36.916  -81.482  -6.137 0.3000000119
5981  37.319  -79.864  -7.285 0.3000000119
5980  38.223  -79.997  -7.416 0.3000000119
5959  38.115  -80.885  -7.113 0.3000000119
6712  38.547  -79.495  -7.943 0.3000000119
7477  34.908  -77.681  -10.258 0.4000000060
7475  37.258  -77.191  -9.434 0.4000000060
2733  29.233  -85.780  -1.357 0.3000000119
2744  28.125  -86.157  -2.323 0.3000000119
3337  34.089  -84.845  -2.630 0.3000000119
2739  33.647  -85.553  -2.720 0.3000000119
3936  32.224  -83.211  -3.195 0.3000000119
3927  32.289  -84.072  -1.854 0.3000000119
3319  30.478  -84.727  -1.296 0.3000000119
2731  30.617  -85.971  -1.599 0.3000000119
2743  28.785  -86.051  -1.620 0.3000000119
4570  31.787  -82.870  -4.390 0.3000000119
3935  33.246  -83.495  -2.896 0.3000000119
3329  32.269  -84.998  -1.841 0.3000000119
2211  30.596  -87.057  -2.018 0.3000000119
2204  29.862  -86.519  -1.534 0.3000000119
3950  33.687  -83.305  -3.598 0.3000000119
3926  33.489  -84.164  -2.451 0.3000000119
2741  32.045  -86.042  -2.161 0.3000000119
2210  31.460  -86.732  -2.500 0.3000000119
3327  33.464  -84.996  -2.371 0.3000000119
2751  32.318  -86.396  -2.773 0.3000000119
3957  36.472  -82.660  -5.129 0.3000000119
3962  37.132  -82.690  -5.932 0.3000000119
4569  32.831  -82.966  -4.591 0.3000000119
5242  37.534  -81.395  -6.377 0.3000000119
3321  28.808  -84.751  -1.214 0.3000000119
2217  31.631  -86.855  -3.062 0.3000000119
3951  32.705  -83.204  -3.820 0.3000000119
3919  31.523  -84.123  -1.578 0.3000000119
3328  32.866  -84.563  -2.141 0.3000000119
2730  31.425  -85.382  -1.672 0.3000000119
7461  38.315  -78.214  -9.085 0.3000000119
12731  29.842  -72.889  -9.066 0.3000000119
11712  29.026  -73.263  -8.622 0.3000000119
10758  28.505  -74.475  -8.484 0.3000000119
120107  29.156  -76.518  -8.686 0.4000000060
8238  30.000  -77.263  -9.154 0.4000000060
8260  30.776  -77.871  -9.925 0.3000000119
7479  32.466  -78.338  -10.436 0.3000000119
11726  29.420  -73.586  -9.345 0.3000000119
10771  28.951  -74.260  -9.618 0.4000000060
128214  28.355  -75.639  -9.946 0.4000000060
118925  28.264  -76.408  -10.466 0.4000000060
8261  29.726  -77.853  -10.153 0.3000000119
9931  28.322  -76.077  -11.513 0.4000000060
120915  28.220  -75.953  -10.773 0.4000000060
8276  28.478  -77.932  -11.189 0.3000000119
14614  29.601  -70.704  -6.816 0.3000000119
12690  28.945  -72.176  -7.557 0.3000000119
120761  28.461  -74.085  -7.815 0.4000000060
9901  28.806  -75.684  -8.157 0.4000000060
8237  31.174  -77.125  -9.008 0.3000000119
8259  31.816  -77.680  -9.729 0.3000000119
8258  32.896  -77.276  -9.504 0.3000000119
13690  29.846  -71.723  -8.067 0.3000000119
12709  30.302  -72.204  -8.770 0.3000000119
12730  30.644  -72.641  -9.397 0.3000000119
11725  30.274  -73.298  -9.684 0.3000000119
11743  29.805  -73.945  -10.022 0.3000000119
10787  28.541  -74.925  -9.810 0.4000000060
12749  31.499  -73.071  -10.233 0.3000000119
11760  31.096  -74.223  -11.030 0.3000000119
11742  30.787  -73.652  -10.346 0.3000000119
10786  29.138  -74.600  -10.337 0.4000000060
9919  28.563  -75.394  -10.678 0.4000000060
10801  30.481  -74.768  -11.434 0.3000000119
9929  29.755  -75.320  -11.799 0.4000000060
9930  28.850  -75.473  -11.437 0.4000000060
9946  31.575  -75.616  -12.740 0.3000000119
9947  30.011  -75.817  -12.542 0.4000000060
9948  28.879  -75.858  -12.132 0.4000000060
119442  31.833  -76.291  -13.458 0.3000000119
9120  30.391  -76.484  -13.383 0.4000000060
132063  31.170  -76.410  -13.442 0.3000000119
12642  30.118  -71.815  -4.000 0.3000000119
12654  30.301  -72.463  -4.558 0.3000000119
11684  30.636  -73.250  -5.379 0.3000000119
10724  30.062  -73.805  -5.876 0.3000000119
14595  29.169  -70.545  -5.984 0.3000000119
14596  28.770  -71.004  -5.547 0.3000000119
12667  28.572  -72.251  -5.784 0.3000000119
10733  29.376  -74.327  -6.542 0.3000000119
15580  31.178  -69.825  -7.074 0.3000000119
14613  30.405  -70.211  -7.006 0.3000000119
13668  28.805  -71.296  -6.317 0.3000000119
11695  28.512  -73.231  -6.710 0.3000000119
10742  28.874  -74.815  -7.234 0.3000000119
9885  29.338  -75.393  -7.434 0.3000000119
9069  31.854  -76.176  -8.319 0.3000000119
8257  34.063  -76.464  -9.297 0.3000000119
8256  35.759  -76.398  -9.480 0.3000000119
8255  36.830  -76.188  -9.081 0.3000000119
14629  31.273  -70.638  -8.082 0.3000000119
10800  31.431  -74.669  -11.689 0.3000000119
10822  30.904  -75.313  -12.183 0.3000000119
10799  32.265  -74.487  -11.878 0.3000000119
10821  31.861  -75.103  -12.309 0.3000000119
10839  33.231  -75.653  -13.295 0.3000000119
9964  32.863  -76.414  -13.787 0.3000000119
12641  31.249  -71.936  -3.726 0.3000000119
13636  29.663  -70.946  -3.660 0.3000000119
13644  29.201  -71.396  -4.398 0.3000000119
12655  29.470  -72.207  -4.662 0.3000000119
14584  29.032  -70.444  -5.173 0.3000000119
12656  28.772  -71.814  -5.110 0.3000000119
8233  37.410  -76.689  -8.650 0.3000000119
13634  32.062  -72.118  -3.391 0.3000000119
13635  30.599  -71.132  -3.203 0.3000000119
14558  29.987  -70.353  -3.104 0.3000000119
14566  29.610  -70.285  -3.613 0.3000000119
14574  29.209  -70.516  -4.291 0.3000000119
15564  29.609  -69.878  -5.663 0.3000000119
120927  31.510  -71.565  -3.130 0.3000000119
13622  31.358  -70.929  -2.567 0.3000000119
14559  29.802  -69.827  -3.336 0.3000000119
15538  29.581  -69.732  -3.920 0.3000000119
7476  36.169  -77.332  -9.975 0.3000000119
7478  33.684  -77.869  -10.197 0.3000000119
8262  28.627  -77.331  -10.350 0.4000000060
9121  29.214  -76.348  -12.933 0.4000000060
10838  34.101  -75.780  -13.591 0.3000000119
12710  29.405  -72.512  -8.342 0.3000000119
11727  28.707  -73.980  -8.910 0.3000000119
12711  28.670  -72.965  -7.841 0.3000000119
9912  28.423  -75.043  -9.150 0.4000000060
119840  29.064  -77.124  -9.478 0.4000000060
9089  28.519  -76.417  -9.625 0.4000000060
10802  29.407  -74.914  -11.094 0.4000000060
14630  30.336  -70.880  -7.661 0.3000000119
13676  28.661  -71.916  -6.850 0.3000000119
9886  28.666  -75.137  -7.830 0.3000000119
11701  28.504  -73.466  -7.437 0.3000000119
9053  29.863  -76.016  -7.778 0.4000000060
8236  32.287  -76.779  -8.903 0.3000000119
13689  30.898  -71.395  -8.542 0.3000000119
13705  30.997  -72.040  -9.139 0.3000000119
12729  31.455  -72.409  -9.674 0.3000000119
10785  30.160  -74.344  -10.710 0.4000000060
9945  32.307  -75.620  -12.979 0.3000000119
11686  28.684  -72.990  -5.975 0.3000000119
11694  28.937  -73.682  -6.273 0.3000000119
9884  30.671  -75.176  -7.161 0.3000000119
10820  32.717  -74.972  -12.516 0.3000000119
11817  19.071  -73.214  -14.981 0.4000000060
2205  29.256  -86.889  -1.656 0.3000000119
2732  29.877  -85.563  -1.308 0.3000000119
2740  32.919  -85.658  -2.408 0.3000000119
2742  31.305  -86.341  -1.977 0.3000000119
2749  34.169  -85.619  -3.230 0.3000000119
3335  35.635  -83.891  -3.658 0.3000000119
3346  35.726  -84.227  -4.225 0.3000000119
3355  36.314  -83.285  -5.592 0.3000000119
3946  36.071  -82.852  -4.489 0.3000000119
3948  35.502  -83.462  -3.764 0.3000000119
3949  34.791  -83.499  -3.526 0.3000000119
4566  35.846  -82.865  -4.293 0.3000000119
4575  36.970  -82.093  -5.782 0.3000000119
4585  37.968  -81.342  -6.936 0.3000000119
4586  37.497  -81.748  -6.440 0.3000000119
4610  37.762  -81.722  -8.082 0.3000000119
5241  37.722  -81.272  -6.637 0.3000000119
5255  38.264  -80.957  -7.707 0.3000000119
5271  37.939  -81.312  -8.619 0.5000000000
5273  35.341  -81.705  -8.931 0.5000000000
5288  36.221  -81.393  -9.486 0.4000000060
5960  38.021  -80.783  -6.958 0.3000000119
5961  37.596  -80.761  -6.743 0.3000000119
5979  38.431  -80.191  -7.623 0.3000000119
6022  34.049  -80.448  -9.655 0.4000000060
6023  33.104  -80.443  -9.790 0.4000000060
6046  30.682  -80.323  -10.576 0.4000000060
6711  38.637  -79.599  -8.130 0.3000000119
6727  38.535  -78.879  -8.479 0.3000000119
6738  38.499  -79.042  -9.114 0.5000000000
6756  34.652  -79.466  -10.838 0.5000000000
6759  31.768  -79.944  -11.021 0.4000000060
7474  37.968  -77.430  -9.033 0.3000000119
7497  37.522  -78.123  -9.721 0.4000000060
7572  32.322  -78.791  -15.999 0.4000000060
7574  30.377  -79.317  -16.291 0.4000000060
7576  28.117  -79.208  -16.924 0.6000000238
7583  30.644  -79.090  -16.499 0.4000000060
7591  26.941  -78.190  -18.227 0.6999999881
8221  25.921  -77.898  -7.249 0.5000000000
8263  26.030  -77.971  -9.526 0.6999999881
8278  25.582  -77.734  -10.792 0.6999999881
8298  25.545  -78.002  -12.794 0.6000000238
8319  33.416  -78.180  -15.275 0.4000000060
8325  26.381  -78.754  -15.028 0.6000000238
8330  26.001  -78.179  -17.484 0.6999999881
8336  32.408  -78.099  -16.424 0.4000000060
8337  30.969  -78.619  -16.768 0.4000000060
8341  27.351  -78.187  -18.207 0.6999999881
8342  26.194  -77.847  -18.241 0.6999999881
9055  24.435  -76.148  -7.650 0.6000000238
9070  30.535  -76.580  -8.358 0.4000000060
9071  28.482  -75.653  -9.015 0.4000000060
9100  28.213  -77.084  -10.953 0.3000000119
9108  27.999  -76.908  -12.074 0.4000000060
9133  33.516  -77.400  -14.589 0.4000000060
9136  28.806  -77.004  -13.431 0.4000000060
9146  35.375  -76.936  -15.119 0.4000000060
9159  29.911  -76.770  -17.066 0.5000000000
9163  23.740  -76.560  -16.739 0.6000000238
9871  29.952  -74.859  -6.785 0.3000000119
9887  23.875  -75.663  -7.301 0.5000000000
9902  28.481  -75.070  -8.434 0.3000000119
9965  30.991  -75.934  -12.928 0.3000000119
9975  36.368  -76.216  -14.921 0.4000000060
9976  36.052  -76.491  -14.930 0.4000000060
10014  23.253  -75.859  -17.852 0.6999999881
10732  30.882  -74.039  -6.262 0.3000000119
10734  28.563  -74.045  -7.152 0.3000000119
10743  28.528  -74.610  -7.852 0.4000000060
10760  23.150  -74.235  -7.976 0.5000000000
10772  28.571  -74.563  -9.182 0.3000000119
10788  24.027  -74.607  -10.294 0.6000000238
10858  37.338  -75.492  -14.275 0.3000000119
10867  22.917  -74.352  -15.918 0.6999999881
10889  32.585  -74.826  -16.639 0.4000000060
10891  24.435  -75.122  -17.868 0.6999999881
11675  29.924  -72.874  -5.017 0.3000000119
11685  29.464  -73.296  -5.592 0.3000000119
11713  28.545  -73.740  -8.160 0.4000000060
11741  31.615  -73.629  -10.761 0.3000000119
11745  22.519  -72.993  -9.948 0.5000000000
11781  27.855  -73.292  -12.711 0.6999999881
11803  22.766  -73.252  -14.433 0.6999999881
11811  37.413  -74.753  -14.478 0.3000000119
11829  25.167  -73.052  -16.386 0.6999999881
11836  24.028  -74.290  -17.466 0.8000000119
12643  14.033  -72.105  -3.689 0.5000000000
12666  29.029  -72.635  -5.303 0.3000000119
12677  28.513  -72.042  -6.317 0.3000000119
12691  28.477  -72.625  -6.994 0.3000000119
12750  30.943  -73.025  -9.875 0.3000000119
12751  22.503  -72.746  -10.897 0.5000000000
12774  29.425  -72.061  -11.684 0.6000000238
12776  27.686  -72.347  -11.676 0.6999999881
12778  22.510  -72.664  -11.665 0.5000000000
12825  34.848  -72.536  -14.849 0.3000000119
12833  18.505  -72.260  -16.217 0.5000000000
12842  32.292  -72.658  -16.241 0.4000000060
12845  24.332  -71.929  -16.118 0.6000000238
12853  17.503  -73.040  -16.991 0.6000000238
12854  17.032  -73.259  -17.153 0.6000000238
13621  32.210  -71.550  -2.639 0.3000000119
13645  14.060  -71.813  -4.751 0.5000000000
13658  28.636  -71.578  -5.636 0.3000000119
13704  31.681  -71.601  -9.169 0.3000000119
13707  26.808  -71.171  -10.120 0.6000000238
13709  25.159  -70.845  -10.070 0.6000000238
13731  25.566  -71.206  -10.534 0.6999999881
13778  30.929  -71.224  -14.264 0.4000000060
13803  23.620  -70.924  -15.736 0.6999999881
13805  22.370  -70.695  -15.275 0.6999999881
14515  14.061  -70.392  0.038 0.4000000060
14532  14.275  -70.506  -0.619 0.4000000060
14547  14.474  -70.582  -1.535 0.4000000060
14548  13.995  -71.070  -1.140 0.4000000060
14567  14.542  -70.910  -3.403 0.5000000000
14575  28.747  -71.099  -4.985 0.3000000119
14577  14.238  -70.760  -4.453 0.6000000238
14594  29.821  -70.143  -6.391 0.3000000119
14615  25.665  -69.821  -7.803 0.8000000119
14617  24.117  -69.737  -8.115 0.8000000119
14619  11.708  -70.210  -7.263 0.5000000000
14634  24.673  -70.080  -8.696 0.6999999881
14653  23.868  -69.941  -9.643 0.6999999881
14665  29.073  -70.629  -10.370 0.6000000238
14666  24.277  -70.476  -10.880 0.6000000238
14721  20.658  -70.057  -14.960 0.5000000000
15480  13.201  -69.853  1.045 0.3000000119
15518  30.291  -69.554  -2.837 0.3000000119
15520  14.832  -69.442  -2.498 0.6000000238
15526  30.067  -69.235  -3.539 0.3000000119
15549  29.476  -69.718  -4.764 0.3000000119
15551  23.979  -69.120  -5.908 0.6999999881
15552  23.102  -69.160  -5.992 0.6000000238
15566  25.344  -69.254  -6.547 0.6999999881
15568  23.686  -69.414  -6.619 0.6999999881
15571  21.089  -68.894  -6.995 0.6000000238
15572  11.937  -69.422  -6.851 0.5000000000
15581  27.347  -69.101  -7.669 0.6999999881
15587  21.569  -68.998  -7.654 0.6000000238
15595  27.708  -69.463  -8.368 0.6000000238
15597  23.326  -69.454  -8.389 0.6999999881
15607  27.957  -69.836  -8.915 0.6000000238
15610  21.965  -68.791  -9.326 0.6000000238
15663  23.346  -69.186  -14.149 0.6999999881
15677  18.915  -70.018  -15.492 0.4000000060
15683  22.994  -69.522  -15.109 0.6999999881
16403  15.406  -69.045  0.349 0.4000000060
16404  14.749  -69.196  0.976 0.4000000060
16418  18.387  -68.201  -0.161 0.4000000060
16419  17.592  -68.482  -0.348 0.4000000060
16421  15.892  -68.985  -0.983 0.4000000060
16435  16.548  -68.708  -1.542 0.4000000060
16452  15.505  -68.612  -2.624 0.5000000000
16487  14.457  -68.413  -3.975 0.6000000238
16488  13.912  -68.467  -4.530 0.6000000238
16495  25.996  -68.066  -5.742 0.6000000238
16508  27.114  -67.944  -6.702 0.6000000238
16511  21.472  -68.643  -6.357 0.6999999881
16513  19.784  -68.175  -6.848 0.6000000238
16514  12.174  -68.660  -6.405 0.6000000238
16519  27.599  -68.293  -7.376 0.6000000238
16526  9.353  -68.448  -8.189 0.5000000000
16534  19.670  -68.653  -8.498 0.6000000238
16543  19.159  -68.080  -9.776 0.6000000238
16544  18.631  -68.227  -9.079 0.6000000238
16559  21.458  -68.518  -10.626 0.6999999881
16561  19.800  -68.025  -10.518 0.6000000238
16578  21.342  -68.352  -11.446 0.6999999881
16592  21.338  -68.112  -13.082 0.6999999881
16603  22.324  -68.411  -13.946 0.6999999881
16617  22.576  -68.741  -14.335 0.6999999881
16618  22.047  -68.594  -14.406 0.6000000238
17426  18.489  -67.551  -2.407 0.4000000060
17437  17.412  -67.408  -3.472 0.5000000000
17440  14.858  -67.864  -4.168 0.6000000238
17450  16.189  -67.066  -4.403 0.5000000000
17463  26.189  -67.431  -5.591 0.5000000000
17466  22.670  -67.837  -5.291 0.5000000000
17470  13.389  -67.472  -5.745 0.6000000238
17477  26.593  -67.633  -6.103 0.6000000238
17478  21.109  -67.725  -6.034 0.5000000000
17480  19.529  -67.433  -6.642 0.5000000000
17482  13.308  -67.095  -6.333 0.6000000238
17484  11.899  -67.563  -6.659 0.6000000238
17492  11.383  -67.216  -7.220 0.5000000000
17499  17.145  -67.271  -8.825 0.5000000000
17500  9.988  -67.140  -8.040 0.5000000000
17514  17.688  -67.290  -9.702 0.5000000000
17528  20.073  -67.855  -11.289 0.6000000238
17560  18.765  -67.005  -12.529 0.5000000000
17573  19.251  -67.482  -13.154 0.5000000000
18455  22.774  -66.209  -4.900 0.5000000000
18478  21.538  -66.166  -5.407 0.4000000060
18482  16.512  -66.108  -5.620 0.5000000000
18495  19.795  -66.650  -6.304 0.5000000000
18496  18.360  -65.998  -6.360 0.5000000000
18497  17.641  -66.073  -6.543 0.5000000000
18500  14.538  -66.626  -6.641 0.6000000238
18507  17.216  -66.558  -7.176 0.5000000000
18508  16.562  -66.425  -7.261 0.5000000000
18511  12.481  -66.520  -7.580 0.5000000000
18539  9.809  -65.906  -9.504 0.5000000000
18553  17.934  -66.424  -11.129 0.5000000000
19327  15.839  -65.574  2.371 0.4000000060
19336  13.614  -65.514  1.128 0.3000000119
19365  12.003  -65.499  -0.485 0.3000000119
19374  11.102  -65.239  -1.571 0.3000000119
19396  19.064  -65.726  -3.976 0.6000000238
19418  17.220  -65.748  -5.402 0.6000000238
19431  18.404  -65.548  -5.663 0.5000000000
19434  16.276  -66.168  -6.231 0.6000000238
19442  16.632  -66.154  -6.542 0.6000000238
19444  15.044  -66.398  -7.233 0.6000000238
19454  14.675  -66.289  -7.975 0.6000000238
19455  13.933  -66.111  -8.442 0.6000000238
19468  13.363  -65.659  -9.183 0.6000000238
19480  15.678  -65.900  -9.905 0.6000000238
19483  12.394  -64.852  -10.400 0.5000000000
19495  16.705  -65.678  -11.314 0.4000000060
19497  15.295  -65.335  -10.685 0.6000000238
19499  13.186  -64.786  -10.767 0.6000000238
19501  11.502  -64.815  -10.774 0.5000000000
19510  12.313  -65.315  -11.747 0.5000000000
19513  9.633  -65.503  -11.013 0.5000000000
19518  14.377  -65.430  -12.055 0.5000000000
20229  15.525  -64.828  2.080 0.4000000060
20237  14.801  -64.214  1.301 0.4000000060
20249  14.510  -63.922  0.822 0.4000000060
20267  12.819  -64.519  -0.740 0.3000000119
20377  13.524  -64.826  -11.069 0.6000000238
20378  12.939  -64.842  -11.199 0.5000000000
21122  16.953  -63.567  2.686 0.4000000060
21152  14.232  -63.088  0.126 0.4000000060
21153  13.736  -63.312  -0.434 0.3000000119
21154  13.188  -63.892  -0.888 0.3000000119
21170  12.228  -63.857  -2.053 0.3000000119
21214  9.519  -63.293  -5.062 0.3000000119
22010  15.165  -62.133  1.125 0.4000000060
22030  13.083  -62.723  -1.644 0.4000000060
22042  12.102  -62.873  -3.051 0.3000000119
22061  11.822  -61.801  -5.308 0.3000000119
22074  9.690  -62.263  -6.888 0.3000000119
22088  10.165  -61.510  -7.202 0.3000000119
22884  16.457  -61.061  2.076 0.3000000119
22899  14.798  -61.602  0.676 0.4000000060
22915  12.828  -62.155  -2.159 0.3000000119
22946  12.399  -61.280  -4.525 0.3000000119
22974  11.703  -60.912  -7.052 0.4000000060
22975  8.673  -61.325  -6.988 0.3000000119
23776  16.273  -60.182  1.738 0.3000000119
23777  15.459  -60.377  1.161 0.3000000119
23785  14.864  -60.317  0.576 0.3000000119
23793  14.241  -60.315  0.084 0.3000000119
23814  12.814  -60.177  -2.227 0.3000000119
23858  12.352  -60.576  -6.222 0.4000000060
23859  10.833  -60.615  -7.196 0.3000000119
23872  12.062  -60.431  -6.851 0.4000000060
24689  14.122  -59.534  -0.152 0.3000000119
24715  12.695  -59.952  -3.339 0.3000000119
24739  12.707  -59.283  -5.283 0.3000000119
24754  12.460  -59.202  -6.314 0.3000000119
24766  12.112  -59.670  -6.765 0.3000000119
24767  11.620  -60.365  -6.992 0.3000000119
25498  18.128  -59.288  2.925 0.3000000119
25576  13.187  -58.475  -2.332 0.3000000119
25644  12.481  -58.286  -6.176 0.3000000119
25645  12.071  -58.532  -6.516 0.3000000119
26398  14.919  -56.893  -1.690 0.3000000119
26414  13.493  -57.505  -2.768 0.3000000119
26437  13.299  -57.154  -3.935 0.3000000119
26478  12.641  -57.315  -5.940 0.3000000119
27317  15.988  -56.149  -1.325 0.3000000119
27336  15.234  -55.884  -2.444 0.3000000119
27401  12.648  -56.554  -5.748 0.3000000119
27402  12.221  -56.342  -5.707 0.3000000119
28268  13.694  -55.343  -4.258 0.3000000119
28284  13.276  -54.998  -4.838 0.3000000119
28286  12.022  -55.386  -5.114 0.3000000119
110263  34.081  -74.320  -16.125 0.4000000060
111071  14.878  -56.462  -2.198 0.3000000119
111609  28.521  -72.609  -6.370 0.3000000119
113584  27.739  -70.379  -9.366 0.6000000238
114101  34.797  -84.712  -3.018 0.3000000119
114201  16.018  -65.399  -11.282 0.4000000060
114661  17.939  -74.481  -17.200 0.5000000000
114909  30.973  -70.312  -7.544 0.3000000119
116299  13.612  -67.901  -5.100 0.6000000238
116381  22.737  -68.913  -12.550 0.6999999881
116557  24.941  -76.549  -9.004 0.6000000238
116703  10.856  -66.310  -0.567 0.3000000119
117305  32.557  -83.658  -2.355 0.3000000119
117408  10.980  -65.256  -9.725 0.5000000000
117430  14.613  -70.064  -2.914 0.6000000238
118098  12.167  -62.233  -3.641 0.3000000119
118551  10.875  -64.967  -10.428 0.5000000000
118695  14.872  -64.821  1.660 0.4000000060
118744  14.904  -69.707  -1.739 0.4000000060
118782  19.289  -70.261  -15.370 0.5000000000
119045  16.441  -59.413  1.627 0.3000000119
119149  24.537  -76.912  -18.175 0.6999999881
119434  13.766  -65.027  -10.461 0.6000000238
121691  9.377  -61.454  -7.278 0.3000000119
123200  22.497  -69.048  -14.740 0.6000000238
123252  13.920  -61.070  -0.252 0.3000000119
123316  27.208  -71.929  -11.190 0.6999999881
123641  26.181  -71.267  -10.310 0.6000000238
123785  25.557  -67.632  -5.307 0.5000000000
124265  38.220  -74.858  -13.137 0.3000000119
124401  31.870  -83.521  -1.914 0.3000000119
124972  23.210  -73.391  -10.002 0.6000000238
125481  21.693  -66.648  -5.511 0.6000000238
125746  31.693  -76.756  -16.823 0.4000000060
126502  19.965  -67.686  -13.186 0.6000000238
126517  31.337  -77.715  -16.891 0.4000000060
126519  29.369  -79.878  -11.434 0.4000000060
127022  29.305  -71.408  -7.245 0.3000000119
127149  36.862  -81.087  -9.794 0.5000000000
127516  24.871  -71.027  -13.602 0.6000000238
128260  11.788  -68.041  -6.546 0.6000000238
128441  23.624  -76.011  -18.141 0.8000000119
128759  29.023  -70.099  -9.907 0.6000000238
129129  38.255  -74.995  -13.549 0.3000000119
129357  24.557  -75.800  -10.537 0.6000000238
129884  34.672  -76.836  -9.667 0.3000000119
130071  13.291  -55.551  -4.880 0.3000000119
130077  38.327  -80.236  -9.104 0.5000000000
130939  31.047  -70.280  -15.375 0.4000000060
130946  12.862  -70.358  -6.396 0.5000000000
131046  28.878  -69.262  -9.288 0.6000000238
131081  14.137  -63.640  0.249 0.4000000060
131138  23.363  -73.649  -16.888 0.8000000119
131190  22.513  -72.623  -12.744 0.5000000000
131483  37.182  -82.110  -6.084 0.3000000119
131596  20.850  -70.367  -14.758 0.6000000238
131704  20.421  -68.327  -10.147 0.6000000238
131742  14.049  -64.214  0.462 0.3000000119
132157  12.738  -59.354  -4.170 0.3000000119
132705  18.772  -68.264  -7.637 0.5000000000
133073  12.231  -61.276  -5.582 0.5000000000
