#!ascii label  , from subject sub-v1s5x0050724_ses-1 vox2ras=TkReg
1231
135671  -54.519  20.276  30.623 0.0000000000
106724  -48.866  33.994  27.708 0.0000000000
99632  -53.064  22.456  36.701 0.0000000000
102915  -58.108  28.176  35.550 0.0000000000
106170  -55.487  32.570  26.149 0.0000000000
106097  -55.157  33.303  33.625 0.0000000000
140223  -55.505  30.731  30.723 0.0000000000
139892  -53.430  26.129  33.687 0.0000000000
92703  -54.097  13.521  38.566 0.0000000000
96196  -49.661  17.396  34.969 0.0000000000
141118  -49.640  41.000  30.021 0.0000000000
109408  -54.292  39.510  24.822 0.0000000000
105697  -54.834  31.499  20.253 0.0000000000
97709  -59.056  18.569  37.360 0.0000000000
121567  -49.973  29.547  35.650 0.0000000000
102213  -57.412  26.312  37.116 0.0000000000
100329  -60.352  23.327  30.872 0.0000000000
141293  -55.964  23.496  28.868 0.0000000000
99708  -50.925  22.284  29.865 0.0000000000
137510  -55.845  20.539  26.867 0.0000000000
105055  -57.182  30.980  25.530 0.0000000000
106147  -57.293  32.576  28.425 0.0000000000
105034  -55.169  30.100  27.809 0.0000000000
129867  -52.798  29.188  29.627 0.0000000000
92718  -49.318  13.821  36.976 0.0000000000
93645  -48.382  14.510  38.867 0.0000000000
111095  -47.303  41.885  32.395 0.0000000000
108358  -55.075  36.563  21.660 0.0000000000
96952  -56.084  17.489  38.788 0.0000000000
98369  -57.454  20.408  37.395 0.0000000000
107195  -45.869  34.269  29.361 0.0000000000
106109  -49.937  32.326  32.008 0.0000000000
136674  -58.203  31.900  35.831 0.0000000000
104927  -56.587  30.657  37.707 0.0000000000
103605  -59.823  28.644  37.124 0.0000000000
100905  -60.505  23.909  36.363 0.0000000000
101578  -59.781  25.560  33.753 0.0000000000
100350  -59.290  24.560  29.039 0.0000000000
100295  -57.132  24.135  33.000 0.0000000000
100322  -51.888  23.451  31.643 0.0000000000
106727  -51.578  33.094  27.213 0.0000000000
106670  -51.884  33.410  31.046 0.0000000000
106691  -55.868  34.434  30.003 0.0000000000
106129  -57.308  33.549  32.312 0.0000000000
104295  -56.269  29.864  34.176 0.0000000000
102226  -55.795  26.639  34.459 0.0000000000
103644  -54.323  28.441  32.777 0.0000000000
102952  -51.379  27.717  32.218 0.0000000000
137855  -51.195  13.535  35.104 0.0000000000
126243  -49.343  16.537  33.403 0.0000000000
97002  -52.229  19.090  32.896 0.0000000000
108815  -43.274  37.568  32.408 0.0000000000
109380  -45.094  38.298  29.624 0.0000000000
108854  -47.525  37.427  27.225 0.0000000000
108306  -50.605  36.293  25.508 0.0000000000
107251  -52.623  34.589  24.006 0.0000000000
131551  -55.823  32.284  23.042 0.0000000000
142795  -55.831  29.460  22.247 0.0000000000
103037  -54.611  27.662  19.537 0.0000000000
96169  -51.104  17.733  38.012 0.0000000000
97719  -54.113  19.229  35.101 0.0000000000
98410  -55.465  20.371  33.243 0.0000000000
135731  -51.834  26.411  37.621 0.0000000000
104968  -52.559  30.815  34.606 0.0000000000
103584  -54.417  28.512  37.748 0.0000000000
100900  -55.149  24.809  36.479 0.0000000000
99637  -59.618  21.930  36.818 0.0000000000
99056  -59.758  20.875  34.364 0.0000000000
99097  -57.602  21.258  30.477 0.0000000000
99125  -59.083  22.350  26.569 0.0000000000
100384  -56.750  23.537  24.887 0.0000000000
99728  -53.874  22.843  26.589 0.0000000000
100312  -54.256  23.626  32.588 0.0000000000
100344  -52.779  22.905  29.502 0.0000000000
130116  -51.057  21.864  27.872 0.0000000000
97760  -52.801  19.240  30.437 0.0000000000
97767  -53.397  19.599  29.244 0.0000000000
98454  -55.300  20.446  28.745 0.0000000000
124913  -54.861  29.703  25.038 0.0000000000
105043  -56.749  30.515  26.728 0.0000000000
104386  -54.487  29.723  25.887 0.0000000000
104358  -52.983  29.566  27.547 0.0000000000
99028  -55.481  21.372  36.372 0.0000000000
106698  -47.715  33.975  28.962 0.0000000000
103619  -58.218  29.241  35.810 0.0000000000
104262  -58.983  30.943  36.885 0.0000000000
102916  -59.294  27.994  35.745 0.0000000000
102221  -60.075  26.839  35.753 0.0000000000
102229  -58.817  26.626  34.789 0.0000000000
100946  -59.179  25.239  33.081 0.0000000000
101558  -58.043  25.862  34.468 0.0000000000
106168  -53.066  32.651  26.286 0.0000000000
106704  -53.727  33.731  29.311 0.0000000000
141197  -55.132  33.532  28.331 0.0000000000
105591  -56.715  31.819  29.877 0.0000000000
106141  -57.191  33.595  30.299 0.0000000000
105583  -56.534  31.719  31.960 0.0000000000
105568  -56.935  31.917  32.985 0.0000000000
104989  -55.965  30.751  32.358 0.0000000000
104300  -55.461  29.457  33.300 0.0000000000
104993  -55.134  29.931  31.909 0.0000000000
103673  -52.590  28.605  30.816 0.0000000000
131531  -48.437  15.251  35.757 0.0000000000
93656  -48.711  14.757  35.255 0.0000000000
95427  -49.271  16.780  34.224 0.0000000000
97009  -51.075  18.218  32.808 0.0000000000
96992  -51.562  18.714  34.078 0.0000000000
111110  -48.599  42.364  31.481 0.0000000000
110564  -46.521  40.235  30.885 0.0000000000
109993  -47.750  39.978  29.864 0.0000000000
109391  -46.725  38.130  28.142 0.0000000000
127204  -48.989  39.452  28.558 0.0000000000
110007  -53.704  40.241  26.371 0.0000000000
109402  -50.812  38.466  26.440 0.0000000000
108866  -52.622  38.347  25.443 0.0000000000
108318  -51.846  35.994  24.690 0.0000000000
108320  -54.253  37.321  23.739 0.0000000000
131164  -55.146  34.107  20.413 0.0000000000
107285  -55.521  35.030  21.164 0.0000000000
137396  -55.699  32.699  20.905 0.0000000000
105095  -56.418  30.811  22.511 0.0000000000
140815  -55.769  29.773  20.766 0.0000000000
103771  -54.809  28.411  21.011 0.0000000000
103796  -55.311  28.916  19.740 0.0000000000
96895  -51.284  18.270  42.199 0.0000000000
96137  -49.863  17.733  43.045 0.0000000000
96145  -49.986  17.713  41.105 0.0000000000
141458  -49.328  17.283  39.927 0.0000000000
96929  -51.226  17.684  38.993 0.0000000000
96970  -57.682  17.954  37.745 0.0000000000
96968  -54.719  18.221  36.698 0.0000000000
140773  -55.627  18.859  35.739 0.0000000000
97730  -54.614  19.688  34.400 0.0000000000
130731  -56.391  19.832  34.616 0.0000000000
103616  -49.099  29.240  35.877 0.0000000000
102909  -49.508  27.437  37.436 0.0000000000
136540  -50.989  28.699  36.908 0.0000000000
137452  -53.876  33.282  32.455 0.0000000000
105581  -52.187  31.935  32.878 0.0000000000
105549  -54.080  31.850  34.435 0.0000000000
103586  -56.698  29.341  38.173 0.0000000000
103585  -55.249  28.987  37.927 0.0000000000
102203  -55.801  27.232  37.467 0.0000000000
102211  -55.199  26.302  37.150 0.0000000000
101541  -56.706  25.437  36.653 0.0000000000
99651  -57.379  22.816  35.952 0.0000000000
100902  -58.678  24.661  36.657 0.0000000000
100296  -60.449  23.481  32.896 0.0000000000
99067  -60.789  21.894  34.701 0.0000000000
99078  -60.010  21.947  32.914 0.0000000000
99087  -57.984  21.262  31.737 0.0000000000
99700  -59.466  22.079  30.507 0.0000000000
130312  -58.339  21.615  28.449 0.0000000000
99721  -59.670  22.695  28.280 0.0000000000
100348  -57.326  23.833  28.788 0.0000000000
100367  -57.508  23.951  26.982 0.0000000000
135650  -56.402  23.622  27.426 0.0000000000
99738  -54.763  22.965  25.663 0.0000000000
100356  -54.668  23.196  27.759 0.0000000000
102242  -54.284  26.229  33.842 0.0000000000
101577  -55.355  25.202  33.956 0.0000000000
100941  -53.893  24.674  33.564 0.0000000000
99698  -51.384  22.717  30.248 0.0000000000
100335  -52.610  23.076  30.316 0.0000000000
99709  -51.563  22.493  29.513 0.0000000000
99112  -51.652  22.213  28.112 0.0000000000
99718  -51.094  21.991  28.642 0.0000000000
98466  -49.495  20.783  27.741 0.0000000000
95450  -50.170  16.833  30.773 0.0000000000
98477  -56.449  20.712  25.522 0.0000000000
106193  -56.500  32.225  25.580 0.0000000000
106718  -56.813  33.150  27.764 0.0000000000
105617  -57.343  31.759  26.794 0.0000000000
105025  -56.283  30.724  28.475 0.0000000000
105015  -55.824  30.814  29.454 0.0000000000
139671  -54.140  29.762  30.223 0.0000000000
105023  -54.076  29.885  28.934 0.0000000000
119925  -51.877  13.466  37.700 0.0000000000
92699  -50.481  13.517  38.550 0.0000000000
94569  -48.233  15.529  37.083 0.0000000000
111666  -51.231  44.977  31.649 0.0000000000
109457  -54.764  37.952  22.759 0.0000000000
106251  -53.587  33.114  20.645 0.0000000000
105113  -54.372  30.697  19.996 0.0000000000
96932  -54.837  17.435  39.274 0.0000000000
97690  -58.340  18.390  39.194 0.0000000000
97692  -59.589  18.709  38.611 0.0000000000
104981  -49.850  30.726  33.875 0.0000000000
105542  -57.325  32.860  35.730 0.0000000000
143290  -55.463  31.806  35.762 0.0000000000
143459  -57.922  32.163  37.010 0.0000000000
104248  -58.903  30.117  37.837 0.0000000000
102206  -59.298  27.093  37.504 0.0000000000
100903  -59.993  24.734  36.976 0.0000000000
101545  -60.239  25.861  36.960 0.0000000000
100925  -60.359  24.719  34.536 0.0000000000
100966  -60.205  24.779  31.427 0.0000000000
121908  -59.889  24.465  29.597 0.0000000000
100977  -59.784  24.990  31.319 0.0000000000
126663  -58.157  24.138  30.596 0.0000000000
100326  -56.967  23.711  31.090 0.0000000000
100940  -52.560  24.418  33.252 0.0000000000
100239  -51.255  23.699  37.707 0.0000000000
106726  -50.326  33.477  27.194 0.0000000000
106701  -50.271  33.541  29.483 0.0000000000
121648  -51.968  33.388  28.919 0.0000000000
106690  -53.626  34.036  30.531 0.0000000000
106660  -55.740  34.358  32.401 0.0000000000
106706  -56.637  33.955  29.255 0.0000000000
106693  -56.979  34.188  31.083 0.0000000000
106655  -57.007  33.999  33.390 0.0000000000
105551  -57.606  33.144  34.399 0.0000000000
104970  -57.411  31.014  34.879 0.0000000000
103627  -56.412  28.630  34.901 0.0000000000
102922  -56.376  27.316  34.805 0.0000000000
131306  -55.748  28.169  34.474 0.0000000000
103634  -54.664  28.084  33.449 0.0000000000
102241  -53.682  26.874  33.548 0.0000000000
104311  -53.888  29.305  30.966 0.0000000000
102940  -52.849  27.831  32.440 0.0000000000
135952  -50.602  13.533  36.424 0.0000000000
93676  -49.345  14.491  33.947 0.0000000000
94597  -49.242  15.386  32.429 0.0000000000
96212  -50.486  17.535  32.264 0.0000000000
97019  -51.843  18.612  31.520 0.0000000000
97749  -53.300  19.740  31.920 0.0000000000
108269  -42.440  36.041  31.229 0.0000000000
127356  -44.331  38.417  30.935 0.0000000000
108274  -43.450  36.458  29.890 0.0000000000
108278  -44.599  36.489  28.791 0.0000000000
107743  -46.466  35.749  27.727 0.0000000000
107751  -48.026  35.537  26.851 0.0000000000
110579  -51.245  41.398  29.610 0.0000000000
110002  -50.375  39.231  27.468 0.0000000000
108859  -49.003  37.545  26.604 0.0000000000
107227  -49.250  34.731  26.430 0.0000000000
107236  -50.626  34.670  25.440 0.0000000000
106760  -51.867  33.683  24.868 0.0000000000
106210  -53.275  33.006  24.393 0.0000000000
107783  -55.057  36.627  22.375 0.0000000000
106775  -54.658  33.695  22.735 0.0000000000
125715  -55.296  32.398  23.919 0.0000000000
105655  -56.634  31.501  24.352 0.0000000000
104429  -56.153  29.863  23.731 0.0000000000
103759  -53.205  28.797  22.310 0.0000000000
103783  -53.355  27.972  20.700 0.0000000000
104490  -54.719  28.468  18.847 0.0000000000
96171  -48.754  16.608  37.927 0.0000000000
96182  -50.222  17.678  36.466 0.0000000000
96951  -53.945  17.781  37.637 0.0000000000
96966  -52.604  18.339  36.489 0.0000000000
96981  -52.268  18.819  35.197 0.0000000000
97728  -52.816  19.324  34.111 0.0000000000
141961  -54.171  20.120  33.105 0.0000000000
127114  -54.716  20.412  32.054 0.0000000000
125220  -52.087  24.927  37.448 0.0000000000
133119  -50.626  32.739  31.598 0.0000000000
105563  -50.910  31.335  33.247 0.0000000000
104967  -51.213  30.571  34.386 0.0000000000
104952  -54.378  31.164  35.608 0.0000000000
136844  -53.016  29.847  36.317 0.0000000000
104258  -52.175  29.287  36.668 0.0000000000
119744  -53.103  27.447  37.645 0.0000000000
101538  -53.817  25.303  37.011 0.0000000000
100248  -54.140  23.615  36.333 0.0000000000
99044  -55.920  22.060  35.935 0.0000000000
99030  -57.735  21.252  36.737 0.0000000000
98372  -60.481  19.746  37.490 0.0000000000
99638  -60.785  22.390  36.615 0.0000000000
126043  -61.035  20.860  36.102 0.0000000000
98401  -59.395  20.253  35.083 0.0000000000
98412  -57.468  20.691  33.533 0.0000000000
99075  -57.160  20.939  32.141 0.0000000000
98448  -55.890  20.734  30.695 0.0000000000
127117  -56.726  20.885  28.601 0.0000000000
99132  -57.818  21.497  25.939 0.0000000000
99140  -58.250  22.459  24.238 0.0000000000
100370  -59.649  24.126  27.098 0.0000000000
100386  -58.429  23.710  24.851 0.0000000000
99766  -57.659  22.847  23.526 0.0000000000
99764  -55.674  22.800  23.483 0.0000000000
99749  -53.542  22.564  24.919 0.0000000000
100921  -56.267  25.151  34.053 0.0000000000
100294  -56.087  23.966  33.130 0.0000000000
120151  -55.261  23.372  30.632 0.0000000000
100311  -53.410  23.661  32.547 0.0000000000
100337  -54.116  23.289  30.828 0.0000000000
100346  -54.366  23.224  29.810 0.0000000000
99720  -53.144  22.720  27.941 0.0000000000
99726  -52.455  22.470  27.349 0.0000000000
97761  -53.432  19.663  30.156 0.0000000000
98445  -54.177  20.086  30.108 0.0000000000
98453  -54.587  20.172  29.303 0.0000000000
98446  -54.857  20.365  30.035 0.0000000000
104404  -53.727  29.581  25.022 0.0000000000
104385  -53.304  29.604  25.792 0.0000000000
99027  -54.434  21.529  36.459 0.0000000000
106712  -48.366  34.014  28.282 0.0000000000
106699  -48.303  33.612  29.790 0.0000000000
122561  -48.651  33.713  29.100 0.0000000000
103620  -59.170  28.916  36.196 0.0000000000
102220  -59.475  27.184  35.345 0.0000000000
102219  -58.397  27.299  35.235 0.0000000000
102228  -57.620  26.538  34.810 0.0000000000
106169  -54.058  32.599  26.302 0.0000000000
106729  -54.406  33.150  27.786 0.0000000000
106157  -54.880  32.831  27.027 0.0000000000
105004  -55.859  31.061  30.217 0.0000000000
105587  -56.347  31.619  30.881 0.0000000000
104994  -55.654  30.746  31.444 0.0000000000
105003  -54.777  30.026  31.002 0.0000000000
119924  -52.761  13.472  37.717 0.0000000000
95420  -48.990  16.663  35.302 0.0000000000
95413  -48.572  15.922  35.449 0.0000000000
125682  -50.553  18.036  34.062 0.0000000000
96197  -50.399  17.939  34.726 0.0000000000
111121  -49.012  41.909  30.927 0.0000000000
110566  -48.325  40.885  30.430 0.0000000000
110577  -48.941  40.494  29.776 0.0000000000
109994  -48.454  39.683  29.151 0.0000000000
110578  -49.972  40.744  29.663 0.0000000000
110642  -54.143  40.188  24.852 0.0000000000
110008  -53.919  40.462  25.920 0.0000000000
110010  -54.123  39.884  25.612 0.0000000000
109404  -52.997  39.240  25.948 0.0000000000
109407  -53.772  39.007  25.234 0.0000000000
128314  -53.110  38.000  24.900 0.0000000000
109423  -54.314  38.692  24.423 0.0000000000
133918  -55.109  33.193  20.398 0.0000000000
106802  -55.436  33.440  20.661 0.0000000000
106270  -55.314  32.369  20.544 0.0000000000
105686  -55.798  31.781  20.956 0.0000000000
105698  -55.405  31.183  20.474 0.0000000000
104464  -55.522  29.344  20.232 0.0000000000
105114  -55.063  30.519  20.033 0.0000000000
96903  -52.749  18.146  41.412 0.0000000000
96909  -52.060  17.878  40.712 0.0000000000
96901  -50.677  18.006  41.710 0.0000000000
96908  -50.942  17.866  40.854 0.0000000000
96916  -51.182  17.731  39.944 0.0000000000
96971  -58.436  18.195  37.771 0.0000000000
97707  -56.603  18.354  36.594 0.0000000000
97708  -57.702  18.665  36.581 0.0000000000
97732  -56.481  19.130  35.571 0.0000000000
97721  -57.418  19.540  35.362 0.0000000000
123760  -49.676  30.189  34.687 0.0000000000
138033  -49.183  29.737  35.248 0.0000000000
103617  -49.777  28.879  36.433 0.0000000000
104278  -50.555  29.061  36.402 0.0000000000
106113  -54.843  33.648  32.839 0.0000000000
106096  -53.878  32.720  33.137 0.0000000000
105567  -54.323  32.497  33.852 0.0000000000
102204  -56.986  27.272  37.470 0.0000000000
102895  -56.538  28.358  37.892 0.0000000000
102212  -56.256  26.315  37.061 0.0000000000
100901  -57.272  24.563  36.382 0.0000000000
101542  -57.960  25.478  36.780 0.0000000000
99684  -60.479  22.993  32.319 0.0000000000
133688  -60.405  22.434  33.297 0.0000000000
99691  -60.025  22.411  31.264 0.0000000000
99712  -59.777  22.556  29.380 0.0000000000
99701  -60.210  23.062  30.235 0.0000000000
119897  -56.374  23.580  29.359 0.0000000000
120149  -56.711  23.670  28.256 0.0000000000
100357  -55.555  23.428  28.242 0.0000000000
100366  -55.678  23.464  27.106 0.0000000000
101576  -54.503  25.315  33.830 0.0000000000
101575  -53.631  25.440  33.704 0.0000000000
141088  -51.134  22.177  29.236 0.0000000000
99104  -50.427  21.651  29.339 0.0000000000
98460  -49.925  21.097  28.522 0.0000000000
96228  -50.771  17.544  30.799 0.0000000000
98476  -55.426  20.323  25.865 0.0000000000
105640  -56.923  31.569  25.167 0.0000000000
105627  -57.214  31.716  26.056 0.0000000000
105044  -57.262  31.075  26.338 0.0000000000
141359  -55.801  30.150  27.081 0.0000000000
105035  -56.602  30.619  27.567 0.0000000000
105024  -54.961  30.207  28.747 0.0000000000
105033  -54.122  29.856  28.291 0.0000000000
104345  -52.762  29.490  28.271 0.0000000000
92688  -51.258  13.488  39.311 0.0000000000
93647  -48.102  14.995  37.498 0.0000000000
94567  -48.173  15.613  37.675 0.0000000000
112185  -51.040  45.197  31.958 0.0000000000
106789  -53.284  33.862  20.969 0.0000000000
106250  -53.090  32.154  20.761 0.0000000000
126689  -52.436  32.896  21.263 0.0000000000
98368  -56.232  20.545  37.098 0.0000000000
97689  -57.546  18.522  39.380 0.0000000000
98350  -57.376  19.548  38.319 0.0000000000
97691  -58.987  18.541  38.868 0.0000000000
98351  -58.563  19.322  38.550 0.0000000000
107194  -45.072  34.480  29.452 0.0000000000
105578  -49.539  31.643  32.706 0.0000000000
105543  -57.862  32.614  35.892 0.0000000000
104954  -58.233  32.166  36.683 0.0000000000
104249  -59.399  29.341  37.448 0.0000000000
103588  -59.100  29.087  37.922 0.0000000000
102898  -59.683  27.677  37.454 0.0000000000
102207  -59.886  26.968  37.369 0.0000000000
102911  -60.156  27.348  37.077 0.0000000000
101560  -59.959  25.947  34.553 0.0000000000
101548  -60.220  26.047  35.537 0.0000000000
139364  -60.102  25.488  34.216 0.0000000000
100948  -60.241  24.846  32.413 0.0000000000
100965  -60.008  25.171  31.748 0.0000000000
100978  -59.952  24.925  31.025 0.0000000000
100947  -59.905  25.359  32.752 0.0000000000
100963  -58.324  24.495  32.700 0.0000000000
100316  -58.718  24.543  31.821 0.0000000000
100315  -57.562  24.013  32.255 0.0000000000
123614  -56.994  23.763  31.835 0.0000000000
132392  -50.896  33.278  26.947 0.0000000000
122648  -50.990  33.404  28.774 0.0000000000
106715  -51.778  33.210  28.124 0.0000000000
121722  -54.432  34.279  30.036 0.0000000000
106672  -54.176  34.192  31.175 0.0000000000
130696  -55.072  34.530  30.697 0.0000000000
125849  -57.229  32.757  27.838 0.0000000000
139622  -57.052  33.300  28.496 0.0000000000
106719  -57.124  33.451  29.343 0.0000000000
106138  -57.237  33.577  31.312 0.0000000000
106675  -57.096  34.144  32.064 0.0000000000
106661  -56.743  34.260  32.682 0.0000000000
106662  -57.169  34.045  32.842 0.0000000000
106090  -57.268  33.495  34.075 0.0000000000
105569  -57.534  33.145  33.662 0.0000000000
127565  -56.376  30.701  33.375 0.0000000000
104985  -57.187  31.294  34.244 0.0000000000
104296  -56.705  29.624  34.910 0.0000000000
139405  -55.981  28.942  34.519 0.0000000000
104299  -54.883  28.736  33.144 0.0000000000
102928  -54.472  27.220  33.742 0.0000000000
104321  -53.227  29.132  30.298 0.0000000000
119498  -51.863  28.141  31.415 0.0000000000
103642  -52.892  28.301  31.686 0.0000000000
119926  -50.823  13.484  37.615 0.0000000000
142503  -50.746  13.495  36.979 0.0000000000
122427  -49.618  13.787  36.162 0.0000000000
94584  -48.830  15.356  34.097 0.0000000000
93664  -48.886  14.830  34.427 0.0000000000
94590  -49.072  15.381  33.273 0.0000000000
95434  -49.185  16.014  32.919 0.0000000000
96220  -49.961  16.762  31.727 0.0000000000
96211  -49.714  16.810  32.664 0.0000000000
97001  -51.605  18.702  33.268 0.0000000000
97010  -51.733  18.656  32.394 0.0000000000
130020  -52.457  19.115  31.991 0.0000000000
97748  -52.824  19.446  32.630 0.0000000000
108807  -43.399  37.477  33.270 0.0000000000
108252  -42.932  36.854  33.718 0.0000000000
108814  -42.774  36.997  32.877 0.0000000000
108258  -42.259  36.388  32.508 0.0000000000
108824  -42.743  37.021  32.011 0.0000000000
111646  -47.195  41.994  33.144 0.0000000000
111108  -46.719  41.200  32.009 0.0000000000
109369  -45.553  38.848  30.003 0.0000000000
109979  -45.371  39.216  30.766 0.0000000000
109368  -44.792  38.516  30.361 0.0000000000
132991  -43.265  36.807  30.345 0.0000000000
124175  -44.495  37.818  29.678 0.0000000000
108277  -43.959  36.468  29.365 0.0000000000
122974  -45.110  37.743  28.955 0.0000000000
109396  -47.436  38.079  27.630 0.0000000000
132774  -46.262  37.037  27.707 0.0000000000
141976  -46.958  37.045  27.345 0.0000000000
107744  -47.293  35.539  27.337 0.0000000000
108299  -47.539  36.722  27.036 0.0000000000
109998  -50.655  39.836  28.292 0.0000000000
126680  -51.246  39.687  27.696 0.0000000000
128548  -50.493  37.815  26.113 0.0000000000
108860  -49.807  38.117  26.538 0.0000000000
108863  -49.803  37.279  26.165 0.0000000000
108303  -49.042  36.579  26.337 0.0000000000
108305  -49.928  36.462  25.873 0.0000000000
107235  -49.879  34.685  25.962 0.0000000000
107756  -50.107  35.551  25.707 0.0000000000
107766  -52.306  35.330  24.319 0.0000000000
107240  -51.914  34.424  24.562 0.0000000000
142829  -52.311  33.922  24.371 0.0000000000
106761  -52.505  33.325  24.639 0.0000000000
106763  -52.990  33.766  23.889 0.0000000000
108910  -54.870  37.268  22.232 0.0000000000
108335  -55.077  37.266  22.854 0.0000000000
137858  -55.285  36.335  21.815 0.0000000000
106776  -55.498  33.675  21.930 0.0000000000
107268  -55.314  34.706  21.795 0.0000000000
106238  -55.384  33.016  22.525 0.0000000000
106224  -54.802  32.867  23.343 0.0000000000
106225  -56.173  31.985  23.914 0.0000000000
105668  -56.406  31.527  23.563 0.0000000000
104444  -56.277  30.019  22.418 0.0000000000
105085  -56.475  30.370  23.312 0.0000000000
123444  -56.042  29.629  23.000 0.0000000000
104428  -55.356  29.542  23.611 0.0000000000
104443  -55.040  29.237  22.677 0.0000000000
103760  -54.413  28.759  21.965 0.0000000000
103785  -55.034  28.205  20.109 0.0000000000
103770  -53.822  28.344  21.326 0.0000000000
103784  -54.336  27.931  20.415 0.0000000000
103035  -52.861  27.571  20.251 0.0000000000
103036  -53.893  27.430  19.861 0.0000000000
104476  -54.420  29.241  19.092 0.0000000000
94544  -48.069  16.036  41.330 0.0000000000
96168  -50.146  17.510  38.473 0.0000000000
96167  -49.207  17.064  38.581 0.0000000000
96172  -49.402  17.125  37.700 0.0000000000
96173  -50.197  17.561  37.415 0.0000000000
122209  -54.893  17.490  38.492 0.0000000000
120139  -53.758  17.601  38.257 0.0000000000
120454  -54.809  17.712  37.614 0.0000000000
96983  -54.785  18.753  35.837 0.0000000000
96967  -53.630  18.229  36.760 0.0000000000
119339  -52.844  18.659  35.850 0.0000000000
120868  -51.851  18.486  35.779 0.0000000000
120550  -52.203  18.984  34.498 0.0000000000
97718  -53.058  19.121  35.013 0.0000000000
98399  -55.498  20.046  34.063 0.0000000000
98398  -54.735  20.123  33.571 0.0000000000
98423  -54.745  20.334  32.819 0.0000000000
98424  -55.449  20.536  32.443 0.0000000000
102199  -50.366  27.047  37.619 0.0000000000
101530  -51.389  25.691  37.625 0.0000000000
106688  -51.401  33.516  30.352 0.0000000000
106669  -50.848  33.291  31.026 0.0000000000
106126  -51.405  32.852  31.617 0.0000000000
105565  -52.511  31.567  33.506 0.0000000000
104984  -52.025  30.968  34.006 0.0000000000
104983  -51.284  31.037  33.745 0.0000000000
122636  -51.980  30.529  34.686 0.0000000000
139133  -56.473  31.640  36.766 0.0000000000
104938  -55.296  31.120  36.445 0.0000000000
104244  -54.557  29.282  37.599 0.0000000000
131148  -53.818  29.568  37.087 0.0000000000
104259  -53.010  29.245  37.080 0.0000000000
103583  -53.540  28.788  37.525 0.0000000000
143976  -52.199  28.342  37.452 0.0000000000
102892  -53.672  28.028  37.726 0.0000000000
101539  -54.713  25.467  36.831 0.0000000000
101533  -54.119  26.305  37.306 0.0000000000
100899  -54.397  24.609  36.556 0.0000000000
121617  -55.050  24.016  36.211 0.0000000000
100249  -54.953  23.091  35.990 0.0000000000
138496  -55.741  23.452  35.942 0.0000000000
121090  -58.734  22.821  36.363 0.0000000000
99636  -58.135  22.046  36.404 0.0000000000
99031  -59.231  21.124  37.192 0.0000000000
98371  -60.187  20.115  37.794 0.0000000000
139041  -60.444  21.010  37.275 0.0000000000
100904  -60.198  24.876  36.770 0.0000000000
100253  -60.370  23.556  36.515 0.0000000000
100254  -60.679  22.883  36.398 0.0000000000
134480  -60.306  21.618  33.938 0.0000000000
99057  -61.127  21.487  35.779 0.0000000000
122714  -60.748  21.131  35.160 0.0000000000
98402  -60.571  20.331  35.842 0.0000000000
98413  -58.396  20.547  34.290 0.0000000000
99066  -58.557  21.006  33.411 0.0000000000
143304  -57.741  21.258  31.117 0.0000000000
99086  -57.086  21.017  31.357 0.0000000000
98439  -56.274  20.813  31.265 0.0000000000
129534  -56.680  20.948  30.636 0.0000000000
99095  -56.306  20.854  29.984 0.0000000000
99106  -56.864  20.977  29.306 0.0000000000
99115  -58.233  21.624  27.634 0.0000000000
99124  -58.062  21.585  26.679 0.0000000000
136298  -57.996  21.745  25.038 0.0000000000
99133  -58.652  22.315  25.411 0.0000000000
100993  -59.715  24.323  28.388 0.0000000000
100360  -59.853  24.151  27.775 0.0000000000
100359  -59.186  24.500  28.087 0.0000000000
100376  -57.490  23.836  25.239 0.0000000000
123401  -58.231  24.117  25.715 0.0000000000
100385  -57.809  23.613  24.443 0.0000000000
100395  -58.183  23.178  24.079 0.0000000000
100394  -57.387  23.323  23.931 0.0000000000
99765  -56.897  22.983  23.269 0.0000000000
99751  -55.972  23.183  24.443 0.0000000000
99737  -53.736  22.718  25.752 0.0000000000
99736  -52.798  22.493  25.759 0.0000000000
102227  -56.613  26.548  34.683 0.0000000000
101556  -55.979  25.860  34.341 0.0000000000
100293  -55.067  23.857  33.127 0.0000000000
100943  -55.658  24.496  33.611 0.0000000000
100325  -55.456  23.477  31.706 0.0000000000
100324  -54.638  23.408  31.666 0.0000000000
100310  -52.474  23.856  32.623 0.0000000000
138216  -52.869  23.438  31.783 0.0000000000
122874  -53.218  23.240  30.976 0.0000000000
100336  -53.434  23.126  30.077 0.0000000000
100345  -53.618  23.030  29.177 0.0000000000
100355  -53.769  22.953  28.291 0.0000000000
99711  -52.957  22.792  28.691 0.0000000000
142244  -52.033  22.349  27.756 0.0000000000
99123  -51.689  22.160  27.312 0.0000000000
99130  -51.443  22.034  26.426 0.0000000000
97028  -51.888  18.589  30.818 0.0000000000
97029  -52.224  18.804  30.184 0.0000000000
97775  -53.385  19.611  28.424 0.0000000000
105067  -56.649  30.370  25.057 0.0000000000
105054  -56.759  30.421  25.889 0.0000000000
104387  -55.805  29.906  25.453 0.0000000000
105053  -55.754  29.997  26.330 0.0000000000
105042  -54.704  29.849  26.887 0.0000000000
104359  -53.917  29.752  27.531 0.0000000000
104371  -53.406  29.634  26.672 0.0000000000
98367  -55.190  20.703  37.007 0.0000000000
107196  -46.722  34.112  29.181 0.0000000000
126054  -47.379  33.648  29.934 0.0000000000
106124  -49.207  32.797  31.471 0.0000000000
130253  -58.450  30.635  36.116 0.0000000000
104281  -58.535  31.550  36.583 0.0000000000
104282  -59.120  29.977  36.590 0.0000000000
103604  -59.586  29.333  36.902 0.0000000000
103621  -59.684  28.429  36.511 0.0000000000
102918  -60.173  27.148  36.528 0.0000000000
102917  -59.879  27.620  36.073 0.0000000000
102230  -59.726  26.517  34.928 0.0000000000
101559  -59.313  26.008  34.263 0.0000000000
100924  -59.531  25.541  33.541 0.0000000000
100923  -58.540  25.413  33.903 0.0000000000
100922  -57.331  25.181  34.080 0.0000000000
106155  -52.244  32.849  26.598 0.0000000000
106728  -52.500  32.986  27.591 0.0000000000
136248  -53.400  33.074  27.932 0.0000000000
106717  -54.076  33.447  28.527 0.0000000000
106705  -55.199  33.969  29.131 0.0000000000
105598  -57.231  32.739  29.491 0.0000000000
105592  -57.110  32.741  30.526 0.0000000000
105588  -57.063  32.691  31.593 0.0000000000
105584  -57.287  32.826  32.644 0.0000000000
104305  -55.488  29.929  32.679 0.0000000000
104304  -54.791  29.184  32.490 0.0000000000
92727  -51.342  13.488  35.983 0.0000000000
92717  -48.806  14.253  36.600 0.0000000000
136155  -49.011  14.281  35.650 0.0000000000
94578  -48.620  15.313  34.918 0.0000000000
95419  -48.744  16.000  34.605 0.0000000000
96204  -49.778  17.183  33.433 0.0000000000
136804  -50.094  17.361  32.915 0.0000000000
96205  -50.430  17.771  33.329 0.0000000000
97000  -51.010  18.344  33.674 0.0000000000
109350  -44.382  38.628  33.075 0.0000000000
111109  -47.520  41.687  31.702 0.0000000000
110549  -46.982  40.912  31.308 0.0000000000
111120  -47.862  41.355  31.051 0.0000000000
109981  -46.884  39.928  30.268 0.0000000000
137217  -46.175  39.002  29.644 0.0000000000
108848  -45.974  38.021  28.564 0.0000000000
109382  -46.606  38.736  28.914 0.0000000000
109392  -47.411  38.651  28.303 0.0000000000
109393  -48.103  38.571  27.777 0.0000000000
110616  -53.688  40.933  26.655 0.0000000000
110003  -52.295  40.026  27.464 0.0000000000
122531  -52.605  39.662  26.760 0.0000000000
109406  -51.542  38.185  25.852 0.0000000000
108865  -51.915  37.495  25.319 0.0000000000
108307  -51.383  36.586  25.195 0.0000000000
108880  -52.438  36.979  24.749 0.0000000000
108319  -53.127  36.433  24.140 0.0000000000
107782  -53.288  35.518  23.667 0.0000000000
135994  -54.951  35.668  20.752 0.0000000000
107807  -55.342  35.656  21.041 0.0000000000
107298  -55.356  35.191  20.816 0.0000000000
106252  -55.750  33.368  21.062 0.0000000000
106239  -55.747  32.879  21.822 0.0000000000
105675  -56.184  31.702  22.488 0.0000000000
127497  -56.195  31.301  21.697 0.0000000000
131166  -56.261  30.464  21.839 0.0000000000
128411  -55.973  29.720  21.524 0.0000000000
104452  -55.411  28.977  21.568 0.0000000000
104453  -55.617  29.155  20.789 0.0000000000
103786  -55.351  28.703  20.108 0.0000000000
103795  -54.964  28.218  19.388 0.0000000000
134281  -53.113  18.454  41.865 0.0000000000
121597  -52.218  18.470  42.165 0.0000000000
96889  -51.401  18.468  43.002 0.0000000000
120526  -50.561  18.081  42.584 0.0000000000
95382  -48.332  16.537  40.831 0.0000000000
96144  -49.350  17.364  40.631 0.0000000000
136552  -50.452  17.600  39.357 0.0000000000
96969  -56.817  17.727  37.769 0.0000000000
123153  -55.859  17.651  37.710 0.0000000000
128421  -55.684  18.230  36.668 0.0000000000
97731  -55.557  19.488  34.900 0.0000000000
98411  -56.390  20.388  33.637 0.0000000000
135840  -48.993  28.640  36.536 0.0000000000
102889  -50.342  27.830  37.376 0.0000000000
125216  -51.084  27.480  37.555 0.0000000000
106128  -53.429  33.492  31.826 0.0000000000
106127  -52.377  33.077  31.715 0.0000000000
106112  -52.909  32.664  32.466 0.0000000000
105566  -53.413  31.950  33.681 0.0000000000
105548  -52.958  31.332  34.182 0.0000000000
104246  -56.698  30.072  38.080 0.0000000000
104245  -55.646  29.875  37.760 0.0000000000
130764  -55.995  29.393  38.031 0.0000000000
102894  -55.245  28.155  37.786 0.0000000000
102893  -54.364  27.852  37.716 0.0000000000
102202  -54.749  27.169  37.506 0.0000000000
101540  -55.647  25.466  36.701 0.0000000000
134782  -56.006  24.481  36.295 0.0000000000
100250  -56.725  23.626  36.001 0.0000000000
100251  -57.968  23.708  36.261 0.0000000000
100278  -60.670  23.525  35.034 0.0000000000
99665  -61.074  22.330  35.582 0.0000000000
99675  -60.657  22.860  34.189 0.0000000000
124520  -59.530  21.437  33.276 0.0000000000
99077  -58.829  21.457  32.492 0.0000000000
140217  -59.545  21.703  32.697 0.0000000000
99088  -59.095  21.774  31.492 0.0000000000
99098  -58.691  21.678  29.916 0.0000000000
99107  -57.824  21.354  29.384 0.0000000000
99108  -59.013  21.876  28.847 0.0000000000
99116  -59.093  22.132  27.794 0.0000000000
99729  -59.604  22.992  27.217 0.0000000000
100349  -58.321  24.283  28.794 0.0000000000
100358  -58.181  24.231  27.757 0.0000000000
100375  -56.157  23.518  25.997 0.0000000000
99739  -55.651  23.290  25.546 0.0000000000
100365  -54.890  23.164  26.620 0.0000000000
102225  -55.092  26.835  34.154 0.0000000000
101555  -55.151  25.993  34.139 0.0000000000
100942  -54.755  24.539  33.603 0.0000000000
100292  -54.168  24.049  33.250 0.0000000000
139935  -52.468  23.234  31.050 0.0000000000
100334  -51.895  23.081  30.660 0.0000000000
99699  -52.042  22.835  29.850 0.0000000000
99710  -52.219  22.623  29.090 0.0000000000
136995  -51.670  22.331  28.809 0.0000000000
99121  -50.294  21.385  27.617 0.0000000000
136970  -50.584  21.605  28.408 0.0000000000
95442  -49.584  16.029  31.220 0.0000000000
106158  -56.249  32.887  27.004 0.0000000000
106171  -56.786  32.390  26.393 0.0000000000
106172  -57.141  32.475  27.134 0.0000000000
105607  -57.373  32.074  27.514 0.0000000000
105036  -57.276  31.256  27.126 0.0000000000
105026  -57.253  31.507  27.966 0.0000000000
128277  -57.078  31.727  28.905 0.0000000000
123638  -55.062  30.413  30.180 0.0000000000
105014  -54.564  30.084  29.493 0.0000000000
104332  -53.538  29.584  29.457 0.0000000000
119471  -53.412  29.659  28.064 0.0000000000
104346  -53.414  29.649  28.678 0.0000000000
92702  -53.217  13.495  38.431 0.0000000000
92701  -52.374  13.483  38.380 0.0000000000
92700  -51.497  13.479  38.417 0.0000000000
92710  -49.614  13.659  37.793 0.0000000000
92687  -50.188  13.558  39.398 0.0000000000
92698  -49.509  13.702  38.792 0.0000000000
92709  -48.829  14.087  37.453 0.0000000000
93651  -48.381  14.743  36.788 0.0000000000
95404  -48.454  15.961  36.388 0.0000000000
95414  -48.954  16.717  36.198 0.0000000000
111655  -49.267  43.793  32.457 0.0000000000
111665  -49.695  43.633  31.838 0.0000000000
111674  -50.183  43.380  31.369 0.0000000000
111122  -50.313  42.653  30.844 0.0000000000
108882  -54.586  38.722  23.787 0.0000000000
107805  -54.649  36.196  21.253 0.0000000000
107284  -54.029  34.610  20.671 0.0000000000
106801  -54.337  34.018  20.473 0.0000000000
106269  -54.681  32.451  20.369 0.0000000000
105696  -53.909  31.604  20.319 0.0000000000
105695  -52.709  31.157  20.576 0.0000000000
96935  -57.914  17.992  39.572 0.0000000000
96953  -57.115  17.661  38.998 0.0000000000
96954  -57.940  17.844  38.964 0.0000000000
96955  -58.560  17.999  38.681 0.0000000000
96956  -59.176  18.375  38.370 0.0000000000
104965  -49.014  30.587  34.001 0.0000000000
106089  -56.765  33.268  34.953 0.0000000000
105550  -55.361  32.884  34.383 0.0000000000
105541  -56.306  32.586  35.573 0.0000000000
104953  -56.471  32.208  36.180 0.0000000000
104939  -57.209  31.573  37.272 0.0000000000
104941  -58.614  31.522  37.145 0.0000000000
104929  -58.440  31.013  37.704 0.0000000000
104247  -57.812  30.115  38.224 0.0000000000
103587  -57.473  29.174  38.211 0.0000000000
102896  -57.989  28.395  37.936 0.0000000000
102205  -58.224  27.223  37.533 0.0000000000
101543  -59.346  25.549  37.112 0.0000000000
101534  -59.688  26.320  37.302 0.0000000000
101544  -60.065  25.660  37.100 0.0000000000
101549  -60.424  25.219  36.380 0.0000000000
102222  -60.283  26.284  36.457 0.0000000000
100911  -60.615  24.291  35.756 0.0000000000
130237  -60.345  24.108  33.709 0.0000000000
100317  -60.472  23.896  31.900 0.0000000000
100330  -60.425  24.042  31.118 0.0000000000
100341  -60.309  24.231  30.294 0.0000000000
100979  -60.170  24.677  30.823 0.0000000000
100985  -59.854  24.837  30.579 0.0000000000
100340  -59.333  24.645  30.037 0.0000000000
100964  -59.607  25.119  32.167 0.0000000000
100328  -59.041  24.673  30.941 0.0000000000
100339  -58.328  24.253  29.710 0.0000000000
136591  -57.393  23.805  30.286 0.0000000000
100338  -56.407  23.577  30.327 0.0000000000
121050  -53.025  24.829  33.567 0.0000000000
130966  -52.156  24.978  33.456 0.0000000000
100962  -51.842  24.407  33.053 0.0000000000
100309  -51.492  23.940  32.444 0.0000000000
100321  -50.849  23.524  31.874 0.0000000000
99690  -51.164  23.049  31.062 0.0000000000
99697  -50.711  22.518  30.663 0.0000000000
139365  -50.349  21.936  30.333 0.0000000000
120721  -49.616  33.691  27.624 0.0000000000
122654  -49.968  33.537  28.601 0.0000000000
106702  -51.724  33.512  29.616 0.0000000000
106689  -52.498  33.662  30.317 0.0000000000
106716  -52.831  33.297  28.570 0.0000000000
106703  -52.652  33.586  29.468 0.0000000000
106671  -52.957  33.687  31.101 0.0000000000
106659  -54.574  34.030  32.015 0.0000000000
106730  -55.700  33.276  27.720 0.0000000000
137501  -56.214  33.644  28.432 0.0000000000
106707  -56.868  34.141  30.144 0.0000000000
106692  -56.283  34.551  30.860 0.0000000000
106674  -56.492  34.467  31.792 0.0000000000
106654  -56.128  34.067  33.240 0.0000000000
106098  -56.486  33.651  33.992 0.0000000000
125502  -57.523  33.019  35.012 0.0000000000
104971  -57.782  32.585  34.983 0.0000000000
104986  -57.489  32.321  33.961 0.0000000000
137985  -57.629  30.480  35.401 0.0000000000
103618  -57.310  29.382  35.385 0.0000000000
102914  -57.001  28.222  35.245 0.0000000000
102218  -57.244  27.318  35.112 0.0000000000
134791  -56.202  27.906  34.791 0.0000000000
102921  -55.701  27.402  34.483 0.0000000000
103635  -55.353  28.686  33.917 0.0000000000
102920  -55.141  27.702  34.074 0.0000000000
104312  -54.382  29.305  31.671 0.0000000000
103658  -54.151  28.743  32.164 0.0000000000
103674  -53.270  28.799  31.060 0.0000000000
103657  -53.691  28.760  31.644 0.0000000000
103643  -53.570  28.185  32.413 0.0000000000
119920  -52.268  13.454  37.148 0.0000000000
92726  -50.424  13.621  35.557 0.0000000000
92725  -49.679  13.935  35.153 0.0000000000
92737  -49.773  14.039  34.249 0.0000000000
93685  -49.276  14.883  32.806 0.0000000000
135927  -49.370  15.391  31.633 0.0000000000
96221  -50.472  17.294  31.394 0.0000000000
142601  -50.885  17.731  31.458 0.0000000000
97018  -51.240  18.144  31.897 0.0000000000
97020  -52.447  19.013  31.074 0.0000000000
130023  -53.105  19.494  31.026 0.0000000000
98436  -53.860  20.014  30.989 0.0000000000
109358  -44.239  38.614  32.313 0.0000000000
110548  -46.277  40.506  31.617 0.0000000000
109966  -45.226  39.478  31.568 0.0000000000
109365  -44.262  38.546  31.575 0.0000000000
108827  -42.864  36.809  31.087 0.0000000000
108273  -42.969  36.087  30.436 0.0000000000
107723  -43.116  35.340  30.385 0.0000000000
107187  -43.522  34.837  30.222 0.0000000000
107193  -44.233  34.884  29.628 0.0000000000
107201  -44.898  35.149  29.012 0.0000000000
108847  -45.609  37.278  28.263 0.0000000000
107742  -45.738  35.833  28.166 0.0000000000
140760  -46.114  34.677  28.744 0.0000000000
107213  -46.859  35.166  27.793 0.0000000000
107214  -47.471  34.847  27.649 0.0000000000
107215  -48.255  34.470  27.476 0.0000000000
110590  -50.400  40.344  29.058 0.0000000000
138208  -49.770  39.736  28.624 0.0000000000
109397  -48.845  38.602  27.450 0.0000000000
109399  -50.315  38.751  26.876 0.0000000000
109398  -49.611  38.690  27.156 0.0000000000
108858  -48.225  37.099  26.758 0.0000000000
108302  -48.183  36.257  26.676 0.0000000000
107752  -48.833  35.561  26.431 0.0000000000
106725  -49.116  34.179  26.975 0.0000000000
142827  -49.835  33.777  26.852 0.0000000000
106740  -50.512  33.604  26.384 0.0000000000
138202  -51.129  33.398  25.938 0.0000000000
107765  -51.412  35.032  24.811 0.0000000000
107239  -51.288  34.133  25.090 0.0000000000
106189  -51.724  33.065  25.875 0.0000000000
106190  -52.498  32.787  25.767 0.0000000000
128136  -53.370  32.598  25.633 0.0000000000
131829  -54.446  32.506  25.492 0.0000000000
108898  -54.797  37.653  23.270 0.0000000000
108334  -54.433  36.688  23.298 0.0000000000
133068  -54.360  35.653  22.915 0.0000000000
107797  -55.162  35.702  22.140 0.0000000000
107267  -54.410  34.661  22.693 0.0000000000
107252  -53.485  34.658  23.415 0.0000000000
106764  -53.859  33.303  23.642 0.0000000000
106223  -54.207  32.731  24.158 0.0000000000
106192  -55.487  32.425  25.296 0.0000000000
106212  -56.112  32.179  24.647 0.0000000000
105068  -56.957  30.938  24.728 0.0000000000
105096  -56.518  31.074  23.226 0.0000000000
105086  -56.708  30.955  23.958 0.0000000000
133961  -56.527  30.393  24.241 0.0000000000
104406  -55.814  29.789  24.497 0.0000000000
104405  -54.559  29.560  24.307 0.0000000000
105126  -54.706  29.858  19.606 0.0000000000
104477  -55.038  29.034  19.319 0.0000000000
103052  -54.620  27.570  18.979 0.0000000000
93641  -47.970  14.917  39.442 0.0000000000
95393  -48.239  16.404  40.159 0.0000000000
95392  -47.939  16.018  39.710 0.0000000000
94566  -48.042  15.482  38.328 0.0000000000
95397  -48.396  16.092  37.363 0.0000000000
95405  -48.860  16.643  37.048 0.0000000000
96187  -49.537  17.291  35.876 0.0000000000
96931  -53.496  17.525  39.094 0.0000000000
96930  -52.161  17.687  38.552 0.0000000000
120213  -51.986  17.861  37.603 0.0000000000
96950  -52.922  17.946  37.336 0.0000000000
96965  -51.894  18.157  36.721 0.0000000000
96964  -51.021  18.130  36.128 0.0000000000
96979  -50.984  18.305  35.243 0.0000000000
96980  -51.603  18.648  34.864 0.0000000000
96993  -52.162  19.057  33.707 0.0000000000
97739  -52.772  19.401  33.346 0.0000000000
97729  -53.627  19.510  34.338 0.0000000000
97741  -53.965  19.868  33.696 0.0000000000
97740  -53.454  19.806  32.984 0.0000000000
98422  -54.046  20.167  32.449 0.0000000000
142199  -54.075  20.193  31.747 0.0000000000
98437  -54.616  20.357  31.280 0.0000000000
135690  -50.712  25.182  37.697 0.0000000000
132456  -51.875  24.169  37.430 0.0000000000
131381  -52.665  24.114  37.092 0.0000000000
106686  -49.682  33.511  30.130 0.0000000000
106111  -51.834  32.408  32.255 0.0000000000
106110  -50.919  32.294  32.152 0.0000000000
105579  -50.454  31.735  32.673 0.0000000000
105562  -50.108  31.217  33.254 0.0000000000
104966  -50.396  30.492  34.335 0.0000000000
104294  -50.621  30.086  35.028 0.0000000000
104969  -55.186  32.179  35.124 0.0000000000
141055  -54.204  31.503  35.013 0.0000000000
120104  -53.417  31.027  34.959 0.0000000000
104260  -54.843  30.124  37.168 0.0000000000
104937  -54.087  30.334  36.386 0.0000000000
104951  -53.456  30.500  35.699 0.0000000000
104950  -52.575  30.344  35.332 0.0000000000
104279  -51.613  29.599  36.057 0.0000000000
127988  -50.933  29.586  35.824 0.0000000000
103602  -51.705  28.631  37.175 0.0000000000
103581  -51.841  27.938  37.573 0.0000000000
102891  -52.420  27.515  37.640 0.0000000000
120115  -53.875  27.289  37.601 0.0000000000
102201  -53.356  26.735  37.530 0.0000000000
101532  -53.182  25.978  37.376 0.0000000000
100896  -52.942  25.083  37.232 0.0000000000
100898  -53.539  24.407  36.759 0.0000000000
100247  -53.526  22.903  36.472 0.0000000000
99634  -54.266  22.552  36.205 0.0000000000
139151  -55.066  22.198  36.008 0.0000000000
99029  -56.510  21.309  36.449 0.0000000000
99650  -56.324  22.779  35.809 0.0000000000
99635  -56.902  22.065  36.063 0.0000000000
98370  -58.884  20.235  37.790 0.0000000000
97693  -60.204  19.157  38.224 0.0000000000
97711  -59.893  18.997  37.107 0.0000000000
100252  -59.467  23.736  36.589 0.0000000000
126430  -60.196  22.700  36.680 0.0000000000
99652  -61.069  22.203  36.417 0.0000000000
142038  -60.992  21.931  36.737 0.0000000000
127859  -60.852  21.703  36.970 0.0000000000
99045  -60.951  20.363  36.825 0.0000000000
98388  -60.569  19.612  36.986 0.0000000000
97722  -58.676  19.213  36.219 0.0000000000
98386  -58.439  19.922  35.165 0.0000000000
98400  -57.333  20.215  34.403 0.0000000000
98426  -56.814  20.748  32.828 0.0000000000
99076  -57.753  21.004  32.684 0.0000000000
120772  -56.062  20.580  32.855 0.0000000000
98425  -56.309  20.762  32.074 0.0000000000
98438  -55.472  20.610  31.516 0.0000000000
120078  -55.142  20.502  30.699 0.0000000000
143398  -55.238  20.465  29.466 0.0000000000
99105  -55.991  20.710  29.185 0.0000000000
99113  -56.183  20.692  28.033 0.0000000000
126217  -57.494  21.208  28.556 0.0000000000
99114  -57.272  21.071  27.765 0.0000000000
124687  -57.078  20.965  26.860 0.0000000000
99131  -57.156  21.044  25.770 0.0000000000
124300  -57.433  21.405  24.418 0.0000000000
137867  -60.040  23.455  28.667 0.0000000000
138684  -59.774  23.783  27.306 0.0000000000
140981  -59.454  23.131  26.329 0.0000000000
100368  -58.776  24.325  26.432 0.0000000000
100377  -59.153  23.953  25.450 0.0000000000
99740  -59.230  23.125  25.640 0.0000000000
99150  -58.006  22.716  23.734 0.0000000000
141718  -57.250  21.979  22.981 0.0000000000
99775  -56.428  22.413  22.700 0.0000000000
99750  -54.650  22.804  24.728 0.0000000000
101557  -56.929  25.808  34.456 0.0000000000
100944  -56.662  24.551  33.600 0.0000000000
100314  -56.567  23.792  32.454 0.0000000000
123936  -56.243  23.594  31.811 0.0000000000
120150  -56.031  23.501  31.143 0.0000000000
141105  -55.820  23.476  29.970 0.0000000000
100323  -53.758  23.409  31.752 0.0000000000
100347  -55.382  23.386  29.415 0.0000000000
126664  -54.526  23.196  28.781 0.0000000000
100364  -53.887  22.918  27.430 0.0000000000
99727  -53.174  22.696  27.282 0.0000000000
99719  -52.357  22.506  28.192 0.0000000000
135761  -52.779  22.583  27.705 0.0000000000
122235  -53.008  22.623  26.566 0.0000000000
92719  -50.092  13.562  36.982 0.0000000000
92720  -51.420  13.465  36.899 0.0000000000
92738  -50.414  13.707  34.655 0.0000000000
93638  -48.010  14.891  40.304 0.0000000000
93644  -48.014  14.948  38.534 0.0000000000
93665  -49.195  14.397  34.775 0.0000000000
93675  -49.083  14.890  33.628 0.0000000000
94564  -47.902  15.454  39.162 0.0000000000
94572  -48.258  15.131  36.581 0.0000000000
95395  -48.063  16.052  38.936 0.0000000000
95426  -48.956  15.991  33.744 0.0000000000
96140  -48.806  17.059  41.097 0.0000000000
96143  -48.736  16.907  40.222 0.0000000000
96155  -48.384  16.494  39.526 0.0000000000
96156  -48.945  16.984  39.381 0.0000000000
96157  -50.103  17.612  40.145 0.0000000000
96166  -48.562  16.570  38.748 0.0000000000
96181  -49.484  17.202  36.782 0.0000000000
96188  -50.287  17.814  35.556 0.0000000000
96902  -51.657  18.125  41.504 0.0000000000
96904  -53.927  18.258  41.492 0.0000000000
96936  -58.521  18.151  39.232 0.0000000000
96937  -58.948  18.376  38.852 0.0000000000
96949  -51.052  17.934  37.049 0.0000000000
96982  -53.834  18.717  35.858 0.0000000000
96991  -50.990  18.377  34.442 0.0000000000
97710  -59.964  18.759  38.083 0.0000000000
97720  -54.917  19.234  35.178 0.0000000000
98352  -59.632  19.187  38.509 0.0000000000
98387  -59.740  19.648  36.047 0.0000000000
98447  -55.551  20.623  30.017 0.0000000000
99032  -60.835  20.656  37.231 0.0000000000
99033  -61.084  21.359  36.612 0.0000000000
99089  -59.676  21.935  32.155 0.0000000000
99096  -57.026  21.065  29.975 0.0000000000
99649  -55.569  22.716  35.855 0.0000000000
99692  -60.428  23.111  31.585 0.0000000000
99713  -60.228  23.911  29.366 0.0000000000
99722  -59.937  23.626  27.930 0.0000000000
99730  -59.565  23.700  26.644 0.0000000000
99741  -59.399  23.655  25.978 0.0000000000
99742  -59.400  24.116  26.345 0.0000000000
99752  -58.802  23.187  24.818 0.0000000000
99776  -57.179  22.411  23.040 0.0000000000
100246  -52.827  23.144  36.837 0.0000000000
100264  -60.904  23.123  36.081 0.0000000000
100313  -55.701  23.649  32.478 0.0000000000
100327  -57.879  24.024  31.457 0.0000000000
100351  -60.021  24.181  28.533 0.0000000000
100369  -59.231  24.379  27.165 0.0000000000
100895  -51.312  24.687  37.613 0.0000000000
100945  -57.851  24.690  33.493 0.0000000000
100986  -59.990  24.767  30.475 0.0000000000
101000  -59.584  24.284  27.661 0.0000000000
101535  -60.084  26.390  37.177 0.0000000000
101561  -60.333  25.326  35.174 0.0000000000
102208  -60.080  26.931  37.245 0.0000000000
102214  -58.696  26.306  37.298 0.0000000000
102215  -60.255  26.646  37.018 0.0000000000
102890  -51.800  27.138  37.657 0.0000000000
102897  -59.119  28.054  37.753 0.0000000000
102899  -59.955  27.374  37.316 0.0000000000
102910  -60.030  27.919  36.776 0.0000000000
103580  -51.046  28.185  37.317 0.0000000000
103582  -52.770  28.130  37.623 0.0000000000
103589  -59.539  28.487  37.495 0.0000000000
103590  -59.906  27.938  37.252 0.0000000000
103600  -49.647  28.255  37.060 0.0000000000
103601  -50.386  28.502  36.978 0.0000000000
103603  -52.574  28.725  37.309 0.0000000000
103772  -55.315  28.671  20.680 0.0000000000
104257  -51.310  29.149  36.524 0.0000000000
104261  -55.942  30.829  37.266 0.0000000000
104263  -59.247  30.198  37.242 0.0000000000
104280  -52.169  29.833  35.935 0.0000000000
104928  -57.578  30.966  37.845 0.0000000000
104930  -58.860  30.849  37.371 0.0000000000
104940  -58.120  31.732  37.323 0.0000000000
104949  -51.576  30.072  35.303 0.0000000000
104982  -50.625  30.894  33.792 0.0000000000
105105  -55.954  30.629  21.013 0.0000000000
105115  -55.510  30.171  20.335 0.0000000000
105127  -55.251  29.619  19.834 0.0000000000
105536  -57.570  32.362  36.516 0.0000000000
105561  -49.265  31.101  33.348 0.0000000000
105564  -51.694  31.410  33.336 0.0000000000
105580  -51.324  31.809  32.742 0.0000000000
105582  -52.948  32.108  33.113 0.0000000000
106114  -57.352  33.661  33.242 0.0000000000
106136  -49.441  33.263  30.838 0.0000000000
106156  -53.452  32.787  27.094 0.0000000000
106191  -53.724  32.618  24.893 0.0000000000
106209  -52.849  32.792  25.082 0.0000000000
106211  -54.807  32.499  24.688 0.0000000000
106268  -53.965  32.516  20.431 0.0000000000
106673  -55.406  34.510  31.506 0.0000000000
106687  -50.549  33.496  30.271 0.0000000000
106696  -45.507  33.894  29.952 0.0000000000
106700  -49.449  33.583  29.272 0.0000000000
106713  -49.135  33.725  28.422 0.0000000000
106714  -50.358  33.440  27.973 0.0000000000
106739  -49.787  34.117  26.395 0.0000000000
106741  -51.311  33.197  26.457 0.0000000000
106752  -50.818  33.806  25.662 0.0000000000
106753  -51.462  33.506  25.454 0.0000000000
106754  -52.102  33.135  25.271 0.0000000000
106777  -55.609  34.092  21.277 0.0000000000
106790  -55.486  34.421  20.801 0.0000000000
107186  -42.954  34.734  30.749 0.0000000000
107202  -45.555  35.246  28.590 0.0000000000
107203  -46.261  35.209  28.197 0.0000000000
107204  -46.946  34.578  28.323 0.0000000000
107205  -47.720  34.359  28.099 0.0000000000
107225  -47.891  35.037  27.160 0.0000000000
107226  -48.515  34.865  26.812 0.0000000000
107228  -50.254  34.082  25.907 0.0000000000
107296  -54.826  34.921  20.488 0.0000000000
107297  -55.254  34.902  20.623 0.0000000000
107728  -43.575  35.678  29.777 0.0000000000
107729  -44.328  35.757  29.138 0.0000000000
107732  -45.020  35.841  28.607 0.0000000000
107753  -49.458  35.873  26.065 0.0000000000
107757  -50.964  35.683  25.205 0.0000000000
107798  -55.371  35.715  21.461 0.0000000000
107806  -55.203  35.942  21.092 0.0000000000
107818  -55.226  35.435  20.774 0.0000000000
108257  -41.898  35.792  32.584 0.0000000000
108268  -42.072  35.950  31.964 0.0000000000
108286  -45.350  36.545  28.306 0.0000000000
108297  -46.030  36.403  27.841 0.0000000000
108298  -46.842  36.380  27.384 0.0000000000
108345  -55.104  36.865  22.095 0.0000000000
108346  -55.235  36.173  21.493 0.0000000000
108825  -43.294  37.524  31.540 0.0000000000
108828  -43.476  37.413  30.699 0.0000000000
108829  -44.092  37.921  30.426 0.0000000000
108835  -43.779  37.192  29.841 0.0000000000
108836  -44.389  37.155  29.110 0.0000000000
108846  -44.915  37.070  28.593 0.0000000000
108853  -46.258  37.611  28.050 0.0000000000
108855  -48.257  37.969  27.101 0.0000000000
108864  -50.756  37.159  25.680 0.0000000000
108881  -54.556  37.963  23.772 0.0000000000
109349  -43.819  38.105  32.797 0.0000000000
109357  -43.737  38.125  31.958 0.0000000000
109364  -43.843  38.024  31.175 0.0000000000
109381  -45.728  38.476  29.267 0.0000000000
109383  -47.525  39.260  29.044 0.0000000000
109395  -46.831  37.565  27.645 0.0000000000
109401  -49.061  38.184  26.917 0.0000000000
109403  -51.791  38.929  26.389 0.0000000000
109424  -54.573  39.114  23.969 0.0000000000
109443  -54.530  38.581  23.453 0.0000000000
109947  -44.643  39.049  32.584 0.0000000000
109948  -44.886  39.199  33.176 0.0000000000
109957  -45.120  39.579  32.450 0.0000000000
109965  -44.668  39.082  31.932 0.0000000000
109967  -45.841  39.861  31.184 0.0000000000
109978  -44.774  38.892  31.188 0.0000000000
109980  -46.148  39.518  30.333 0.0000000000
109995  -49.403  40.020  29.159 0.0000000000
109997  -48.183  39.098  28.469 0.0000000000
110000  -48.708  38.988  28.027 0.0000000000
110001  -49.525  39.229  27.921 0.0000000000
110006  -51.269  39.245  26.985 0.0000000000
110011  -54.227  40.086  25.196 0.0000000000
110534  -46.133  40.706  32.379 0.0000000000
110565  -47.326  40.547  30.615 0.0000000000
110628  -53.847  40.573  25.545 0.0000000000
111133  -49.376  41.368  30.369 0.0000000000
111163  -53.471  41.502  26.978 0.0000000000
111164  -53.703  40.887  26.264 0.0000000000
111664  -48.238  42.609  32.087 0.0000000000
119541  -50.966  33.286  27.688 0.0000000000
120872  -57.318  23.795  29.575 0.0000000000
122563  -55.008  23.549  32.361 0.0000000000
122749  -60.231  22.423  32.221 0.0000000000
122860  -48.538  14.706  36.088 0.0000000000
122976  -55.887  28.854  38.024 0.0000000000
123370  -49.668  17.365  39.302 0.0000000000
123411  -49.410  16.056  32.089 0.0000000000
123540  -54.697  27.821  18.798 0.0000000000
124480  -55.906  32.313  21.438 0.0000000000
125255  -48.263  16.092  38.156 0.0000000000
125443  -46.831  39.425  29.642 0.0000000000
126136  -53.735  37.591  24.287 0.0000000000
128202  -49.987  17.564  34.119 0.0000000000
129926  -54.565  33.269  20.395 0.0000000000
130670  -56.870  23.736  26.417 0.0000000000
130695  -50.976  33.523  29.718 0.0000000000
130815  -48.459  14.543  37.236 0.0000000000
131070  -58.414  21.527  30.875 0.0000000000
131680  -54.254  35.365  20.852 0.0000000000
134454  -60.111  25.247  33.432 0.0000000000
134750  -42.439  36.469  31.736 0.0000000000
135699  -54.884  37.482  22.640 0.0000000000
135705  -52.829  17.681  38.114 0.0000000000
135772  -54.832  38.042  23.185 0.0000000000
135939  -53.909  19.892  29.526 0.0000000000
136498  -53.769  33.975  23.265 0.0000000000
137221  -53.524  30.724  20.151 0.0000000000
138263  -60.337  19.195  37.733 0.0000000000
140718  -47.554  36.083  26.995 0.0000000000
140962  -52.816  19.343  31.507 0.0000000000
140992  -58.341  29.455  38.171 0.0000000000
141002  -61.206  21.811  36.182 0.0000000000
141005  -48.700  16.330  35.826 0.0000000000
141326  -53.330  23.642  36.650 0.0000000000
142600  -57.234  32.093  26.604 0.0000000000
142750  -57.661  22.215  23.461 0.0000000000
143254  -53.370  33.912  29.963 0.0000000000
143263  -53.304  19.605  33.703 0.0000000000
143397  -45.775  36.830  27.997 0.0000000000
143691  -54.500  39.204  24.246 0.0000000000
143758  -52.565  26.714  37.602 0.0000000000
144096  -49.487  35.258  26.102 0.0000000000
144181  -54.308  34.308  30.609 0.0000000000
144213  -45.475  34.754  29.002 0.0000000000
