#!ascii label  , from subject sub-v1s5x0050724_ses-1 vox2ras=TkReg
1476
53937  -57.754  -26.796  56.363 0.0000000000
40877  -45.957  -39.425  61.831 0.0000000000
58158  -57.513  -22.269  43.253 0.0000000000
126269  -51.339  -26.369  46.511 0.0000000000
57081  -60.940  -23.484  51.105 0.0000000000
46784  -53.513  -33.593  61.788 0.0000000000
43881  -41.271  -36.478  53.585 0.0000000000
49896  -46.899  -31.330  49.367 0.0000000000
38991  -39.339  -41.367  66.522 0.0000000000
122564  -59.612  -16.907  44.632 0.0000000000
39151  -34.574  -41.497  55.879 0.0000000000
54005  -54.242  -26.193  51.701 0.0000000000
57112  -55.378  -23.179  49.646 0.0000000000
58043  -57.727  -22.400  54.279 0.0000000000
127349  -56.327  -30.371  58.714 0.0000000000
47806  -51.388  -32.502  55.467 0.0000000000
49876  -53.404  -30.294  52.681 0.0000000000
50914  -49.970  -29.260  48.012 0.0000000000
65314  -62.402  -15.864  41.549 0.0000000000
121494  -44.223  -42.313  64.716 0.0000000000
39071  -37.562  -41.548  61.302 0.0000000000
39117  -40.491  -40.895  59.644 0.0000000000
139812  -61.010  -23.919  46.619 0.0000000000
44790  -49.659  -36.620  62.056 0.0000000000
41855  -45.427  -39.066  57.847 0.0000000000
44833  -48.493  -35.246  57.740 0.0000000000
46883  -44.632  -33.851  52.219 0.0000000000
38088  -35.160  -42.150  69.066 0.0000000000
61141  -62.792  -19.490  50.305 0.0000000000
60174  -58.225  -20.816  46.742 0.0000000000
63318  -57.642  -17.290  48.684 0.0000000000
61198  -53.968  -19.941  43.876 0.0000000000
63394  -55.237  -17.265  39.197 0.0000000000
39971  -33.496  -40.850  64.084 0.0000000000
41868  -38.361  -38.883  55.143 0.0000000000
52856  -56.107  -26.885  54.176 0.0000000000
56048  -55.779  -25.042  52.986 0.0000000000
56024  -57.752  -24.736  55.353 0.0000000000
50808  -56.847  -28.952  57.169 0.0000000000
143373  -54.802  -30.445  55.234 0.0000000000
51825  -55.617  -28.493  54.593 0.0000000000
51867  -53.409  -28.396  51.589 0.0000000000
56158  -57.317  -23.256  41.465 0.0000000000
57189  -56.073  -22.935  41.559 0.0000000000
39046  -46.048  -42.174  63.385 0.0000000000
39075  -42.472  -42.037  61.854 0.0000000000
39101  -45.534  -42.069  60.798 0.0000000000
55121  -52.488  -25.275  45.457 0.0000000000
58098  -57.416  -22.834  50.112 0.0000000000
57148  -56.900  -23.852  48.054 0.0000000000
56089  -59.412  -24.665  49.276 0.0000000000
55105  -60.359  -26.199  47.348 0.0000000000
56091  -61.447  -24.929  49.531 0.0000000000
45793  -51.632  -35.286  62.359 0.0000000000
43822  -50.535  -37.278  60.176 0.0000000000
45825  -51.523  -35.081  59.556 0.0000000000
47846  -49.170  -32.091  52.006 0.0000000000
46876  -48.151  -33.186  53.827 0.0000000000
47843  -46.368  -32.645  51.102 0.0000000000
52926  -50.919  -28.040  47.375 0.0000000000
60140  -60.100  -20.634  48.412 0.0000000000
62245  -55.745  -18.594  45.515 0.0000000000
63353  -56.822  -17.656  43.851 0.0000000000
141894  -54.694  -18.612  41.958 0.0000000000
64354  -58.168  -17.206  42.053 0.0000000000
66243  -59.567  -14.759  38.237 0.0000000000
38956  -37.277  -41.685  68.132 0.0000000000
38986  -34.607  -41.396  66.381 0.0000000000
121918  -36.130  -41.139  65.619 0.0000000000
39130  -35.474  -41.500  58.436 0.0000000000
39111  -34.487  -41.234  59.619 0.0000000000
38156  -33.314  -42.200  56.955 0.0000000000
42827  -43.689  -37.832  56.357 0.0000000000
41861  -42.145  -38.911  56.187 0.0000000000
41899  -40.260  -38.284  54.100 0.0000000000
123180  -52.490  -26.680  49.101 0.0000000000
56103  -52.956  -24.735  47.834 0.0000000000
55070  -54.260  -24.759  50.664 0.0000000000
136499  -56.172  -22.910  51.778 0.0000000000
136859  -58.728  -22.184  52.073 0.0000000000
47760  -54.808  -32.265  60.385 0.0000000000
47779  -52.963  -32.933  58.392 0.0000000000
48771  -54.129  -31.818  57.241 0.0000000000
48819  -52.518  -31.398  53.446 0.0000000000
140677  -50.213  -31.263  51.018 0.0000000000
49909  -48.537  -30.343  48.795 0.0000000000
137334  -51.267  -30.066  49.783 0.0000000000
51891  -52.240  -28.512  49.622 0.0000000000
64377  -61.140  -16.752  42.679 0.0000000000
65286  -65.823  -15.624  44.240 0.0000000000
39012  -41.286  -41.474  65.377 0.0000000000
141761  -38.041  -41.276  63.934 0.0000000000
138664  -40.101  -41.706  62.474 0.0000000000
121457  -39.037  -41.417  59.792 0.0000000000
40046  -37.748  -40.919  57.901 0.0000000000
57156  -54.516  -24.070  46.819 0.0000000000
55124  -59.929  -25.986  45.884 0.0000000000
57170  -59.226  -22.562  44.835 0.0000000000
128564  -47.139  -37.194  60.795 0.0000000000
40026  -47.713  -40.819  60.072 0.0000000000
40893  -49.276  -39.163  59.989 0.0000000000
42823  -47.307  -37.219  58.122 0.0000000000
43864  -45.086  -35.885  56.114 0.0000000000
46837  -49.880  -33.710  56.977 0.0000000000
45862  -46.630  -34.482  55.411 0.0000000000
45879  -43.298  -34.763  53.322 0.0000000000
55998  -59.503  -24.447  57.603 0.0000000000
44788  -45.442  -35.708  61.089 0.0000000000
128645  -50.026  -33.863  64.620 0.0000000000
46739  -51.681  -33.159  65.224 0.0000000000
58027  -59.823  -22.576  57.125 0.0000000000
60063  -60.010  -20.676  55.336 0.0000000000
59041  -62.411  -21.391  53.097 0.0000000000
62176  -64.112  -17.696  51.859 0.0000000000
57084  -63.073  -22.836  50.743 0.0000000000
58127  -62.564  -22.195  48.017 0.0000000000
59138  -60.656  -21.521  46.362 0.0000000000
59152  -57.918  -21.221  44.874 0.0000000000
60157  -55.575  -20.054  47.500 0.0000000000
59132  -55.118  -21.060  45.738 0.0000000000
58155  -54.460  -22.121  43.706 0.0000000000
58160  -52.673  -22.163  42.148 0.0000000000
65324  -58.388  -16.137  40.084 0.0000000000
38085  -32.893  -42.659  68.101 0.0000000000
37319  -30.857  -42.331  62.066 0.0000000000
39988  -35.407  -40.869  62.509 0.0000000000
40007  -32.429  -40.966  60.919 0.0000000000
40038  -43.480  -40.194  58.377 0.0000000000
40911  -39.898  -39.718  57.259 0.0000000000
40063  -36.455  -40.067  55.941 0.0000000000
40947  -33.621  -39.785  52.214 0.0000000000
52846  -56.489  -27.252  54.877 0.0000000000
55017  -56.849  -25.529  54.534 0.0000000000
55002  -57.783  -25.508  55.654 0.0000000000
52829  -57.515  -27.557  56.650 0.0000000000
51813  -56.463  -28.410  55.746 0.0000000000
51826  -56.184  -28.046  55.057 0.0000000000
52845  -55.892  -27.686  54.369 0.0000000000
57168  -57.963  -23.504  43.733 0.0000000000
57181  -57.282  -23.014  42.177 0.0000000000
57180  -56.942  -22.837  41.603 0.0000000000
58164  -56.705  -22.533  42.002 0.0000000000
39984  -46.286  -40.285  62.445 0.0000000000
38138  -45.784  -42.694  62.287 0.0000000000
39061  -46.697  -42.026  61.782 0.0000000000
54068  -51.318  -26.012  44.991 0.0000000000
55120  -51.806  -25.557  45.557 0.0000000000
57097  -59.289  -23.400  50.389 0.0000000000
57115  -58.907  -23.788  49.633 0.0000000000
57116  -59.920  -24.226  49.915 0.0000000000
56090  -60.481  -24.985  49.462 0.0000000000
57117  -60.961  -24.564  50.129 0.0000000000
45794  -52.268  -34.938  61.999 0.0000000000
44794  -51.938  -35.642  61.196 0.0000000000
45816  -52.517  -34.905  60.847 0.0000000000
48831  -48.256  -31.983  51.122 0.0000000000
47844  -47.650  -32.456  51.619 0.0000000000
48838  -46.437  -31.904  49.917 0.0000000000
47871  -44.685  -32.372  49.722 0.0000000000
52927  -51.264  -27.117  47.112 0.0000000000
52931  -50.089  -27.629  46.013 0.0000000000
52945  -50.152  -27.129  44.993 0.0000000000
63342  -57.493  -17.386  44.548 0.0000000000
64322  -58.182  -17.209  44.126 0.0000000000
63365  -57.423  -17.426  42.560 0.0000000000
64336  -58.963  -17.033  43.641 0.0000000000
119998  -38.046  -41.364  66.921 0.0000000000
38988  -36.452  -41.310  66.511 0.0000000000
120980  -37.902  -41.280  66.020 0.0000000000
39139  -35.155  -41.476  57.478 0.0000000000
122380  -34.259  -41.706  57.131 0.0000000000
39144  -34.054  -41.883  56.387 0.0000000000
37337  -32.759  -43.641  55.290 0.0000000000
38163  -33.386  -42.521  55.305 0.0000000000
43862  -42.597  -36.895  55.137 0.0000000000
42833  -42.072  -37.782  55.180 0.0000000000
42852  -41.010  -37.354  53.838 0.0000000000
54021  -53.322  -26.352  50.437 0.0000000000
55069  -53.636  -25.397  50.213 0.0000000000
55057  -53.898  -25.749  50.979 0.0000000000
127063  -56.561  -23.275  53.187 0.0000000000
57071  -56.114  -23.420  52.512 0.0000000000
58051  -56.917  -22.662  53.141 0.0000000000
58070  -57.300  -22.339  51.809 0.0000000000
59037  -57.885  -21.871  53.061 0.0000000000
48745  -55.345  -31.562  59.371 0.0000000000
47782  -54.862  -31.946  59.163 0.0000000000
48773  -55.288  -31.231  58.041 0.0000000000
49868  -54.259  -30.137  53.908 0.0000000000
48810  -53.537  -31.302  54.599 0.0000000000
49866  -53.097  -30.905  52.987 0.0000000000
48825  -51.603  -31.353  52.414 0.0000000000
49883  -51.688  -30.709  51.248 0.0000000000
49891  -51.282  -30.453  50.447 0.0000000000
49884  -52.115  -30.133  50.789 0.0000000000
52883  -53.545  -27.515  51.469 0.0000000000
51884  -53.150  -28.033  51.022 0.0000000000
52901  -53.200  -27.283  50.803 0.0000000000
52911  -52.451  -27.486  49.500 0.0000000000
39013  -42.239  -41.665  65.154 0.0000000000
136525  -40.810  -41.617  63.924 0.0000000000
39031  -42.305  -41.923  64.142 0.0000000000
124396  -41.692  -41.263  60.711 0.0000000000
39073  -40.389  -41.614  60.939 0.0000000000
39116  -39.760  -41.218  59.810 0.0000000000
122139  -38.365  -41.306  59.202 0.0000000000
40035  -39.088  -40.798  58.638 0.0000000000
57110  -54.133  -23.837  48.637 0.0000000000
56116  -53.449  -24.287  47.410 0.0000000000
57129  -54.761  -23.466  48.315 0.0000000000
56117  -57.073  -24.633  47.714 0.0000000000
137433  -56.132  -24.290  47.228 0.0000000000
55102  -56.671  -25.459  47.263 0.0000000000
56119  -61.256  -25.263  47.376 0.0000000000
55115  -60.247  -26.162  46.515 0.0000000000
56130  -60.310  -25.211  46.117 0.0000000000
134729  -59.798  -24.236  45.591 0.0000000000
56143  -60.403  -23.923  46.063 0.0000000000
44789  -48.434  -36.361  61.540 0.0000000000
42778  -49.217  -38.296  61.368 0.0000000000
129362  -49.917  -38.017  61.466 0.0000000000
44822  -49.617  -35.810  58.785 0.0000000000
124988  -48.606  -37.552  58.857 0.0000000000
43849  -47.515  -36.313  57.828 0.0000000000
43848  -46.280  -36.101  56.971 0.0000000000
44844  -46.592  -35.426  56.572 0.0000000000
47788  -51.830  -32.865  57.125 0.0000000000
46839  -51.250  -33.406  57.658 0.0000000000
46857  -50.148  -33.069  55.816 0.0000000000
46874  -46.632  -33.588  53.443 0.0000000000
46865  -47.621  -33.613  54.444 0.0000000000
45881  -46.120  -33.994  53.955 0.0000000000
45871  -44.921  -34.632  54.205 0.0000000000
50901  -49.177  -29.752  48.303 0.0000000000
46753  -50.765  -33.727  64.815 0.0000000000
48696  -55.163  -30.671  62.777 0.0000000000
58018  -59.756  -23.316  57.485 0.0000000000
60048  -61.178  -20.139  56.358 0.0000000000
60057  -62.279  -19.858  55.125 0.0000000000
60073  -61.261  -20.751  54.204 0.0000000000
60066  -62.878  -20.049  54.356 0.0000000000
61120  -64.078  -19.214  51.048 0.0000000000
59056  -63.867  -20.715  51.568 0.0000000000
59074  -63.569  -21.208  50.041 0.0000000000
58100  -63.177  -22.797  49.929 0.0000000000
60143  -62.937  -21.125  48.800 0.0000000000
60161  -59.732  -20.711  47.588 0.0000000000
59113  -60.338  -20.919  46.789 0.0000000000
59136  -58.958  -20.851  45.860 0.0000000000
59154  -59.311  -21.278  45.306 0.0000000000
59135  -57.978  -20.988  45.841 0.0000000000
62238  -56.265  -18.474  47.986 0.0000000000
61191  -55.150  -19.074  44.821 0.0000000000
61190  -54.865  -19.790  45.952 0.0000000000
60180  -54.357  -20.497  45.037 0.0000000000
59150  -55.369  -21.510  45.105 0.0000000000
59178  -53.846  -21.420  44.066 0.0000000000
58154  -53.511  -21.839  43.331 0.0000000000
60195  -53.468  -20.435  43.425 0.0000000000
63389  -54.999  -17.958  40.711 0.0000000000
61237  -53.254  -19.434  40.476 0.0000000000
142288  -53.474  -19.156  39.295 0.0000000000
65313  -61.796  -16.485  42.107 0.0000000000
64375  -59.680  -16.675  41.520 0.0000000000
65326  -60.776  -15.603  40.531 0.0000000000
39961  -33.850  -40.995  64.838 0.0000000000
38984  -32.888  -41.703  66.033 0.0000000000
39022  -32.258  -41.352  64.514 0.0000000000
39037  -31.490  -41.460  63.348 0.0000000000
39979  -32.192  -41.032  63.257 0.0000000000
39053  -37.627  -41.434  62.151 0.0000000000
39039  -36.756  -41.086  63.643 0.0000000000
39989  -36.154  -41.149  62.143 0.0000000000
40020  -33.604  -41.057  59.904 0.0000000000
35602  -32.557  -45.089  57.375 0.0000000000
40041  -47.242  -40.526  59.358 0.0000000000
40025  -46.186  -40.893  59.394 0.0000000000
40900  -44.405  -39.967  58.108 0.0000000000
41869  -39.279  -38.902  55.203 0.0000000000
40922  -40.239  -39.352  56.470 0.0000000000
40931  -38.688  -39.293  56.021 0.0000000000
40057  -37.909  -39.786  56.464 0.0000000000
40939  -36.710  -39.017  54.773 0.0000000000
39161  -33.185  -41.241  52.666 0.0000000000
53988  -55.054  -26.528  52.746 0.0000000000
55043  -54.830  -25.919  52.210 0.0000000000
55030  -55.881  -25.729  53.423 0.0000000000
56036  -56.801  -24.709  54.198 0.0000000000
132967  -57.599  -23.147  54.646 0.0000000000
50775  -56.537  -29.918  58.179 0.0000000000
49828  -55.706  -30.385  57.072 0.0000000000
50806  -55.768  -29.908  56.349 0.0000000000
50835  -54.776  -29.723  54.382 0.0000000000
50850  -54.470  -29.436  53.673 0.0000000000
50864  -53.590  -29.598  52.454 0.0000000000
51839  -54.695  -28.602  53.470 0.0000000000
52854  -54.941  -27.756  53.270 0.0000000000
57196  -54.213  -23.865  41.197 0.0000000000
39033  -45.599  -42.110  64.500 0.0000000000
39045  -43.484  -42.421  63.164 0.0000000000
38127  -45.421  -42.689  62.881 0.0000000000
39076  -44.280  -42.317  61.566 0.0000000000
39119  -42.365  -40.920  60.174 0.0000000000
58097  -56.506  -22.846  49.885 0.0000000000
57130  -55.588  -23.319  48.440 0.0000000000
57113  -56.908  -23.122  49.313 0.0000000000
57133  -58.415  -24.080  48.954 0.0000000000
56106  -58.844  -25.191  48.609 0.0000000000
55104  -58.789  -25.989  47.991 0.0000000000
56107  -60.045  -25.458  48.797 0.0000000000
56108  -61.070  -25.424  48.819 0.0000000000
56120  -61.726  -24.798  47.870 0.0000000000
45792  -50.666  -35.711  62.563 0.0000000000
43789  -50.632  -37.163  61.469 0.0000000000
43790  -51.056  -36.702  61.413 0.0000000000
44812  -51.041  -35.610  59.560 0.0000000000
45833  -49.802  -34.935  58.413 0.0000000000
47827  -50.333  -32.388  53.771 0.0000000000
47804  -49.976  -32.959  55.040 0.0000000000
47825  -48.681  -32.723  53.135 0.0000000000
47832  -47.343  -32.894  52.385 0.0000000000
46893  -46.029  -33.116  51.717 0.0000000000
46904  -43.982  -33.244  50.876 0.0000000000
47856  -44.389  -32.809  50.337 0.0000000000
51906  -50.489  -28.646  47.623 0.0000000000
51912  -49.591  -28.177  46.345 0.0000000000
61140  -61.573  -19.696  50.513 0.0000000000
60119  -61.598  -20.434  49.143 0.0000000000
60100  -59.821  -20.315  50.067 0.0000000000
60139  -58.369  -20.570  48.908 0.0000000000
60159  -57.376  -20.690  47.688 0.0000000000
63319  -57.935  -17.227  47.879 0.0000000000
143272  -57.130  -17.603  47.527 0.0000000000
63328  -56.969  -17.619  46.238 0.0000000000
63327  -56.315  -18.098  45.213 0.0000000000
62264  -55.674  -18.372  43.616 0.0000000000
61218  -54.018  -19.365  42.590 0.0000000000
134948  -55.596  -18.252  42.743 0.0000000000
121865  -55.909  -17.888  41.937 0.0000000000
63391  -56.264  -17.253  40.577 0.0000000000
139775  -62.637  -14.567  40.208 0.0000000000
66221  -61.135  -14.956  39.900 0.0000000000
66239  -61.530  -14.359  39.267 0.0000000000
38955  -36.613  -41.924  68.817 0.0000000000
38953  -35.040  -41.989  68.228 0.0000000000
38968  -35.958  -41.512  67.242 0.0000000000
39007  -35.137  -41.137  65.654 0.0000000000
39962  -34.748  -40.927  64.812 0.0000000000
39113  -36.850  -41.551  59.691 0.0000000000
39093  -35.302  -41.321  59.997 0.0000000000
39112  -35.182  -41.429  59.226 0.0000000000
136180  -33.621  -41.795  57.612 0.0000000000
38155  -32.562  -42.658  57.457 0.0000000000
36489  -32.406  -44.333  56.974 0.0000000000
36491  -32.578  -44.446  56.113 0.0000000000
41864  -44.218  -38.271  56.852 0.0000000000
41853  -43.979  -39.037  57.106 0.0000000000
41872  -42.497  -38.302  55.832 0.0000000000
41883  -40.582  -38.496  54.653 0.0000000000
41881  -38.977  -38.591  54.457 0.0000000000
54043  -52.341  -26.318  48.452 0.0000000000
132194  -52.504  -25.218  47.542 0.0000000000
55090  -52.626  -25.444  48.232 0.0000000000
56088  -53.676  -24.434  49.039 0.0000000000
57095  -54.934  -23.470  49.984 0.0000000000
135996  -54.795  -24.575  51.343 0.0000000000
57080  -55.581  -23.311  51.223 0.0000000000
57096  -55.459  -23.194  50.424 0.0000000000
58084  -56.605  -22.681  50.568 0.0000000000
58071  -58.259  -22.405  51.479 0.0000000000
131720  -59.339  -22.563  51.545 0.0000000000
46799  -53.901  -33.319  61.086 0.0000000000
46807  -53.463  -33.697  60.519 0.0000000000
47772  -53.917  -32.864  59.456 0.0000000000
47790  -53.534  -32.365  57.806 0.0000000000
47807  -52.180  -32.247  55.681 0.0000000000
48801  -54.327  -31.226  55.818 0.0000000000
48799  -52.837  -31.806  55.108 0.0000000000
48798  -51.902  -32.082  54.759 0.0000000000
48817  -50.820  -32.038  53.296 0.0000000000
48833  -49.602  -31.649  51.385 0.0000000000
49888  -49.004  -31.101  50.096 0.0000000000
49897  -47.657  -30.815  49.062 0.0000000000
49898  -49.177  -30.570  49.419 0.0000000000
49899  -50.036  -30.160  49.225 0.0000000000
50903  -50.484  -29.575  48.695 0.0000000000
50887  -52.365  -29.492  50.470 0.0000000000
50894  -52.054  -29.262  49.799 0.0000000000
51897  -50.790  -29.031  48.271 0.0000000000
51907  -51.052  -28.501  47.973 0.0000000000
52919  -52.100  -27.245  48.645 0.0000000000
64338  -60.785  -16.882  43.690 0.0000000000
122240  -62.279  -16.746  45.119 0.0000000000
64359  -63.105  -16.753  43.415 0.0000000000
65315  -63.742  -15.945  42.197 0.0000000000
66210  -64.254  -15.209  41.582 0.0000000000
67121  -64.065  -13.998  40.298 0.0000000000
137713  -40.200  -41.385  66.423 0.0000000000
39010  -38.800  -41.291  65.767 0.0000000000
126003  -39.693  -41.331  64.974 0.0000000000
39042  -39.497  -41.483  63.571 0.0000000000
39072  -38.371  -41.621  61.401 0.0000000000
39057  -41.649  -41.975  62.282 0.0000000000
119995  -39.563  -41.677  60.989 0.0000000000
120125  -37.941  -41.629  60.594 0.0000000000
39114  -37.579  -41.476  59.298 0.0000000000
39141  -36.956  -41.214  57.933 0.0000000000
39147  -36.436  -41.035  57.215 0.0000000000
56115  -52.726  -24.751  46.945 0.0000000000
56127  -53.443  -24.404  46.657 0.0000000000
57146  -55.292  -23.538  47.738 0.0000000000
56152  -58.542  -24.220  44.516 0.0000000000
57169  -58.562  -22.868  44.203 0.0000000000
41840  -46.094  -38.089  60.991 0.0000000000
40881  -47.551  -40.738  61.186 0.0000000000
121183  -48.360  -39.710  60.885 0.0000000000
40886  -48.686  -39.754  60.287 0.0000000000
40904  -48.289  -39.682  59.434 0.0000000000
42808  -50.280  -37.991  60.598 0.0000000000
42817  -48.671  -38.392  59.152 0.0000000000
41856  -46.195  -38.521  57.988 0.0000000000
42829  -45.195  -37.144  56.953 0.0000000000
43857  -44.711  -36.642  56.407 0.0000000000
140912  -43.452  -35.923  55.053 0.0000000000
45836  -52.366  -34.338  59.642 0.0000000000
46827  -50.685  -34.007  58.102 0.0000000000
45843  -48.885  -34.573  57.356 0.0000000000
46855  -48.669  -33.603  55.396 0.0000000000
45863  -48.221  -34.053  55.942 0.0000000000
44845  -47.380  -35.011  56.666 0.0000000000
130080  -46.211  -34.842  55.709 0.0000000000
44863  -44.394  -35.139  54.727 0.0000000000
49919  -46.858  -30.075  47.823 0.0000000000
53923  -58.485  -26.568  57.433 0.0000000000
54977  -58.659  -25.925  57.119 0.0000000000
122556  -37.451  -41.914  69.096 0.0000000000
38972  -40.713  -41.465  67.782 0.0000000000
38993  -41.831  -41.430  67.093 0.0000000000
137229  -43.053  -41.467  67.085 0.0000000000
135665  -46.427  -41.127  65.249 0.0000000000
40862  -46.556  -40.133  64.337 0.0000000000
139325  -45.808  -39.325  62.413 0.0000000000
42793  -45.650  -37.354  61.215 0.0000000000
43805  -46.464  -36.430  60.705 0.0000000000
44803  -47.345  -35.556  61.068 0.0000000000
45790  -48.682  -34.625  62.502 0.0000000000
45777  -49.081  -34.195  63.230 0.0000000000
45791  -49.864  -35.055  62.823 0.0000000000
133910  -51.055  -34.707  63.271 0.0000000000
46768  -51.825  -34.026  63.545 0.0000000000
46769  -52.480  -33.791  63.163 0.0000000000
47755  -53.849  -32.739  62.399 0.0000000000
48708  -54.550  -32.014  62.056 0.0000000000
122271  -55.526  -31.183  61.355 0.0000000000
52802  -57.835  -28.058  58.061 0.0000000000
56011  -58.830  -24.557  56.605 0.0000000000
57040  -58.882  -23.734  56.440 0.0000000000
58035  -58.714  -21.870  55.469 0.0000000000
123589  -60.637  -21.066  57.494 0.0000000000
59012  -59.985  -21.038  56.208 0.0000000000
59022  -58.833  -21.286  54.796 0.0000000000
59031  -59.227  -21.137  54.051 0.0000000000
134645  -60.216  -21.809  52.723 0.0000000000
58073  -61.352  -22.965  51.564 0.0000000000
59042  -63.125  -20.980  53.130 0.0000000000
58064  -62.467  -22.285  52.027 0.0000000000
57082  -61.803  -23.540  51.081 0.0000000000
56079  -62.356  -24.179  50.102 0.0000000000
57135  -62.486  -24.077  48.909 0.0000000000
57134  -61.883  -23.790  47.574 0.0000000000
59095  -61.705  -21.018  47.779 0.0000000000
59139  -61.408  -21.732  46.911 0.0000000000
57158  -60.779  -23.067  46.278 0.0000000000
133404  -59.829  -22.179  45.338 0.0000000000
58151  -58.718  -21.902  44.324 0.0000000000
58150  -57.573  -21.857  43.575 0.0000000000
60136  -56.083  -19.751  48.390 0.0000000000
60158  -56.389  -20.477  47.674 0.0000000000
61183  -55.500  -19.269  46.730 0.0000000000
60172  -55.357  -20.593  46.404 0.0000000000
59134  -56.896  -21.227  45.796 0.0000000000
59151  -56.401  -21.508  45.150 0.0000000000
59166  -56.208  -21.747  44.487 0.0000000000
58149  -56.688  -21.925  43.527 0.0000000000
58162  -54.847  -22.601  42.865 0.0000000000
57178  -54.054  -22.961  42.386 0.0000000000
57186  -52.799  -23.217  41.210 0.0000000000
60214  -52.954  -20.194  41.929 0.0000000000
59197  -52.087  -21.357  40.957 0.0000000000
58181  -52.336  -22.924  40.035 0.0000000000
144237  -59.750  -16.894  42.153 0.0000000000
64391  -58.401  -16.637  40.792 0.0000000000
64389  -56.732  -16.735  40.080 0.0000000000
65339  -59.471  -15.353  39.498 0.0000000000
65336  -57.017  -15.994  38.836 0.0000000000
64398  -55.815  -16.734  38.739 0.0000000000
38966  -34.030  -41.746  67.026 0.0000000000
39026  -37.454  -41.186  64.468 0.0000000000
39974  -36.004  -40.936  63.803 0.0000000000
39987  -34.697  -40.666  62.878 0.0000000000
137921  -34.849  -40.980  61.272 0.0000000000
39993  -33.651  -40.666  61.719 0.0000000000
122255  -32.974  -40.676  62.217 0.0000000000
39069  -31.842  -41.294  61.090 0.0000000000
39103  -47.042  -41.691  60.692 0.0000000000
40024  -44.311  -40.969  59.699 0.0000000000
40022  -42.004  -40.546  59.359 0.0000000000
40913  -42.403  -39.640  57.305 0.0000000000
134222  -41.183  -39.947  57.992 0.0000000000
131258  -40.612  -40.445  58.755 0.0000000000
40047  -38.595  -40.482  57.791 0.0000000000
40045  -36.786  -40.469  56.635 0.0000000000
40061  -34.920  -40.776  55.322 0.0000000000
42848  -37.592  -37.718  52.616 0.0000000000
41912  -36.097  -38.150  52.955 0.0000000000
41894  -35.646  -38.731  53.499 0.0000000000
142094  -34.843  -39.824  54.178 0.0000000000
40068  -34.485  -40.400  54.353 0.0000000000
39154  -33.568  -41.690  54.307 0.0000000000
126826  -57.165  -26.808  55.523 0.0000000000
53964  -57.276  -25.976  55.254 0.0000000000
53949  -57.757  -26.147  55.903 0.0000000000
52838  -57.277  -27.368  56.046 0.0000000000
51814  -57.017  -27.996  56.214 0.0000000000
57174  -57.511  -22.819  43.031 0.0000000000
57173  -57.109  -22.457  42.425 0.0000000000
39990  -46.615  -41.560  62.344 0.0000000000
39997  -46.764  -40.721  61.879 0.0000000000
54059  -51.271  -26.095  45.782 0.0000000000
55111  -51.689  -25.720  46.354 0.0000000000
142504  -59.953  -23.180  51.026 0.0000000000
57098  -60.447  -23.852  50.545 0.0000000000
57099  -61.407  -24.039  50.612 0.0000000000
45782  -52.774  -34.205  62.308 0.0000000000
45806  -52.375  -35.010  61.370 0.0000000000
45807  -53.029  -34.401  60.969 0.0000000000
48839  -47.230  -31.748  50.089 0.0000000000
47859  -47.503  -32.078  50.795 0.0000000000
52933  -50.955  -26.820  46.179 0.0000000000
122273  -50.514  -27.138  45.798 0.0000000000
54067  -50.807  -26.561  45.313 0.0000000000
64323  -58.964  -16.976  45.026 0.0000000000
120497  -38.913  -41.471  67.360 0.0000000000
38990  -38.595  -41.345  66.503 0.0000000000
39145  -34.830  -41.483  56.692 0.0000000000
39150  -33.905  -41.973  55.617 0.0000000000
43870  -42.290  -36.447  54.580 0.0000000000
42842  -41.977  -37.130  54.751 0.0000000000
43869  -41.632  -36.855  54.227 0.0000000000
54004  -53.670  -26.638  51.232 0.0000000000
57064  -57.107  -23.040  53.896 0.0000000000
58052  -57.451  -22.274  53.438 0.0000000000
58060  -57.215  -22.314  52.613 0.0000000000
59029  -58.027  -21.804  53.835 0.0000000000
48746  -55.847  -31.105  59.689 0.0000000000
48759  -55.323  -31.418  58.721 0.0000000000
49805  -55.629  -30.967  58.353 0.0000000000
49867  -53.706  -30.519  53.428 0.0000000000
49875  -52.774  -30.627  52.277 0.0000000000
49874  -52.041  -30.949  51.960 0.0000000000
120576  -52.443  -30.369  51.548 0.0000000000
52884  -54.039  -26.976  51.930 0.0000000000
54020  -52.888  -27.142  50.193 0.0000000000
140920  -43.793  -42.115  65.311 0.0000000000
119567  -43.339  -42.265  64.011 0.0000000000
39118  -41.333  -40.898  60.023 0.0000000000
39097  -40.619  -41.278  60.405 0.0000000000
39132  -39.097  -41.170  59.300 0.0000000000
39133  -39.776  -40.878  59.175 0.0000000000
57111  -54.689  -23.508  49.243 0.0000000000
56118  -57.966  -25.342  48.097 0.0000000000
127065  -60.951  -24.811  46.681 0.0000000000
43787  -49.401  -37.467  61.686 0.0000000000
43788  -50.163  -37.443  61.690 0.0000000000
44821  -48.866  -35.725  58.314 0.0000000000
43850  -48.242  -36.024  58.120 0.0000000000
44831  -47.033  -35.781  57.211 0.0000000000
44832  -47.782  -35.498  57.452 0.0000000000
47797  -51.602  -32.652  56.273 0.0000000000
46848  -51.030  -33.088  56.844 0.0000000000
47796  -50.853  -32.856  56.040 0.0000000000
133214  -45.646  -33.563  52.356 0.0000000000
46873  -45.902  -33.800  53.145 0.0000000000
45895  -45.100  -34.010  52.879 0.0000000000
45880  -45.411  -34.214  53.695 0.0000000000
50913  -48.977  -29.187  47.456 0.0000000000
60065  -62.054  -20.374  54.579 0.0000000000
61118  -62.251  -19.023  51.011 0.0000000000
61119  -63.463  -18.893  50.811 0.0000000000
61142  -63.638  -19.645  50.473 0.0000000000
61143  -63.977  -20.114  50.903 0.0000000000
60104  -63.615  -20.458  50.260 0.0000000000
60121  -63.311  -20.789  49.521 0.0000000000
60103  -63.118  -20.048  49.823 0.0000000000
59112  -59.326  -20.769  46.719 0.0000000000
139773  -57.584  -16.660  48.718 0.0000000000
63310  -57.499  -17.365  48.823 0.0000000000
62232  -57.274  -17.511  48.743 0.0000000000
62239  -56.906  -17.843  48.066 0.0000000000
127277  -54.567  -19.497  44.272 0.0000000000
61199  -54.633  -19.746  45.146 0.0000000000
140158  -54.189  -20.070  44.538 0.0000000000
59148  -54.157  -21.100  44.675 0.0000000000
60187  -53.813  -20.709  44.219 0.0000000000
59177  -53.320  -21.150  43.485 0.0000000000
63393  -54.699  -17.835  39.730 0.0000000000
62300  -54.243  -18.411  40.363 0.0000000000
62307  -53.999  -18.459  39.272 0.0000000000
63396  -54.671  -17.802  38.759 0.0000000000
119670  -61.318  -16.049  41.312 0.0000000000
65327  -61.669  -15.405  40.698 0.0000000000
39023  -33.045  -41.162  64.701 0.0000000000
39970  -32.674  -41.013  63.953 0.0000000000
39980  -33.085  -40.722  63.181 0.0000000000
39070  -36.889  -41.383  61.709 0.0000000000
127772  -32.277  -44.341  57.773 0.0000000000
41847  -46.205  -39.487  58.354 0.0000000000
40040  -46.245  -40.212  58.739 0.0000000000
40901  -45.383  -39.764  58.230 0.0000000000
40932  -39.683  -39.162  55.881 0.0000000000
40930  -37.751  -39.316  55.718 0.0000000000
40940  -37.483  -38.887  54.988 0.0000000000
53975  -55.646  -26.497  53.434 0.0000000000
55018  -57.391  -25.359  55.109 0.0000000000
56037  -57.226  -24.903  54.728 0.0000000000
57056  -57.281  -24.039  54.562 0.0000000000
50793  -56.957  -29.229  57.859 0.0000000000
50792  -56.477  -29.603  57.428 0.0000000000
50807  -56.331  -29.383  56.732 0.0000000000
51812  -55.881  -28.841  55.285 0.0000000000
50836  -55.321  -29.285  54.832 0.0000000000
50851  -55.029  -28.958  54.164 0.0000000000
50865  -54.128  -29.110  52.971 0.0000000000
52855  -55.537  -27.336  53.699 0.0000000000
52867  -55.185  -27.074  53.134 0.0000000000
52866  -54.578  -27.268  52.606 0.0000000000
119815  -57.291  -24.106  42.380 0.0000000000
139270  -55.167  -23.608  41.267 0.0000000000
142710  -45.881  -42.088  64.137 0.0000000000
38122  -45.074  -42.624  63.491 0.0000000000
39077  -45.561  -42.509  61.619 0.0000000000
143377  -44.714  -42.166  61.046 0.0000000000
39100  -43.776  -41.814  60.938 0.0000000000
137895  -44.508  -41.594  60.460 0.0000000000
55131  -52.023  -25.702  44.773 0.0000000000
57114  -57.926  -23.394  49.430 0.0000000000
56105  -57.779  -24.398  48.361 0.0000000000
55094  -61.327  -25.469  48.096 0.0000000000
56109  -61.898  -24.977  48.760 0.0000000000
44769  -51.108  -35.419  62.662 0.0000000000
44792  -50.866  -36.519  61.901 0.0000000000
44780  -51.240  -35.952  62.119 0.0000000000
44805  -52.064  -35.403  60.601 0.0000000000
44813  -51.628  -35.714  60.173 0.0000000000
44823  -50.353  -35.282  58.939 0.0000000000
47834  -49.380  -32.342  52.703 0.0000000000
47826  -49.551  -32.573  53.478 0.0000000000
134174  -48.769  -32.415  52.422 0.0000000000
126284  -47.016  -32.448  51.152 0.0000000000
47831  -46.821  -32.814  51.731 0.0000000000
47842  -45.599  -32.884  51.042 0.0000000000
47841  -44.794  -33.098  50.971 0.0000000000
47857  -45.185  -32.617  50.366 0.0000000000
51913  -50.278  -28.162  46.857 0.0000000000
61139  -60.368  -19.897  50.743 0.0000000000
60116  -57.517  -20.185  49.540 0.0000000000
141974  -58.280  -20.345  49.652 0.0000000000
60138  -57.476  -20.489  48.680 0.0000000000
142910  -59.121  -16.606  47.899 0.0000000000
64298  -59.194  -16.206  48.367 0.0000000000
64297  -58.708  -16.671  48.406 0.0000000000
63329  -57.608  -17.301  45.952 0.0000000000
63341  -56.860  -17.644  44.912 0.0000000000
63352  -56.269  -18.042  44.173 0.0000000000
63363  -56.230  -17.952  43.305 0.0000000000
139061  -56.705  -17.620  42.199 0.0000000000
63376  -57.306  -17.345  41.713 0.0000000000
63375  -56.523  -17.508  41.407 0.0000000000
67120  -63.112  -14.102  39.864 0.0000000000
129325  -36.346  -41.723  67.998 0.0000000000
38969  -36.799  -41.485  67.298 0.0000000000
39024  -35.563  -41.012  65.007 0.0000000000
134605  -35.983  -41.523  59.365 0.0000000000
39137  -32.890  -42.014  57.905 0.0000000000
38158  -32.792  -42.902  56.593 0.0000000000
129987  -32.569  -43.672  56.379 0.0000000000
134593  -32.703  -43.841  54.786 0.0000000000
36494  -32.644  -44.357  55.283 0.0000000000
41863  -43.515  -38.532  56.603 0.0000000000
41873  -43.107  -38.191  56.179 0.0000000000
42840  -40.815  -38.019  54.202 0.0000000000
41884  -41.268  -38.249  54.858 0.0000000000
41882  -39.827  -38.609  54.544 0.0000000000
41898  -39.595  -38.299  53.854 0.0000000000
55078  -52.822  -25.825  49.094 0.0000000000
55079  -53.388  -25.169  49.455 0.0000000000
56076  -53.893  -24.614  49.805 0.0000000000
56077  -54.436  -23.993  49.970 0.0000000000
55059  -55.193  -25.017  52.141 0.0000000000
56056  -55.684  -24.177  52.408 0.0000000000
141840  -55.726  -23.511  51.913 0.0000000000
58083  -56.019  -22.797  50.906 0.0000000000
58069  -56.659  -22.579  51.358 0.0000000000
59050  -57.916  -22.088  52.318 0.0000000000
58061  -59.615  -22.136  52.260 0.0000000000
47759  -54.316  -32.805  60.753 0.0000000000
46819  -53.939  -33.092  60.042 0.0000000000
47766  -54.375  -32.703  60.148 0.0000000000
47791  -54.274  -32.033  58.154 0.0000000000
47799  -53.302  -32.161  56.886 0.0000000000
127310  -55.285  -30.578  56.459 0.0000000000
49840  -54.807  -30.748  55.805 0.0000000000
125089  -52.694  -31.605  54.252 0.0000000000
48809  -51.968  -31.782  53.941 0.0000000000
48808  -51.177  -32.134  54.052 0.0000000000
48818  -51.596  -31.662  53.189 0.0000000000
48834  -51.258  -31.219  51.792 0.0000000000
131452  -50.453  -31.468  51.656 0.0000000000
48832  -48.923  -31.591  50.804 0.0000000000
48841  -49.662  -31.213  50.602 0.0000000000
49889  -49.814  -30.713  49.940 0.0000000000
49900  -50.626  -30.365  49.842 0.0000000000
50902  -49.836  -29.776  48.611 0.0000000000
50892  -50.900  -29.872  49.262 0.0000000000
51853  -53.754  -28.753  52.283 0.0000000000
50878  -53.240  -29.273  51.717 0.0000000000
51883  -52.883  -28.873  50.910 0.0000000000
124358  -52.459  -28.876  50.202 0.0000000000
51890  -51.746  -28.959  49.170 0.0000000000
51898  -51.393  -28.684  48.526 0.0000000000
51899  -51.916  -28.176  48.907 0.0000000000
54042  -51.844  -26.782  47.859 0.0000000000
122474  -63.881  -16.726  44.281 0.0000000000
64341  -64.986  -16.340  44.043 0.0000000000
64360  -63.898  -16.567  43.219 0.0000000000
130260  -64.796  -16.188  43.004 0.0000000000
66211  -65.687  -14.944  41.991 0.0000000000
66224  -64.701  -14.513  41.123 0.0000000000
67122  -65.324  -13.807  40.809 0.0000000000
128587  -41.098  -41.413  66.266 0.0000000000
39011  -40.398  -41.378  65.566 0.0000000000
39029  -40.592  -41.448  64.741 0.0000000000
120052  -39.995  -41.465  64.123 0.0000000000
39043  -40.236  -41.633  63.188 0.0000000000
39055  -39.445  -41.590  62.665 0.0000000000
39058  -42.619  -42.175  62.680 0.0000000000
141859  -41.713  -41.797  61.548 0.0000000000
39096  -39.732  -41.479  60.361 0.0000000000
142644  -38.995  -41.679  61.133 0.0000000000
39095  -38.874  -41.620  60.523 0.0000000000
120422  -37.546  -41.592  59.984 0.0000000000
39115  -38.258  -41.539  59.836 0.0000000000
40034  -38.312  -41.020  58.562 0.0000000000
39131  -37.592  -41.279  58.622 0.0000000000
57144  -54.003  -23.992  47.077 0.0000000000
57155  -53.987  -24.254  46.562 0.0000000000
57131  -56.453  -23.359  48.566 0.0000000000
57147  -56.090  -23.608  47.796 0.0000000000
55114  -55.873  -24.984  46.669 0.0000000000
55092  -59.753  -26.005  48.139 0.0000000000
56142  -59.378  -25.032  45.334 0.0000000000
57165  -59.192  -23.699  45.000 0.0000000000
42795  -46.921  -37.992  60.811 0.0000000000
41842  -47.687  -38.921  61.026 0.0000000000
42777  -47.958  -38.120  61.096 0.0000000000
41837  -49.643  -38.694  60.855 0.0000000000
40883  -49.205  -39.115  60.567 0.0000000000
40887  -49.093  -39.325  60.245 0.0000000000
41850  -48.743  -39.185  59.520 0.0000000000
43807  -50.711  -37.412  60.914 0.0000000000
120351  -50.082  -37.805  59.952 0.0000000000
42816  -47.970  -37.887  58.615 0.0000000000
42815  -47.165  -38.224  58.330 0.0000000000
42821  -45.686  -37.709  57.463 0.0000000000
42822  -46.507  -37.516  57.793 0.0000000000
43858  -45.515  -36.375  56.689 0.0000000000
43863  -44.275  -36.173  55.808 0.0000000000
44854  -43.948  -35.738  55.202 0.0000000000
46830  -53.265  -33.240  59.247 0.0000000000
46817  -52.897  -33.942  59.782 0.0000000000
46829  -52.418  -33.685  58.993 0.0000000000
46838  -50.474  -33.610  57.313 0.0000000000
45844  -49.782  -34.268  57.697 0.0000000000
45852  -49.248  -33.976  56.888 0.0000000000
47813  -48.977  -32.996  54.010 0.0000000000
46867  -49.210  -33.175  54.815 0.0000000000
46866  -48.411  -33.411  54.628 0.0000000000
45874  -47.106  -34.009  54.997 0.0000000000
46854  -47.895  -33.836  55.217 0.0000000000
44858  -47.424  -34.388  55.818 0.0000000000
45850  -47.942  -34.503  56.418 0.0000000000
44857  -46.733  -34.852  56.075 0.0000000000
45861  -45.936  -34.645  55.160 0.0000000000
44875  -44.038  -34.802  53.915 0.0000000000
44864  -45.196  -34.876  54.962 0.0000000000
44874  -43.217  -35.179  53.966 0.0000000000
44873  -42.474  -35.260  53.565 0.0000000000
49908  -47.650  -30.244  48.337 0.0000000000
49907  -46.837  -30.693  48.582 0.0000000000
38943  -36.815  -42.020  69.639 0.0000000000
141201  -42.504  -41.277  68.176 0.0000000000
43785  -45.293  -36.486  61.556 0.0000000000
43804  -45.724  -36.479  60.889 0.0000000000
44801  -45.967  -35.749  60.715 0.0000000000
45805  -48.207  -35.198  61.760 0.0000000000
139195  -49.414  -33.699  64.887 0.0000000000
122507  -48.632  -33.554  64.743 0.0000000000
46766  -49.436  -33.935  64.079 0.0000000000
45778  -49.909  -34.421  63.468 0.0000000000
45779  -50.586  -34.895  63.092 0.0000000000
46767  -50.488  -34.202  63.883 0.0000000000
46754  -51.478  -33.582  64.507 0.0000000000
46755  -52.181  -33.251  64.222 0.0000000000
47749  -53.449  -32.545  63.341 0.0000000000
47750  -54.130  -31.934  63.032 0.0000000000
48709  -55.136  -31.261  62.093 0.0000000000
49741  -55.629  -30.574  62.062 0.0000000000
48732  -55.756  -31.160  60.518 0.0000000000
52817  -58.196  -27.290  57.731 0.0000000000
54978  -59.147  -25.243  57.365 0.0000000000
54990  -58.677  -25.325  56.717 0.0000000000
56012  -59.164  -24.726  57.111 0.0000000000
121196  -59.399  -23.100  56.819 0.0000000000
58025  -58.803  -22.767  56.034 0.0000000000
60055  -60.694  -20.452  55.901 0.0000000000
59023  -59.323  -21.205  55.530 0.0000000000
136575  -59.441  -20.908  54.823 0.0000000000
60072  -60.195  -20.804  54.433 0.0000000000
59040  -61.499  -21.323  53.398 0.0000000000
59039  -60.300  -21.294  53.477 0.0000000000
59053  -61.136  -21.869  52.725 0.0000000000
58062  -60.775  -22.380  52.150 0.0000000000
58063  -61.719  -22.440  52.100 0.0000000000
60067  -63.619  -19.961  53.461 0.0000000000
142152  -64.156  -19.508  52.597 0.0000000000
58076  -63.353  -22.132  51.143 0.0000000000
136226  -63.013  -22.004  51.971 0.0000000000
58075  -62.813  -22.578  51.450 0.0000000000
58074  -62.159  -22.918  51.524 0.0000000000
57083  -62.489  -23.320  50.970 0.0000000000
57100  -62.137  -23.920  50.544 0.0000000000
57101  -62.737  -23.574  50.294 0.0000000000
59097  -62.967  -21.817  48.593 0.0000000000
58112  -62.907  -22.920  49.031 0.0000000000
57149  -62.423  -23.312  48.124 0.0000000000
58126  -61.890  -22.535  47.296 0.0000000000
60141  -61.152  -20.667  48.413 0.0000000000
60142  -62.179  -20.781  48.479 0.0000000000
59114  -61.202  -21.234  47.090 0.0000000000
58138  -61.160  -22.285  46.534 0.0000000000
58137  -60.502  -22.146  45.898 0.0000000000
58136  -59.975  -21.584  45.634 0.0000000000
59153  -58.691  -21.398  44.723 0.0000000000
58144  -59.246  -21.762  44.915 0.0000000000
59168  -58.150  -21.556  44.105 0.0000000000
61177  -55.785  -19.197  47.705 0.0000000000
144217  -55.885  -20.280  47.599 0.0000000000
62246  -56.457  -18.096  46.474 0.0000000000
121914  -55.915  -18.598  46.704 0.0000000000
60171  -54.797  -20.453  45.808 0.0000000000
60173  -56.061  -20.736  46.818 0.0000000000
59133  -55.791  -21.168  45.872 0.0000000000
59165  -54.573  -21.574  44.548 0.0000000000
58148  -55.424  -21.947  44.172 0.0000000000
58156  -55.681  -22.280  43.223 0.0000000000
59189  -52.853  -21.548  42.677 0.0000000000
125831  -53.974  -22.432  43.048 0.0000000000
58161  -53.264  -22.331  42.654 0.0000000000
58173  -53.025  -22.841  41.983 0.0000000000
58172  -52.381  -22.427  41.391 0.0000000000
127260  -54.738  -18.734  42.548 0.0000000000
62270  -54.243  -18.953  41.893 0.0000000000
61246  -52.697  -20.295  39.628 0.0000000000
61236  -52.771  -20.005  40.423 0.0000000000
60217  -52.335  -20.752  40.304 0.0000000000
58178  -52.096  -22.186  40.542 0.0000000000
64357  -60.217  -16.903  42.756 0.0000000000
65325  -59.508  -16.304  40.800 0.0000000000
64392  -59.020  -16.671  41.170 0.0000000000
126516  -58.896  -16.346  40.588 0.0000000000
64390  -57.615  -16.541  40.304 0.0000000000
66237  -59.881  -14.821  38.859 0.0000000000
65340  -60.305  -15.169  39.689 0.0000000000
66236  -59.114  -15.090  38.688 0.0000000000
65342  -57.620  -15.576  38.429 0.0000000000
64403  -56.459  -16.281  38.390 0.0000000000
38967  -35.000  -41.636  67.306 0.0000000000
38099  -34.252  -42.035  67.851 0.0000000000
39004  -32.562  -41.507  65.274 0.0000000000
38117  -31.022  -42.106  64.630 0.0000000000
39049  -31.014  -41.803  62.664 0.0000000000
38125  -30.504  -42.525  62.835 0.0000000000
141525  -30.931  -42.846  61.720 0.0000000000
39027  -38.378  -41.280  64.427 0.0000000000
39009  -38.138  -41.243  65.183 0.0000000000
39983  -36.113  -40.958  63.027 0.0000000000
39982  -35.330  -40.779  63.402 0.0000000000
40009  -35.417  -41.204  60.845 0.0000000000
39092  -34.490  -41.035  60.538 0.0000000000
40019  -32.721  -41.110  60.116 0.0000000000
40008  -33.390  -40.812  60.828 0.0000000000
142100  -32.874  -40.732  61.475 0.0000000000
39992  -32.125  -40.920  61.761 0.0000000000
35606  -32.661  -45.155  56.513 0.0000000000
40010  -47.640  -40.956  60.543 0.0000000000
39080  -47.350  -41.452  60.839 0.0000000000
39104  -47.431  -41.226  60.513 0.0000000000
40039  -44.295  -40.496  58.855 0.0000000000
139333  -45.108  -40.817  59.277 0.0000000000
40023  -43.186  -40.599  59.335 0.0000000000
40037  -42.525  -40.232  58.570 0.0000000000
40924  -42.656  -39.222  56.739 0.0000000000
40914  -43.282  -39.501  57.254 0.0000000000
125306  -41.840  -39.385  56.788 0.0000000000
40921  -39.366  -39.522  56.649 0.0000000000
40912  -40.900  -39.576  57.149 0.0000000000
40049  -40.311  -40.035  57.949 0.0000000000
40048  -39.472  -40.243  57.928 0.0000000000
40910  -39.172  -39.933  57.313 0.0000000000
40064  -37.193  -39.848  56.174 0.0000000000
141625  -37.399  -40.248  56.736 0.0000000000
40056  -36.035  -40.775  56.468 0.0000000000
40062  -35.693  -40.382  55.648 0.0000000000
42863  -36.640  -37.697  52.351 0.0000000000
41913  -36.911  -38.007  53.063 0.0000000000
40948  -33.903  -39.199  52.052 0.0000000000
41893  -34.812  -39.021  53.169 0.0000000000
40944  -35.173  -39.359  53.937 0.0000000000
40938  -34.411  -39.736  53.569 0.0000000000
40071  -33.508  -40.704  53.164 0.0000000000
39158  -33.338  -41.416  53.466 0.0000000000
40067  -33.798  -40.951  53.969 0.0000000000
38168  -33.184  -42.043  53.780 0.0000000000
53976  -56.274  -26.057  53.991 0.0000000000
53963  -56.698  -26.429  54.723 0.0000000000
51800  -57.213  -28.259  56.905 0.0000000000
51799  -56.674  -28.696  56.462 0.0000000000
51840  -55.310  -28.136  53.910 0.0000000000
56155  -57.410  -23.894  43.128 0.0000000000
39047  -46.309  -41.714  63.326 0.0000000000
38128  -45.982  -42.488  62.695 0.0000000000
39060  -46.329  -42.153  62.463 0.0000000000
39078  -46.361  -42.374  61.888 0.0000000000
39102  -46.476  -42.190  61.200 0.0000000000
58086  -58.297  -22.786  50.647 0.0000000000
58099  -58.382  -23.209  50.032 0.0000000000
44781  -51.768  -35.585  61.763 0.0000000000
44814  -52.048  -34.978  59.900 0.0000000000
143862  -48.883  -31.925  51.431 0.0000000000
47845  -48.477  -32.263  51.833 0.0000000000
47858  -46.760  -32.224  50.569 0.0000000000
138244  -45.992  -32.399  50.443 0.0000000000
47872  -45.566  -32.052  49.685 0.0000000000
48849  -44.871  -31.887  49.138 0.0000000000
52932  -50.672  -27.533  46.568 0.0000000000
64308  -59.123  -16.846  46.633 0.0000000000
64307  -58.264  -17.103  45.470 0.0000000000
63354  -57.456  -17.431  43.477 0.0000000000
64335  -58.140  -17.238  43.049 0.0000000000
64355  -58.747  -17.103  42.655 0.0000000000
120001  -38.103  -41.545  67.760 0.0000000000
38989  -37.281  -41.330  66.640 0.0000000000
120981  -37.017  -41.204  65.880 0.0000000000
38159  -33.419  -42.465  56.087 0.0000000000
38162  -32.907  -43.148  55.733 0.0000000000
38165  -32.941  -43.139  54.791 0.0000000000
37339  -32.700  -43.693  54.087 0.0000000000
42834  -43.035  -37.511  55.742 0.0000000000
42841  -41.437  -37.630  54.495 0.0000000000
42851  -40.262  -37.793  53.507 0.0000000000
54032  -52.837  -26.540  49.717 0.0000000000
54033  -53.187  -25.842  49.808 0.0000000000
56049  -56.226  -24.235  53.218 0.0000000000
58059  -56.589  -22.787  52.538 0.0000000000
132275  -56.741  -22.526  52.029 0.0000000000
59051  -58.606  -21.804  52.732 0.0000000000
48731  -55.328  -31.709  60.049 0.0000000000
47774  -54.861  -32.150  59.765 0.0000000000
48758  -54.848  -31.733  58.471 0.0000000000
48772  -54.793  -31.492  57.641 0.0000000000
49853  -54.548  -30.344  54.625 0.0000000000
48811  -54.301  -30.920  55.062 0.0000000000
49852  -53.994  -30.734  54.201 0.0000000000
48820  -53.337  -31.105  53.766 0.0000000000
48826  -52.297  -31.177  52.684 0.0000000000
49882  -50.900  -31.030  51.076 0.0000000000
49890  -50.415  -30.847  50.476 0.0000000000
52865  -53.915  -27.840  52.129 0.0000000000
52900  -52.734  -28.034  50.318 0.0000000000
39030  -41.441  -41.618  64.518 0.0000000000
138701  -41.515  -41.779  63.793 0.0000000000
136811  -41.142  -41.788  63.125 0.0000000000
120370  -42.157  -41.649  61.239 0.0000000000
39098  -41.254  -41.560  61.033 0.0000000000
138605  -38.689  -41.131  58.975 0.0000000000
56104  -53.553  -24.273  48.216 0.0000000000
57128  -54.100  -23.825  47.782 0.0000000000
57145  -54.611  -23.731  47.471 0.0000000000
142118  -56.559  -24.017  47.638 0.0000000000
55106  -60.924  -25.776  47.580 0.0000000000
55116  -60.788  -25.682  46.903 0.0000000000
57166  -59.777  -23.244  45.417 0.0000000000
43786  -48.216  -37.318  61.254 0.0000000000
121271  -49.818  -38.406  61.131 0.0000000000
42796  -49.969  -38.471  60.828 0.0000000000
43821  -49.856  -36.950  59.430 0.0000000000
43837  -48.928  -36.670  58.765 0.0000000000
43836  -48.076  -36.926  58.395 0.0000000000
133668  -46.753  -36.605  57.559 0.0000000000
43859  -45.868  -35.677  56.387 0.0000000000
46840  -52.102  -33.202  58.031 0.0000000000
46847  -50.328  -33.296  56.569 0.0000000000
46875  -47.354  -33.404  53.694 0.0000000000
46864  -46.849  -33.795  54.226 0.0000000000
45873  -46.377  -34.228  54.694 0.0000000000
45872  -45.665  -34.433  54.433 0.0000000000
131884  -44.741  -34.402  53.520 0.0000000000
50900  -48.351  -29.764  48.003 0.0000000000
45814  -45.658  -35.085  60.931 0.0000000000
45803  -46.065  -34.443  61.190 0.0000000000
46752  -49.950  -33.655  65.383 0.0000000000
46737  -50.658  -33.559  66.003 0.0000000000
48695  -54.343  -31.192  63.589 0.0000000000
57018  -59.763  -23.763  58.449 0.0000000000
143559  -59.635  -23.879  57.583 0.0000000000
57030  -59.809  -23.744  57.886 0.0000000000
57031  -59.975  -23.103  57.841 0.0000000000
58019  -60.070  -22.578  57.585 0.0000000000
60056  -61.492  -20.106  55.534 0.0000000000
60064  -60.893  -20.411  55.022 0.0000000000
60074  -62.265  -20.925  53.737 0.0000000000
62174  -63.066  -18.110  51.378 0.0000000000
62175  -63.775  -17.630  51.654 0.0000000000
61103  -64.297  -18.982  51.766 0.0000000000
127674  -64.178  -19.810  51.468 0.0000000000
59063  -63.694  -21.169  50.821 0.0000000000
58087  -63.465  -21.998  50.329 0.0000000000
59085  -63.318  -21.767  49.399 0.0000000000
60162  -60.760  -20.817  47.612 0.0000000000
59137  -59.856  -21.043  45.971 0.0000000000
120522  -58.607  -21.055  45.253 0.0000000000
136492  -55.281  -19.221  45.760 0.0000000000
143601  -54.570  -20.109  45.511 0.0000000000
59149  -54.637  -21.125  45.231 0.0000000000
59176  -52.968  -20.809  42.870 0.0000000000
62285  -54.630  -18.467  41.356 0.0000000000
128500  -53.765  -19.027  41.027 0.0000000000
62306  -53.577  -18.949  40.022 0.0000000000
61250  -53.151  -19.847  38.933 0.0000000000
64376  -60.355  -16.723  41.976 0.0000000000
126517  -60.988  -16.501  41.819 0.0000000000
65312  -60.365  -16.283  41.170 0.0000000000
127307  -59.909  -15.736  40.330 0.0000000000
66242  -58.954  -14.969  38.016 0.0000000000
38086  -33.655  -42.378  68.335 0.0000000000
39006  -34.241  -41.191  65.577 0.0000000000
38985  -33.724  -41.524  66.221 0.0000000000
39005  -33.389  -41.332  65.455 0.0000000000
39021  -31.519  -41.604  64.179 0.0000000000
39038  -32.014  -41.250  63.863 0.0000000000
39050  -31.691  -41.223  62.537 0.0000000000
39040  -37.701  -41.252  63.271 0.0000000000
39052  -36.874  -41.197  62.666 0.0000000000
39995  -35.454  -41.067  61.666 0.0000000000
121053  -33.754  -41.267  59.186 0.0000000000
39109  -32.321  -41.600  59.601 0.0000000000
39091  -32.042  -41.427  60.388 0.0000000000
37328  -31.880  -43.606  59.250 0.0000000000
36487  -32.147  -44.218  58.613 0.0000000000
35598  -32.517  -45.000  58.201 0.0000000000
35603  -32.946  -45.661  57.810 0.0000000000
39123  -47.067  -41.131  59.775 0.0000000000
125241  -45.282  -40.378  58.697 0.0000000000
40933  -40.443  -39.069  55.762 0.0000000000
40923  -41.194  -39.122  56.127 0.0000000000
40920  -38.593  -39.872  56.906 0.0000000000
123348  -36.940  -39.420  55.473 0.0000000000
40929  -36.167  -39.619  55.164 0.0000000000
140141  -33.396  -40.238  51.784 0.0000000000
40075  -33.382  -40.484  52.412 0.0000000000
53987  -54.548  -26.569  52.247 0.0000000000
55044  -55.409  -25.812  52.839 0.0000000000
55031  -56.332  -25.151  53.738 0.0000000000
143847  -56.513  -24.547  53.754 0.0000000000
57063  -56.721  -23.969  53.816 0.0000000000
49806  -56.031  -30.531  58.262 0.0000000000
49818  -56.099  -30.199  57.615 0.0000000000
49829  -56.064  -29.899  57.031 0.0000000000
49841  -55.228  -30.225  55.721 0.0000000000
50823  -56.124  -29.159  56.006 0.0000000000
50822  -55.556  -29.584  55.536 0.0000000000
49854  -55.038  -29.965  55.050 0.0000000000
50849  -53.957  -29.898  53.158 0.0000000000
50863  -53.073  -30.021  51.947 0.0000000000
51854  -54.341  -28.223  52.783 0.0000000000
56161  -57.203  -23.334  41.204 0.0000000000
38119  -45.085  -42.411  64.192 0.0000000000
38118  -44.299  -42.516  63.756 0.0000000000
38126  -44.490  -42.656  62.960 0.0000000000
122113  -43.611  -42.377  62.247 0.0000000000
39059  -44.918  -42.676  62.255 0.0000000000
123893  -43.152  -41.949  61.442 0.0000000000
39099  -42.736  -41.444  60.857 0.0000000000
58096  -55.958  -22.838  50.101 0.0000000000
119580  -55.262  -23.234  48.959 0.0000000000
58111  -55.961  -23.045  49.267 0.0000000000
57132  -57.401  -23.621  48.714 0.0000000000
55093  -60.657  -25.814  48.118 0.0000000000
126762  -61.434  -24.381  47.155 0.0000000000
44778  -50.238  -36.074  62.367 0.0000000000
44791  -50.475  -36.749  61.967 0.0000000000
131785  -50.697  -36.285  62.191 0.0000000000
43808  -51.057  -36.932  61.103 0.0000000000
44804  -51.531  -36.287  60.978 0.0000000000
43823  -51.106  -36.597  60.410 0.0000000000
44811  -50.456  -36.265  59.520 0.0000000000
44834  -49.192  -35.034  58.087 0.0000000000
47815  -50.522  -32.577  54.535 0.0000000000
47805  -50.681  -32.731  55.277 0.0000000000
47814  -49.770  -32.775  54.270 0.0000000000
47824  -47.803  -32.994  53.077 0.0000000000
47833  -48.125  -32.625  52.410 0.0000000000
46884  -46.505  -33.286  52.523 0.0000000000
46892  -45.183  -33.421  51.703 0.0000000000
46891  -44.338  -33.557  51.538 0.0000000000
47855  -43.600  -32.927  50.221 0.0000000000
47870  -43.245  -32.524  49.514 0.0000000000
51905  -49.754  -28.684  47.174 0.0000000000
126336  -49.082  -28.609  46.700 0.0000000000
51927  -48.758  -28.211  45.862 0.0000000000
52944  -49.456  -27.713  45.417 0.0000000000
52943  -48.823  -27.825  45.003 0.0000000000
61117  -60.910  -19.331  51.402 0.0000000000
60102  -62.170  -20.026  49.752 0.0000000000
60101  -60.984  -20.233  49.941 0.0000000000
60118  -60.478  -20.491  49.225 0.0000000000
60099  -58.633  -20.187  50.199 0.0000000000
60117  -59.272  -20.529  49.279 0.0000000000
134144  -59.198  -20.640  48.394 0.0000000000
60160  -58.529  -20.707  47.790 0.0000000000
62253  -55.690  -18.496  44.495 0.0000000000
62263  -55.108  -18.873  43.941 0.0000000000
61208  -54.471  -19.250  43.373 0.0000000000
136309  -55.114  -18.665  43.232 0.0000000000
62271  -55.159  -18.328  42.004 0.0000000000
63364  -56.800  -17.645  42.983 0.0000000000
141887  -56.245  -17.850  42.629 0.0000000000
62286  -55.310  -18.063  41.434 0.0000000000
121896  -55.761  -17.693  41.062 0.0000000000
65328  -62.519  -15.120  40.770 0.0000000000
66222  -61.938  -14.731  40.091 0.0000000000
66238  -60.694  -14.551  39.032 0.0000000000
38954  -35.797  -41.954  68.575 0.0000000000
140100  -35.630  -41.765  67.880 0.0000000000
38987  -35.543  -41.318  66.456 0.0000000000
39972  -34.203  -40.819  64.242 0.0000000000
119609  -37.018  -41.534  60.676 0.0000000000
39094  -36.142  -41.449  60.293 0.0000000000
39129  -34.464  -41.418  58.779 0.0000000000
39138  -34.434  -41.583  57.936 0.0000000000
39128  -33.444  -41.550  58.458 0.0000000000
37333  -32.412  -43.449  57.136 0.0000000000
37335  -32.646  -43.837  55.770 0.0000000000
41854  -44.758  -38.695  57.363 0.0000000000
40915  -44.662  -39.371  57.676 0.0000000000
41862  -42.864  -38.716  56.370 0.0000000000
41871  -41.706  -38.563  55.531 0.0000000000
40934  -40.921  -38.751  55.305 0.0000000000
41870  -40.140  -38.873  55.185 0.0000000000
127594  -38.064  -38.543  54.354 0.0000000000
54048  -51.691  -26.180  47.109 0.0000000000
54049  -52.179  -25.887  47.708 0.0000000000
55091  -53.145  -24.939  48.662 0.0000000000
140835  -54.144  -24.043  49.347 0.0000000000
55058  -54.508  -25.348  51.505 0.0000000000
56067  -55.282  -24.038  51.632 0.0000000000
56066  -54.923  -23.842  50.746 0.0000000000
58085  -57.363  -22.506  51.002 0.0000000000
141744  -59.044  -22.826  50.990 0.0000000000
46798  -53.487  -33.831  61.055 0.0000000000
46808  -53.897  -33.250  60.569 0.0000000000
47781  -54.389  -32.288  58.957 0.0000000000
47780  -53.762  -32.609  58.693 0.0000000000
47789  -52.705  -32.657  57.461 0.0000000000
47798  -52.428  -32.428  56.549 0.0000000000
49817  -55.671  -30.710  57.772 0.0000000000
48786  -54.701  -31.219  56.636 0.0000000000
48785  -53.900  -31.685  56.308 0.0000000000
48800  -53.697  -31.508  55.448 0.0000000000
48784  -53.054  -32.010  55.971 0.0000000000
47816  -51.136  -32.416  54.819 0.0000000000
47835  -50.146  -32.193  52.985 0.0000000000
120787  -50.822  -31.695  52.506 0.0000000000
48824  -49.930  -31.927  52.204 0.0000000000
48840  -48.127  -31.542  50.296 0.0000000000
48851  -47.658  -31.302  49.660 0.0000000000
137050  -48.359  -30.958  49.551 0.0000000000
49910  -49.357  -30.140  48.869 0.0000000000
122203  -52.718  -29.727  51.203 0.0000000000
50886  -51.830  -29.870  50.075 0.0000000000
50893  -51.515  -29.570  49.472 0.0000000000
50904  -51.173  -29.314  48.868 0.0000000000
52918  -51.508  -27.851  48.064 0.0000000000
138990  -60.537  -16.806  45.019 0.0000000000
143425  -61.353  -16.828  44.688 0.0000000000
64339  -61.738  -16.852  43.825 0.0000000000
64340  -62.811  -16.879  44.176 0.0000000000
64358  -62.215  -16.758  43.054 0.0000000000
65301  -62.812  -16.448  42.562 0.0000000000
65302  -65.945  -15.662  43.440 0.0000000000
65316  -65.223  -15.621  42.450 0.0000000000
66209  -63.206  -15.368  41.355 0.0000000000
66223  -63.432  -14.693  40.744 0.0000000000
67141  -64.675  -13.295  39.923 0.0000000000
67140  -63.661  -13.520  39.412 0.0000000000
136515  -39.593  -41.329  65.769 0.0000000000
127150  -38.886  -41.282  65.016 0.0000000000
39028  -39.181  -41.363  64.281 0.0000000000
39041  -38.668  -41.377  63.526 0.0000000000
39054  -38.486  -41.487  62.456 0.0000000000
142942  -42.696  -42.172  63.438 0.0000000000
39044  -41.964  -41.982  63.234 0.0000000000
119997  -40.694  -41.795  62.361 0.0000000000
39074  -40.976  -41.775  61.585 0.0000000000
39056  -40.054  -41.722  61.769 0.0000000000
119996  -39.149  -41.659  61.713 0.0000000000
138922  -36.682  -41.470  58.709 0.0000000000
39140  -36.076  -41.368  57.797 0.0000000000
39146  -35.638  -41.266  56.992 0.0000000000
39152  -35.278  -41.078  56.199 0.0000000000
55101  -52.142  -25.439  46.981 0.0000000000
55112  -52.273  -25.173  46.197 0.0000000000
56126  -52.911  -24.776  46.071 0.0000000000
55122  -53.165  -25.123  45.398 0.0000000000
142214  -55.668  -23.762  47.442 0.0000000000
57157  -55.266  -23.934  47.085 0.0000000000
57175  -57.978  -22.567  43.535 0.0000000000
41834  -46.183  -39.005  61.327 0.0000000000
40880  -46.642  -39.954  61.546 0.0000000000
40885  -47.232  -39.620  61.169 0.0000000000
140488  -48.037  -40.388  60.564 0.0000000000
41835  -48.700  -38.919  61.097 0.0000000000
40882  -48.736  -39.502  60.574 0.0000000000
40011  -48.181  -40.388  60.173 0.0000000000
40027  -48.076  -40.262  59.683 0.0000000000
40903  -47.671  -39.838  59.101 0.0000000000
41848  -47.043  -39.194  58.549 0.0000000000
42797  -50.216  -37.926  61.220 0.0000000000
42807  -49.856  -38.330  59.974 0.0000000000
42818  -49.352  -37.834  59.402 0.0000000000
41844  -49.226  -38.692  59.645 0.0000000000
41849  -48.002  -38.990  58.898 0.0000000000
129243  -45.392  -38.389  57.557 0.0000000000
42820  -44.932  -37.929  57.157 0.0000000000
42828  -44.438  -37.467  56.631 0.0000000000
43847  -45.968  -36.872  57.281 0.0000000000
42835  -43.900  -36.993  56.097 0.0000000000
134029  -43.433  -36.466  55.440 0.0000000000
43871  -42.978  -36.130  54.887 0.0000000000
45817  -53.025  -34.191  60.438 0.0000000000
45826  -52.535  -34.641  60.245 0.0000000000
45835  -51.815  -34.421  59.258 0.0000000000
46828  -51.523  -33.858  58.506 0.0000000000
45834  -51.003  -34.649  58.932 0.0000000000
137028  -50.299  -34.589  58.417 0.0000000000
46856  -49.419  -33.349  55.604 0.0000000000
46846  -49.648  -33.517  56.348 0.0000000000
46845  -48.934  -33.776  56.154 0.0000000000
45851  -48.546  -34.272  56.638 0.0000000000
44846  -48.149  -34.813  57.063 0.0000000000
121964  -46.195  -35.173  56.118 0.0000000000
44856  -45.597  -35.203  55.710 0.0000000000
44855  -44.735  -35.479  55.435 0.0000000000
44862  -43.534  -35.493  54.591 0.0000000000
44861  -42.719  -35.722  54.306 0.0000000000
43882  -41.919  -35.990  54.008 0.0000000000
50925  -48.240  -28.791  46.624 0.0000000000
53950  -58.221  -26.060  56.519 0.0000000000
53938  -58.233  -26.493  56.897 0.0000000000
53924  -59.049  -25.905  57.720 0.0000000000
54966  -59.444  -25.158  57.863 0.0000000000
136458  -38.198  -41.861  69.419 0.0000000000
38957  -38.127  -41.755  68.616 0.0000000000
38971  -39.985  -41.453  67.369 0.0000000000
127034  -42.097  -41.512  66.130 0.0000000000
39014  -43.273  -41.812  65.858 0.0000000000
39015  -44.489  -42.060  65.710 0.0000000000
126515  -45.422  -41.823  65.651 0.0000000000
39032  -45.186  -42.168  64.999 0.0000000000
135685  -45.669  -41.901  65.098 0.0000000000
139179  -45.972  -41.837  64.835 0.0000000000
39975  -46.510  -41.099  64.400 0.0000000000
39985  -46.486  -40.945  63.366 0.0000000000
41828  -45.540  -38.556  62.140 0.0000000000
41833  -45.709  -38.325  61.544 0.0000000000
42794  -46.233  -37.224  60.779 0.0000000000
45815  -46.411  -35.174  60.837 0.0000000000
44802  -46.680  -35.813  60.746 0.0000000000
43806  -47.343  -36.399  60.895 0.0000000000
142803  -48.879  -35.948  61.987 0.0000000000
44777  -49.284  -35.586  62.305 0.0000000000
45772  -51.217  -34.142  63.825 0.0000000000
45780  -51.483  -34.732  63.014 0.0000000000
45781  -52.089  -34.580  62.716 0.0000000000
47724  -52.169  -32.687  65.342 0.0000000000
46756  -52.848  -33.084  63.568 0.0000000000
46770  -53.180  -33.374  62.755 0.0000000000
46785  -54.166  -32.825  61.510 0.0000000000
48721  -54.715  -32.257  61.140 0.0000000000
131205  -54.699  -31.307  62.817 0.0000000000
124759  -55.052  -31.704  61.481 0.0000000000
48722  -55.224  -31.741  60.802 0.0000000000
49793  -56.348  -30.471  59.322 0.0000000000
122542  -56.631  -29.843  60.629 0.0000000000
50761  -56.742  -29.904  58.893 0.0000000000
131648  -56.969  -29.439  58.465 0.0000000000
51790  -57.349  -28.528  57.599 0.0000000000
52816  -57.714  -27.805  57.335 0.0000000000
52830  -57.992  -27.092  57.069 0.0000000000
55003  -58.163  -25.634  56.172 0.0000000000
56025  -58.298  -25.049  56.074 0.0000000000
57041  -59.375  -23.998  57.136 0.0000000000
126570  -58.363  -24.265  55.946 0.0000000000
57048  -57.895  -23.722  55.259 0.0000000000
58034  -58.156  -22.692  55.174 0.0000000000
59003  -60.372  -21.880  57.777 0.0000000000
59013  -60.182  -21.726  57.079 0.0000000000
60047  -60.639  -20.754  56.763 0.0000000000
58026  -59.398  -21.959  56.374 0.0000000000
58044  -58.293  -21.844  54.627 0.0000000000
59030  -58.548  -21.458  54.159 0.0000000000
59038  -58.556  -21.574  53.514 0.0000000000
59052  -59.347  -21.531  53.126 0.0000000000
58072  -60.373  -22.791  51.573 0.0000000000
141143  -63.287  -19.708  54.120 0.0000000000
60079  -63.975  -20.259  52.383 0.0000000000
130588  -62.783  -21.673  52.533 0.0000000000
56078  -61.800  -24.450  50.132 0.0000000000
56092  -62.175  -24.533  49.582 0.0000000000
140949  -62.942  -23.379  49.763 0.0000000000
57118  -62.682  -23.894  49.669 0.0000000000
141843  -62.148  -24.270  48.250 0.0000000000
56131  -61.411  -23.320  46.867 0.0000000000
60120  -62.624  -20.494  49.195 0.0000000000
59096  -62.447  -21.392  48.152 0.0000000000
59115  -61.928  -21.608  47.490 0.0000000000
58145  -60.273  -22.878  45.756 0.0000000000
144402  -59.584  -21.668  45.274 0.0000000000
122485  -58.138  -22.027  43.735 0.0000000000
60137  -56.563  -20.154  48.613 0.0000000000
59111  -57.135  -20.894  46.760 0.0000000000
60156  -55.157  -19.890  46.681 0.0000000000
144311  -57.149  -21.405  45.011 0.0000000000
59167  -57.271  -21.550  44.271 0.0000000000
129860  -57.155  -22.177  43.041 0.0000000000
58157  -56.674  -22.291  42.640 0.0000000000
58163  -55.973  -22.493  42.315 0.0000000000
57179  -55.168  -22.917  42.195 0.0000000000
57188  -54.731  -23.345  41.738 0.0000000000
127484  -53.790  -19.776  43.210 0.0000000000
60207  -53.336  -20.067  42.642 0.0000000000
60206  -52.570  -20.901  42.126 0.0000000000
61227  -53.100  -19.753  41.166 0.0000000000
60213  -52.497  -20.547  41.229 0.0000000000
59194  -52.361  -21.616  41.742 0.0000000000
58171  -52.093  -21.878  41.172 0.0000000000
57194  -52.688  -23.482  40.461 0.0000000000
64337  -59.898  -16.939  43.675 0.0000000000
64356  -59.433  -17.000  42.755 0.0000000000
64374  -59.058  -16.989  41.937 0.0000000000
137570  -58.517  -16.926  41.429 0.0000000000
64373  -57.871  -17.015  41.194 0.0000000000
64388  -55.951  -16.932  39.676 0.0000000000
119467  -59.122  -15.901  40.108 0.0000000000
65343  -58.369  -15.282  38.465 0.0000000000
142494  -58.028  -15.499  38.876 0.0000000000
65337  -57.730  -15.878  39.353 0.0000000000
64400  -57.109  -16.316  39.576 0.0000000000
64399  -56.472  -16.444  39.226 0.0000000000
38098  -33.446  -42.174  67.563 0.0000000000
38108  -33.201  -41.930  66.786 0.0000000000
38121  -30.161  -42.845  63.561 0.0000000000
39020  -30.769  -42.070  63.630 0.0000000000
39008  -37.472  -41.205  65.349 0.0000000000
127611  -36.878  -41.141  65.189 0.0000000000
39025  -36.323  -41.047  64.590 0.0000000000
39973  -35.465  -40.887  64.273 0.0000000000
124739  -34.780  -40.768  63.937 0.0000000000
39981  -34.132  -40.678  63.472 0.0000000000
39996  -36.178  -41.319  61.234 0.0000000000
39994  -34.207  -40.804  61.269 0.0000000000
122206  -34.612  -40.764  61.976 0.0000000000
120360  -33.864  -40.610  62.571 0.0000000000
39051  -32.371  -40.851  62.591 0.0000000000
39068  -31.382  -41.616  61.718 0.0000000000
39090  -31.568  -41.831  60.793 0.0000000000
38137  -31.228  -42.358  61.319 0.0000000000
39998  -47.078  -41.597  61.474 0.0000000000
39079  -46.989  -41.888  61.247 0.0000000000
143904  -46.296  -41.840  60.559 0.0000000000
39122  -46.514  -41.471  60.099 0.0000000000
39121  -45.491  -41.389  60.003 0.0000000000
39120  -43.454  -41.176  60.285 0.0000000000
40021  -41.182  -40.598  59.297 0.0000000000
122021  -44.008  -39.563  57.547 0.0000000000
40052  -43.628  -39.840  57.782 0.0000000000
40051  -42.895  -39.935  57.830 0.0000000000
134762  -41.672  -39.707  57.422 0.0000000000
40050  -42.039  -39.952  57.952 0.0000000000
40036  -41.581  -40.273  58.650 0.0000000000
124911  -39.842  -40.485  58.508 0.0000000000
129245  -37.901  -40.355  57.172 0.0000000000
135951  -37.193  -40.744  57.286 0.0000000000
42850  -39.375  -37.886  53.129 0.0000000000
42849  -38.505  -37.826  52.902 0.0000000000
41897  -38.719  -38.245  53.677 0.0000000000
41896  -37.665  -38.181  53.523 0.0000000000
41880  -37.181  -38.621  54.278 0.0000000000
41911  -35.235  -38.430  52.698 0.0000000000
41895  -36.581  -38.481  53.728 0.0000000000
140945  -36.608  -38.782  54.283 0.0000000000
140651  -36.002  -39.079  54.337 0.0000000000
140363  -35.318  -39.897  54.735 0.0000000000
40072  -33.948  -40.329  53.603 0.0000000000
39155  -34.173  -41.363  54.935 0.0000000000
125421  -33.715  -42.020  54.962 0.0000000000
38166  -33.282  -42.378  54.500 0.0000000000
38123  -45.625  -42.379  63.604 0.0000000000
38970  -37.498  -41.467  67.333 0.0000000000
39034  -46.188  -41.754  64.258 0.0000000000
39160  -33.029  -41.876  52.331 0.0000000000
39999  -47.446  -41.326  61.159 0.0000000000
40892  -48.694  -39.773  59.912 0.0000000000
40902  -46.925  -39.919  58.783 0.0000000000
40925  -43.274  -39.029  56.783 0.0000000000
40943  -33.753  -40.025  52.956 0.0000000000
41836  -49.073  -39.002  61.083 0.0000000000
41841  -46.759  -38.725  60.984 0.0000000000
41843  -49.526  -38.852  60.491 0.0000000000
44779  -50.908  -36.067  62.273 0.0000000000
44793  -51.362  -36.198  61.569 0.0000000000
45795  -52.928  -34.401  61.548 0.0000000000
46818  -53.455  -33.510  59.938 0.0000000000
46885  -47.130  -33.218  53.017 0.0000000000
47773  -54.409  -32.514  59.602 0.0000000000
48760  -55.850  -30.937  58.916 0.0000000000
48787  -55.278  -30.941  57.268 0.0000000000
52837  -56.777  -27.644  55.561 0.0000000000
57049  -58.412  -23.445  55.779 0.0000000000
57187  -53.637  -23.421  41.615 0.0000000000
57198  -52.685  -23.638  39.708 0.0000000000
59054  -62.059  -21.869  52.643 0.0000000000
59055  -63.415  -21.301  52.278 0.0000000000
59062  -63.435  -21.626  51.613 0.0000000000
59201  -52.147  -21.523  40.018 0.0000000000
61088  -63.656  -19.064  53.821 0.0000000000
61228  -53.560  -19.536  41.879 0.0000000000
61247  -53.110  -19.569  39.773 0.0000000000
62192  -63.961  -18.309  51.287 0.0000000000
63390  -55.458  -17.460  40.175 0.0000000000
63397  -55.304  -17.240  38.334 0.0000000000
64372  -57.075  -17.108  40.890 0.0000000000
65338  -58.571  -15.532  39.304 0.0000000000
66240  -62.319  -14.196  39.518 0.0000000000
119291  -33.360  -41.182  51.314 0.0000000000
121413  -34.113  -39.392  52.726 0.0000000000
124966  -43.175  -42.017  64.869 0.0000000000
126653  -52.390  -22.873  40.724 0.0000000000
130911  -62.825  -20.519  53.858 0.0000000000
139059  -60.780  -21.007  53.892 0.0000000000
141162  -45.144  -33.723  52.271 0.0000000000
141649  -52.928  -20.501  42.412 0.0000000000
141767  -34.748  -40.690  63.410 0.0000000000
141923  -52.306  -21.099  41.541 0.0000000000
142638  -39.226  -41.296  65.386 0.0000000000
143047  -63.130  -22.139  51.594 0.0000000000
