#!ascii label  , from subject sub-v1s5x0050724_ses-1 vox2ras=TkReg
1139
129003  22.195  -34.301  58.976 0.0000000000
68271  36.060  -17.626  53.549 0.0000000000
59093  27.458  -25.990  55.847 0.0000000000
44359  1.346  -41.018  68.591 0.0000000000
54245  14.568  -31.437  64.044 0.0000000000
63068  29.101  -22.374  55.110 0.0000000000
48744  7.646  -36.994  64.481 0.0000000000
44378  5.572  -40.806  66.872 0.0000000000
48787  12.608  -36.571  62.581 0.0000000000
68284  39.428  -16.859  52.858 0.0000000000
55266  24.911  -30.533  59.034 0.0000000000
58076  26.045  -27.744  59.671 0.0000000000
52232  27.954  -33.017  60.820 0.0000000000
72259  37.986  -13.134  53.378 0.0000000000
119682  41.804  -13.805  50.545 0.0000000000
67230  32.586  -18.450  54.513 0.0000000000
63082  37.945  -22.320  54.257 0.0000000000
62113  33.521  -23.254  52.702 0.0000000000
59080  32.587  -26.497  56.555 0.0000000000
48758  20.485  -36.475  63.346 0.0000000000
124930  -0.077  -44.581  70.423 0.0000000000
39033  -4.023  -45.385  71.782 0.0000000000
38167  -6.442  -45.424  75.534 0.0000000000
53249  17.876  -32.041  59.965 0.0000000000
49895  16.622  -34.662  63.959 0.0000000000
135389  21.854  -24.858  58.067 0.0000000000
61015  26.418  -24.012  60.448 0.0000000000
74272  45.203  -10.861  51.067 0.0000000000
68286  37.619  -17.071  53.117 0.0000000000
67227  38.347  -18.259  54.943 0.0000000000
54361  22.849  -31.970  57.989 0.0000000000
53315  25.857  -31.443  57.663 0.0000000000
52256  25.502  -33.782  59.562 0.0000000000
71290  34.669  -14.901  53.950 0.0000000000
72255  36.625  -13.501  54.660 0.0000000000
71293  36.276  -14.769  52.527 0.0000000000
70332  38.303  -15.541  51.554 0.0000000000
34227  -5.046  -50.197  74.761 0.0000000000
121345  33.137  -21.108  53.059 0.0000000000
64118  31.958  -21.428  54.078 0.0000000000
62088  27.662  -23.885  54.831 0.0000000000
61095  30.043  -24.977  54.249 0.0000000000
59082  30.046  -26.706  56.253 0.0000000000
59058  29.981  -26.565  57.990 0.0000000000
44380  3.406  -40.699  67.561 0.0000000000
43182  4.632  -41.851  68.824 0.0000000000
42206  2.438  -42.465  68.495 0.0000000000
41146  1.896  -43.726  70.289 0.0000000000
41180  0.272  -43.101  69.113 0.0000000000
42132  -3.405  -42.810  71.676 0.0000000000
39020  -5.214  -45.284  73.316 0.0000000000
119826  16.302  -31.163  61.840 0.0000000000
51110  16.667  -33.796  61.542 0.0000000000
52199  15.275  -32.811  62.410 0.0000000000
46591  12.327  -38.511  65.287 0.0000000000
46589  14.025  -37.941  65.160 0.0000000000
57080  28.347  -28.767  61.092 0.0000000000
59015  25.311  -25.837  60.918 0.0000000000
64090  31.335  -21.647  56.287 0.0000000000
65129  27.666  -20.882  56.819 0.0000000000
63071  25.601  -23.026  55.740 0.0000000000
46592  9.761  -38.886  65.026 0.0000000000
45498  8.550  -39.454  67.650 0.0000000000
45542  6.813  -39.435  65.579 0.0000000000
46575  4.997  -38.862  66.507 0.0000000000
47548  2.967  -38.050  69.049 0.0000000000
52201  13.802  -33.713  62.998 0.0000000000
120306  11.838  -34.723  63.962 0.0000000000
48763  10.024  -36.712  62.965 0.0000000000
57066  23.779  -28.746  61.841 0.0000000000
58054  23.315  -27.575  60.381 0.0000000000
56194  25.546  -29.239  59.135 0.0000000000
55265  27.984  -30.497  59.281 0.0000000000
74276  41.673  -11.882  51.643 0.0000000000
72271  39.727  -13.372  51.531 0.0000000000
70329  40.653  -16.042  51.186 0.0000000000
131653  33.923  -18.048  53.643 0.0000000000
66204  36.439  -19.374  53.955 0.0000000000
65157  34.417  -20.236  53.137 0.0000000000
63094  35.816  -22.539  53.308 0.0000000000
61078  35.241  -24.571  54.826 0.0000000000
62103  31.382  -23.349  53.325 0.0000000000
60103  33.123  -25.091  54.052 0.0000000000
49946  21.117  -35.561  61.104 0.0000000000
119744  24.914  -35.442  62.179 0.0000000000
69266  33.124  -16.396  55.347 0.0000000000
44336  -0.632  -40.343  70.147 0.0000000000
42155  -1.793  -42.388  69.902 0.0000000000
39038  -2.177  -45.280  70.683 0.0000000000
38179  -2.259  -47.093  72.856 0.0000000000
37245  -3.691  -47.531  72.600 0.0000000000
36229  -5.296  -48.259  73.636 0.0000000000
37197  -6.864  -47.922  75.483 0.0000000000
37184  -8.196  -47.018  77.045 0.0000000000
52258  19.952  -33.539  58.851 0.0000000000
49966  18.919  -35.090  60.618 0.0000000000
142485  18.661  -35.932  63.801 0.0000000000
48760  14.829  -35.605  63.869 0.0000000000
60098  24.374  -25.191  56.420 0.0000000000
59042  23.444  -26.431  59.845 0.0000000000
60062  24.826  -25.114  58.023 0.0000000000
60073  27.237  -25.261  57.687 0.0000000000
51057  27.685  -34.763  63.366 0.0000000000
73260  47.384  -12.526  49.571 0.0000000000
73251  43.420  -12.216  50.612 0.0000000000
71307  45.535  -14.462  49.546 0.0000000000
68287  36.723  -16.881  52.804 0.0000000000
133384  37.475  -17.539  54.061 0.0000000000
67245  36.802  -17.934  54.114 0.0000000000
52277  23.027  -33.290  58.008 0.0000000000
52299  24.334  -32.869  57.787 0.0000000000
51153  24.266  -34.045  59.132 0.0000000000
69306  35.124  -16.374  53.027 0.0000000000
71289  35.211  -14.855  53.397 0.0000000000
69325  35.735  -15.962  52.616 0.0000000000
69323  37.308  -16.497  52.298 0.0000000000
34228  -5.739  -50.190  74.759 0.0000000000
65150  32.220  -20.870  54.510 0.0000000000
64089  32.075  -21.644  55.959 0.0000000000
60109  27.561  -25.288  55.085 0.0000000000
60094  28.819  -25.997  55.211 0.0000000000
59092  28.303  -26.246  55.878 0.0000000000
59068  30.266  -26.823  57.054 0.0000000000
59083  28.685  -26.408  56.696 0.0000000000
44381  2.726  -41.002  67.910 0.0000000000
42227  2.905  -41.954  68.100 0.0000000000
43202  2.103  -41.992  68.248 0.0000000000
42207  1.555  -42.502  68.609 0.0000000000
127061  1.192  -41.869  68.481 0.0000000000
54252  15.921  -30.858  63.780 0.0000000000
53235  15.783  -32.267  61.689 0.0000000000
141498  14.719  -31.834  62.879 0.0000000000
139277  11.602  -38.809  66.796 0.0000000000
133508  21.635  -26.553  61.517 0.0000000000
58032  28.296  -27.775  61.603 0.0000000000
139443  26.179  -21.713  56.542 0.0000000000
64078  25.249  -21.521  57.307 0.0000000000
46611  8.539  -38.652  64.437 0.0000000000
45559  8.228  -39.073  64.920 0.0000000000
47632  7.599  -37.841  64.465 0.0000000000
47597  5.490  -37.483  66.638 0.0000000000
47569  4.517  -37.504  67.539 0.0000000000
47570  3.858  -37.984  67.901 0.0000000000
140937  12.552  -33.594  64.768 0.0000000000
49873  9.004  -35.753  64.021 0.0000000000
49900  9.888  -35.859  63.479 0.0000000000
48765  8.742  -37.220  63.619 0.0000000000
46624  9.715  -38.140  63.597 0.0000000000
56174  24.974  -29.308  60.425 0.0000000000
56207  25.241  -30.187  58.654 0.0000000000
53262  27.437  -32.110  59.087 0.0000000000
54343  27.321  -31.440  58.495 0.0000000000
53261  27.999  -31.852  59.648 0.0000000000
54285  28.663  -31.241  60.622 0.0000000000
53227  29.170  -32.452  61.721 0.0000000000
72260  37.268  -13.306  54.013 0.0000000000
73239  39.764  -12.734  52.132 0.0000000000
72264  39.086  -13.336  51.978 0.0000000000
69322  39.036  -16.732  52.252 0.0000000000
70330  39.892  -15.943  51.219 0.0000000000
69320  40.466  -16.648  52.226 0.0000000000
135173  33.266  -18.104  53.848 0.0000000000
132080  34.495  -18.720  53.491 0.0000000000
66213  33.882  -19.487  53.342 0.0000000000
64125  32.916  -21.928  52.810 0.0000000000
64130  34.525  -21.855  52.819 0.0000000000
62111  34.802  -23.102  52.980 0.0000000000
61091  35.556  -24.046  54.236 0.0000000000
61109  34.373  -24.298  53.583 0.0000000000
64109  29.678  -21.840  55.670 0.0000000000
63066  30.784  -22.298  54.811 0.0000000000
63083  30.262  -22.857  54.327 0.0000000000
60093  31.839  -26.143  55.018 0.0000000000
60122  31.745  -25.486  54.279 0.0000000000
122400  32.693  -25.940  55.224 0.0000000000
123905  34.045  -25.468  55.439 0.0000000000
48800  20.779  -35.899  61.913 0.0000000000
48780  22.334  -36.163  62.583 0.0000000000
68234  32.596  -17.943  56.037 0.0000000000
69267  32.807  -17.034  54.850 0.0000000000
68253  33.163  -17.061  54.308 0.0000000000
44376  7.016  -40.443  67.099 0.0000000000
127508  6.668  -40.581  67.749 0.0000000000
40044  0.692  -44.388  70.650 0.0000000000
41108  1.662  -43.878  71.967 0.0000000000
40036  0.481  -44.636  71.435 0.0000000000
40037  -0.127  -44.996  71.946 0.0000000000
44321  -1.056  -39.794  70.980 0.0000000000
43167  -0.930  -41.167  69.817 0.0000000000
43156  -2.057  -40.989  70.993 0.0000000000
129519  -3.744  -44.061  71.572 0.0000000000
41148  -2.765  -43.893  70.485 0.0000000000
39039  -2.904  -45.123  70.833 0.0000000000
138360  -2.171  -46.300  71.591 0.0000000000
38191  -3.048  -46.369  71.529 0.0000000000
37244  -2.971  -47.406  72.589 0.0000000000
38192  -3.762  -46.266  71.794 0.0000000000
118941  -5.676  -45.173  74.092 0.0000000000
38180  -5.446  -46.830  73.443 0.0000000000
38173  -6.036  -46.514  74.342 0.0000000000
37210  -6.356  -47.904  74.767 0.0000000000
140302  -6.441  -46.166  75.135 0.0000000000
54290  19.134  -31.692  60.511 0.0000000000
54313  19.578  -31.786  59.725 0.0000000000
53266  18.421  -32.475  59.585 0.0000000000
51135  19.202  -34.762  59.905 0.0000000000
120466  17.912  -34.091  60.073 0.0000000000
137698  17.104  -34.614  63.249 0.0000000000
49921  17.754  -35.009  62.618 0.0000000000
49894  17.551  -35.044  63.639 0.0000000000
51084  13.077  -35.355  62.626 0.0000000000
49924  13.766  -35.215  62.799 0.0000000000
48785  13.751  -36.096  62.780 0.0000000000
47614  15.106  -36.966  65.811 0.0000000000
142837  37.295  -20.935  54.047 0.0000000000
132530  37.810  -19.862  54.511 0.0000000000
64115  38.967  -21.723  54.733 0.0000000000
63036  22.520  -23.149  58.055 0.0000000000
63055  23.545  -23.585  56.418 0.0000000000
62052  23.064  -24.405  56.821 0.0000000000
132047  24.749  -27.730  59.930 0.0000000000
58079  23.267  -27.115  60.029 0.0000000000
59041  24.340  -26.510  60.127 0.0000000000
60022  25.782  -24.815  61.028 0.0000000000
60023  25.046  -24.978  60.360 0.0000000000
61036  25.494  -24.526  59.526 0.0000000000
60061  25.895  -24.933  57.923 0.0000000000
61034  27.287  -23.988  59.648 0.0000000000
60045  28.159  -24.589  59.060 0.0000000000
131511  26.001  -35.214  62.530 0.0000000000
73249  46.368  -11.883  50.093 0.0000000000
73253  41.843  -12.959  50.733 0.0000000000
73242  42.742  -11.954  51.011 0.0000000000
72278  42.474  -13.443  50.472 0.0000000000
71308  44.796  -14.519  49.810 0.0000000000
70335  46.621  -15.728  50.138 0.0000000000
49851  7.649  -35.722  65.288 0.0000000000
48722  7.231  -36.514  65.138 0.0000000000
68285  38.597  -17.008  53.034 0.0000000000
68250  39.820  -16.699  54.472 0.0000000000
123263  38.605  -17.412  54.720 0.0000000000
54309  24.114  -31.216  58.879 0.0000000000
55287  24.929  -30.526  58.002 0.0000000000
54359  24.337  -31.580  57.646 0.0000000000
52275  25.764  -32.732  58.215 0.0000000000
52234  26.625  -33.592  60.365 0.0000000000
72248  36.050  -13.787  55.454 0.0000000000
71285  35.126  -14.451  54.120 0.0000000000
72261  36.377  -13.833  53.598 0.0000000000
141188  37.226  -14.212  52.295 0.0000000000
72272  38.334  -13.828  51.912 0.0000000000
71296  37.612  -15.116  51.738 0.0000000000
135247  37.863  -16.142  51.843 0.0000000000
131508  -4.434  -49.748  74.812 0.0000000000
66199  32.418  -19.258  54.745 0.0000000000
66214  32.996  -19.469  53.656 0.0000000000
134414  32.441  -19.946  54.056 0.0000000000
64126  32.421  -21.445  53.405 0.0000000000
63095  32.236  -22.329  52.990 0.0000000000
63085  28.708  -23.038  54.759 0.0000000000
62085  29.851  -23.559  54.204 0.0000000000
61096  28.795  -24.539  54.512 0.0000000000
59098  30.434  -26.159  54.996 0.0000000000
59081  31.793  -26.708  56.422 0.0000000000
59067  31.261  -26.873  57.122 0.0000000000
129063  31.186  -26.689  58.636 0.0000000000
47630  20.278  -37.025  64.864 0.0000000000
43239  4.738  -41.016  67.047 0.0000000000
43200  5.407  -41.410  68.376 0.0000000000
43221  4.268  -41.476  67.547 0.0000000000
42204  4.056  -42.097  68.504 0.0000000000
42180  3.399  -42.644  69.754 0.0000000000
41165  1.518  -43.531  69.493 0.0000000000
134777  -0.181  -43.620  69.489 0.0000000000
43157  -2.635  -41.451  71.523 0.0000000000
42112  -3.710  -42.401  72.484 0.0000000000
41111  -4.431  -43.744  72.827 0.0000000000
39026  -4.656  -45.369  72.521 0.0000000000
41089  -4.922  -43.749  73.692 0.0000000000
41072  -5.425  -43.660  74.708 0.0000000000
126186  -5.900  -43.876  75.496 0.0000000000
54280  16.723  -31.522  61.139 0.0000000000
53251  16.731  -32.695  60.561 0.0000000000
52218  16.280  -32.911  61.139 0.0000000000
52198  15.927  -33.165  61.913 0.0000000000
51060  15.710  -33.922  63.065 0.0000000000
46622  12.130  -38.087  63.680 0.0000000000
47646  13.570  -37.373  63.615 0.0000000000
46590  13.281  -38.376  65.317 0.0000000000
62081  37.845  -22.983  54.590 0.0000000000
60066  21.530  -25.292  59.157 0.0000000000
57100  27.446  -28.330  59.995 0.0000000000
59040  25.259  -26.695  60.279 0.0000000000
58052  27.113  -27.536  60.490 0.0000000000
58998  26.873  -26.074  61.801 0.0000000000
137364  44.580  -10.555  51.509 0.0000000000
35217  -8.491  -49.557  75.384 0.0000000000
64076  30.049  -20.789  56.944 0.0000000000
64092  29.234  -21.164  56.341 0.0000000000
64093  28.193  -21.282  56.256 0.0000000000
122001  27.192  -22.557  55.578 0.0000000000
143500  26.765  -23.197  55.347 0.0000000000
61079  26.310  -24.665  55.207 0.0000000000
45519  9.980  -38.964  66.572 0.0000000000
119947  9.809  -39.090  68.103 0.0000000000
143657  8.618  -39.456  66.053 0.0000000000
45541  7.438  -39.661  65.832 0.0000000000
132655  6.077  -39.924  66.091 0.0000000000
47617  6.488  -37.885  65.374 0.0000000000
137523  5.598  -38.883  66.044 0.0000000000
44401  5.306  -40.255  66.484 0.0000000000
45523  4.122  -39.848  67.011 0.0000000000
45477  3.114  -39.390  68.066 0.0000000000
124942  2.497  -39.670  68.500 0.0000000000
53210  13.821  -32.582  63.656 0.0000000000
52173  13.307  -32.921  64.039 0.0000000000
122248  12.442  -34.262  63.747 0.0000000000
49897  12.326  -35.833  62.596 0.0000000000
51041  10.567  -35.011  64.698 0.0000000000
49899  10.789  -35.657  63.354 0.0000000000
47663  11.353  -37.256  62.733 0.0000000000
46623  11.328  -38.166  63.584 0.0000000000
119895  10.746  -38.625  64.822 0.0000000000
57067  22.952  -28.230  62.260 0.0000000000
58034  22.343  -27.666  61.704 0.0000000000
57103  23.325  -28.094  60.978 0.0000000000
57118  25.082  -28.600  59.703 0.0000000000
57117  25.553  -28.320  59.471 0.0000000000
55286  25.662  -30.298  57.991 0.0000000000
56205  26.107  -29.717  58.397 0.0000000000
57131  27.115  -29.060  58.996 0.0000000000
56192  28.058  -29.723  59.749 0.0000000000
56172  28.795  -29.919  61.388 0.0000000000
74269  41.059  -11.494  52.735 0.0000000000
73243  40.463  -12.535  51.764 0.0000000000
72280  40.624  -13.887  50.824 0.0000000000
71294  39.100  -14.127  51.382 0.0000000000
71301  40.479  -14.655  50.778 0.0000000000
68272  35.081  -17.289  53.343 0.0000000000
67246  36.179  -18.447  53.917 0.0000000000
66212  35.503  -19.159  53.622 0.0000000000
143168  35.894  -19.751  53.658 0.0000000000
131172  35.845  -21.022  53.325 0.0000000000
64124  34.020  -20.986  52.881 0.0000000000
129360  35.444  -21.782  53.092 0.0000000000
63093  36.516  -22.567  53.626 0.0000000000
62082  37.119  -23.337  54.490 0.0000000000
61076  36.420  -24.339  55.657 0.0000000000
64107  31.399  -21.915  55.441 0.0000000000
63096  31.079  -22.629  53.880 0.0000000000
62102  32.121  -23.178  52.873 0.0000000000
129093  30.304  -24.296  53.960 0.0000000000
61112  31.782  -24.777  53.642 0.0000000000
61110  33.477  -24.445  53.396 0.0000000000
61092  34.498  -24.749  54.358 0.0000000000
49977  21.917  -34.817  59.661 0.0000000000
51133  23.478  -34.849  60.217 0.0000000000
121482  22.756  -35.470  61.310 0.0000000000
48754  24.123  -36.289  63.600 0.0000000000
70279  33.528  -15.777  54.892 0.0000000000
70316  34.076  -15.915  53.686 0.0000000000
45460  1.587  -39.401  69.425 0.0000000000
45436  0.440  -39.222  70.243 0.0000000000
44348  0.724  -40.589  69.175 0.0000000000
43183  -0.093  -41.026  69.358 0.0000000000
42182  -0.541  -42.380  69.223 0.0000000000
41168  -1.084  -43.591  69.620 0.0000000000
42156  -2.457  -42.997  70.282 0.0000000000
41169  -1.989  -43.919  69.980 0.0000000000
125336  -0.865  -44.728  70.377 0.0000000000
39030  -1.340  -45.853  71.792 0.0000000000
39019  -1.214  -46.190  73.332 0.0000000000
36207  -3.529  -48.756  74.279 0.0000000000
38187  -4.941  -46.246  72.810 0.0000000000
37246  -4.344  -47.682  72.826 0.0000000000
36208  -4.327  -49.073  74.061 0.0000000000
125800  -5.099  -48.920  73.852 0.0000000000
36210  -6.400  -48.706  74.792 0.0000000000
36190  -7.170  -48.753  75.486 0.0000000000
39002  -7.378  -45.970  76.762 0.0000000000
37189  -7.158  -47.202  76.089 0.0000000000
37198  -7.529  -47.935  76.127 0.0000000000
53297  21.086  -32.483  58.587 0.0000000000
53298  20.422  -32.441  58.797 0.0000000000
51173  20.820  -33.834  58.732 0.0000000000
49979  20.112  -34.809  59.634 0.0000000000
49947  20.234  -35.582  61.131 0.0000000000
48801  19.843  -35.836  61.841 0.0000000000
51108  18.091  -34.762  60.863 0.0000000000
49920  18.629  -35.539  62.346 0.0000000000
119844  19.702  -36.274  63.243 0.0000000000
52200  14.586  -33.217  62.909 0.0000000000
49922  14.760  -34.391  63.177 0.0000000000
49896  15.689  -34.987  64.319 0.0000000000
48742  14.558  -36.463  64.097 0.0000000000
48741  15.249  -35.801  64.706 0.0000000000
49848  16.078  -35.378  65.182 0.0000000000
66203  37.238  -19.216  54.400 0.0000000000
125465  24.511  -22.097  56.846 0.0000000000
62071  25.040  -23.762  55.596 0.0000000000
60084  26.079  -25.526  55.962 0.0000000000
58056  21.996  -26.825  60.346 0.0000000000
135305  22.062  -26.460  59.701 0.0000000000
141277  22.471  -25.634  58.465 0.0000000000
59016  24.802  -25.834  60.480 0.0000000000
60048  23.879  -25.682  59.572 0.0000000000
60064  23.022  -25.544  58.007 0.0000000000
60076  24.410  -25.320  57.183 0.0000000000
140255  26.055  -25.527  56.498 0.0000000000
59072  27.270  -25.800  56.899 0.0000000000
143179  28.247  -25.421  58.136 0.0000000000
51107  24.817  -34.765  60.740 0.0000000000
51105  26.208  -34.509  61.462 0.0000000000
52197  27.717  -33.916  62.026 0.0000000000
51056  28.477  -34.418  63.558 0.0000000000
52184  28.932  -33.808  63.003 0.0000000000
73247  48.186  -11.930  50.073 0.0000000000
74274  43.291  -11.470  51.170 0.0000000000
74287  44.077  -11.573  50.811 0.0000000000
72277  43.846  -13.554  50.050 0.0000000000
72276  44.528  -13.076  49.878 0.0000000000
73250  45.088  -12.407  49.998 0.0000000000
72288  46.631  -13.227  49.331 0.0000000000
71305  47.093  -14.093  48.910 0.0000000000
143372  36.367  -17.180  53.158 0.0000000000
68270  36.837  -17.418  53.503 0.0000000000
51171  22.575  -33.770  58.467 0.0000000000
51170  23.466  -33.814  58.557 0.0000000000
141098  22.901  -34.199  58.972 0.0000000000
69324  35.895  -16.778  52.913 0.0000000000
35215  -6.580  -49.581  74.891 0.0000000000
60096  27.282  -25.645  55.492 0.0000000000
60095  27.956  -25.809  55.387 0.0000000000
59084  27.752  -26.097  56.441 0.0000000000
43224  2.123  -40.514  68.369 0.0000000000
43203  2.037  -41.381  68.245 0.0000000000
54253  15.150  -31.045  63.484 0.0000000000
54268  15.079  -31.354  62.749 0.0000000000
54254  14.613  -31.589  63.344 0.0000000000
45495  11.173  -38.978  67.490 0.0000000000
133820  12.021  -39.106  67.444 0.0000000000
58020  21.791  -27.069  62.009 0.0000000000
131120  8.186  -37.496  64.026 0.0000000000
143754  8.181  -38.179  64.236 0.0000000000
48743  8.352  -36.530  64.055 0.0000000000
46625  8.830  -38.057  63.786 0.0000000000
55247  25.315  -30.548  59.975 0.0000000000
53246  27.798  -32.538  60.100 0.0000000000
143267  28.210  -32.553  60.604 0.0000000000
53245  28.417  -32.023  60.386 0.0000000000
53228  28.561  -32.628  61.116 0.0000000000
73232  38.017  -12.850  54.372 0.0000000000
131000  38.532  -12.679  53.927 0.0000000000
73235  38.834  -12.760  53.258 0.0000000000
73240  39.169  -12.876  52.614 0.0000000000
72265  38.508  -13.266  52.576 0.0000000000
69321  39.788  -16.675  52.195 0.0000000000
68283  40.056  -16.734  52.674 0.0000000000
68266  40.590  -16.678  52.919 0.0000000000
36177  -3.144  -48.894  75.928 0.0000000000
67250  32.893  -18.573  53.933 0.0000000000
67249  33.517  -18.722  53.620 0.0000000000
62114  32.845  -22.803  52.676 0.0000000000
63102  33.746  -22.483  52.675 0.0000000000
62112  34.223  -23.212  52.801 0.0000000000
123279  34.638  -23.648  53.182 0.0000000000
62100  33.873  -23.835  52.981 0.0000000000
63067  30.002  -22.387  55.022 0.0000000000
63084  29.473  -22.924  54.592 0.0000000000
59089  32.266  -26.384  55.791 0.0000000000
59088  33.016  -26.077  55.955 0.0000000000
122391  21.009  -36.288  62.727 0.0000000000
142408  21.715  -36.344  62.866 0.0000000000
48757  21.344  -36.563  63.418 0.0000000000
68242  32.530  -17.750  55.115 0.0000000000
68254  32.877  -17.755  54.313 0.0000000000
44377  6.349  -40.724  67.175 0.0000000000
40045  -0.327  -44.954  71.069 0.0000000000
44322  -1.716  -40.157  71.432 0.0000000000
40038  -3.955  -44.598  71.778 0.0000000000
39040  -3.502  -44.794  71.208 0.0000000000
39032  -3.343  -45.655  71.307 0.0000000000
38185  -3.425  -46.962  72.032 0.0000000000
118965  -5.911  -44.655  74.935 0.0000000000
39014  -6.069  -45.618  74.625 0.0000000000
54279  17.653  -31.314  61.401 0.0000000000
54278  18.652  -31.567  61.357 0.0000000000
54291  18.184  -31.665  60.552 0.0000000000
54314  18.703  -31.854  59.839 0.0000000000
52260  18.110  -33.297  59.618 0.0000000000
53267  17.737  -32.642  59.800 0.0000000000
49869  17.199  -35.072  64.460 0.0000000000
49925  13.176  -35.961  62.545 0.0000000000
48786  13.261  -36.553  62.704 0.0000000000
64117  37.497  -21.626  54.018 0.0000000000
65148  37.849  -20.799  54.352 0.0000000000
64116  38.272  -21.665  54.389 0.0000000000
62043  21.689  -24.254  58.500 0.0000000000
62029  21.900  -23.545  58.715 0.0000000000
62042  22.021  -24.056  57.934 0.0000000000
62053  22.519  -23.924  57.389 0.0000000000
61063  22.420  -24.685  57.486 0.0000000000
58078  24.013  -27.005  60.052 0.0000000000
58077  25.209  -27.438  59.927 0.0000000000
61004  26.650  -24.352  61.249 0.0000000000
61016  25.742  -24.343  60.215 0.0000000000
61035  26.348  -24.188  59.373 0.0000000000
75256  45.864  -10.588  51.099 0.0000000000
74285  45.924  -11.239  50.577 0.0000000000
138179  42.401  -14.178  50.440 0.0000000000
49832  7.485  -35.018  65.994 0.0000000000
49831  8.284  -34.986  65.463 0.0000000000
68269  38.227  -17.256  53.976 0.0000000000
68252  38.008  -17.663  54.536 0.0000000000
124773  23.374  -31.583  58.294 0.0000000000
54345  24.206  -31.136  57.922 0.0000000000
54360  23.589  -31.682  57.827 0.0000000000
52257  24.957  -33.708  58.932 0.0000000000
122736  25.040  -33.188  58.233 0.0000000000
139672  25.613  -33.326  58.842 0.0000000000
52255  26.223  -33.336  59.454 0.0000000000
52235  25.955  -33.848  60.111 0.0000000000
71286  34.633  -14.770  54.607 0.0000000000
71272  35.215  -14.275  54.951 0.0000000000
70325  35.712  -15.166  52.726 0.0000000000
71288  35.919  -14.456  53.017 0.0000000000
72267  36.727  -14.156  52.687 0.0000000000
71292  36.932  -14.801  52.126 0.0000000000
133186  38.183  -16.682  52.300 0.0000000000
34208  -4.729  -50.300  75.234 0.0000000000
66190  32.594  -19.569  55.806 0.0000000000
137100  32.389  -20.252  55.076 0.0000000000
64127  31.770  -22.076  53.647 0.0000000000
62087  28.394  -23.800  54.623 0.0000000000
59099  29.713  -26.105  55.069 0.0000000000
59091  30.231  -26.483  55.593 0.0000000000
59097  30.999  -26.392  55.322 0.0000000000
120224  30.883  -26.755  56.185 0.0000000000
59057  30.818  -26.800  57.883 0.0000000000
138468  30.505  -26.545  58.531 0.0000000000
59038  30.719  -26.322  59.180 0.0000000000
44379  4.038  -40.937  67.274 0.0000000000
42226  3.740  -41.901  67.986 0.0000000000
42205  3.329  -42.340  68.497 0.0000000000
42179  3.855  -42.318  69.193 0.0000000000
42181  2.943  -42.850  69.133 0.0000000000
41144  2.924  -42.984  69.865 0.0000000000
42208  0.688  -42.543  68.811 0.0000000000
41179  1.085  -43.094  68.975 0.0000000000
41166  0.662  -43.610  69.450 0.0000000000
42113  -4.198  -42.811  73.024 0.0000000000
138352  -4.578  -43.111  73.518 0.0000000000
41052  -5.665  -43.273  75.474 0.0000000000
136107  16.575  -30.870  63.336 0.0000000000
54266  16.774  -30.885  62.536 0.0000000000
54265  17.543  -31.084  62.305 0.0000000000
55233  17.000  -31.056  61.785 0.0000000000
53234  16.348  -32.192  61.038 0.0000000000
54281  16.117  -31.679  61.500 0.0000000000
121175  15.658  -33.437  62.558 0.0000000000
51081  16.261  -33.805  62.509 0.0000000000
46607  12.662  -38.239  64.418 0.0000000000
61017  21.347  -24.844  60.309 0.0000000000
60051  21.441  -25.447  59.785 0.0000000000
58051  27.807  -28.084  60.759 0.0000000000
58018  28.527  -27.088  62.389 0.0000000000
58033  27.444  -27.183  61.285 0.0000000000
58997  27.766  -26.659  62.025 0.0000000000
64111  27.703  -21.899  55.853 0.0000000000
64094  27.418  -21.470  56.345 0.0000000000
63053  25.857  -22.303  56.148 0.0000000000
63070  26.352  -22.756  55.696 0.0000000000
62070  26.002  -23.712  55.351 0.0000000000
129523  9.703  -39.052  65.835 0.0000000000
45520  9.217  -39.250  66.326 0.0000000000
45539  9.064  -39.222  65.575 0.0000000000
120705  7.606  -39.234  65.222 0.0000000000
45540  8.251  -39.373  65.504 0.0000000000
44419  6.785  -39.950  66.055 0.0000000000
131580  6.507  -36.860  65.751 0.0000000000
47618  5.943  -37.579  66.051 0.0000000000
47598  5.019  -37.890  66.894 0.0000000000
46574  5.505  -38.176  66.287 0.0000000000
138529  5.473  -39.539  66.193 0.0000000000
45522  4.778  -39.764  66.557 0.0000000000
46576  4.404  -39.217  66.900 0.0000000000
46531  3.327  -38.452  68.380 0.0000000000
46552  3.788  -39.042  67.508 0.0000000000
46532  2.777  -38.820  68.825 0.0000000000
53195  13.646  -32.468  64.381 0.0000000000
128665  13.017  -33.075  64.825 0.0000000000
51039  12.111  -34.081  64.664 0.0000000000
51062  12.548  -34.890  63.004 0.0000000000
49898  11.652  -35.382  63.195 0.0000000000
130757  10.525  -36.113  62.977 0.0000000000
48789  10.885  -36.611  62.705 0.0000000000
47664  10.651  -37.230  62.792 0.0000000000
47649  10.959  -37.790  63.017 0.0000000000
46610  9.303  -38.601  64.274 0.0000000000
46609  10.170  -38.518  64.209 0.0000000000
45538  10.522  -38.781  65.801 0.0000000000
57082  23.130  -28.116  61.431 0.0000000000
57081  23.986  -28.628  61.037 0.0000000000
56195  25.353  -29.576  59.541 0.0000000000
57101  24.868  -28.731  60.069 0.0000000000
57133  25.871  -29.115  58.906 0.0000000000
55300  25.329  -30.871  57.718 0.0000000000
55299  26.020  -30.809  57.759 0.0000000000
55284  27.359  -30.594  58.480 0.0000000000
55285  26.478  -30.362  58.075 0.0000000000
56204  26.884  -29.710  58.522 0.0000000000
57132  26.468  -29.088  58.842 0.0000000000
56193  27.572  -29.742  58.981 0.0000000000
57115  27.591  -29.049  59.516 0.0000000000
54284  29.094  -31.187  61.373 0.0000000000
55245  28.754  -30.496  61.001 0.0000000000
72247  36.946  -13.342  55.592 0.0000000000
74265  41.149  -11.107  53.523 0.0000000000
73234  40.427  -11.624  53.342 0.0000000000
142890  40.085  -12.935  51.650 0.0000000000
72270  40.439  -13.208  51.216 0.0000000000
71295  38.285  -14.592  51.580 0.0000000000
133604  38.869  -15.008  51.282 0.0000000000
71302  39.656  -15.014  51.022 0.0000000000
70342  40.365  -15.451  50.932 0.0000000000
68273  34.191  -17.338  53.600 0.0000000000
67247  35.336  -18.194  53.619 0.0000000000
67248  34.629  -17.931  53.566 0.0000000000
137903  34.728  -19.556  53.346 0.0000000000
65156  35.377  -20.152  53.368 0.0000000000
65155  36.233  -20.278  53.667 0.0000000000
65159  32.781  -20.474  53.550 0.0000000000
65158  33.490  -20.276  53.231 0.0000000000
63100  35.118  -22.539  52.995 0.0000000000
64122  36.225  -21.830  53.410 0.0000000000
62097  36.716  -23.139  53.925 0.0000000000
62098  36.088  -23.190  53.653 0.0000000000
61090  35.976  -24.121  54.945 0.0000000000
135449  31.676  -22.670  53.279 0.0000000000
61094  30.870  -25.070  54.056 0.0000000000
60104  32.492  -25.586  54.535 0.0000000000
60121  32.366  -25.146  53.934 0.0000000000
61111  32.601  -24.568  53.415 0.0000000000
61093  33.873  -24.810  53.965 0.0000000000
60102  33.821  -25.250  54.696 0.0000000000
49963  21.545  -35.245  60.387 0.0000000000
51134  22.560  -35.147  60.462 0.0000000000
121425  21.981  -35.513  61.131 0.0000000000
48755  23.249  -36.454  63.534 0.0000000000
48778  23.709  -36.077  62.854 0.0000000000
70278  34.140  -15.146  55.278 0.0000000000
68274  33.454  -17.478  53.901 0.0000000000
69308  33.659  -16.645  53.898 0.0000000000
69307  34.434  -16.597  53.416 0.0000000000
124125  9.110  -39.185  68.067 0.0000000000
45475  8.575  -39.404  68.496 0.0000000000
41127  2.295  -43.494  71.598 0.0000000000
46514  1.817  -38.659  69.754 0.0000000000
45437  -0.326  -39.511  70.554 0.0000000000
45411  -0.045  -38.734  70.887 0.0000000000
44335  0.142  -40.056  69.784 0.0000000000
43168  -1.626  -41.487  70.205 0.0000000000
43185  -1.145  -41.984  69.572 0.0000000000
42183  -1.159  -42.797  69.472 0.0000000000
42184  -1.735  -43.170  69.757 0.0000000000
43158  -3.173  -41.925  72.027 0.0000000000
42131  -2.902  -42.390  71.135 0.0000000000
40047  -2.448  -44.571  70.470 0.0000000000
40046  -1.694  -44.716  70.317 0.0000000000
39037  -1.278  -45.305  70.937 0.0000000000
142491  -1.901  -45.804  71.123 0.0000000000
38183  -1.712  -46.496  72.464 0.0000000000
38178  -1.692  -46.748  73.256 0.0000000000
37227  -3.330  -47.898  73.134 0.0000000000
37226  -2.647  -47.612  73.315 0.0000000000
36206  -2.959  -48.443  74.696 0.0000000000
36227  -3.755  -48.450  73.561 0.0000000000
40009  -4.855  -44.534  73.074 0.0000000000
137392  -4.841  -47.108  72.833 0.0000000000
37228  -5.097  -47.694  73.246 0.0000000000
36228  -4.474  -48.373  73.407 0.0000000000
124823  -6.853  -45.426  76.279 0.0000000000
38161  -7.399  -46.713  76.579 0.0000000000
37190  -7.776  -47.293  76.687 0.0000000000
36178  -8.089  -47.862  76.487 0.0000000000
37191  -8.405  -47.466  76.761 0.0000000000
54347  21.558  -31.998  58.759 0.0000000000
53265  19.240  -32.290  59.340 0.0000000000
53264  20.001  -32.123  59.145 0.0000000000
52281  19.840  -32.714  58.892 0.0000000000
52280  20.542  -33.030  58.581 0.0000000000
131698  20.699  -34.468  59.191 0.0000000000
51156  20.191  -34.213  59.060 0.0000000000
49965  19.727  -35.230  60.434 0.0000000000
49948  19.421  -35.474  61.197 0.0000000000
52217  16.793  -33.370  60.722 0.0000000000
51136  17.301  -34.043  60.720 0.0000000000
51109  17.477  -34.562  61.636 0.0000000000
49893  18.298  -35.538  63.274 0.0000000000
48784  18.979  -35.966  63.162 0.0000000000
48783  19.414  -35.940  62.488 0.0000000000
119612  19.231  -36.296  63.899 0.0000000000
52185  13.479  -33.265  63.429 0.0000000000
53223  14.132  -32.886  63.097 0.0000000000
49923  14.314  -35.440  63.140 0.0000000000
126585  15.062  -34.914  63.641 0.0000000000
47631  14.180  -37.305  64.391 0.0000000000
48694  15.826  -36.546  66.342 0.0000000000
48720  14.851  -36.673  64.988 0.0000000000
48719  15.570  -36.140  65.551 0.0000000000
67229  36.833  -18.604  54.240 0.0000000000
137827  24.639  -21.693  57.555 0.0000000000
64079  24.006  -22.007  57.556 0.0000000000
140087  23.808  -24.535  56.206 0.0000000000
62058  24.206  -23.704  55.888 0.0000000000
61081  24.590  -24.645  55.783 0.0000000000
61080  25.456  -24.638  55.475 0.0000000000
60097  25.238  -25.255  55.882 0.0000000000
58055  22.606  -27.492  60.793 0.0000000000
58035  21.894  -27.058  61.162 0.0000000000
58080  22.588  -27.015  60.101 0.0000000000
59043  22.673  -26.481  59.676 0.0000000000
59060  22.234  -25.971  59.087 0.0000000000
60049  23.015  -25.814  59.041 0.0000000000
58053  26.202  -26.974  60.456 0.0000000000
60047  24.652  -25.011  59.315 0.0000000000
60063  23.827  -25.423  58.370 0.0000000000
127941  23.604  -25.367  57.532 0.0000000000
141107  26.573  -25.069  57.719 0.0000000000
60075  25.483  -25.406  57.053 0.0000000000
60074  26.477  -25.507  57.074 0.0000000000
59071  27.971  -25.942  57.230 0.0000000000
60059  28.951  -25.314  58.854 0.0000000000
121047  23.967  -35.352  61.362 0.0000000000
49961  24.147  -35.027  60.789 0.0000000000
49943  24.726  -35.160  61.446 0.0000000000
49916  26.540  -35.131  62.869 0.0000000000
49941  26.411  -34.794  62.195 0.0000000000
51080  27.203  -34.602  62.604 0.0000000000
51104  26.942  -34.244  61.763 0.0000000000
52195  29.368  -33.080  62.427 0.0000000000
73248  47.231  -11.885  50.033 0.0000000000
74283  47.728  -11.459  50.358 0.0000000000
74268  41.739  -11.374  52.225 0.0000000000
122513  44.315  -12.259  50.318 0.0000000000
72290  45.050  -13.751  49.644 0.0000000000
72291  44.426  -13.868  49.812 0.0000000000
73263  45.258  -13.067  49.674 0.0000000000
73262  45.896  -12.620  49.719 0.0000000000
72289  45.768  -13.549  49.466 0.0000000000
67228  37.492  -18.273  54.543 0.0000000000
52301  22.797  -32.662  57.876 0.0000000000
53318  23.297  -32.224  57.757 0.0000000000
125057  23.711  -33.286  57.998 0.0000000000
52276  24.305  -33.530  58.381 0.0000000000
51152  24.892  -34.095  59.602 0.0000000000
70315  34.602  -15.396  53.574 0.0000000000
70314  35.121  -15.610  53.012 0.0000000000
70324  36.345  -15.473  52.321 0.0000000000
121496  36.499  -16.226  52.409 0.0000000000
65142  32.342  -21.151  55.590 0.0000000000
64106  31.921  -21.542  55.047 0.0000000000
61097  28.000  -24.605  54.744 0.0000000000
60108  28.405  -25.323  54.855 0.0000000000
121135  29.316  -26.491  55.871 0.0000000000
141042  29.533  -26.654  56.634 0.0000000000
59069  29.373  -26.526  57.345 0.0000000000
43222  3.388  -41.380  67.766 0.0000000000
43223  2.650  -41.578  68.063 0.0000000000
42085  -4.800  -42.037  74.600 0.0000000000
119816  15.833  -30.918  62.791 0.0000000000
54267  15.623  -31.477  62.020 0.0000000000
53222  15.162  -31.973  62.364 0.0000000000
46573  11.981  -38.666  66.101 0.0000000000
45517  12.414  -38.879  66.754 0.0000000000
60009  21.482  -25.914  61.443 0.0000000000
57079  28.775  -28.747  61.812 0.0000000000
65130  26.834  -21.357  56.684 0.0000000000
64077  26.130  -21.263  57.100 0.0000000000
64096  25.428  -21.858  56.640 0.0000000000
45558  8.866  -39.048  64.921 0.0000000000
46612  7.759  -38.631  64.695 0.0000000000
46593  7.161  -38.898  65.085 0.0000000000
48696  5.798  -36.749  66.666 0.0000000000
47568  5.138  -37.099  67.185 0.0000000000
46551  4.430  -38.391  67.192 0.0000000000
51040  11.322  -34.598  64.953 0.0000000000
49849  9.043  -35.124  64.878 0.0000000000
49872  9.769  -35.311  64.325 0.0000000000
48764  9.180  -36.518  63.484 0.0000000000
47650  9.410  -37.399  63.332 0.0000000000
132587  10.197  -37.650  63.089 0.0000000000
53294  26.304  -32.061  57.946 0.0000000000
54344  26.688  -31.249  57.980 0.0000000000
54307  27.816  -31.299  59.046 0.0000000000
54306  28.244  -31.241  59.822 0.0000000000
55246  28.387  -30.480  60.165 0.0000000000
53244  28.924  -31.908  61.123 0.0000000000
142149  29.348  -31.785  61.712 0.0000000000
73229  38.158  -12.602  55.280 0.0000000000
127907  39.632  -12.283  53.110 0.0000000000
69345  38.660  -16.312  51.756 0.0000000000
70331  39.137  -15.765  51.374 0.0000000000
69344  39.452  -16.388  51.690 0.0000000000
69343  40.192  -16.420  51.656 0.0000000000
133223  40.943  -16.459  51.702 0.0000000000
64131  33.629  -21.647  52.774 0.0000000000
63101  34.519  -22.643  52.811 0.0000000000
62084  35.685  -23.639  53.807 0.0000000000
61108  35.122  -23.915  53.651 0.0000000000
142329  34.975  -24.330  54.092 0.0000000000
64091  30.346  -21.435  56.302 0.0000000000
64108  30.625  -21.948  55.623 0.0000000000
60105  31.024  -25.885  54.663 0.0000000000
136404  33.113  -25.536  54.762 0.0000000000
60092  33.405  -25.682  55.351 0.0000000000
48799  21.559  -35.751  61.675 0.0000000000
49945  22.312  -35.759  61.872 0.0000000000
48781  21.612  -36.045  62.278 0.0000000000
48756  22.314  -36.513  63.377 0.0000000000
68241  32.771  -17.108  55.724 0.0000000000
69286  33.240  -16.437  54.582 0.0000000000
45499  7.796  -39.892  67.138 0.0000000000
45476  7.876  -39.744  68.105 0.0000000000
131376  7.307  -40.178  67.719 0.0000000000
44356  7.123  -40.116  68.542 0.0000000000
40043  1.345  -44.044  70.675 0.0000000000
41128  1.786  -43.828  71.119 0.0000000000
40035  1.190  -44.219  71.301 0.0000000000
40022  0.997  -44.303  72.035 0.0000000000
134554  0.460  -44.654  72.216 0.0000000000
39024  -0.615  -45.462  72.382 0.0000000000
45412  -0.724  -39.060  71.318 0.0000000000
44337  -1.360  -40.629  70.571 0.0000000000
129638  -3.502  -43.508  71.446 0.0000000000
42157  -3.110  -43.269  70.945 0.0000000000
41149  -3.330  -44.011  70.989 0.0000000000
40048  -3.012  -44.490  70.746 0.0000000000
39031  -2.620  -45.811  71.087 0.0000000000
38184  -2.578  -46.847  72.107 0.0000000000
119993  -5.612  -45.940  73.703 0.0000000000
37209  -5.872  -47.519  74.077 0.0000000000
38174  -6.544  -47.063  75.161 0.0000000000
52259  19.050  -33.191  59.203 0.0000000000
51157  19.487  -34.169  59.302 0.0000000000
51158  18.659  -34.080  59.629 0.0000000000
141687  18.528  -34.621  60.175 0.0000000000
51058  16.978  -34.347  62.488 0.0000000000
48739  18.626  -36.183  64.565 0.0000000000
48759  18.030  -35.549  64.139 0.0000000000
133375  13.402  -34.611  62.845 0.0000000000
48761  14.204  -36.270  63.280 0.0000000000
46570  14.613  -38.293  66.603 0.0000000000
47615  14.539  -37.392  65.239 0.0000000000
47595  15.322  -37.427  66.675 0.0000000000
65149  37.084  -20.226  54.105 0.0000000000
133423  38.579  -21.082  54.570 0.0000000000
63024  22.366  -22.815  59.063 0.0000000000
63035  23.044  -22.360  58.652 0.0000000000
63044  23.288  -22.510  57.747 0.0000000000
122895  23.002  -23.339  57.121 0.0000000000
61071  23.597  -25.022  56.671 0.0000000000
57119  24.193  -27.896  60.134 0.0000000000
58999  26.070  -25.940  61.328 0.0000000000
61053  25.324  -24.712  58.740 0.0000000000
61052  25.931  -24.495  58.778 0.0000000000
60060  26.586  -24.666  58.324 0.0000000000
60046  27.352  -24.578  58.630 0.0000000000
49891  25.401  -35.767  63.209 0.0000000000
49917  25.437  -35.478  62.626 0.0000000000
118919  25.978  -35.502  63.094 0.0000000000
49890  26.573  -35.495  63.591 0.0000000000
49889  27.293  -35.285  63.867 0.0000000000
74284  46.922  -11.326  50.432 0.0000000000
123845  42.078  -12.213  51.155 0.0000000000
73252  42.593  -12.624  50.688 0.0000000000
128793  43.204  -13.088  50.333 0.0000000000
70347  45.266  -15.187  49.895 0.0000000000
71306  46.291  -14.243  49.254 0.0000000000
70346  46.157  -15.169  49.560 0.0000000000
48721  7.803  -36.293  64.692 0.0000000000
49852  6.924  -35.871  65.847 0.0000000000
49850  8.310  -35.699  64.690 0.0000000000
68267  39.915  -16.746  53.390 0.0000000000
68268  39.091  -16.971  54.006 0.0000000000
55267  24.533  -30.910  58.291 0.0000000000
55301  24.711  -31.038  57.731 0.0000000000
54358  25.075  -31.526  57.570 0.0000000000
53295  25.090  -32.642  57.810 0.0000000000
53316  25.510  -32.134  57.671 0.0000000000
53263  26.576  -32.609  58.758 0.0000000000
52254  27.022  -32.923  59.716 0.0000000000
52233  27.332  -33.243  60.501 0.0000000000
72256  35.773  -13.957  54.376 0.0000000000
72262  35.638  -14.283  53.666 0.0000000000
120722  37.176  -13.599  53.190 0.0000000000
72266  37.637  -13.748  52.514 0.0000000000
72273  37.638  -14.306  51.961 0.0000000000
70323  37.137  -15.764  51.958 0.0000000000
142427  37.712  -15.675  51.751 0.0000000000
35213  -3.741  -49.433  75.345 0.0000000000
66205  32.633  -19.094  54.084 0.0000000000
143850  32.365  -20.795  53.847 0.0000000000
62086  29.110  -23.673  54.434 0.0000000000
132996  29.556  -24.416  54.281 0.0000000000
60107  29.344  -25.333  54.599 0.0000000000
60106  30.226  -25.602  54.575 0.0000000000
59090  31.560  -26.529  55.722 0.0000000000
59056  31.656  -26.825  57.986 0.0000000000
48737  20.832  -36.810  64.089 0.0000000000
48736  21.786  -36.837  64.119 0.0000000000
47629  21.245  -37.141  64.813 0.0000000000
67219  32.456  -18.573  55.411 0.0000000000
43199  5.935  -41.051  67.667 0.0000000000
43220  5.136  -41.406  67.547 0.0000000000
43201  4.597  -41.806  68.101 0.0000000000
41178  1.998  -43.062  68.930 0.0000000000
41147  1.103  -43.990  70.048 0.0000000000
40057  0.276  -44.133  69.926 0.0000000000
41110  -3.881  -43.343  72.155 0.0000000000
41129  -4.089  -44.072  72.120 0.0000000000
40025  -4.370  -44.616  72.319 0.0000000000
121197  -4.917  -42.934  74.229 0.0000000000
40010  -5.370  -44.489  73.957 0.0000000000
54292  17.346  -31.747  60.545 0.0000000000
53250  17.228  -32.398  60.175 0.0000000000
54293  16.770  -32.096  60.590 0.0000000000
51059  16.439  -34.263  63.216 0.0000000000
47647  12.375  -37.656  63.166 0.0000000000
47661  12.975  -37.231  62.919 0.0000000000
46621  12.892  -37.819  63.644 0.0000000000
46606  13.454  -37.898  64.385 0.0000000000
46572  12.798  -38.674  66.055 0.0000000000
46571  13.475  -38.635  66.143 0.0000000000
118695  14.026  -38.403  65.929 0.0000000000
63081  38.529  -22.443  54.763 0.0000000000
62030  21.504  -24.080  59.193 0.0000000000
61054  21.528  -24.811  58.772 0.0000000000
58075  26.810  -27.937  59.805 0.0000000000
137503  26.736  -26.771  61.071 0.0000000000
141748  26.411  -25.174  61.553 0.0000000000
132147  41.913  -14.689  50.556 0.0000000000
71299  42.717  -14.832  50.504 0.0000000000
35216  -7.520  -49.640  75.319 0.0000000000
136867  31.024  -21.148  56.990 0.0000000000
65128  28.509  -20.769  56.717 0.0000000000
64110  28.663  -21.802  55.702 0.0000000000
63069  28.131  -22.534  55.252 0.0000000000
62069  27.466  -23.179  55.125 0.0000000000
64095  26.775  -21.986  56.130 0.0000000000
61098  27.154  -24.667  54.964 0.0000000000
60110  26.750  -25.290  55.352 0.0000000000
45496  10.296  -38.958  67.405 0.0000000000
45497  9.360  -39.159  67.273 0.0000000000
131994  8.580  -39.487  66.769 0.0000000000
45521  7.977  -39.685  66.272 0.0000000000
44399  7.245  -40.075  66.462 0.0000000000
44400  6.415  -40.392  66.556 0.0000000000
47616  7.032  -37.396  64.933 0.0000000000
46613  7.065  -38.271  64.875 0.0000000000
46594  6.617  -38.735  65.347 0.0000000000
46595  6.033  -38.425  65.763 0.0000000000
45543  6.106  -39.219  65.803 0.0000000000
143977  5.005  -40.676  66.746 0.0000000000
44402  4.561  -40.465  66.865 0.0000000000
140248  3.916  -40.411  67.207 0.0000000000
45500  3.495  -39.973  67.461 0.0000000000
45501  2.889  -40.248  67.942 0.0000000000
45478  1.958  -39.804  68.852 0.0000000000
54246  14.141  -31.965  63.847 0.0000000000
52174  12.817  -33.560  64.022 0.0000000000
51061  13.065  -34.030  63.172 0.0000000000
51063  11.108  -35.095  64.038 0.0000000000
49871  10.398  -35.368  63.930 0.0000000000
49926  11.276  -35.985  62.761 0.0000000000
48788  11.754  -36.572  62.601 0.0000000000
47662  12.139  -37.220  62.749 0.0000000000
47648  11.715  -37.753  63.074 0.0000000000
46608  11.668  -38.429  64.445 0.0000000000
138402  10.547  -38.180  63.536 0.0000000000
143606  10.904  -38.427  64.102 0.0000000000
45537  11.425  -38.599  65.443 0.0000000000
139002  11.261  -38.672  66.190 0.0000000000
45518  10.792  -38.775  66.726 0.0000000000
57102  24.098  -28.320  60.493 0.0000000000
142604  26.137  -28.526  59.193 0.0000000000
56206  25.565  -29.919  58.487 0.0000000000
57116  26.658  -28.487  59.290 0.0000000000
137668  27.145  -28.553  59.453 0.0000000000
57099  27.996  -28.934  60.264 0.0000000000
56173  28.452  -29.670  60.706 0.0000000000
56155  28.671  -29.359  61.419 0.0000000000
73238  40.380  -12.087  52.491 0.0000000000
73237  41.042  -11.927  51.974 0.0000000000
72269  41.200  -12.535  51.265 0.0000000000
72279  41.151  -13.403  50.788 0.0000000000
71300  41.179  -14.283  50.642 0.0000000000
72281  39.961  -14.011  50.999 0.0000000000
65154  36.725  -21.121  53.730 0.0000000000
64121  36.864  -21.961  53.718 0.0000000000
64123  34.961  -20.998  53.038 0.0000000000
63092  37.286  -22.634  53.985 0.0000000000
62067  37.635  -23.523  55.280 0.0000000000
62083  36.284  -23.638  54.276 0.0000000000
62068  36.773  -23.838  55.091 0.0000000000
64119  31.450  -21.997  54.508 0.0000000000
62101  32.883  -23.774  52.838 0.0000000000
62104  30.610  -23.443  53.799 0.0000000000
61113  31.136  -24.191  53.559 0.0000000000
119476  31.971  -24.026  53.100 0.0000000000
60091  34.598  -25.121  55.144 0.0000000000
60090  35.249  -24.965  55.675 0.0000000000
51154  22.769  -34.636  59.609 0.0000000000
49962  23.397  -35.240  60.963 0.0000000000
118925  24.082  -35.623  62.070 0.0000000000
49918  23.094  -35.849  62.249 0.0000000000
49892  24.680  -35.842  62.874 0.0000000000
70302  34.109  -15.349  54.268 0.0000000000
70303  33.619  -15.948  54.214 0.0000000000
45458  7.913  -39.609  68.981 0.0000000000
45459  2.208  -39.116  69.190 0.0000000000
44347  1.443  -40.214  68.974 0.0000000000
45435  1.157  -38.936  70.015 0.0000000000
45461  0.914  -39.743  69.601 0.0000000000
127471  0.653  -41.340  68.845 0.0000000000
43204  0.146  -41.952  68.874 0.0000000000
43184  -0.530  -41.706  69.324 0.0000000000
42209  0.010  -42.636  69.033 0.0000000000
41167  -0.468  -43.057  69.264 0.0000000000
40058  -0.554  -44.192  69.888 0.0000000000
44323  -2.347  -40.558  71.891 0.0000000000
43169  -2.315  -41.940  70.597 0.0000000000
40059  -1.274  -44.250  69.960 0.0000000000
39029  -0.726  -45.361  71.609 0.0000000000
39025  -1.082  -45.911  72.680 0.0000000000
36189  -3.305  -48.883  75.048 0.0000000000
38193  -4.342  -46.091  72.148 0.0000000000
38186  -4.243  -46.909  72.304 0.0000000000
36239  -3.896  -48.044  73.044 0.0000000000
35231  -3.870  -49.249  74.640 0.0000000000
35232  -5.156  -49.617  74.330 0.0000000000
36209  -5.850  -48.392  74.206 0.0000000000
128716  -5.747  -49.037  74.287 0.0000000000
35233  -5.947  -49.447  74.535 0.0000000000
39966  -6.423  -44.515  76.040 0.0000000000
38168  -6.891  -46.286  75.994 0.0000000000
36191  -8.115  -48.622  75.932 0.0000000000
53296  22.024  -32.459  58.236 0.0000000000
52278  22.261  -33.224  58.162 0.0000000000
51172  21.752  -33.789  58.557 0.0000000000
52279  21.392  -33.170  58.392 0.0000000000
51155  21.391  -34.395  59.065 0.0000000000
49978  21.042  -34.897  59.677 0.0000000000
49964  20.621  -35.278  60.369 0.0000000000
48782  20.184  -36.165  62.584 0.0000000000
52236  17.316  -33.252  60.124 0.0000000000
49950  18.120  -35.089  61.749 0.0000000000
49949  18.704  -35.297  61.419 0.0000000000
49919  19.175  -35.648  61.843 0.0000000000
118637  19.985  -36.626  64.008 0.0000000000
53209  14.302  -32.152  63.235 0.0000000000
138420  14.696  -32.472  62.795 0.0000000000
51083  14.186  -34.122  62.921 0.0000000000
51082  15.064  -33.569  62.886 0.0000000000
130474  15.730  -34.429  63.636 0.0000000000
49870  16.467  -34.959  64.648 0.0000000000
48762  13.679  -36.773  63.047 0.0000000000
47645  14.062  -36.887  63.624 0.0000000000
49847  16.816  -35.200  65.029 0.0000000000
66202  37.946  -19.060  54.744 0.0000000000
139570  38.280  -19.622  54.730 0.0000000000
63080  39.174  -22.269  55.144 0.0000000000
64066  25.097  -21.367  58.037 0.0000000000
136921  24.907  -22.733  56.084 0.0000000000
63043  23.661  -22.660  56.914 0.0000000000
63054  24.074  -22.888  56.304 0.0000000000
134595  26.004  -25.210  55.565 0.0000000000
59094  26.785  -25.685  55.749 0.0000000000
59000  21.641  -26.401  60.797 0.0000000000
135831  21.678  -26.167  60.027 0.0000000000
60050  21.768  -25.822  59.349 0.0000000000
60065  21.870  -25.421  58.588 0.0000000000
60078  22.366  -25.253  57.898 0.0000000000
59017  24.517  -25.507  60.059 0.0000000000
60077  23.098  -25.174  57.275 0.0000000000
60086  23.795  -25.248  56.969 0.0000000000
60085  25.280  -25.393  56.426 0.0000000000
59085  26.853  -25.797  56.298 0.0000000000
59070  28.685  -26.132  57.518 0.0000000000
59059  29.173  -26.049  58.135 0.0000000000
59039  29.854  -25.991  58.865 0.0000000000
134322  23.547  -34.372  59.411 0.0000000000
51132  24.365  -34.518  60.037 0.0000000000
51131  25.313  -34.298  60.286 0.0000000000
49942  25.595  -35.042  61.935 0.0000000000
51106  25.467  -34.681  61.104 0.0000000000
51130  26.060  -34.178  60.741 0.0000000000
52216  26.701  -33.945  61.080 0.0000000000
52215  27.415  -33.617  61.216 0.0000000000
52214  28.207  -33.326  61.498 0.0000000000
49888  28.038  -34.978  64.126 0.0000000000
51079  28.092  -34.196  62.791 0.0000000000
52196  28.541  -33.581  62.230 0.0000000000
52213  28.826  -33.040  61.760 0.0000000000
53215  29.730  -32.112  62.375 0.0000000000
74275  42.447  -11.456  51.611 0.0000000000
74267  43.211  -10.850  51.773 0.0000000000
138388  43.935  -10.970  51.358 0.0000000000
74273  44.561  -11.104  51.060 0.0000000000
122366  43.144  -14.082  50.280 0.0000000000
131869  43.851  -12.812  50.216 0.0000000000
74286  44.974  -11.616  50.573 0.0000000000
140100  45.638  -11.940  50.177 0.0000000000
73261  46.679  -12.401  49.711 0.0000000000
72287  47.543  -13.290  49.032 0.0000000000
45474  9.288  -39.244  68.717 0.0000000000
47596  14.603  -37.813  65.880 0.0000000000
48779  22.954  -36.277  62.912 0.0000000000
49915  27.061  -35.074  63.250 0.0000000000
49944  23.373  -35.530  61.622 0.0000000000
52300  23.501  -32.785  57.768 0.0000000000
53293  26.940  -31.912  58.347 0.0000000000
53317  23.944  -32.223  57.620 0.0000000000
54348  20.711  -32.048  58.957 0.0000000000
60083  33.763  -25.808  56.022 0.0000000000
61037  21.365  -24.750  59.526 0.0000000000
62089  26.862  -23.897  55.069 0.0000000000
62099  35.348  -23.270  53.332 0.0000000000
63086  28.079  -23.246  54.878 0.0000000000
64067  24.440  -21.629  58.159 0.0000000000
131513  34.614  -15.956  53.256 0.0000000000
132014  -2.366  -47.649  74.017 0.0000000000
134090  24.731  -32.187  57.585 0.0000000000
136464  26.405  -25.448  55.648 0.0000000000
140408  0.233  -44.677  70.885 0.0000000000
141242  5.816  -40.360  66.451 0.0000000000
142905  27.027  -33.610  60.800 0.0000000000
142935  26.064  -33.023  58.801 0.0000000000
143460  22.882  -35.637  61.773 0.0000000000
