#!ascii label  , from subject sub-v1s5x0050724_ses-1 vox2ras=TkReg
1916
14208  47.687  -72.876  7.561 0.2000000030
15171  47.394  -71.228  8.024 0.2000000030
139898  48.267  -72.064  6.667 0.2000000030
14198  47.164  -72.797  8.480 0.2000000030
120962  48.485  -72.617  4.984 0.1000000015
16123  46.858  -71.123  8.801 0.3000000119
15175  47.926  -71.600  7.328 0.2000000030
14214  48.055  -72.828  6.806 0.1000000015
13287  47.596  -73.291  6.941 0.2000000030
135717  48.511  -71.641  5.872 0.1000000015
14213  48.323  -72.569  5.866 0.1000000015
15194  48.649  -71.978  5.076 0.1000000015
16164  49.362  -70.641  3.643 0.1000000015
120135  48.885  -72.199  4.085 0.1000000015
119656  49.383  -69.192  2.266 0.1000000015
15211  49.326  -71.417  3.275 0.1000000015
16163  49.446  -70.688  2.587 0.1000000015
17898  49.108  -68.330  1.873 0.2000000030
16199  48.999  -70.372  1.830 0.1000000015
132497  48.871  -68.617  6.036 0.1000000015
17864  49.131  -68.688  4.751 0.1000000015
16136  48.236  -70.973  6.565 0.2000000030
17020  49.221  -69.712  4.261 0.1000000015
121508  48.417  -70.215  6.117 0.1000000015
16135  48.601  -70.802  5.673 0.1000000015
17881  49.526  -68.795  3.213 0.1000000015
17897  49.477  -68.064  2.275 0.1000000015
18835  48.271  -66.790  1.048 0.2000000030
18834  48.895  -67.035  1.453 0.2000000030
18836  47.385  -66.777  0.617 0.1000000015
17899  48.722  -68.357  1.804 0.2000000030
18850  46.379  -66.846  -0.004 0.2000000030
18851  45.664  -67.030  -0.474 0.1000000015
17937  44.873  -67.353  -0.368 0.1000000015
17863  49.284  -67.884  4.228 0.1000000015
17019  49.553  -69.897  2.817 0.1000000015
127180  46.469  -66.178  1.103 0.2000000030
137645  45.470  -66.306  1.745 0.2000000030
19762  44.443  -66.466  2.139 0.2000000030
137032  44.895  -66.546  0.697 0.2000000030
19786  43.909  -66.678  0.778 0.1000000015
17938  43.831  -67.558  -0.271 0.2000000030
137148  49.577  -67.850  3.149 0.1000000015
19730  49.487  -66.628  3.480 0.1000000015
18818  49.583  -67.295  2.800 0.1000000015
19781  49.131  -66.728  1.899 0.2000000030
19732  47.360  -65.660  3.215 0.2000000030
19761  47.291  -65.981  1.585 0.3000000119
125431  43.396  -66.572  2.243 0.3000000119
19800  43.381  -67.150  0.044 0.2000000030
18852  42.916  -67.571  -0.045 0.2000000030
134582  43.358  -68.767  3.085 0.2000000030
19733  46.142  -66.035  2.968 0.3000000119
19782  48.599  -66.537  1.521 0.2000000030
120965  43.926  -66.500  3.525 0.3000000119
122582  42.988  -66.554  3.425 0.3000000119
19736  42.185  -66.466  4.014 0.3000000119
19787  42.790  -66.801  0.843 0.2000000030
17920  42.704  -68.325  0.933 0.2000000030
17903  42.536  -68.607  2.219 0.2000000030
133677  41.878  -65.900  6.511 0.4000000060
19713  43.681  -66.382  5.423 0.3000000119
19714  42.686  -66.407  5.280 0.3000000119
120451  44.942  -66.356  3.404 0.2000000030
19763  42.186  -66.638  2.162 0.3000000119
18853  42.279  -67.793  0.245 0.2000000030
19788  41.807  -66.985  0.813 0.2000000030
17921  41.906  -68.288  1.295 0.2000000030
20603  40.753  -65.109  6.412 0.3000000119
19693  41.528  -65.964  5.896 0.3000000119
123981  41.495  -66.373  2.696 0.2000000030
19789  40.979  -67.098  1.139 0.2000000030
19764  41.008  -66.692  1.375 0.2000000030
18820  40.315  -66.981  1.459 0.1000000015
19802  41.755  -67.553  0.665 0.2000000030
17905  40.797  -68.002  2.114 0.2000000030
18838  40.960  -67.613  1.124 0.2000000030
17904  41.618  -68.466  2.498 0.2000000030
22453  40.260  -63.839  6.231 0.3000000119
20627  40.816  -65.324  5.329 0.3000000119
131730  41.019  -65.573  5.875 0.3000000119
22466  40.601  -63.969  4.969 0.2000000030
21598  40.668  -64.851  4.459 0.3000000119
19737  41.390  -66.138  3.920 0.3000000119
19738  40.744  -66.069  2.048 0.1000000015
123979  40.411  -65.271  2.031 0.1000000015
19790  39.821  -66.261  1.763 0.1000000015
19765  40.162  -66.337  1.668 0.1000000015
21614  40.342  -64.366  2.161 0.1000000015
18819  40.208  -67.460  2.385 0.1000000015
23392  40.086  -62.888  6.333 0.3000000119
23411  40.628  -63.031  5.399 0.2000000030
24313  41.486  -61.513  5.263 0.2000000030
24312  42.049  -61.074  4.961 0.2000000030
25272  42.325  -60.419  5.127 0.1000000015
23410  41.359  -62.358  4.877 0.1000000015
24332  42.064  -61.749  4.511 0.1000000015
22483  40.784  -64.095  3.399 0.1000000015
139723  40.654  -64.907  3.087 0.1000000015
20677  39.876  -65.533  1.687 0.1000000015
131534  39.465  -65.846  2.047 0.1000000015
24314  40.645  -62.050  5.801 0.2000000030
25291  42.728  -61.017  4.393 0.1000000015
23428  42.658  -61.911  3.418 0.1000000015
23429  41.878  -62.556  3.813 0.1000000015
23445  42.163  -62.580  2.534 0.1000000015
22482  41.427  -63.217  2.953 0.1000000015
23446  41.579  -62.818  1.968 0.1000000015
22507  40.293  -63.846  2.137 0.1000000015
22498  40.813  -63.502  2.222 0.1000000015
24346  43.318  -61.631  2.532 0.1000000015
23458  40.113  -63.675  2.079 0.1000000015
21615  39.685  -64.736  2.009 0.1000000015
25290  43.539  -60.553  3.953 0.1000000015
125518  48.878  -69.298  5.338 0.1000000015
18837  46.472  -67.135  0.007 0.1000000015
20450  42.520  -65.427  18.818 0.5000000000
21398  42.751  -63.770  20.368 0.5000000000
20431  42.270  -64.567  19.443 0.5000000000
20451  41.697  -65.280  18.619 0.5000000000
20473  41.045  -65.693  17.860 0.5000000000
20406  41.993  -64.457  21.543 0.2000000030
131066  43.050  -65.084  21.587 0.2000000030
20405  43.015  -63.888  21.444 0.3000000119
21387  42.993  -63.355  21.019 0.5000000000
21399  42.027  -63.661  20.038 0.5000000000
21400  41.285  -63.533  19.755 0.5000000000
21410  41.512  -64.476  19.196 0.5000000000
21411  40.718  -64.445  18.894 0.5000000000
125062  41.052  -65.087  18.520 0.5000000000
20474  40.781  -65.926  17.022 0.5000000000
124176  40.207  -65.584  17.390 0.5000000000
19536  41.514  -66.149  17.129 0.5000000000
142062  43.170  -67.026  16.034 0.5000000000
21373  41.507  -63.457  21.482 0.3000000119
22272  42.343  -63.102  20.870 0.5000000000
21412  39.757  -64.494  18.503 0.5000000000
20453  39.700  -65.184  17.792 0.5000000000
19548  41.061  -66.161  16.197 0.5000000000
19574  45.918  -66.665  14.333 0.4000000060
119203  45.267  -66.863  13.794 0.5000000000
143578  44.796  -67.218  15.086 0.5000000000
120353  43.230  -67.074  15.241 0.5000000000
19561  42.577  -66.794  15.828 0.5000000000
19573  47.154  -65.947  14.313 0.4000000060
19463  41.119  -65.410  21.323 0.3000000119
122738  40.712  -63.679  21.567 0.4000000060
123429  40.934  -62.832  21.421 0.4000000060
22291  40.913  -62.539  20.565 0.5000000000
122041  40.135  -62.533  19.871 0.5000000000
21401  40.415  -63.479  19.418 0.5000000000
22292  39.494  -63.404  19.114 0.5000000000
21413  38.818  -64.174  18.334 0.5000000000
21430  39.024  -64.868  17.756 0.5000000000
20485  39.341  -65.616  15.920 0.5000000000
19563  41.031  -66.187  15.162 0.6000000238
19576  43.744  -67.130  14.428 0.5000000000
135720  42.464  -66.738  15.136 0.5000000000
19578  41.867  -66.438  14.606 0.5000000000
121348  48.580  -65.255  13.970 0.4000000060
125779  38.518  -69.930  19.371 0.1000000015
18636  37.785  -68.019  19.679 0.1000000015
18613  37.206  -67.596  19.909 0.1000000015
18635  38.532  -67.780  19.723 0.1000000015
18612  37.979  -67.208  19.861 0.1000000015
18611  38.838  -66.984  20.113 0.1000000015
19473  38.238  -66.366  20.233 0.1000000015
19471  40.672  -66.348  20.829 0.2000000030
123013  39.891  -66.061  20.742 0.1000000015
20407  40.952  -64.499  21.511 0.3000000119
22274  40.915  -62.336  21.110 0.5000000000
20408  40.093  -64.498  21.400 0.4000000060
23195  40.082  -61.987  20.611 0.4000000060
22302  38.543  -63.245  18.822 0.5000000000
21414  37.942  -63.975  18.035 0.5000000000
141405  38.375  -64.513  17.673 0.5000000000
20484  40.209  -65.903  15.604 0.5000000000
19577  42.797  -66.856  14.475 0.5000000000
19596  44.288  -67.050  13.742 0.5000000000
19595  47.409  -65.445  13.531 0.4000000060
19592  49.965  -65.631  13.766 0.5000000000
14958  37.896  -71.450  21.453 0.1000000015
14974  37.656  -70.923  20.405 0.1000000015
15970  37.667  -70.395  19.848 0.1000000015
128215  37.873  -69.879  19.571 0.1000000015
16865  38.090  -69.292  19.471 0.1000000015
18637  37.211  -68.287  19.833 0.1000000015
126976  36.648  -68.137  20.169 0.1000000015
16838  37.283  -69.719  19.926 0.1000000015
17723  36.983  -68.936  19.968 0.1000000015
134585  37.343  -66.729  20.073 0.1000000015
22275  37.781  -62.213  20.946 0.2000000030
22276  36.522  -62.600  20.715 0.2000000030
18610  39.781  -66.920  20.402 0.1000000015
19472  39.139  -66.181  20.507 0.1000000015
20421  38.530  -65.351  20.668 0.1000000015
21390  37.902  -63.573  20.936 0.2000000030
20420  39.526  -65.348  20.940 0.2000000030
21388  39.217  -64.430  21.213 0.1000000015
21375  38.934  -63.434  21.337 0.2000000030
22263  38.721  -62.438  21.234 0.2000000030
23176  37.177  -61.499  20.658 0.2000000030
21374  39.952  -63.356  21.528 0.2000000030
22261  40.269  -62.317  21.303 0.3000000119
126252  39.423  -61.695  20.512 0.3000000119
23196  38.816  -61.463  20.092 0.4000000060
22293  39.343  -62.178  19.780 0.5000000000
19579  41.003  -66.112  14.249 0.5000000000
20552  40.905  -65.225  11.867 0.5000000000
20532  40.600  -65.451  12.580 0.5000000000
20513  40.301  -65.558  13.222 0.5000000000
19621  42.188  -66.399  12.266 0.5000000000
19598  41.820  -66.298  13.079 0.5000000000
19599  40.974  -65.956  13.282 0.5000000000
21431  38.430  -64.895  17.033 0.5000000000
124715  43.747  -66.917  13.055 0.5000000000
141401  43.149  -66.805  13.076 0.5000000000
121693  42.327  -66.572  13.799 0.5000000000
20514  39.695  -65.394  13.545 0.5000000000
135478  46.268  -66.247  13.479 0.5000000000
129212  41.603  -66.265  13.813 0.5000000000
134823  40.270  -65.875  14.732 0.6000000238
120352  43.227  -66.902  13.676 0.5000000000
19594  48.152  -64.976  13.202 0.4000000060
14944  37.590  -70.959  22.351 0.1000000015
15934  37.313  -70.674  21.374 0.1000000015
131631  36.542  -69.754  22.192 0.1000000015
16818  35.974  -69.162  23.118 0.1000000015
15951  37.174  -70.222  20.476 0.1000000015
15935  36.761  -70.008  21.328 0.1000000015
16839  36.751  -69.494  20.521 0.1000000015
17706  35.995  -67.949  20.668 0.1000000015
123339  36.457  -67.242  20.277 0.1000000015
19474  36.646  -66.333  20.293 0.1000000015
20423  36.628  -65.372  20.440 0.1000000015
130528  37.523  -65.826  20.345 0.1000000015
125790  36.022  -64.512  20.537 0.2000000030
127096  36.850  -63.474  20.706 0.2000000030
20422  37.671  -64.822  20.620 0.1000000015
21391  37.008  -64.372  20.595 0.2000000030
23174  38.983  -61.596  20.683 0.3000000119
140789  37.660  -61.199  20.466 0.2000000030
23175  38.140  -61.436  20.581 0.2000000030
23212  38.279  -62.195  19.312 0.4000000060
23197  38.015  -61.266  19.719 0.3000000119
22303  37.574  -63.107  18.410 0.4000000060
23213  37.290  -62.127  18.784 0.4000000060
21518  39.944  -64.049  11.905 0.5000000000
22374  39.132  -63.592  12.275 0.5000000000
21483  39.118  -64.931  13.164 0.5000000000
24199  39.315  -61.320  12.222 0.5000000000
135244  38.402  -61.921  12.344 0.5000000000
121165  38.414  -62.883  12.420 0.5000000000
21499  38.683  -64.250  12.846 0.5000000000
20515  38.921  -65.252  13.952 0.6000000238
21432  37.771  -64.387  17.174 0.5000000000
23303  37.743  -62.403  12.707 0.5000000000
22375  37.773  -63.218  12.871 0.5000000000
22361  37.950  -63.951  13.172 0.6000000238
20506  38.955  -65.435  14.639 0.5000000000
20486  38.407  -65.204  16.113 0.5000000000
21476  38.219  -65.083  14.563 0.5000000000
20497  38.698  -65.396  15.280 0.5000000000
18701  50.533  -66.517  13.317 0.4000000060
19615  50.499  -65.757  12.820 0.4000000060
19571  49.361  -65.774  14.605 0.4000000060
17675  34.780  -68.005  23.631 0.1000000015
17684  35.495  -68.553  22.652 0.1000000015
18585  34.710  -67.321  22.371 0.1000000015
16826  36.286  -69.302  21.326 0.1000000015
16827  35.967  -69.074  22.209 0.1000000015
143252  35.521  -68.395  21.927 0.1000000015
18602  35.016  -67.263  21.757 0.1000000015
17696  35.837  -68.566  21.303 0.1000000015
18601  35.460  -67.718  21.355 0.1000000015
19464  35.216  -66.865  21.236 0.1000000015
19475  36.061  -66.659  20.478 0.1000000015
136603  35.579  -66.400  20.745 0.1000000015
20424  35.591  -65.519  20.638 0.1000000015
21392  35.009  -64.171  20.701 0.2000000030
22277  35.434  -63.067  20.634 0.2000000030
23177  35.867  -62.033  20.665 0.2000000030
25135  40.584  -61.252  15.866 0.2000000030
134996  37.760  -61.019  20.283 0.2000000030
26117  40.669  -61.055  15.568 0.2000000030
26108  38.701  -60.329  15.435 0.2000000030
26109  37.703  -60.154  15.642 0.2000000030
24120  37.653  -60.780  19.908 0.2000000030
133797  40.306  -60.276  15.342 0.2000000030
26128  38.649  -60.285  14.957 0.2000000030
120149  37.737  -60.654  15.091 0.2000000030
25144  37.294  -60.794  15.157 0.2000000030
26120  37.011  -60.302  15.775 0.3000000119
25145  36.697  -60.839  15.841 0.2000000030
24163  36.400  -61.700  15.827 0.4000000060
27179  38.849  -59.210  14.182 0.2000000030
26129  38.207  -60.074  14.307 0.3000000119
26130  37.717  -60.547  14.379 0.3000000119
25151  37.330  -60.900  14.580 0.4000000060
25152  36.879  -61.204  15.079 0.3000000119
23254  36.342  -62.606  16.161 0.5000000000
140545  36.471  -62.376  17.461 0.4000000060
22304  36.765  -62.771  17.890 0.5000000000
26171  38.846  -59.573  13.092 0.5000000000
25180  38.304  -60.244  12.924 0.4000000060
25181  37.767  -60.716  13.101 0.4000000060
25161  38.107  -60.083  13.559 0.4000000060
24183  37.292  -61.443  13.529 0.4000000060
23282  36.660  -62.375  14.402 0.5000000000
23269  36.426  -62.493  15.244 0.5000000000
22312  37.082  -63.632  17.357 0.5000000000
24200  37.710  -61.532  12.784 0.5000000000
141737  37.309  -62.040  13.113 0.5000000000
22362  37.300  -63.561  13.639 0.5000000000
142238  37.641  -64.205  13.786 0.5000000000
21466  38.012  -65.085  15.340 0.5000000000
121388  37.626  -64.731  15.809 0.5000000000
21447  37.850  -64.732  16.508 0.5000000000
18575  33.861  -67.374  25.117 0.1000000015
126294  34.395  -67.934  24.959 0.1000000015
18574  34.238  -67.521  24.157 0.1000000015
19444  33.412  -66.196  23.627 0.1000000015
19448  34.239  -66.696  22.612 0.1000000015
19449  33.686  -66.080  22.893 0.1000000015
130697  34.530  -65.809  21.511 0.1000000015
20409  34.132  -65.225  21.627 0.1000000015
20425  34.800  -65.203  21.014 0.1000000015
124549  34.108  -63.892  21.139 0.2000000030
22278  34.581  -63.384  20.785 0.2000000030
24103  37.233  -60.909  20.391 0.2000000030
26106  40.447  -61.148  16.186 0.1000000015
26107  39.725  -60.670  15.877 0.2000000030
26093  40.694  -60.279  16.964 0.1000000015
27133  39.870  -60.140  16.551 0.1000000015
27149  38.956  -59.935  16.231 0.1000000015
27150  38.124  -59.424  16.218 0.1000000015
24135  37.001  -61.250  19.071 0.3000000119
25136  36.524  -60.112  16.524 0.1000000015
24155  36.345  -60.974  16.636 0.1000000015
23214  36.521  -61.989  18.050 0.2000000030
22349  36.576  -63.110  14.735 0.5000000000
122681  36.496  -63.246  15.532 0.5000000000
131390  36.598  -63.425  16.346 0.5000000000
135142  36.873  -63.541  14.332 0.5000000000
21449  37.115  -64.265  15.573 0.5000000000
22320  36.762  -63.826  15.749 0.5000000000
126999  37.225  -64.100  14.322 0.5000000000
18562  33.677  -67.324  26.024 0.1000000015
19427  32.808  -66.239  25.717 0.1000000015
19441  32.828  -66.109  24.987 0.1000000015
123848  33.474  -66.671  24.408 0.1000000015
19445  32.936  -65.847  24.124 0.1000000015
20385  32.382  -65.364  24.664 0.1000000015
20389  33.113  -65.553  23.292 0.1000000015
21364  33.039  -64.292  22.289 0.1000000015
21365  32.462  -64.060  22.855 0.1000000015
21377  33.703  -64.484  21.690 0.1000000015
22265  33.328  -63.541  21.681 0.2000000030
23178  34.737  -62.556  20.729 0.2000000030
24105  34.983  -61.479  20.707 0.2000000030
24104  36.341  -61.051  20.579 0.2000000030
25062  36.541  -60.376  20.282 0.2000000030
25061  37.124  -60.450  20.058 0.2000000030
125391  40.334  -59.001  17.326 0.1000000015
27134  39.488  -58.779  17.025 0.1000000015
28161  37.744  -58.193  16.802 0.1000000015
27151  37.361  -59.020  16.428 0.1000000015
26110  36.877  -59.574  16.305 0.1000000015
25084  36.447  -59.938  19.492 0.1000000015
24121  36.746  -60.544  19.238 0.2000000030
27152  36.843  -58.788  16.712 0.1000000015
141333  36.342  -59.834  17.018 0.1000000015
25124  36.289  -60.310  17.188 0.1000000015
24148  36.284  -60.958  17.388 0.2000000030
24136  36.390  -61.185  18.089 0.2000000030
20360  32.204  -65.420  26.526 0.1000000015
20371  32.332  -65.583  25.616 0.1000000015
21321  31.907  -64.200  27.493 0.1000000015
20372  31.868  -64.827  25.221 0.1000000015
22235  31.514  -63.651  25.776 0.1000000015
21341  31.562  -64.067  25.075 0.1000000015
143422  32.145  -63.918  23.273 0.1000000015
21353  32.272  -64.389  23.484 0.1000000015
21378  32.656  -63.488  22.371 0.1000000015
23160  32.816  -62.883  22.012 0.1000000015
23159  33.296  -62.564  21.527 0.1000000015
134281  33.281  -61.656  21.559 0.1000000015
24092  33.968  -61.167  21.084 0.1000000015
23158  33.975  -62.108  20.988 0.2000000030
120443  35.600  -60.533  20.568 0.2000000030
25063  35.702  -59.865  20.367 0.2000000030
25085  36.222  -59.805  20.087 0.1000000015
142456  36.662  -60.143  20.080 0.2000000030
28129  41.338  -58.011  18.204 0.1000000015
28141  40.028  -57.886  17.644 0.1000000015
28142  39.170  -57.614  17.422 0.1000000015
28143  38.242  -57.296  17.355 0.1000000015
28144  37.421  -57.434  17.311 0.1000000015
28162  37.102  -58.122  16.897 0.1000000015
132747  36.470  -59.284  16.964 0.1000000015
132046  36.241  -59.687  17.557 0.1000000015
25106  36.273  -60.310  18.156 0.2000000030
23104  31.902  -62.948  26.732 0.1000000015
23125  32.132  -62.051  25.667 0.1000000015
23126  31.754  -62.299  25.044 0.1000000015
23141  31.982  -62.499  23.245 0.1000000015
24093  32.674  -62.081  22.142 0.1000000015
25045  33.269  -60.675  21.760 0.1000000015
26039  34.213  -59.232  21.166 0.1000000015
25064  34.831  -59.949  20.715 0.1000000015
26054  34.955  -59.186  20.543 0.1000000015
30017  38.782  -55.865  18.725 0.1000000015
29054  37.441  -56.328  18.226 0.1000000015
30019  37.171  -55.986  18.825 0.1000000015
29055  36.726  -56.473  18.588 0.1000000015
28118  35.675  -57.602  19.316 0.1000000015
27110  35.624  -58.471  19.493 0.1000000015
26053  35.596  -59.188  20.078 0.1000000015
121671  40.610  -57.211  18.241 0.1000000015
28130  39.688  -56.963  17.944 0.1000000015
29053  38.307  -56.344  18.020 0.1000000015
28131  36.559  -57.177  18.132 0.1000000015
138794  36.465  -57.759  17.825 0.1000000015
27123  36.185  -58.238  18.075 0.1000000015
26082  36.013  -58.766  18.693 0.1000000015
26066  36.022  -59.281  19.450 0.1000000015
137922  37.671  -56.801  17.696 0.1000000015
28145  36.869  -57.561  17.462 0.1000000015
27135  36.599  -58.323  17.285 0.1000000015
125569  36.207  -58.927  17.766 0.1000000015
26081  36.173  -59.480  18.515 0.1000000015
120158  32.171  -61.538  24.857 0.1000000015
138080  32.117  -61.356  24.095 0.1000000015
25024  32.464  -60.836  23.482 0.1000000015
26028  33.086  -60.028  22.339 0.1000000015
26040  33.554  -59.721  21.769 0.1000000015
29970  36.881  -55.789  21.102 0.1000000015
29971  36.171  -56.088  21.248 0.1000000015
29010  35.455  -56.534  21.319 0.1000000015
28107  34.947  -57.039  21.023 0.1000000015
119813  38.538  -55.706  20.688 0.1000000015
122104  37.663  -55.713  20.896 0.1000000015
121704  36.696  -55.805  19.927 0.1000000015
29972  35.879  -56.175  20.709 0.1000000015
28106  35.229  -57.367  20.217 0.1000000015
27096  35.065  -58.317  20.252 0.1000000015
30003  39.241  -55.651  19.427 0.1000000015
30004  38.301  -55.628  19.386 0.1000000015
30005  37.351  -55.710  19.499 0.1000000015
29023  36.095  -56.147  19.964 0.1000000015
29039  35.754  -56.789  19.666 0.1000000015
140634  35.323  -57.934  19.789 0.1000000015
26029  32.916  -59.887  23.073 0.1000000015
27069  33.791  -58.501  23.252 0.1000000015
123569  33.355  -59.324  22.485 0.1000000015
28071  34.736  -57.514  23.079 0.1000000015
28072  34.165  -57.925  22.819 0.1000000015
27085  33.766  -58.799  21.921 0.1000000015
29969  38.278  -55.986  21.423 0.1000000015
29959  36.676  -56.181  21.791 0.1000000015
29009  35.921  -56.426  21.948 0.1000000015
28090  34.651  -57.345  22.322 0.1000000015
27084  34.257  -58.238  21.442 0.1000000015
29968  39.223  -56.018  21.258 0.1000000015
22259  42.412  -63.101  21.090 0.4000000060
20475  39.291  -65.376  16.924 0.5000000000
22273  41.764  -62.717  21.030 0.4000000060
23155  40.238  -61.968  21.096 0.4000000060
16864  38.817  -69.198  19.390 0.1000000015
20419  40.350  -65.410  21.156 0.2000000030
23173  39.694  -61.728  20.980 0.4000000060
21389  38.447  -64.338  20.945 0.2000000030
22262  39.520  -62.459  21.389 0.2000000030
138002  38.708  -61.798  20.972 0.3000000119
23157  39.318  -61.871  21.134 0.3000000119
20533  39.889  -65.151  12.828 0.5000000000
128837  37.070  -70.369  22.241 0.1000000015
17705  36.359  -68.736  20.593 0.1000000015
18614  35.741  -67.154  20.748 0.1000000015
128587  36.067  -66.073  20.467 0.1000000015
132496  35.957  -63.577  20.595 0.2000000030
24102  38.314  -61.171  20.253 0.3000000119
135634  39.330  -62.507  12.067 0.5000000000
24198  40.332  -61.217  12.123 0.5000000000
138073  38.327  -60.951  12.573 0.5000000000
17685  34.974  -68.017  22.906 0.1000000015
18577  34.454  -67.405  23.176 0.1000000015
18584  35.152  -67.906  22.145 0.1000000015
19476  35.007  -66.079  21.100 0.1000000015
126686  34.652  -66.578  21.778 0.1000000015
141564  35.324  -64.877  20.684 0.1000000015
26118  39.690  -60.529  15.507 0.2000000030
26119  38.206  -60.529  15.026 0.2000000030
23234  36.289  -61.857  17.050 0.4000000060
27164  39.222  -59.576  14.780 0.2000000030
25162  37.529  -60.764  13.850 0.4000000060
24172  37.089  -61.307  14.323 0.5000000000
24173  36.640  -61.798  14.809 0.5000000000
22313  36.463  -62.803  17.018 0.5000000000
142586  39.255  -58.900  13.469 0.5000000000
26145  38.717  -59.261  13.800 0.5000000000
23292  36.975  -62.204  13.694 0.5000000000
19440  33.276  -66.749  25.430 0.1000000015
18578  33.894  -66.788  23.459 0.1000000015
19465  34.115  -65.941  22.115 0.1000000015
20392  32.782  -64.804  22.986 0.1000000015
135892  33.488  -65.214  22.393 0.1000000015
21376  34.323  -64.608  21.210 0.1000000015
22264  33.940  -63.037  21.050 0.2000000030
28160  38.578  -58.437  16.821 0.1000000015
134812  32.608  -65.999  26.226 0.1000000015
20390  32.541  -65.110  23.794 0.1000000015
21354  31.944  -64.509  24.329 0.1000000015
126419  34.653  -60.695  20.808 0.2000000030
27132  41.140  -59.070  17.681 0.1000000015
20361  31.801  -64.862  26.034 0.1000000015
20348  32.281  -65.169  27.490 0.1000000015
21333  31.816  -64.637  26.814 0.1000000015
22215  31.878  -63.458  27.190 0.1000000015
22226  31.650  -63.474  26.506 0.1000000015
21334  31.585  -64.165  26.308 0.1000000015
131150  31.604  -64.330  25.689 0.1000000015
23121  31.712  -62.780  25.944 0.1000000015
124255  31.533  -63.164  25.017 0.1000000015
21359  31.836  -63.747  23.774 0.1000000015
22246  31.607  -63.235  24.270 0.1000000015
127254  32.104  -63.349  23.075 0.1000000015
22249  31.724  -62.942  23.742 0.1000000015
23145  32.382  -62.723  22.580 0.1000000015
25046  32.810  -61.285  22.132 0.1000000015
141645  40.745  -58.176  17.856 0.1000000015
29066  38.939  -56.824  17.772 0.1000000015
23120  32.242  -62.445  26.474 0.1000000015
24072  31.814  -61.925  24.298 0.1000000015
23142  31.762  -62.300  23.848 0.1000000015
24075  32.047  -61.731  23.531 0.1000000015
130071  32.254  -62.070  22.833 0.1000000015
25034  32.744  -60.652  22.602 0.1000000015
25044  34.019  -60.252  21.178 0.1000000015
131266  34.580  -58.522  20.855 0.1000000015
30018  37.854  -55.879  18.723 0.1000000015
30016  39.726  -55.919  18.821 0.1000000015
29052  39.242  -56.313  18.280 0.1000000015
131602  36.262  -56.443  19.277 0.1000000015
30006  36.688  -56.023  19.328 0.1000000015
29056  36.123  -56.965  18.871 0.1000000015
28132  36.133  -57.651  18.497 0.1000000015
27124  35.895  -58.155  18.809 0.1000000015
24065  32.602  -61.522  25.505 0.1000000015
25016  32.538  -60.841  24.326 0.1000000015
29985  37.125  -55.663  20.360 0.1000000015
29958  37.459  -56.028  21.612 0.1000000015
28097  34.569  -57.506  21.599 0.1000000015
29024  35.508  -56.621  20.477 0.1000000015
28996  35.260  -56.813  22.132 0.1000000015
27097  34.689  -57.731  20.919 0.1000000015
122404  37.915  -55.571  20.132 0.1000000015
136926  33.533  -59.045  23.614 0.1000000015
26018  33.360  -59.074  23.100 0.1000000015
28091  34.119  -57.983  22.144 0.1000000015
28089  35.131  -57.113  22.713 0.1000000015
28070  35.414  -57.317  23.253 0.1000000015
29957  38.022  -56.264  21.997 0.1000000015
29008  38.839  -56.440  21.995 0.1000000015
28995  36.450  -56.526  22.373 0.1000000015
18598  44.419  -67.321  21.426 0.1000000015
140852  45.071  -67.624  21.573 0.1000000015
19461  44.656  -65.909  21.678 0.1000000015
143781  44.035  -65.238  21.645 0.1000000015
18599  42.824  -67.345  21.055 0.1000000015
18600  42.606  -66.469  21.240 0.1000000015
127923  44.955  -68.330  21.566 0.2000000030
127570  45.503  -66.696  21.683 0.2000000030
19460  45.633  -65.237  21.714 0.1000000015
133613  46.486  -65.793  21.772 0.2000000030
20403  44.930  -64.552  21.619 0.1000000015
141967  43.506  -64.197  21.522 0.1000000015
18596  46.616  -67.148  21.906 0.2000000030
20402  45.632  -64.569  21.522 0.2000000030
21369  45.288  -64.161  21.351 0.2000000030
131461  43.715  -63.756  21.289 0.3000000119
21371  43.086  -63.470  21.107 0.3000000119
21385  44.808  -63.912  21.162 0.3000000119
21397  43.591  -63.789  20.684 0.3000000119
20417  45.860  -64.591  21.315 0.2000000030
20418  45.548  -64.308  21.059 0.2000000030
19468  48.018  -66.220  21.510 0.2000000030
20428  44.869  -64.524  20.408 0.2000000030
19469  47.170  -65.509  21.235 0.2000000030
16857  50.535  -69.661  20.682 0.1000000015
19458  48.113  -66.500  21.863 0.2000000030
19459  47.140  -65.653  21.573 0.2000000030
124055  47.312  -66.310  21.880 0.2000000030
21396  44.325  -63.835  20.849 0.3000000119
20430  43.094  -64.583  19.711 0.4000000060
17700  50.140  -68.399  21.598 0.1000000015
18606  48.865  -66.973  21.788 0.1000000015
135610  45.653  -64.910  20.386 0.2000000030
16829  50.364  -69.241  21.479 0.1000000015
18605  49.557  -67.431  21.489 0.2000000030
20427  46.349  -64.874  20.909 0.2000000030
19467  48.827  -66.686  21.211 0.2000000030
16856  50.663  -69.526  19.999 0.1000000015
17731  50.436  -68.665  19.724 0.2000000030
127421  50.623  -68.943  20.881 0.1000000015
123250  47.999  -66.127  20.777 0.2000000030
119664  46.030  -65.751  19.718 0.2000000030
19487  45.116  -65.632  19.481 0.2000000030
20448  44.249  -65.555  19.291 0.4000000060
18631  50.091  -67.945  20.596 0.1000000015
130384  44.588  -66.209  18.691 0.4000000060
18633  48.637  -66.839  19.898 0.3000000119
121424  47.578  -66.528  19.463 0.3000000119
18632  49.410  -67.185  20.680 0.2000000030
19513  43.805  -66.324  18.265 0.4000000060
19515  41.960  -65.927  17.981 0.4000000060
19511  46.487  -66.475  19.010 0.3000000119
19510  47.172  -66.841  18.178 0.4000000060
139667  48.085  -66.898  18.759 0.3000000119
25133  42.296  -61.686  15.846 0.1000000015
25134  40.948  -61.632  15.963 0.1000000015
19514  42.840  -66.145  18.152 0.4000000060
122239  44.617  -66.627  17.929 0.4000000060
19534  43.205  -66.653  17.389 0.5000000000
19531  46.070  -66.750  17.938 0.4000000060
19532  45.306  -66.777  17.685 0.4000000060
25142  41.711  -61.672  15.694 0.1000000015
26104  43.033  -61.326  15.781 0.1000000015
25143  41.186  -61.597  15.780 0.1000000015
19535  42.356  -66.401  17.279 0.4000000060
19546  42.795  -66.776  16.598 0.5000000000
19545  43.530  -67.024  16.629 0.5000000000
19547  42.007  -66.476  16.424 0.5000000000
135554  41.783  -60.374  15.541 0.1000000015
27162  41.040  -60.235  15.425 0.1000000015
141263  42.337  -58.721  15.996 0.1000000015
28172  40.695  -58.955  15.351 0.1000000015
131572  44.068  -68.340  21.306 0.1000000015
135612  43.553  -67.574  21.204 0.1000000015
19462  43.557  -66.474  21.396 0.1000000015
18607  42.349  -68.027  20.777 0.1000000015
19470  41.791  -66.057  21.229 0.1000000015
125296  44.901  -69.330  21.650 0.1000000015
20429  43.938  -64.591  20.020 0.3000000119
19486  47.026  -65.822  20.302 0.2000000030
20449  43.375  -65.535  19.045 0.4000000060
19512  45.401  -66.412  18.608 0.3000000119
26115  42.151  -61.277  15.589 0.1000000015
27148  41.686  -59.003  15.679 0.1000000015
15146  39.765  -71.731  11.242 0.1000000015
14164  40.262  -72.287  10.687 0.1000000015
13218  41.543  -73.274  11.011 0.1000000015
125447  38.775  -72.396  9.784 0.1000000015
14149  41.605  -72.519  11.612 0.1000000015
15147  38.798  -71.698  11.074 0.1000000015
14166  38.194  -72.003  10.355 0.1000000015
14201  36.769  -72.447  9.402 0.1000000015
14183  38.130  -72.428  9.514 0.1000000015
15007  33.007  -71.343  18.544 0.1000000015
12279  34.408  -75.384  10.816 0.1000000015
13237  34.073  -73.410  10.067 0.1000000015
15129  41.078  -71.901  11.713 0.1000000015
14170  34.907  -72.949  10.057 0.1000000015
14150  40.507  -71.936  11.280 0.1000000015
122662  35.783  -72.622  10.097 0.1000000015
14131  41.746  -71.917  12.242 0.1000000015
127385  36.003  -72.515  9.512 0.1000000015
13217  42.060  -73.201  11.619 0.1000000015
15972  32.181  -70.533  19.741 0.1000000015
15026  33.277  -71.683  17.684 0.1000000015
15936  32.580  -70.499  21.600 0.1000000015
15952  32.328  -70.447  20.629 0.1000000015
14993  32.960  -71.000  19.426 0.1000000015
14991  33.722  -71.516  19.198 0.1000000015
128150  34.756  -72.307  17.167 0.1000000015
13192  34.924  -74.129  13.256 0.1000000015
12244  34.146  -75.500  11.367 0.1000000015
15130  40.428  -71.631  11.835 0.1000000015
15131  39.200  -71.528  11.687 0.1000000015
15148  37.988  -71.744  11.114 0.1000000015
15112  41.928  -71.489  12.992 0.1000000015
123706  43.016  -73.003  12.695 0.1000000015
13203  42.692  -73.774  12.128 0.1000000015
15006  33.831  -71.770  18.257 0.1000000015
15925  33.083  -70.735  22.388 0.1000000015
14976  33.154  -70.742  20.777 0.1000000015
15971  32.841  -70.723  20.115 0.1000000015
14032  34.972  -72.564  18.962 0.1000000015
128597  34.625  -72.290  18.058 0.1000000015
14067  35.214  -72.644  16.679 0.1000000015
126179  35.584  -73.213  15.222 0.1000000015
13177  35.362  -73.513  14.279 0.1000000015
13176  35.989  -74.101  14.599 0.1000000015
12231  35.057  -75.724  12.359 0.1000000015
12243  34.785  -76.211  11.398 0.1000000015
12257  34.971  -75.928  10.757 0.1000000015
14152  36.737  -72.686  11.396 0.1000000015
126596  41.067  -71.475  12.525 0.1000000015
15114  39.160  -71.436  12.533 0.1000000015
15132  38.525  -71.593  11.712 0.1000000015
14151  37.334  -72.028  11.267 0.1000000015
14168  36.527  -72.485  10.746 0.1000000015
14120  42.622  -71.609  13.330 0.1000000015
14130  42.496  -72.078  12.744 0.1000000015
13119  35.699  -73.302  18.008 0.1000000015
14937  33.149  -71.004  23.739 0.1000000015
14959  33.573  -70.948  21.623 0.1000000015
14975  33.879  -71.276  20.695 0.1000000015
132005  34.104  -71.606  19.913 0.1000000015
14025  34.659  -72.174  19.707 0.1000000015
13130  36.238  -73.802  16.575 0.1000000015
12195  36.487  -74.771  14.942 0.1000000015
11220  36.548  -76.091  14.201 0.1000000015
14946  33.597  -71.069  22.938 0.1000000015
137378  34.101  -71.330  22.191 0.1000000015
126776  34.331  -71.568  21.357 0.1000000015
14009  34.513  -71.856  20.540 0.1000000015
14008  35.117  -72.461  20.504 0.1000000015
12213  36.167  -75.383  13.849 0.1000000015
11238  35.388  -76.914  11.643 0.1000000015
12242  36.017  -76.544  11.073 0.1000000015
11264  35.250  -76.678  11.054 0.1000000015
12256  35.554  -76.055  10.865 0.1000000015
139907  36.337  -73.724  11.330 0.1000000015
13219  35.674  -74.758  10.877 0.1000000015
14122  37.859  -72.171  12.768 0.1000000015
14133  36.865  -73.399  11.810 0.1000000015
16056  40.002  -71.241  13.459 0.1000000015
15098  38.227  -71.678  12.269 0.1000000015
14132  37.422  -72.215  11.969 0.1000000015
15094  41.383  -71.164  13.426 0.1000000015
15093  42.261  -71.116  13.819 0.1000000015
14119  43.306  -72.287  13.359 0.1000000015
14106  44.537  -72.363  14.460 0.1000000015
15091  43.858  -71.900  14.047 0.1000000015
13106  36.181  -73.895  18.505 0.1000000015
14936  33.902  -71.342  23.766 0.1000000015
13970  34.781  -71.907  23.793 0.1000000015
13977  34.875  -72.016  21.994 0.1000000015
14024  35.336  -72.835  19.749 0.1000000015
13107  35.620  -73.288  18.989 0.1000000015
13118  36.214  -73.834  17.543 0.1000000015
12178  36.686  -74.652  15.982 0.1000000015
14945  34.434  -71.618  22.923 0.1000000015
11219  36.398  -77.890  13.193 0.1000000015
122956  35.998  -77.198  12.846 0.1000000015
11237  35.758  -77.640  11.866 0.1000000015
10335  36.270  -78.166  12.168 0.1000000015
11255  35.760  -77.344  11.473 0.1000000015
10350  36.112  -77.982  11.766 0.1000000015
12241  36.486  -77.117  11.463 0.1000000015
13191  37.624  -74.253  12.607 0.1000000015
122287  36.947  -75.601  11.623 0.1000000015
138859  39.685  -71.362  14.057 0.1000000015
15096  39.232  -71.478  13.497 0.1000000015
15084  38.762  -71.802  13.700 0.1000000015
125711  37.809  -72.968  13.071 0.1000000015
129953  37.376  -73.113  12.453 0.1000000015
15082  40.347  -71.146  14.439 0.1000000015
15097  38.548  -71.659  13.043 0.1000000015
16068  40.852  -71.023  13.902 0.1000000015
16067  41.640  -70.876  14.240 0.1000000015
15092  43.095  -71.423  13.867 0.1000000015
15078  44.979  -71.909  14.956 0.1000000015
14917  34.031  -71.725  25.271 0.1000000015
130951  33.636  -71.540  24.972 0.1000000015
139308  35.409  -72.430  23.493 0.1000000015
13976  35.548  -72.695  22.180 0.1000000015
129963  34.723  -71.964  24.797 0.1000000015
125182  35.160  -72.236  22.882 0.1000000015
13992  35.376  -72.616  21.318 0.1000000015
126851  36.244  -73.866  20.219 0.1000000015
12144  36.553  -74.599  19.013 0.1000000015
125898  36.560  -74.543  18.056 0.1000000015
11175  37.041  -75.354  16.559 0.1000000015
11187  37.049  -75.608  15.700 0.1000000015
134441  36.956  -75.251  17.573 0.1000000015
11186  37.377  -76.474  15.802 0.1000000015
128152  36.754  -78.525  13.428 0.1000000015
10349  36.648  -78.393  12.246 0.1000000015
133844  36.765  -78.717  12.804 0.1000000015
11236  36.727  -77.729  11.760 0.1000000015
11235  37.681  -77.209  12.340 0.1000000015
12229  37.537  -76.079  12.165 0.1000000015
135336  38.155  -74.729  13.086 0.1000000015
15083  39.192  -71.712  14.172 0.1000000015
13190  38.311  -73.427  13.589 0.1000000015
16041  40.808  -70.998  15.077 0.1000000015
15068  39.701  -71.614  14.712 0.1000000015
16040  41.403  -70.821  15.244 0.1000000015
120600  42.286  -70.800  14.533 0.1000000015
15081  42.865  -70.944  14.446 0.1000000015
15080  43.543  -71.191  14.487 0.1000000015
15079  44.250  -71.510  14.664 0.1000000015
12111  36.919  -74.812  20.721 0.1000000015
11141  37.101  -75.298  20.193 0.1000000015
13951  34.602  -72.076  25.697 0.1000000015
13959  35.381  -72.392  24.217 0.1000000015
13968  35.864  -72.838  23.683 0.1000000015
13061  35.916  -73.244  21.534 0.1000000015
137636  36.558  -74.291  20.612 0.1000000015
11155  36.978  -75.232  19.427 0.1000000015
11163  37.233  -75.879  18.985 0.1000000015
13079  36.283  -73.793  20.981 0.1000000015
13093  36.218  -73.937  19.423 0.1000000015
131470  37.280  -75.954  18.047 0.1000000015
10303  37.708  -77.485  16.098 0.1000000015
10319  37.288  -78.382  14.435 0.1000000015
11174  37.387  -76.139  16.961 0.1000000015
10348  37.220  -79.225  13.042 0.1000000015
133148  37.934  -78.100  12.757 0.1000000015
11218  38.448  -76.570  13.128 0.1000000015
12228  38.331  -75.685  13.068 0.1000000015
12212  39.175  -74.385  14.654 0.1000000015
14092  39.743  -72.247  15.296 0.1000000015
14107  39.256  -72.285  14.716 0.1000000015
13175  38.990  -73.310  14.519 0.1000000015
15067  40.314  -71.502  15.326 0.1000000015
15066  41.102  -71.122  15.674 0.1000000015
126479  41.969  -70.664  15.043 0.1000000015
12072  36.927  -74.115  23.503 0.1000000015
13941  35.308  -72.516  26.207 0.1000000015
13036  36.432  -73.442  23.835 0.1000000015
12080  36.904  -74.331  22.745 0.1000000015
12094  36.790  -74.435  21.992 0.1000000015
127090  37.398  -75.891  20.409 0.1000000015
13942  34.348  -72.321  26.558 0.1000000015
13958  35.965  -72.882  24.486 0.1000000015
13037  36.157  -73.183  23.175 0.1000000015
131751  36.546  -73.932  22.372 0.1000000015
13060  36.388  -73.855  21.751 0.1000000015
11154  37.305  -75.877  19.757 0.1000000015
10275  37.494  -76.429  19.340 0.1000000015
10292  37.659  -76.915  17.440 0.1000000015
10282  37.536  -76.636  18.555 0.1000000015
9495  37.738  -79.383  14.912 0.1000000015
9507  37.567  -79.480  13.729 0.1000000015
9523  37.742  -79.406  13.340 0.1000000015
139296  38.911  -76.605  13.820 0.1000000015
135264  38.862  -75.439  13.920 0.1000000015
14091  40.230  -72.233  15.760 0.1000000015
13174  39.439  -73.618  15.137 0.1000000015
15046  41.516  -71.500  16.496 0.1000000015
16029  42.681  -70.667  16.333 0.1000000015
13028  36.547  -73.445  24.766 0.1000000015
12079  37.258  -75.055  22.393 0.1000000015
11140  37.289  -75.461  20.925 0.1000000015
12093  37.079  -74.956  21.489 0.1000000015
9462  37.810  -77.285  19.145 0.1000000015
9474  38.160  -78.421  18.428 0.1000000015
9475  37.909  -77.650  17.970 0.1000000015
127808  38.194  -79.017  17.117 0.1000000015
8717  38.191  -79.915  14.596 0.1000000015
8731  37.760  -79.497  13.582 0.1000000015
10318  39.121  -78.295  14.211 0.1000000015
9522  38.333  -79.042  13.519 0.1000000015
11202  39.484  -76.668  14.779 0.1000000015
10333  38.720  -77.928  13.624 0.1000000015
12194  39.658  -74.359  15.395 0.1000000015
121836  39.371  -75.391  14.745 0.1000000015
12177  40.253  -74.398  16.149 0.1000000015
13129  40.602  -73.595  16.366 0.1000000015
13151  39.964  -73.239  15.728 0.1000000015
16016  43.031  -70.803  17.146 0.1000000015
120202  44.206  -70.454  17.149 0.1000000015
12062  36.984  -74.004  24.280 0.1000000015
12071  37.307  -74.767  23.278 0.1000000015
10246  37.670  -76.261  21.077 0.1000000015
10259  37.661  -76.611  20.099 0.1000000015
9461  38.143  -78.133  19.314 0.1000000015
13020  36.628  -73.493  25.637 0.1000000015
123473  38.493  -80.690  15.418 0.1000000015
9494  39.299  -78.876  14.656 0.1000000015
142916  40.631  -74.785  16.543 0.1000000015
11185  39.858  -75.326  15.625 0.1000000015
14042  41.725  -72.460  17.077 0.1000000015
15024  42.101  -71.818  17.182 0.1000000015
15023  42.871  -71.750  17.727 0.1000000015
15993  44.890  -70.538  19.057 0.1000000015
119002  47.022  -69.806  19.407 0.1000000015
12061  37.466  -74.571  24.605 0.1000000015
131571  37.668  -75.480  23.142 0.1000000015
10239  37.892  -76.423  22.053 0.1000000015
9444  38.304  -78.017  20.538 0.1000000015
119858  38.321  -78.529  19.886 0.1000000015
133850  37.646  -75.756  22.447 0.1000000015
10258  38.046  -77.194  20.905 0.1000000015
8695  38.432  -79.818  17.630 0.1000000015
8706  38.346  -80.529  16.214 0.1000000015
130719  39.040  -80.027  14.859 0.1000000015
10301  40.448  -77.057  16.300 0.1000000015
124774  40.099  -76.222  15.906 0.1000000015
13088  46.054  -74.637  21.211 0.1000000015
13089  45.659  -74.538  20.400 0.1000000015
13104  44.447  -74.050  19.211 0.1000000015
133051  43.031  -74.497  18.196 0.1000000015
131128  41.961  -74.299  17.437 0.1000000015
11184  40.737  -76.015  16.711 0.1000000015
128178  40.394  -75.279  16.330 0.1000000015
14018  45.885  -73.790  20.746 0.1000000015
14030  44.671  -73.251  19.406 0.1000000015
13105  43.244  -73.706  18.283 0.1000000015
12162  40.962  -75.209  16.872 0.1000000015
14017  46.037  -73.407  21.515 0.1000000015
14971  46.349  -72.472  21.905 0.1000000015
14985  45.997  -72.645  20.930 0.1000000015
15005  43.778  -72.224  18.608 0.1000000015
14041  42.520  -72.641  17.679 0.1000000015
13128  41.290  -73.304  16.850 0.1000000015
137911  46.292  -72.529  22.027 0.1000000015
13989  46.331  -72.282  22.091 0.1000000015
15966  45.863  -71.283  20.601 0.1000000015
16832  47.493  -70.063  22.137 0.1000000015
16862  45.597  -70.359  19.627 0.1000000015
16859  47.859  -69.772  20.511 0.1000000015
11103  38.224  -75.698  24.486 0.1000000015
11116  37.710  -75.163  24.016 0.1000000015
11115  38.140  -75.956  23.798 0.1000000015
10238  38.385  -77.059  22.825 0.1000000015
10245  38.304  -77.374  21.910 0.1000000015
11123  38.015  -76.230  22.979 0.1000000015
9434  38.472  -78.128  21.288 0.1000000015
120811  38.570  -79.564  19.785 0.1000000015
8681  38.413  -79.360  18.946 0.1000000015
7965  38.713  -80.920  18.052 0.1000000015
7976  38.655  -81.196  16.835 0.1000000015
121120  38.692  -80.831  15.411 0.1000000015
8716  39.479  -80.704  15.707 0.1000000015
9493  39.947  -78.463  15.630 0.1000000015
11173  41.579  -75.957  17.395 0.1000000015
133308  45.504  -75.224  20.042 0.1000000015
12160  42.810  -75.245  18.130 0.1000000015
15932  45.880  -71.547  22.278 0.1000000015
15931  46.285  -72.031  22.196 0.1000000015
122946  38.541  -75.865  25.195 0.1000000015
9401  38.880  -77.730  23.614 0.1000000015
10231  38.516  -76.807  23.686 0.1000000015
8657  38.681  -78.364  22.108 0.1000000015
8662  38.917  -79.231  21.707 0.1000000015
9421  38.758  -78.055  22.822 0.1000000015
8668  38.626  -79.106  20.647 0.1000000015
7940  38.983  -80.522  20.155 0.1000000015
7952  38.831  -80.694  19.171 0.1000000015
7964  39.296  -81.814  18.410 0.1000000015
7292  39.050  -81.907  17.322 0.1000000015
7985  39.080  -81.325  15.776 0.1000000015
9484  40.189  -79.465  16.119 0.1000000015
9483  42.123  -77.928  17.845 0.1000000015
132787  40.843  -77.990  16.824 0.1000000015
12142  45.528  -76.114  20.057 0.1000000015
11162  45.110  -76.944  19.652 0.1000000015
10290  42.551  -76.974  18.048 0.1000000015
13075  45.531  -74.358  21.515 0.1000000015
122959  45.390  -76.127  20.548 0.1000000015
125344  45.766  -73.885  21.640 0.1000000015
13074  46.026  -74.578  21.271 0.1000000015
8656  39.282  -79.338  22.829 0.1000000015
8667  39.216  -80.398  21.155 0.1000000015
7299  39.883  -81.972  16.963 0.1000000015
7984  39.777  -81.312  16.300 0.1000000015
124897  41.452  -79.028  17.403 0.1000000015
10289  44.416  -77.470  18.966 0.1000000015
12108  46.005  -74.886  21.217 0.1000000015
14005  45.568  -72.923  21.941 0.1000000015
16825  44.795  -70.306  21.743 0.1000000015
9400  39.361  -78.748  23.659 0.1000000015
133002  39.597  -80.560  22.234 0.1000000015
7261  40.573  -82.054  21.653 0.1000000015
7934  39.904  -81.646  21.570 0.1000000015
130204  39.843  -82.129  18.980 0.1000000015
7951  39.469  -81.662  19.546 0.1000000015
7291  39.829  -82.225  17.924 0.1000000015
7289  40.790  -81.850  17.858 0.1000000015
7975  40.828  -81.147  17.262 0.1000000015
8704  41.894  -80.157  17.890 0.1000000015
10281  43.888  -78.280  18.698 0.1000000015
127940  45.366  -75.685  20.987 0.1000000015
11149  45.203  -76.874  20.313 0.1000000015
15933  44.619  -71.184  21.716 0.1000000015
6641  40.673  -82.156  21.354 0.1000000015
7270  40.183  -82.144  21.025 0.1000000015
7279  40.585  -81.996  20.187 0.1000000015
7950  41.247  -81.535  19.241 0.1000000015
7290  40.742  -81.981  18.510 0.1000000015
7963  41.660  -81.229  18.581 0.1000000015
7974  41.702  -80.962  18.137 0.1000000015
9473  43.243  -79.364  18.652 0.1000000015
131851  44.163  -72.288  21.448 0.1000000015
14006  44.540  -73.364  21.486 0.1000000015
16834  43.564  -70.052  21.198 0.1000000015
124122  41.899  -80.512  19.529 0.1000000015
7938  41.244  -81.369  20.391 0.1000000015
9459  43.777  -79.191  19.364 0.1000000015
8679  43.023  -80.041  19.108 0.1000000015
7949  42.249  -80.654  18.883 0.1000000015
10272  44.439  -78.373  19.611 0.1000000015
8694  42.719  -80.317  18.868 0.1000000015
8678  43.605  -79.500  19.232 0.1000000015
13076  44.527  -74.469  21.226 0.1000000015
132577  44.606  -78.257  19.500 0.1000000015
10273  42.482  -78.192  19.642 0.1000000015
127917  44.044  -77.732  20.095 0.1000000015
9458  44.281  -78.822  19.388 0.1000000015
128582  43.895  -76.049  20.500 0.1000000015
11150  44.897  -77.150  20.419 0.1000000015
9457  44.678  -78.296  19.661 0.1000000015
129258  45.200  -76.504  20.632 0.1000000015
10271  44.982  -77.846  19.936 0.1000000015
12245  33.386  -74.829  11.497 0.1000000015
11256  34.666  -76.065  10.967 0.1000000015
13220  35.065  -74.378  10.616 0.1000000015
13236  34.507  -73.896  10.420 0.1000000015
14163  40.982  -72.453  11.075 0.1000000015
14169  35.475  -73.090  10.436 0.1000000015
14167  37.324  -72.054  10.635 0.1000000015
14184  37.375  -72.232  9.894 0.1000000015
14200  37.509  -72.568  9.121 0.1000000015
14185  36.613  -72.346  10.110 0.1000000015
143105  32.430  -70.907  19.027 0.1000000015
12280  33.729  -74.607  10.665 0.1000000015
12258  34.032  -75.391  10.990 0.1000000015
14992  33.464  -71.119  20.012 0.1000000015
14043  35.237  -72.729  17.550 0.1000000015
12214  35.622  -74.728  13.541 0.1000000015
12232  34.274  -75.112  12.178 0.1000000015
15113  40.170  -71.366  12.566 0.1000000015
15133  37.904  -71.746  11.643 0.1000000015
14033  34.341  -72.024  18.926 0.1000000015
130766  35.251  -72.809  18.329 0.1000000015
13153  35.696  -73.161  16.157 0.1000000015
14093  35.102  -72.592  15.795 0.1000000015
13131  35.739  -73.216  17.079 0.1000000015
13152  36.183  -73.842  15.592 0.1000000015
12230  35.598  -76.452  12.600 0.1000000015
14153  35.994  -73.308  10.952 0.1000000015
15095  40.676  -71.215  13.169 0.1000000015
12163  36.616  -74.526  17.066 0.1000000015
11204  36.813  -75.439  15.170 0.1000000015
13993  34.886  -72.103  21.137 0.1000000015
13205  36.379  -74.955  11.300 0.1000000015
13204  37.083  -74.243  11.965 0.1000000015
14121  38.286  -72.308  13.430 0.1000000015
14924  34.065  -71.560  24.552 0.1000000015
13080  35.743  -73.186  20.581 0.1000000015
13094  35.839  -73.437  19.794 0.1000000015
11203  36.982  -76.780  14.650 0.1000000015
14108  38.732  -72.384  14.096 0.1000000015
13969  35.736  -72.765  22.963 0.1000000015
11164  36.920  -75.232  18.560 0.1000000015
119882  37.124  -79.158  13.285 0.1000000015
133630  38.663  -74.440  13.866 0.1000000015
16030  41.945  -70.732  15.861 0.1000000015
16054  42.743  -70.676  15.065 0.1000000015
16053  43.297  -70.794  14.937 0.1000000015
12125  36.642  -74.590  19.941 0.1000000015
13950  35.353  -72.404  25.146 0.1000000015
13045  36.124  -73.324  22.420 0.1000000015
9485  37.964  -78.307  16.586 0.1000000015
10334  38.006  -78.902  13.108 0.1000000015
15047  40.757  -71.794  16.066 0.1000000015
16039  42.681  -70.600  15.722 0.1000000015
13044  36.525  -73.704  23.002 0.1000000015
126918  38.081  -80.072  15.568 0.1000000015
8730  38.327  -79.567  13.890 0.1000000015
14066  40.630  -72.716  16.248 0.1000000015
15045  42.279  -71.058  16.810 0.1000000015
16028  43.434  -70.547  16.476 0.1000000015
11129  37.464  -75.644  21.722 0.1000000015
10302  39.777  -77.505  15.287 0.1000000015
12176  41.016  -74.365  16.801 0.1000000015
16015  43.674  -70.619  17.381 0.1000000015
15994  44.198  -70.639  18.190 0.1000000015
16014  44.860  -70.331  17.900 0.1000000015
125289  37.291  -74.517  23.931 0.1000000015
9445  38.047  -77.555  19.988 0.1000000015
16892  45.309  -70.210  18.771 0.1000000015
15022  43.713  -71.302  18.272 0.1000000015
15003  44.763  -71.303  19.389 0.1000000015
16883  46.133  -69.938  19.367 0.1000000015
7986  38.754  -81.278  15.901 0.1000000015
133303  44.383  -74.889  19.060 0.1000000015
13117  42.226  -73.462  17.542 0.1000000015
12161  41.779  -75.137  17.410 0.1000000015
15004  44.784  -72.330  19.553 0.1000000015
14031  43.472  -72.889  18.415 0.1000000015
13990  46.222  -72.609  22.076 0.1000000015
14957  45.702  -72.170  22.190 0.1000000015
16861  46.495  -70.685  21.009 0.1000000015
143942  47.667  -69.931  21.672 0.1000000015
16860  47.166  -69.994  21.013 0.1000000015
10291  41.281  -76.856  17.233 0.1000000015
12143  44.280  -75.686  18.898 0.1000000015
11171  43.963  -76.270  18.678 0.1000000015
11172  42.720  -76.085  18.116 0.1000000015
7308  39.186  -81.686  16.283 0.1000000015
8705  40.633  -80.255  16.727 0.1000000015
14972  44.638  -71.958  21.740 0.1000000015
126414  44.834  -66.983  17.103 0.4000000060
19530  47.559  -66.943  17.018 0.3000000119
137168  46.615  -66.906  17.294 0.3000000119
133712  45.775  -66.990  16.943 0.3000000119
19543  45.159  -67.139  16.244 0.4000000060
19544  44.308  -67.145  16.480 0.4000000060
136101  45.952  -67.025  16.065 0.3000000119
19559  44.628  -67.241  15.648 0.4000000060
14129  45.935  -71.772  12.339 0.1000000015
15111  45.886  -71.029  12.148 0.1000000015
16940  47.400  -69.334  12.653 0.2000000030
18711  50.397  -67.193  12.703 0.3000000119
19620  43.057  -66.755  12.366 0.4000000060
20512  48.564  -64.960  12.463 0.4000000060
124750  47.138  -65.539  12.773 0.4000000060
17780  49.278  -68.062  13.142 0.2000000030
137985  50.802  -66.630  12.471 0.3000000119
120895  45.995  -66.470  12.774 0.4000000060
19619  44.001  -66.967  12.166 0.4000000060
14147  45.828  -72.492  11.744 0.1000000015
17790  48.317  -68.553  12.542 0.3000000119
19617  46.311  -66.422  11.901 0.4000000060
19618  45.104  -66.889  12.041 0.4000000060
20551  41.954  -66.051  11.609 0.5000000000
16952  47.381  -68.949  11.867 0.2000000030
17789  49.792  -67.868  12.240 0.3000000119
19616  50.041  -65.121  12.272 0.3000000119
143744  41.475  -65.570  11.653 0.4000000060
21517  40.695  -64.444  11.717 0.4000000060
124152  47.715  -65.571  11.619 0.4000000060
130619  43.976  -66.291  10.507 0.4000000060
19643  43.381  -66.704  11.527 0.5000000000
16106  45.845  -70.896  10.880 0.2000000030
15128  45.794  -71.378  11.595 0.2000000030
16953  46.483  -69.586  11.348 0.2000000030
124711  48.560  -68.336  11.732 0.2000000030
16941  46.597  -69.767  12.116 0.2000000030
19638  50.358  -65.575  11.534 0.3000000119
19639  49.147  -65.379  11.063 0.3000000119
14162  45.984  -72.841  10.798 0.1000000015
19640  46.554  -66.436  10.954 0.4000000060
127771  50.754  -67.132  11.935 0.3000000119
139048  47.551  -65.860  10.728 0.4000000060
19654  44.906  -66.415  10.257 0.4000000060
20550  42.402  -65.984  11.052 0.5000000000
21515  42.286  -65.105  10.931 0.5000000000
132472  41.248  -64.040  11.447 0.4000000060
19652  46.736  -66.181  10.216 0.4000000060
20556  44.291  -65.716  10.102 0.4000000060
20558  42.864  -65.718  10.729 0.5000000000
22401  42.759  -64.079  10.851 0.5000000000
120503  41.942  -64.109  11.154 0.4000000060
16954  46.006  -70.130  10.903 0.2000000030
17806  47.164  -68.886  11.095 0.2000000030
17805  48.319  -68.382  10.981 0.2000000030
17804  50.198  -67.720  11.309 0.4000000060
18727  50.965  -66.793  11.238 0.3000000119
19650  50.985  -66.389  10.527 0.4000000060
120016  50.523  -65.771  10.995 0.3000000119
21522  43.864  -64.866  10.284 0.5000000000
22393  42.483  -63.268  11.177 0.5000000000
133909  41.626  -63.223  11.439 0.4000000060
22394  40.640  -63.489  11.651 0.4000000060
19651  49.853  -65.583  10.469 0.4000000060
19662  47.114  -65.702  9.628 0.4000000060
19663  45.912  -66.155  9.863 0.4000000060
22400  43.557  -64.030  10.602 0.5000000000
17814  47.254  -68.790  10.383 0.2000000030
16105  46.084  -70.420  10.245 0.2000000030
140587  41.049  -62.706  11.629 0.4000000060
134210  49.609  -68.046  10.579 0.2000000030
126538  48.158  -65.682  10.210 0.3000000119
20565  46.189  -65.556  9.550 0.4000000060
20566  45.231  -65.714  9.788 0.4000000060
15144  46.152  -71.364  10.160 0.2000000030
18730  50.658  -67.383  10.448 0.3000000119
19660  50.559  -65.849  9.880 0.4000000060
23322  40.291  -62.621  11.795 0.4000000060
19661  48.822  -65.511  9.729 0.3000000119
129354  44.315  -63.966  10.344 0.5000000000
22392  43.365  -63.121  10.948 0.5000000000
123353  38.984  -60.348  12.585 0.4000000060
16118  46.393  -70.759  9.541 0.2000000030
138678  46.714  -69.252  9.891 0.2000000030
21526  46.487  -64.804  9.277 0.4000000060
21527  45.570  -64.873  9.588 0.4000000060
135383  42.874  -62.541  11.276 0.5000000000
24219  41.720  -61.532  11.747 0.4000000060
28190  39.530  -58.305  14.262 0.4000000060
137851  46.975  -72.133  8.960 0.2000000030
134709  46.743  -69.386  9.281 0.2000000030
17813  48.237  -68.358  10.141 0.2000000030
17812  49.459  -68.063  9.846 0.2000000030
123181  47.968  -65.348  9.244 0.4000000060
22399  44.808  -63.067  10.525 0.5000000000
23328  44.191  -62.613  10.914 0.5000000000
14180  46.679  -72.694  9.385 0.2000000030
20563  49.289  -65.319  9.197 0.4000000060
20564  47.160  -65.245  9.238 0.3000000119
21520  45.113  -63.936  10.053 0.5000000000
139595  44.046  -63.333  10.700 0.5000000000
128598  42.238  -62.686  11.404 0.5000000000
15172  47.324  -71.996  8.515 0.2000000030
27201  39.949  -58.322  13.419 0.4000000060
28208  39.281  -58.470  13.923 0.2000000030
133426  39.895  -60.515  12.391 0.4000000060
25201  41.102  -61.046  12.054 0.4000000060
16973  46.357  -69.886  9.693 0.2000000030
18729  50.998  -66.927  9.915 0.4000000060
24218  42.595  -61.195  11.682 0.4000000060
25200  41.822  -60.729  11.974 0.4000000060
129769  46.592  -70.081  8.981 0.2000000030
17817  48.101  -68.424  9.319 0.2000000030
18733  50.514  -67.505  9.581 0.2000000030
16976  46.899  -69.502  8.686 0.2000000030
27221  40.644  -58.926  12.823 0.4000000060
25179  41.220  -60.284  12.276 0.4000000060
25178  41.988  -59.959  12.263 0.4000000060
22406  45.987  -63.835  9.651 0.3000000119
23319  43.592  -62.223  11.191 0.5000000000
25199  42.514  -60.401  11.963 0.4000000060
21535  47.534  -64.542  8.858 0.4000000060
22405  46.787  -63.948  9.216 0.3000000119
22398  45.523  -63.202  10.200 0.4000000060
21534  48.716  -64.482  8.563 0.4000000060
24230  44.986  -62.151  10.867 0.5000000000
17821  47.997  -68.541  8.483 0.2000000030
123062  43.036  -61.886  11.427 0.5000000000
125075  44.199  -60.364  11.737 0.5000000000
22397  46.210  -62.850  10.075 0.4000000060
23327  45.645  -62.452  10.524 0.5000000000
23318  44.360  -61.807  11.163 0.5000000000
24229  45.925  -61.468  10.901 0.5000000000
23326  46.560  -61.982  10.414 0.5000000000
119407  44.950  -66.886  13.067 0.4000000060
27222  39.755  -59.183  12.943 0.4000000060
142707  40.625  -60.586  12.284 0.4000000060
142722  45.100  -61.450  11.159 0.5000000000
18673  49.486  -67.037  15.817 0.3000000119
19540  49.037  -66.656  15.746 0.3000000119
19541  47.874  -66.717  15.963 0.2000000030
19557  46.641  -66.746  15.619 0.2000000030
17742  50.221  -68.706  16.730 0.2000000030
19555  49.548  -66.406  15.077 0.3000000119
19572  48.312  -65.767  14.720 0.3000000119
120638  49.827  -67.554  14.914 0.2000000030
18685  50.047  -66.709  14.069 0.2000000030
19570  50.005  -66.241  14.341 0.2000000030
16928  48.173  -68.922  13.250 0.2000000030
13289  45.627  -73.459  7.932 0.1000000015
13303  45.765  -73.628  6.973 0.1000000015
120140  50.199  -64.904  6.356 0.1000000015
18652  49.926  -67.962  19.161 0.1000000015
18660  49.121  -67.431  17.689 0.2000000030
18666  48.767  -67.049  16.666 0.2000000030
18665  49.548  -67.571  16.823 0.2000000030
17736  50.687  -69.255  18.922 0.1000000015
16896  50.446  -69.614  17.286 0.1000000015
125546  50.072  -68.177  17.228 0.2000000030
16889  50.629  -69.848  18.300 0.1000000015
16024  50.301  -70.398  17.033 0.1000000015
15163  46.599  -71.781  9.499 0.1000000015
13271  46.596  -73.262  8.388 0.1000000015
17826  48.016  -68.760  7.671 0.1000000015
18743  49.790  -67.587  7.717 0.1000000015
19675  50.740  -66.112  7.911 0.1000000015
20581  50.636  -65.035  7.366 0.1000000015
17844  48.256  -69.049  6.889 0.1000000015
18742  50.234  -66.819  7.336 0.1000000015
21543  50.572  -63.746  7.361 0.1000000015
128970  50.207  -65.944  6.648 0.1000000015
21559  50.459  -63.495  6.714 0.1000000015
23375  49.946  -61.644  7.537 0.1000000015
23390  49.976  -62.147  6.882 0.1000000015
23376  48.123  -61.805  7.238 0.1000000015
17737  50.251  -68.415  18.419 0.2000000030
17741  50.500  -68.934  17.760 0.1000000015
20562  50.645  -65.775  9.170 0.1000000015
22404  47.668  -63.221  9.037 0.3000000119
16122  47.070  -70.083  8.186 0.1000000015
16975  47.348  -69.143  8.205 0.1000000015
17816  49.218  -68.081  9.001 0.1000000015
19666  50.852  -66.281  8.835 0.1000000015
21533  50.101  -64.401  8.197 0.2000000030
139900  48.666  -63.268  8.549 0.3000000119
24227  48.015  -60.581  10.353 0.3000000119
25208  47.570  -60.031  10.888 0.3000000119
13288  47.207  -73.232  7.715 0.1000000015
18736  50.683  -66.865  8.423 0.1000000015
128395  50.428  -63.909  7.649 0.1000000015
22418  49.626  -62.801  8.249 0.2000000030
25222  48.716  -60.166  9.777 0.3000000119
16126  47.660  -70.481  7.391 0.1000000015
23374  50.418  -62.496  7.144 0.1000000015
25245  49.243  -60.398  8.287 0.2000000030
26209  48.330  -59.132  9.649 0.3000000119
140195  48.713  -61.140  7.561 0.1000000015
139464  47.863  -60.359  8.298 0.2000000030
26210  46.853  -59.074  9.517 0.4000000060
23391  48.786  -62.295  6.738 0.1000000015
24280  47.613  -61.165  7.803 0.1000000015
24263  46.830  -60.662  8.388 0.3000000119
17694  45.975  -69.270  22.021 0.1000000015
18595  47.700  -67.441  22.150 0.1000000015
25197  45.186  -60.050  11.736 0.4000000060
24215  45.641  -60.687  11.372 0.4000000060
23325  47.591  -61.528  10.163 0.3000000119
24228  47.051  -61.038  10.720 0.4000000060
24214  46.655  -60.396  11.199 0.4000000060
27252  47.787  -58.621  10.312 0.4000000060
27235  47.182  -58.082  10.824 0.4000000060
26224  47.795  -58.953  9.623 0.4000000060
27254  46.412  -58.557  9.938 0.5000000000
25237  47.559  -59.641  8.890 0.3000000119
26211  45.787  -59.322  9.552 0.5000000000
22434  47.488  -62.656  6.937 0.2000000030
23377  46.945  -62.119  7.495 0.1000000015
25224  45.106  -60.101  9.323 0.4000000060
140388  47.607  -64.075  6.078 0.1000000015
22451  46.829  -63.640  6.659 0.1000000015
23378  45.921  -62.435  7.739 0.2000000030
23356  46.376  -61.599  8.039 0.2000000030
20621  48.968  -64.793  4.837 0.1000000015
21580  47.184  -64.724  5.627 0.1000000015
20644  48.474  -65.371  3.772 0.1000000015
20622  47.926  -64.959  4.829 0.1000000015
25198  43.805  -59.807  12.021 0.4000000060
26185  44.691  -59.422  12.110 0.4000000060
25196  46.358  -59.544  11.653 0.4000000060
27223  46.898  -58.018  11.322 0.4000000060
26165  45.711  -58.126  12.255 0.4000000060
27236  46.425  -57.951  10.603 0.4000000060
26191  45.564  -58.601  10.010 0.4000000060
27237  45.298  -57.937  10.513 0.4000000060
26192  44.597  -58.764  10.087 0.5000000000
26213  44.053  -59.557  9.812 0.4000000060
24265  44.873  -61.417  8.736 0.3000000119
24245  45.228  -60.731  8.974 0.4000000060
25225  43.732  -60.325  9.591 0.4000000060
20597  46.210  -65.123  5.997 0.2000000030
121294  45.958  -64.487  6.597 0.2000000030
23358  44.509  -62.230  8.519 0.2000000030
20623  46.734  -65.322  5.169 0.1000000015
16180  49.013  -70.267  1.813 0.1000000015
26167  43.998  -59.040  12.412 0.4000000060
25177  42.989  -59.649  12.234 0.4000000060
28217  45.347  -56.898  12.477 0.4000000060
28224  45.397  -56.932  11.763 0.4000000060
142684  45.690  -57.121  12.170 0.4000000060
28240  44.902  -57.341  10.970 0.4000000060
27239  43.281  -58.374  10.490 0.4000000060
27238  44.248  -58.129  10.480 0.4000000060
131503  42.963  -59.107  10.312 0.3000000119
129024  42.936  -60.590  9.664 0.4000000060
26214  43.169  -59.770  9.990 0.4000000060
23359  43.679  -62.420  8.744 0.3000000119
24266  44.033  -61.666  8.980 0.3000000119
130264  44.403  -60.804  9.245 0.4000000060
20624  45.596  -65.798  5.525 0.2000000030
20598  45.205  -65.282  6.468 0.2000000030
22436  45.017  -63.730  7.526 0.2000000030
23379  44.980  -62.895  8.020 0.2000000030
19711  46.395  -65.785  4.377 0.2000000030
15225  48.081  -71.076  2.183 0.1000000015
16181  48.332  -70.362  2.325 0.1000000015
17033  48.542  -69.458  2.287 0.1000000015
27220  41.489  -58.751  12.755 0.3000000119
28219  43.833  -57.379  13.137 0.4000000060
27219  43.247  -58.564  12.670 0.3000000119
29139  45.040  -56.390  12.666 0.4000000060
29154  44.320  -56.214  11.989 0.4000000060
29153  45.054  -56.472  12.403 0.4000000060
28226  43.518  -56.889  11.256 0.4000000060
28242  42.725  -57.763  10.802 0.4000000060
28241  43.839  -57.508  10.826 0.4000000060
26194  42.356  -59.575  10.278 0.4000000060
119735  42.393  -58.751  10.507 0.3000000119
23339  41.075  -62.530  9.354 0.3000000119
24248  41.699  -61.806  9.548 0.3000000119
25226  41.129  -61.044  9.946 0.3000000119
25210  41.710  -60.227  10.193 0.3000000119
26195  41.373  -59.355  10.507 0.3000000119
19690  43.973  -66.114  6.150 0.2000000030
20599  44.264  -65.579  6.657 0.2000000030
21536  42.680  -64.201  8.215 0.3000000119
134089  42.878  -63.438  8.558 0.2000000030
23337  43.191  -61.940  9.164 0.3000000119
121548  42.126  -60.854  9.799 0.3000000119
20625  44.736  -65.896  6.119 0.2000000030
22421  43.482  -63.638  8.284 0.2000000030
121160  45.320  -66.193  4.511 0.2000000030
28206  41.537  -57.265  13.436 0.3000000119
29124  42.068  -56.183  13.720 0.3000000119
28220  42.297  -58.024  12.981 0.3000000119
28205  42.968  -56.777  13.421 0.4000000060
26168  42.197  -59.102  12.564 0.3000000119
30084  44.384  -55.181  13.064 0.3000000119
29122  44.579  -55.528  12.979 0.4000000060
29141  41.959  -55.643  11.817 0.4000000060
30099  43.285  -55.444  12.114 0.4000000060
29140  44.892  -55.800  12.972 0.4000000060
29156  42.315  -56.295  11.536 0.4000000060
29155  43.345  -56.204  11.657 0.4000000060
28228  40.597  -57.367  11.487 0.3000000119
131213  41.631  -57.125  11.320 0.4000000060
120645  42.561  -56.979  11.227 0.4000000060
137805  38.360  -60.153  9.757 0.3000000119
26197  38.174  -59.656  10.042 0.2000000030
27243  38.302  -58.900  10.642 0.2000000030
27227  38.769  -58.278  11.237 0.2000000030
27241  40.633  -58.731  10.871 0.3000000119
27225  41.116  -57.919  11.154 0.3000000119
24231  39.380  -61.690  9.452 0.3000000119
25211  39.938  -61.129  9.976 0.3000000119
130521  40.591  -60.321  10.298 0.2000000030
140445  40.024  -59.597  10.570 0.2000000030
19691  43.080  -66.243  6.109 0.2000000030
21546  42.182  -64.929  7.745 0.3000000119
22422  40.973  -63.896  8.503 0.3000000119
22407  41.073  -63.202  9.030 0.3000000119
29125  40.805  -56.796  13.868 0.3000000119
27200  41.040  -58.148  13.122 0.3000000119
29142  40.785  -55.948  12.062 0.3000000119
29169  37.519  -56.569  10.461 0.2000000030
29160  37.601  -56.391  11.424 0.2000000030
29158  38.943  -56.900  12.009 0.2000000030
29143  39.576  -56.144  12.276 0.2000000030
28252  37.681  -57.145  9.661 0.2000000030
27228  38.012  -58.159  10.982 0.2000000030
28231  37.685  -57.338  11.048 0.2000000030
29159  38.079  -56.802  11.819 0.2000000030
28207  39.928  -57.545  13.967 0.2000000030
19760  48.311  -65.963  2.247 0.1000000015
142244  47.401  -65.385  4.288 0.1000000015
20584  41.824  -65.490  7.125 0.3000000119
19712  44.614  -66.213  5.462 0.2000000030
19558  45.548  -67.033  15.257 0.3000000119
119849  47.526  -66.274  15.155 0.3000000119
19556  48.754  -66.183  15.237 0.3000000119
140945  50.323  -66.285  13.858 0.2000000030
18597  45.781  -67.992  21.740 0.1000000015
18654  48.846  -67.231  18.695 0.2000000030
18732  50.927  -66.962  9.291 0.1000000015
22419  48.225  -63.953  8.514 0.3000000119
18737  50.218  -67.550  8.731 0.1000000015
20570  49.674  -65.039  8.726 0.3000000119
23336  47.104  -62.467  9.822 0.2000000030
134876  49.181  -63.769  8.308 0.2000000030
17820  48.993  -68.195  8.088 0.1000000015
18672  49.804  -67.769  15.977 0.2000000030
19554  49.773  -66.867  14.899 0.2000000030
16980  47.642  -69.482  7.522 0.1000000015
17843  48.867  -68.344  7.135 0.1000000015
21532  50.620  -64.630  7.769 0.1000000015
20596  50.573  -64.159  6.881 0.1000000015
22447  50.681  -63.014  6.977 0.1000000015
24277  49.843  -60.995  8.001 0.1000000015
20569  50.605  -65.408  8.457 0.2000000030
23335  48.235  -61.964  9.507 0.3000000119
125038  50.170  -62.520  7.683 0.2000000030
23334  49.316  -61.307  9.004 0.3000000119
25207  48.246  -59.649  10.313 0.4000000060
141977  47.219  -59.486  11.285 0.4000000060
24261  49.790  -61.201  8.259 0.3000000119
25221  49.149  -59.979  9.170 0.3000000119
24262  48.677  -59.890  8.622 0.3000000119
141044  45.249  -58.816  12.277 0.4000000060
28222  46.456  -57.719  11.351 0.4000000060
139457  46.712  -64.470  6.213 0.2000000030
22452  45.836  -63.738  7.146 0.2000000030
26166  44.916  -58.510  12.460 0.4000000060
27224  46.172  -57.609  11.862 0.4000000060
21544  44.373  -64.418  7.469 0.2000000030
28218  44.915  -56.790  12.910 0.4000000060
23360  42.794  -62.750  8.921 0.3000000119
134576  43.386  -63.045  8.570 0.2000000030
21545  43.582  -64.334  7.847 0.2000000030
28204  44.342  -56.247  13.236 0.4000000060
28203  44.933  -55.992  12.855 0.4000000060
24249  40.432  -61.954  9.553 0.3000000119
20583  42.759  -65.409  7.278 0.2000000030
126563  42.981  -64.826  7.710 0.2000000030
29123  43.718  -55.561  13.501 0.4000000060
121497  41.247  -56.525  11.634 0.4000000060
28229  39.400  -57.554  11.619 0.2000000030
120003  38.185  -59.938  9.361 0.2000000030
26215  37.974  -59.306  9.509 0.2000000030
26198  37.779  -58.769  10.037 0.2000000030
27242  39.350  -58.968  10.934 0.2000000030
139673  44.145  -55.110  13.170 0.3000000119
30071  43.628  -54.920  13.576 0.3000000119
29105  41.239  -55.847  14.277 0.2000000030
17762  49.703  -67.996  14.445 0.1000000015
16914  49.100  -69.072  14.536 0.1000000015
16927  49.041  -68.473  13.846 0.1000000015
18653  49.423  -67.452  19.612 0.1000000015
17779  49.929  -67.305  13.680 0.1000000015
16915  48.263  -69.638  13.988 0.1000000015
28174  39.855  -58.173  14.779 0.1000000015
143797  40.153  -57.244  14.999 0.1000000015
29077  41.240  -55.936  16.304 0.1000000015
134539  40.487  -56.538  15.251 0.1000000015
29106  40.402  -56.688  14.509 0.1000000015
30045  40.812  -55.744  15.672 0.1000000015
30061  40.758  -55.697  14.902 0.1000000015
30060  41.564  -54.929  14.661 0.1000000015
30072  42.729  -55.152  14.047 0.1000000015
31006  41.764  -54.224  14.964 0.1000000015
31005  42.725  -53.667  14.403 0.2000000030
122600  43.750  -54.792  12.791 0.2000000030
31013  43.297  -54.328  13.549 0.2000000030
30070  43.909  -54.872  13.270 0.2000000030
31956  43.165  -52.767  13.699 0.2000000030
31966  43.123  -53.329  13.497 0.2000000030
31982  43.169  -53.747  12.839 0.2000000030
30085  42.701  -54.864  12.252 0.2000000030
30086  41.438  -55.092  12.223 0.2000000030
30087  40.179  -55.344  12.476 0.2000000030
30088  39.048  -55.482  12.592 0.1000000015
31957  42.764  -53.071  14.643 0.2000000030
31026  42.158  -54.175  12.355 0.2000000030
31984  41.065  -53.782  12.783 0.2000000030
31027  40.728  -54.531  12.583 0.1000000015
143265  39.253  -53.341  13.269 0.1000000015
31028  39.578  -54.710  12.808 0.1000000015
28173  40.417  -57.639  15.265 0.1000000015
28159  40.905  -56.630  15.834 0.1000000015
30036  41.160  -55.061  16.122 0.1000000015
30059  42.783  -54.374  14.173 0.2000000030
138884  42.986  -53.221  12.747 0.2000000030
22423  40.248  -63.938  7.977 0.2000000030
138340  39.841  -62.919  8.819 0.2000000030
22424  39.765  -63.209  8.305 0.2000000030
21548  40.609  -64.646  7.292 0.2000000030
22439  39.761  -63.406  7.609 0.2000000030
24267  39.032  -61.992  8.940 0.2000000030
23380  39.369  -62.744  7.928 0.2000000030
23362  38.985  -61.970  8.265 0.2000000030
22454  39.874  -63.446  6.937 0.2000000030
25228  38.519  -60.626  9.449 0.2000000030
25247  39.099  -60.698  7.650 0.1000000015
24282  39.297  -62.113  7.471 0.2000000030
26240  38.633  -60.159  8.252 0.2000000030
25238  38.399  -60.395  8.841 0.2000000030
25246  39.819  -60.269  7.023 0.1000000015
26239  39.271  -59.807  7.596 0.1000000015
25255  41.141  -60.263  5.999 0.1000000015
25273  41.646  -60.711  5.476 0.1000000015
31939  42.432  -53.126  15.566 0.1000000015
27269  38.327  -58.577  8.605 0.1000000015
27280  40.205  -58.417  7.171 0.1000000015
26225  38.763  -59.247  8.124 0.1000000015
26255  40.616  -59.820  6.525 0.1000000015
26238  40.037  -59.384  7.064 0.1000000015
26253  42.077  -59.056  5.787 0.1000000015
27293  41.486  -58.765  6.273 0.1000000015
26273  43.225  -59.321  5.014 0.1000000015
32964  43.264  -52.384  13.411 0.1000000015
32935  43.532  -51.961  15.376 0.1000000015
32936  43.007  -52.507  14.752 0.1000000015
28243  37.594  -57.446  10.266 0.1000000015
28251  37.976  -57.768  8.993 0.1000000015
27268  39.159  -58.300  7.870 0.1000000015
28266  39.168  -57.415  8.009 0.1000000015
27279  41.164  -58.086  6.625 0.1000000015
27291  42.672  -58.409  5.684 0.1000000015
27292  41.964  -58.234  6.118 0.1000000015
136140  43.346  -52.000  14.468 0.1000000015
32965  43.104  -52.737  12.892 0.1000000015
30137  39.092  -55.189  8.369 0.1000000015
30125  37.858  -55.443  9.475 0.1000000015
31074  40.308  -54.495  7.730 0.1000000015
135864  39.556  -55.816  7.918 0.1000000015
28267  38.558  -57.281  8.501 0.1000000015
141332  38.100  -55.916  9.050 0.1000000015
30136  40.311  -55.389  7.590 0.1000000015
140593  39.650  -56.390  7.789 0.1000000015
30145  41.504  -55.546  6.916 0.1000000015
29202  41.131  -56.354  6.977 0.1000000015
119214  40.602  -57.633  7.062 0.1000000015
28275  40.496  -56.964  7.263 0.1000000015
125099  43.230  -55.607  6.163 0.1000000015
29201  41.990  -56.146  6.621 0.1000000015
28274  41.154  -57.195  6.804 0.1000000015
28288  42.500  -56.810  6.258 0.1000000015
123792  43.453  -51.921  13.300 0.1000000015
118774  43.150  -52.155  12.743 0.1000000015
30112  37.532  -55.632  10.197 0.1000000015
32044  41.962  -53.888  6.951 0.1000000015
30146  41.007  -55.019  7.314 0.1000000015
31081  42.536  -54.397  6.624 0.1000000015
31049  37.482  -54.811  10.663 0.1000000015
24292  39.828  -62.099  6.661 0.1000000015
24291  40.276  -61.434  6.381 0.1000000015
28273  41.846  -57.455  6.402 0.1000000015
28287  43.281  -57.162  5.774 0.1000000015
30124  38.376  -55.270  8.876 0.1000000015
16168  44.111  -71.067  5.133 0.1000000015
16151  42.850  -70.661  5.547 0.1000000015
14224  42.890  -71.982  5.047 0.1000000015
15195  43.868  -71.837  4.759 0.1000000015
13348  42.812  -73.230  2.009 0.1000000015
13362  42.969  -73.219  0.883 0.1000000015
14329  42.073  -72.472  -0.867 0.1000000015
17008  44.236  -70.138  5.076 0.1000000015
17024  43.772  -69.385  4.729 0.1000000015
14256  43.132  -72.769  3.787 0.1000000015
13333  43.374  -73.085  2.754 0.1000000015
17885  42.798  -69.211  4.838 0.1000000015
135852  43.340  -68.988  4.138 0.1000000015
17902  44.269  -68.573  2.306 0.1000000015
17023  44.690  -69.352  4.446 0.1000000015
123932  44.734  -71.424  4.662 0.1000000015
15196  42.308  -71.463  5.527 0.1000000015
17919  43.700  -68.203  0.463 0.1000000015
129257  44.665  -68.206  0.678 0.1000000015
17010  42.436  -69.839  5.505 0.1000000015
17886  41.858  -68.742  4.063 0.1000000015
138417  41.143  -68.396  3.267 0.1000000015
17011  41.560  -69.810  5.803 0.1000000015
17865  41.843  -69.159  5.158 0.1000000015
136254  41.186  -68.601  4.442 0.1000000015
17884  44.112  -68.903  3.870 0.1000000015
126237  41.640  -72.143  -1.734 0.1000000015
6649  40.450  -82.182  20.820 0.1000000015
7280  40.036  -82.162  20.076 0.1000000015
7300  38.962  -81.739  16.519 0.1000000015
7939  39.623  -81.639  20.597 0.1000000015
8743  37.877  -79.524  13.482 0.1000000015
9524  37.548  -79.384  13.463 0.1000000015
12109  45.854  -74.955  21.279 0.1000000015
12123  45.804  -75.285  20.910 0.1000000015
13251  46.498  -73.164  9.231 0.2000000030
14065  41.141  -72.311  16.568 0.1000000015
14148  42.272  -72.697  12.133 0.1000000015
14161  46.323  -72.374  10.112 0.2000000030
14165  39.315  -72.150  10.382 0.1000000015
14199  38.162  -72.862  8.898 0.1000000015
14202  35.524  -72.644  8.825 0.1000000015
14223  48.160  -73.193  5.301 0.1000000015
14239  43.311  -72.316  4.508 0.1000000015
14956  46.201  -72.262  22.216 0.1000000015
15145  45.902  -71.892  10.866 0.2000000030
15210  49.295  -71.259  2.457 0.1000000015
15241  49.210  -70.775  2.041 0.1000000015
16055  41.177  -70.873  14.653 0.1000000015
16082  46.287  -70.509  12.401 0.1000000015
16094  45.995  -70.453  11.605 0.2000000030
16149  48.971  -70.667  4.775 0.1000000015
16150  43.580  -70.642  5.340 0.1000000015
16817  36.397  -69.569  22.845 0.1000000015
16866  37.557  -69.318  19.695 0.1000000015
16879  50.737  -70.100  19.273 0.1000000015
16965  46.463  -69.518  10.503 0.2000000030
16992  48.060  -69.890  6.771 0.1000000015
17007  48.737  -70.010  5.399 0.1000000015
17009  43.323  -69.931  5.304 0.1000000015
17031  49.342  -70.136  2.195 0.1000000015
17032  49.127  -69.523  2.043 0.1000000015
17701  43.822  -69.194  21.279 0.1000000015
17721  38.309  -68.564  19.528 0.1000000015
17722  37.619  -68.740  19.647 0.1000000015
17818  47.260  -68.786  9.649 0.2000000030
17822  47.248  -68.881  8.908 0.2000000030
17915  49.126  -67.585  1.711 0.2000000030
17916  48.504  -67.317  1.375 0.2000000030
17918  45.420  -67.634  -0.058 0.1000000015
17922  41.258  -68.094  1.381 0.2000000030
17939  42.844  -68.000  0.041 0.2000000030
17940  42.207  -68.084  0.497 0.2000000030
17941  41.644  -67.950  0.722 0.2000000030
18659  49.712  -67.878  17.925 0.2000000030
18661  48.258  -67.092  17.795 0.3000000119
18710  50.792  -66.235  12.002 0.3000000119
18763  49.456  -67.645  6.662 0.1000000015
18801  49.539  -67.173  3.813 0.1000000015
18833  49.371  -67.260  2.012 0.2000000030
19533  44.018  -66.881  17.321 0.5000000000
19542  46.717  -66.936  16.441 0.3000000119
19560  43.817  -67.200  15.839 0.4000000060
19562  41.833  -66.467  15.560 0.6000000238
19575  44.825  -67.115  14.492 0.5000000000
19593  49.396  -64.972  13.145 0.4000000060
19597  42.616  -66.622  13.064 0.5000000000
19622  41.373  -65.899  12.281 0.5000000000
19641  45.459  -66.803  11.080 0.4000000060
19642  44.199  -66.759  11.086 0.4000000060
19644  42.654  -66.422  11.530 0.4000000060
19653  45.862  -66.523  10.417 0.4000000060
19655  43.217  -66.343  10.882 0.5000000000
19659  50.950  -66.476  9.517 0.1000000015
19692  42.224  -66.232  6.000 0.4000000060
19715  41.785  -66.271  5.147 0.3000000119
19734  44.324  -66.419  4.583 0.3000000119
19735  43.308  -66.506  4.486 0.3000000119
19783  47.825  -66.459  0.992 0.3000000119
19784  46.926  -66.444  0.447 0.1000000015
19785  45.920  -66.613  0.022 0.2000000030
19799  44.727  -66.997  -0.290 0.1000000015
19801  42.455  -67.290  0.319 0.2000000030
20401  46.508  -65.042  21.390 0.2000000030
20404  44.004  -64.290  21.539 0.1000000015
20452  40.377  -65.182  18.180 0.5000000000
20496  39.492  -65.669  15.094 0.5000000000
20504  40.319  -65.753  13.894 0.5000000000
20505  39.603  -65.578  14.317 0.5000000000
20531  49.221  -65.071  11.775 0.3000000119
20557  43.502  -65.757  10.447 0.5000000000
20571  48.239  -65.050  8.874 0.4000000060
20580  50.617  -63.561  6.912 0.1000000015
20582  43.711  -65.111  7.302 0.2000000030
20585  41.066  -65.229  7.047 0.2000000030
20600  43.395  -65.790  6.746 0.2000000030
20601  42.522  -65.904  6.677 0.2000000030
20602  41.298  -65.577  6.525 0.3000000119
20626  41.168  -65.864  5.080 0.3000000119
20643  48.936  -65.820  3.110 0.1000000015
20645  40.906  -65.590  3.765 0.3000000119
20659  40.033  -65.549  1.650 0.1000000015
20660  39.440  -65.390  2.122 0.1000000015
21322  31.643  -63.988  26.900 0.1000000015
21370  44.551  -63.916  21.291 0.3000000119
21372  42.376  -63.381  21.303 0.4000000060
21386  43.948  -63.595  21.132 0.3000000119
21448  37.184  -64.201  16.359 0.5000000000
21467  37.456  -64.589  14.969 0.5000000000
21484  38.256  -64.675  13.636 0.6000000238
21485  37.706  -64.572  14.243 0.5000000000
21497  40.212  -64.839  12.149 0.4000000060
21498  39.481  -64.492  12.472 0.5000000000
21516  41.458  -64.890  11.390 0.4000000060
21521  44.671  -64.843  9.933 0.4000000060
21523  43.094  -64.970  10.586 0.5000000000
21537  41.644  -64.381  8.188 0.3000000119
21538  40.905  -64.426  7.974 0.2000000030
21547  41.332  -64.906  7.602 0.3000000119
21562  45.148  -64.479  7.064 0.2000000030
21563  40.422  -64.490  6.637 0.2000000030
21581  40.558  -64.657  5.766 0.3000000119
21629  40.029  -64.823  1.844 0.1000000015
22260  41.736  -62.851  21.175 0.4000000060
22290  41.738  -62.976  20.586 0.5000000000
22348  36.807  -63.868  15.015 0.5000000000
22363  36.813  -62.931  13.960 0.5000000000
22395  39.838  -63.275  11.891 0.5000000000
22408  40.319  -63.365  8.653 0.2000000030
22417  49.971  -63.409  8.023 0.2000000030
22420  44.050  -63.003  8.358 0.2000000030
22432  50.677  -63.121  7.028 0.1000000015
22433  50.498  -63.184  7.372 0.1000000015
22435  46.415  -62.952  7.260 0.2000000030
22437  44.252  -63.689  7.946 0.2000000030
22438  40.098  -64.007  7.157 0.2000000030
22448  50.340  -62.823  6.725 0.1000000015
22465  41.154  -63.219  4.284 0.1000000015
22506  41.131  -63.075  2.055 0.1000000015
22508  40.010  -64.208  1.882 0.1000000015
23137  31.648  -62.608  24.380 0.1000000015
23156  39.827  -61.956  21.204 0.4000000060
23291  37.254  -62.737  13.269 0.5000000000
23320  42.374  -62.047  11.516 0.4000000060
23321  41.671  -62.351  11.583 0.4000000060
23338  41.857  -62.696  9.216 0.3000000119
23340  40.347  -62.793  9.152 0.2000000030
23341  39.656  -62.401  9.147 0.3000000119
23353  49.978  -61.698  7.725 0.1000000015
23354  49.807  -61.865  8.282 0.3000000119
23355  48.914  -62.362  8.781 0.3000000119
23357  45.396  -61.966  8.284 0.2000000030
23361  39.379  -62.571  8.571 0.2000000030
23393  39.604  -62.822  7.154 0.2000000030
23457  40.539  -63.173  2.106 0.1000000015
24081  32.436  -61.421  22.773 0.1000000015
24184  36.885  -61.802  14.125 0.5000000000
24216  44.683  -60.983  11.447 0.5000000000
24217  43.673  -61.306  11.492 0.5000000000
24220  40.885  -61.898  11.803 0.4000000060
24221  40.036  -61.905  11.958 0.5000000000
24244  48.602  -61.010  9.773 0.3000000119
24246  43.485  -61.151  9.371 0.4000000060
24247  42.657  -61.420  9.475 0.3000000119
24250  38.808  -61.351  9.247 0.2000000030
24260  49.466  -60.642  8.617 0.3000000119
24264  45.768  -61.095  8.550 0.2000000030
24268  38.776  -61.500  8.748 0.2000000030
24278  49.557  -60.888  7.866 0.1000000015
24279  48.727  -60.529  7.995 0.1000000015
24281  39.606  -61.263  7.029 0.1000000015
24283  38.717  -61.069  8.370 0.2000000030
24290  40.945  -61.095  5.875 0.2000000030
24331  43.275  -61.258  3.537 0.1000000015
25206  48.599  -59.521  9.628 0.3000000119
25209  42.479  -60.197  9.999 0.4000000060
25212  38.661  -60.307  10.030 0.3000000119
25223  46.130  -60.110  9.027 0.4000000060
25227  39.025  -60.999  9.840 0.3000000119
25235  49.531  -60.585  8.259 0.2000000030
25236  49.245  -60.116  8.669 0.3000000119
25254  41.855  -59.924  5.650 0.1000000015
25256  40.396  -60.682  6.466 0.1000000015
25303  43.909  -60.998  2.958 0.1000000015
26019  33.204  -59.533  23.547 0.1000000015
26116  41.412  -61.245  15.536 0.1000000015
26169  41.330  -59.488  12.519 0.4000000060
26170  40.442  -59.819  12.528 0.4000000060
26182  47.431  -58.362  10.917 0.4000000060
26183  47.187  -58.636  11.332 0.4000000060
26184  46.450  -58.386  11.786 0.4000000060
26190  47.781  -58.992  10.794 0.4000000060
26193  43.693  -58.972  10.206 0.3000000119
26196  38.860  -59.711  10.468 0.2000000030
26208  48.877  -59.535  9.147 0.3000000119
26212  44.876  -59.407  9.658 0.4000000060
26223  48.377  -59.352  9.204 0.3000000119
26226  38.199  -59.494  8.861 0.2000000030
26237  40.841  -58.982  6.633 0.1000000015
26252  42.774  -59.009  5.435 0.1000000015
26254  41.348  -59.460  6.147 0.1000000015
27078  33.725  -58.544  22.643 0.1000000015
27217  45.242  -57.528  12.544 0.4000000060
27218  44.418  -57.976  12.766 0.4000000060
27226  39.941  -58.186  11.282 0.2000000030
27240  41.715  -58.352  10.789 0.3000000119
27244  37.717  -58.060  10.451 0.2000000030
27253  47.196  -58.423  10.184 0.4000000060
27255  37.902  -58.662  9.293 0.2000000030
27256  37.680  -57.993  9.751 0.2000000030
27281  39.479  -59.030  7.555 0.1000000015
28223  45.893  -57.225  11.839 0.4000000060
28225  44.534  -56.808  11.486 0.4000000060
28227  41.957  -57.644  11.069 0.4000000060
28230  38.375  -57.541  11.501 0.2000000030
28239  45.824  -57.450  11.218 0.4000000060
28265  39.893  -57.592  7.506 0.1000000015
29011  34.919  -56.999  21.676 0.1000000015
29067  37.082  -56.896  17.822 0.1000000015
29089  39.954  -57.517  14.537 0.1000000015
29138  45.423  -56.817  12.324 0.4000000060
29144  38.540  -56.196  12.253 0.2000000030
29157  40.078  -56.773  11.874 0.3000000119
29180  38.695  -55.919  8.531 0.1000000015
29181  38.156  -56.709  8.913 0.1000000015
29182  37.708  -56.246  9.611 0.1000000015
29194  40.270  -56.207  7.483 0.1000000015
29195  39.070  -56.630  8.184 0.1000000015
29986  36.441  -55.876  20.552 0.1000000015
30044  41.118  -54.937  15.335 0.1000000015
30098  44.130  -55.708  12.400 0.4000000060
30100  37.407  -55.673  11.037 0.2000000030
30144  42.412  -55.328  6.563 0.1000000015
30159  43.181  -54.830  6.328 0.1000000015
31014  40.071  -54.090  12.967 0.1000000015
31025  43.430  -54.325  12.846 0.2000000030
31029  38.592  -54.759  12.717 0.1000000015
31060  38.725  -54.575  8.730 0.1000000015
31062  37.681  -54.984  9.912 0.1000000015
31082  41.752  -54.727  6.912 0.1000000015
118751  42.599  -57.659  5.962 0.1000000015
119657  40.135  -65.804  16.505 0.5000000000
119786  43.976  -72.460  4.126 0.1000000015
119908  41.714  -56.783  6.607 0.1000000015
120354  44.162  -67.240  15.089 0.4000000060
120467  38.558  -61.011  8.904 0.2000000030
121413  39.748  -56.867  7.687 0.1000000015
121688  50.702  -65.546  8.159 0.1000000015
123085  38.597  -57.867  8.389 0.1000000015
123094  47.652  -72.242  7.924 0.2000000030
123793  40.297  -82.186  19.120 0.1000000015
124026  42.567  -68.800  3.549 0.1000000015
124614  46.471  -73.430  7.646 0.1000000015
125280  40.854  -55.705  7.262 0.1000000015
125390  36.678  -74.361  21.248 0.1000000015
128458  44.511  -67.835  -0.196 0.2000000030
128701  39.421  -60.410  10.252 0.3000000119
129695  46.514  -66.540  14.916 0.4000000060
130167  42.457  -62.138  9.301 0.3000000119
130718  43.273  -60.470  11.818 0.4000000060
130746  43.310  -68.561  1.837 0.2000000030
130777  40.529  -57.582  13.588 0.3000000119
130871  47.987  -72.400  7.290 0.2000000030
131043  44.413  -60.060  9.519 0.4000000060
131546  39.754  -71.474  11.944 0.1000000015
132126  39.037  -61.475  7.760 0.1000000015
132175  31.619  -63.759  24.476 0.1000000015
132547  43.287  -71.346  5.293 0.1000000015
132637  48.740  -71.319  5.166 0.1000000015
133249  45.622  -63.131  7.530 0.2000000030
133522  49.173  -60.568  9.307 0.3000000119
133978  39.564  -59.840  12.666 0.4000000060
134500  49.356  -61.589  7.270 0.1000000015
134926  36.316  -72.650  8.809 0.1000000015
135317  39.760  -55.080  7.937 0.1000000015
135568  39.813  -66.839  2.129 0.1000000015
136095  49.035  -71.396  4.362 0.1000000015
137107  45.638  -59.079  12.042 0.4000000060
137381  46.253  -64.972  21.583 0.2000000030
137825  49.892  -69.341  21.752 0.1000000015
138104  50.605  -64.183  7.300 0.1000000015
138353  49.417  -67.617  18.588 0.2000000030
138873  46.693  -63.264  9.582 0.3000000119
138952  39.300  -81.960  16.900 0.1000000015
139083  48.214  -59.097  10.147 0.4000000060
139597  39.458  -72.906  15.129 0.1000000015
140739  34.228  -71.820  19.422 0.1000000015
141072  40.535  -62.093  20.973 0.4000000060
141145  37.947  -76.784  21.479 0.1000000015
141407  33.602  -70.998  22.295 0.1000000015
141421  38.364  -63.590  12.683 0.5000000000
141435  38.718  -55.565  19.985 0.1000000015
141452  45.674  -57.364  12.267 0.4000000060
142088  42.688  -56.054  6.326 0.1000000015
142193  40.528  -67.474  1.591 0.1000000015
142606  41.905  -65.561  11.305 0.5000000000
142951  37.900  -58.497  10.554 0.2000000030
143446  43.131  -52.220  15.160 0.1000000015
143539  47.775  -68.631  11.415 0.2000000030
143739  49.889  -67.246  14.274 0.2000000030
143787  41.987  -63.547  8.722 0.3000000119
143950  44.543  -65.024  7.024 0.2000000030
