#!ascii label  , from subject sub-v1s5x0050749_ses-1 vox2ras=TkReg
1528
52481  -49.105  -14.650  60.530 0.0000000000
39212  -46.579  -29.493  66.101 0.0000000000
55614  -53.912  -11.724  44.124 0.0000000000
122974  -44.785  -18.806  51.925 0.0000000000
51661  -52.129  -15.343  53.158 0.0000000000
45254  -53.444  -22.163  63.084 0.0000000000
36368  -50.749  -33.149  56.623 0.0000000000
41977  -45.185  -26.926  54.752 0.0000000000
124787  -36.060  -31.377  70.476 0.0000000000
59264  -62.145  -7.566  46.172 0.0000000000
37300  -37.709  -31.193  57.627 0.0000000000
112453  -46.994  -17.701  56.338 0.0000000000
51694  -48.040  -15.790  52.291 0.0000000000
53438  -50.214  -13.045  56.844 0.0000000000
110883  -53.099  -18.046  61.836 0.0000000000
42728  -50.677  -25.276  58.161 0.0000000000
46295  -48.630  -21.425  57.347 0.0000000000
44486  -44.483  -23.061  53.801 0.0000000000
61016  -63.281  -5.449  43.736 0.0000000000
36309  -41.233  -32.270  67.320 0.0000000000
37271  -36.707  -31.439  63.609 0.0000000000
39259  -41.739  -29.453  61.430 0.0000000000
52613  -53.487  -14.751  48.250 0.0000000000
43521  -49.996  -24.917  65.060 0.0000000000
41039  -46.824  -27.072  60.044 0.0000000000
39271  -53.372  -28.833  59.514 0.0000000000
39322  -49.894  -29.425  54.194 0.0000000000
38110  -31.450  -30.522  72.940 0.0000000000
51650  -57.545  -15.203  54.640 0.0000000000
53516  -58.243  -12.931  49.694 0.0000000000
110456  -61.072  -8.705  50.864 0.0000000000
57502  -57.942  -9.709  45.080 0.0000000000
59297  -59.632  -6.961  42.177 0.0000000000
38207  -31.653  -30.144  66.239 0.0000000000
37321  -44.890  -30.985  56.473 0.0000000000
126428  -48.164  -16.468  58.569 0.0000000000
124406  -47.977  -15.237  57.138 0.0000000000
53427  -48.626  -13.481  59.144 0.0000000000
50745  -50.413  -16.229  61.356 0.0000000000
112701  -50.626  -20.154  59.442 0.0000000000
49140  -48.746  -17.835  59.358 0.0000000000
48356  -47.394  -19.379  56.504 0.0000000000
112558  -52.338  -11.503  41.643 0.0000000000
106683  -53.814  -10.482  42.280 0.0000000000
37235  -44.309  -31.687  67.043 0.0000000000
114862  -41.567  -30.762  64.353 0.0000000000
39232  -43.768  -29.698  63.777 0.0000000000
50014  -44.317  -17.223  49.664 0.0000000000
106199  -49.952  -15.416  53.008 0.0000000000
120544  -48.652  -15.414  50.157 0.0000000000
51704  -51.067  -14.931  50.495 0.0000000000
52611  -51.833  -15.028  48.076 0.0000000000
106046  -53.259  -14.855  51.131 0.0000000000
109555  -51.236  -23.402  64.370 0.0000000000
43561  -50.245  -24.445  61.485 0.0000000000
42669  -53.560  -25.347  61.430 0.0000000000
109038  -48.061  -25.846  56.824 0.0000000000
41096  -50.592  -27.781  56.683 0.0000000000
40204  -47.925  -28.259  53.985 0.0000000000
47435  -44.490  -20.788  52.712 0.0000000000
52583  -57.856  -14.466  51.812 0.0000000000
57481  -60.798  -10.075  47.872 0.0000000000
58393  -61.062  -8.880  46.004 0.0000000000
58420  -58.716  -8.140  43.402 0.0000000000
108763  -61.632  -7.683  44.393 0.0000000000
60230  -63.856  -6.417  41.599 0.0000000000
38132  -33.913  -30.803  71.508 0.0000000000
38168  -31.760  -30.415  69.147 0.0000000000
38195  -34.247  -30.665  67.669 0.0000000000
106256  -36.925  -30.306  60.470 0.0000000000
38294  -34.597  -31.146  61.474 0.0000000000
36338  -35.191  -32.270  58.906 0.0000000000
39304  -49.233  -29.675  57.619 0.0000000000
40180  -46.336  -28.557  57.589 0.0000000000
37323  -47.402  -31.253  56.582 0.0000000000
49190  -46.110  -18.751  53.846 0.0000000000
49995  -46.091  -17.196  52.197 0.0000000000
50811  -46.942  -16.149  54.714 0.0000000000
124625  -49.134  -15.004  55.253 0.0000000000
53466  -51.568  -14.261  55.623 0.0000000000
47304  -54.775  -20.100  62.129 0.0000000000
44410  -54.408  -23.408  60.321 0.0000000000
46265  -51.946  -21.779  59.491 0.0000000000
45305  -49.369  -22.757  57.793 0.0000000000
43620  -46.960  -24.443  56.221 0.0000000000
42784  -44.948  -24.749  54.809 0.0000000000
45326  -46.717  -22.424  55.502 0.0000000000
47418  -46.408  -20.558  54.696 0.0000000000
61001  -62.345  -5.675  45.194 0.0000000000
62723  -61.283  -2.886  45.918 0.0000000000
37200  -38.617  -32.178  68.476 0.0000000000
37227  -36.745  -31.525  66.692 0.0000000000
37249  -39.322  -31.557  65.706 0.0000000000
38287  -39.575  -30.444  62.627 0.0000000000
39288  -40.006  -29.102  58.726 0.0000000000
51713  -46.544  -16.016  49.759 0.0000000000
124192  -52.318  -14.394  45.885 0.0000000000
53572  -53.656  -13.818  46.422 0.0000000000
41008  -48.046  -27.661  65.661 0.0000000000
108693  -45.699  -27.745  63.322 0.0000000000
42666  -47.532  -25.455  62.204 0.0000000000
41060  -50.198  -28.058  59.822 0.0000000000
38319  -52.219  -30.539  58.120 0.0000000000
41075  -53.440  -27.552  58.485 0.0000000000
39317  -52.595  -29.633  56.142 0.0000000000
118513  -51.622  -32.384  55.124 0.0000000000
56381  -48.866  -10.694  61.802 0.0000000000
40070  -47.935  -28.636  67.513 0.0000000000
44357  -50.266  -23.883  66.283 0.0000000000
47241  -51.187  -21.434  65.328 0.0000000000
56412  -50.667  -10.553  59.803 0.0000000000
54455  -52.395  -12.013  58.107 0.0000000000
53456  -54.036  -13.915  56.706 0.0000000000
53443  -56.520  -13.467  57.479 0.0000000000
51664  -55.070  -15.476  53.994 0.0000000000
51699  -55.546  -14.853  51.633 0.0000000000
53537  -55.788  -13.852  48.928 0.0000000000
54629  -55.963  -12.515  47.095 0.0000000000
121185  -60.507  -11.691  50.244 0.0000000000
56554  -58.110  -11.156  47.294 0.0000000000
56585  -55.806  -10.800  44.698 0.0000000000
57524  -56.679  -9.314  43.325 0.0000000000
60211  -62.262  -6.802  42.859 0.0000000000
121908  -29.750  -30.507  71.481 0.0000000000
38262  -29.796  -30.700  63.769 0.0000000000
38251  -34.314  -31.013  64.599 0.0000000000
38280  -32.547  -30.855  62.677 0.0000000000
40115  -44.392  -28.124  60.981 0.0000000000
107586  -42.932  -28.429  58.061 0.0000000000
37317  -41.201  -30.775  56.831 0.0000000000
114113  -44.046  -33.156  58.874 0.0000000000
51582  -48.820  -14.919  59.910 0.0000000000
52503  -48.384  -14.770  58.518 0.0000000000
125619  -48.637  -13.765  59.568 0.0000000000
51574  -49.936  -15.510  61.276 0.0000000000
49929  -49.629  -17.127  60.438 0.0000000000
50757  -48.890  -16.864  59.788 0.0000000000
117539  -48.415  -17.013  58.994 0.0000000000
54665  -53.461  -12.367  44.508 0.0000000000
55628  -52.835  -11.566  42.769 0.0000000000
55629  -53.095  -10.911  41.981 0.0000000000
55625  -54.389  -11.136  43.791 0.0000000000
38235  -45.418  -30.553  66.149 0.0000000000
38256  -44.045  -30.384  64.900 0.0000000000
39220  -45.197  -29.387  64.703 0.0000000000
49203  -43.903  -18.681  50.759 0.0000000000
49204  -44.416  -18.117  50.779 0.0000000000
51660  -51.249  -15.452  53.636 0.0000000000
106049  -50.380  -15.211  51.375 0.0000000000
106053  -51.892  -15.112  52.093 0.0000000000
51705  -52.056  -14.785  50.459 0.0000000000
106052  -53.066  -15.091  52.191 0.0000000000
44382  -52.325  -22.652  63.288 0.0000000000
43545  -51.890  -23.520  62.283 0.0000000000
44394  -53.712  -23.480  62.129 0.0000000000
41971  -46.950  -26.843  55.890 0.0000000000
41101  -47.584  -27.448  55.608 0.0000000000
41107  -46.478  -27.734  54.494 0.0000000000
40211  -46.818  -28.389  53.093 0.0000000000
47441  -44.342  -20.080  52.228 0.0000000000
116650  -43.429  -20.967  51.780 0.0000000000
47440  -43.663  -20.177  51.597 0.0000000000
58383  -61.645  -8.857  47.369 0.0000000000
58394  -61.747  -8.524  46.501 0.0000000000
58411  -61.202  -8.224  45.012 0.0000000000
59281  -62.256  -7.765  45.124 0.0000000000
38133  -34.777  -30.973  71.253 0.0000000000
38171  -33.979  -30.658  69.487 0.0000000000
38172  -34.918  -30.946  69.354 0.0000000000
39274  -36.953  -30.103  58.652 0.0000000000
38310  -35.632  -30.757  59.308 0.0000000000
37296  -36.972  -31.331  57.940 0.0000000000
35451  -36.971  -32.992  58.874 0.0000000000
36344  -38.110  -32.533  58.282 0.0000000000
37312  -49.962  -31.401  56.802 0.0000000000
38328  -48.526  -30.212  56.877 0.0000000000
36372  -49.366  -32.118  56.729 0.0000000000
49977  -46.499  -17.647  54.773 0.0000000000
50810  -46.532  -16.846  54.303 0.0000000000
50803  -46.693  -16.789  55.151 0.0000000000
127303  -48.823  -14.034  57.261 0.0000000000
51629  -48.237  -15.224  55.637 0.0000000000
52527  -49.820  -14.385  55.676 0.0000000000
51630  -50.192  -14.975  54.844 0.0000000000
52528  -50.781  -13.924  55.793 0.0000000000
49128  -54.127  -18.818  62.061 0.0000000000
47339  -54.007  -20.641  60.720 0.0000000000
48324  -52.732  -19.570  60.646 0.0000000000
47372  -49.296  -20.200  58.534 0.0000000000
46281  -50.408  -21.609  58.776 0.0000000000
45304  -48.718  -22.355  57.293 0.0000000000
44450  -47.973  -23.707  56.774 0.0000000000
44449  -47.520  -23.215  56.372 0.0000000000
44467  -46.409  -23.170  55.447 0.0000000000
46305  -47.651  -21.555  56.265 0.0000000000
49168  -47.299  -18.472  56.767 0.0000000000
48371  -47.095  -19.579  55.839 0.0000000000
48370  -46.727  -19.220  55.259 0.0000000000
48384  -46.201  -19.337  54.144 0.0000000000
36287  -40.057  -32.493  68.497 0.0000000000
37210  -38.604  -31.948  67.479 0.0000000000
37230  -39.843  -31.874  66.490 0.0000000000
39247  -42.235  -29.895  62.875 0.0000000000
107399  -40.314  -30.659  63.725 0.0000000000
39245  -40.870  -30.078  62.323 0.0000000000
39267  -39.476  -29.675  60.454 0.0000000000
39278  -40.843  -29.252  60.126 0.0000000000
50827  -46.652  -16.609  51.997 0.0000000000
50832  -46.744  -16.415  51.177 0.0000000000
50837  -47.432  -16.010  50.896 0.0000000000
125662  -49.113  -15.242  49.729 0.0000000000
51714  -47.667  -15.493  49.302 0.0000000000
51747  -48.235  -15.015  47.864 0.0000000000
52612  -52.668  -14.942  48.129 0.0000000000
116134  -51.940  -14.981  46.990 0.0000000000
52628  -52.941  -14.855  47.479 0.0000000000
53571  -52.965  -14.236  46.130 0.0000000000
53554  -53.942  -14.143  47.158 0.0000000000
41866  -48.669  -26.120  64.708 0.0000000000
41880  -47.829  -26.060  63.772 0.0000000000
43531  -48.790  -24.805  63.155 0.0000000000
41028  -52.003  -27.085  60.681 0.0000000000
41921  -50.153  -26.598  60.528 0.0000000000
40131  -51.084  -28.265  59.977 0.0000000000
39279  -51.127  -29.213  59.173 0.0000000000
39293  -52.586  -29.959  58.658 0.0000000000
43595  -52.542  -24.385  59.206 0.0000000000
42716  -53.975  -25.297  59.486 0.0000000000
41942  -51.934  -26.228  58.352 0.0000000000
40198  -49.939  -28.462  55.182 0.0000000000
40193  -51.182  -28.459  56.163 0.0000000000
39320  -51.229  -29.513  55.176 0.0000000000
38346  -52.141  -30.784  55.389 0.0000000000
43657  -44.314  -23.846  54.037 0.0000000000
45229  -50.634  -23.218  65.945 0.0000000000
49905  -51.940  -17.677  64.666 0.0000000000
56391  -49.495  -10.329  60.767 0.0000000000
55426  -52.421  -11.099  59.463 0.0000000000
54456  -53.483  -12.225  58.363 0.0000000000
53440  -53.479  -13.309  57.156 0.0000000000
54471  -54.025  -12.796  57.834 0.0000000000
113773  -56.966  -14.749  56.174 0.0000000000
52546  -56.074  -14.856  56.146 0.0000000000
120169  -56.013  -15.419  54.190 0.0000000000
106050  -55.192  -15.076  52.324 0.0000000000
51684  -56.731  -15.127  52.937 0.0000000000
107916  -57.868  -13.573  50.331 0.0000000000
53515  -56.952  -13.858  50.097 0.0000000000
108881  -56.680  -13.557  49.301 0.0000000000
53557  -55.864  -13.361  48.209 0.0000000000
54614  -57.014  -12.476  48.075 0.0000000000
56513  -61.257  -10.722  50.353 0.0000000000
57491  -59.568  -10.122  46.876 0.0000000000
56555  -59.135  -10.697  47.447 0.0000000000
56565  -58.625  -10.417  46.663 0.0000000000
56563  -56.808  -11.077  46.112 0.0000000000
124886  -56.865  -10.365  44.972 0.0000000000
56602  -56.219  -9.865  43.770 0.0000000000
57511  -56.947  -9.632  44.065 0.0000000000
111150  -59.192  -7.490  42.806 0.0000000000
58432  -57.565  -8.049  42.266 0.0000000000
59315  -57.997  -7.463  41.561 0.0000000000
61008  -63.110  -6.007  44.365 0.0000000000
59282  -62.974  -7.082  43.916 0.0000000000
60198  -63.331  -6.559  43.317 0.0000000000
106080  -31.953  -30.357  67.747 0.0000000000
38180  -30.686  -30.372  68.234 0.0000000000
106078  -30.783  -30.146  66.725 0.0000000000
38206  -29.950  -30.059  66.046 0.0000000000
38247  -30.737  -30.082  64.700 0.0000000000
108302  -36.933  -31.591  64.921 0.0000000000
121270  -35.727  -31.439  65.613 0.0000000000
37270  -35.822  -31.508  63.764 0.0000000000
38281  -33.395  -31.046  62.513 0.0000000000
34473  -33.488  -34.500  61.248 0.0000000000
41916  -45.970  -26.826  61.090 0.0000000000
41026  -44.825  -27.871  61.703 0.0000000000
41038  -45.933  -27.245  60.454 0.0000000000
122714  -45.384  -29.327  56.623 0.0000000000
40178  -44.303  -28.502  57.338 0.0000000000
39313  -43.802  -29.389  56.537 0.0000000000
39311  -42.099  -29.440  56.719 0.0000000000
37319  -42.978  -30.837  56.605 0.0000000000
35457  -42.323  -33.071  58.804 0.0000000000
49947  -47.545  -17.229  57.577 0.0000000000
50795  -47.261  -16.244  56.358 0.0000000000
51615  -47.825  -15.722  57.536 0.0000000000
52516  -48.488  -14.331  57.845 0.0000000000
122795  -48.876  -13.592  57.801 0.0000000000
50746  -51.887  -16.727  62.039 0.0000000000
49134  -51.922  -18.805  60.794 0.0000000000
49930  -51.158  -18.082  60.933 0.0000000000
119494  -49.594  -19.050  59.476 0.0000000000
48338  -48.722  -19.385  58.473 0.0000000000
48357  -47.888  -20.024  56.977 0.0000000000
49154  -48.069  -18.804  57.994 0.0000000000
49153  -47.603  -18.217  57.487 0.0000000000
56615  -54.197  -9.879  41.702 0.0000000000
37214  -42.814  -32.089  67.256 0.0000000000
37251  -41.516  -31.539  65.724 0.0000000000
37252  -43.330  -31.415  65.915 0.0000000000
38275  -43.426  -30.241  64.292 0.0000000000
39248  -43.188  -29.459  62.800 0.0000000000
51679  -48.939  -15.557  52.891 0.0000000000
105577  -48.094  -15.746  51.373 0.0000000000
121293  -49.474  -15.396  51.420 0.0000000000
106415  -50.165  -15.140  50.418 0.0000000000
51734  -50.364  -14.899  48.924 0.0000000000
52610  -50.974  -14.882  48.136 0.0000000000
51718  -51.689  -14.809  49.658 0.0000000000
51719  -52.637  -14.775  49.643 0.0000000000
51720  -53.488  -14.741  49.722 0.0000000000
44380  -50.817  -23.845  64.438 0.0000000000
43543  -49.506  -24.178  62.807 0.0000000000
43544  -50.956  -23.466  62.382 0.0000000000
42688  -52.008  -24.989  61.414 0.0000000000
41046  -53.953  -27.457  60.302 0.0000000000
42745  -49.336  -25.365  57.507 0.0000000000
41953  -50.521  -26.551  57.637 0.0000000000
41965  -49.179  -26.877  56.959 0.0000000000
40197  -49.072  -28.211  54.972 0.0000000000
40205  -48.742  -28.472  54.200 0.0000000000
39334  -48.260  -30.079  52.500 0.0000000000
40218  -47.247  -28.904  52.560 0.0000000000
46337  -44.586  -21.444  53.154 0.0000000000
46342  -43.516  -21.501  52.186 0.0000000000
52548  -58.742  -14.474  54.920 0.0000000000
51685  -57.606  -15.008  53.112 0.0000000000
52575  -59.149  -14.475  53.376 0.0000000000
112793  -59.793  -13.554  52.271 0.0000000000
53500  -59.540  -13.190  51.247 0.0000000000
58350  -61.416  -8.708  50.018 0.0000000000
123305  -61.304  -10.087  49.065 0.0000000000
112536  -61.555  -9.181  48.279 0.0000000000
121019  -60.567  -9.351  46.419 0.0000000000
117235  -59.889  -9.231  45.820 0.0000000000
57513  -58.512  -9.128  44.656 0.0000000000
57514  -59.428  -8.880  45.008 0.0000000000
59287  -59.768  -7.863  43.726 0.0000000000
105939  -60.142  -7.227  42.951 0.0000000000
61873  -63.136  -4.318  42.932 0.0000000000
60199  -63.585  -6.351  42.618 0.0000000000
61882  -63.748  -5.149  41.775 0.0000000000
38131  -32.770  -30.667  72.165 0.0000000000
38130  -31.308  -30.506  71.237 0.0000000000
107619  -32.896  -30.554  70.199 0.0000000000
106489  -33.251  -30.510  68.830 0.0000000000
38208  -32.573  -30.363  66.956 0.0000000000
38284  -36.815  -31.029  62.291 0.0000000000
109740  -36.015  -31.073  61.976 0.0000000000
108504  -36.116  -30.607  60.580 0.0000000000
38309  -34.975  -31.082  59.761 0.0000000000
121529  -34.017  -32.099  59.566 0.0000000000
34492  -34.540  -34.184  60.494 0.0000000000
35427  -35.638  -33.547  59.629 0.0000000000
40169  -48.497  -28.497  58.793 0.0000000000
40167  -46.764  -28.225  58.469 0.0000000000
40181  -47.239  -28.709  57.760 0.0000000000
39316  -46.907  -29.974  56.632 0.0000000000
37322  -45.813  -31.089  56.525 0.0000000000
49198  -45.252  -18.677  52.392 0.0000000000
49201  -45.118  -18.207  51.802 0.0000000000
111295  -46.059  -17.490  52.987 0.0000000000
50818  -46.514  -16.758  52.838 0.0000000000
51678  -47.829  -15.788  53.276 0.0000000000
51628  -47.586  -15.650  56.004 0.0000000000
51656  -47.599  -15.708  54.273 0.0000000000
51657  -48.601  -15.506  53.901 0.0000000000
51658  -49.560  -15.430  53.717 0.0000000000
51643  -50.807  -15.309  54.309 0.0000000000
51644  -51.675  -15.336  54.406 0.0000000000
47284  -53.868  -20.957  63.223 0.0000000000
45260  -54.625  -22.429  61.918 0.0000000000
46251  -54.736  -21.999  60.954 0.0000000000
46267  -53.585  -22.165  60.019 0.0000000000
44431  -51.793  -23.688  59.083 0.0000000000
122939  -51.111  -20.665  59.467 0.0000000000
45294  -50.638  -22.514  58.718 0.0000000000
43592  -50.405  -23.929  58.348 0.0000000000
43605  -49.057  -24.417  57.493 0.0000000000
42766  -47.422  -25.484  56.524 0.0000000000
42777  -46.059  -25.605  55.765 0.0000000000
123226  -44.926  -26.229  54.932 0.0000000000
43639  -45.708  -24.636  55.388 0.0000000000
43651  -45.310  -23.967  54.834 0.0000000000
45337  -45.653  -22.172  54.499 0.0000000000
47408  -47.215  -21.123  55.727 0.0000000000
46328  -46.205  -21.446  54.727 0.0000000000
46327  -45.613  -21.444  54.186 0.0000000000
47427  -45.556  -20.775  53.823 0.0000000000
108976  -45.366  -19.338  52.930 0.0000000000
60185  -62.297  -6.718  45.706 0.0000000000
120280  -61.645  -4.855  45.766 0.0000000000
61849  -61.993  -4.619  45.202 0.0000000000
62724  -61.932  -3.715  45.055 0.0000000000
62735  -62.428  -3.503  44.168 0.0000000000
120393  -62.067  -2.776  43.020 0.0000000000
37189  -37.664  -31.923  69.767 0.0000000000
37198  -36.426  -31.426  68.434 0.0000000000
37209  -37.564  -31.667  67.263 0.0000000000
37228  -37.504  -31.607  66.285 0.0000000000
37261  -37.620  -31.467  64.611 0.0000000000
37263  -40.142  -31.295  65.088 0.0000000000
37273  -38.958  -30.892  63.768 0.0000000000
38271  -38.242  -30.947  63.260 0.0000000000
38298  -38.431  -30.313  61.587 0.0000000000
112228  -38.720  -29.656  59.913 0.0000000000
106147  -38.908  -29.593  57.798 0.0000000000
50007  -45.435  -17.205  50.882 0.0000000000
50841  -45.617  -16.334  49.594 0.0000000000
114518  -47.395  -15.804  50.067 0.0000000000
53593  -53.045  -13.074  44.966 0.0000000000
54653  -53.751  -12.714  45.242 0.0000000000
40086  -47.701  -28.385  66.095 0.0000000000
40089  -46.477  -28.402  64.786 0.0000000000
41016  -46.773  -27.657  64.356 0.0000000000
118599  -46.382  -26.444  62.243 0.0000000000
41905  -47.001  -26.017  61.043 0.0000000000
42684  -48.708  -24.829  61.501 0.0000000000
41920  -49.011  -26.446  60.364 0.0000000000
41058  -48.381  -27.700  59.514 0.0000000000
40170  -49.338  -28.718  58.931 0.0000000000
38330  -51.199  -30.442  57.844 0.0000000000
37313  -51.169  -31.465  57.138 0.0000000000
43564  -54.864  -24.828  60.893 0.0000000000
41931  -54.539  -26.754  59.912 0.0000000000
41076  -54.035  -27.897  58.981 0.0000000000
41087  -51.969  -27.645  57.521 0.0000000000
40183  -52.545  -28.465  57.120 0.0000000000
39294  -53.589  -29.486  58.154 0.0000000000
38343  -53.127  -30.775  56.792 0.0000000000
37329  -52.701  -31.450  56.390 0.0000000000
41975  -43.858  -26.150  54.058 0.0000000000
52467  -49.741  -14.159  61.743 0.0000000000
54419  -48.799  -12.387  61.185 0.0000000000
38096  -33.776  -30.363  73.815 0.0000000000
37178  -36.733  -31.609  71.078 0.0000000000
37180  -38.495  -32.342  70.672 0.0000000000
122143  -39.889  -32.541  70.062 0.0000000000
37215  -44.225  -32.041  67.924 0.0000000000
38197  -45.534  -31.277  67.466 0.0000000000
38215  -46.537  -30.444  67.320 0.0000000000
39203  -47.556  -29.314  67.214 0.0000000000
109982  -48.334  -27.874  66.490 0.0000000000
41830  -49.112  -26.577  66.351 0.0000000000
41831  -49.579  -25.927  66.012 0.0000000000
42591  -49.545  -25.399  66.667 0.0000000000
43512  -50.271  -24.711  65.572 0.0000000000
43513  -50.789  -24.047  65.346 0.0000000000
45244  -51.637  -22.772  64.666 0.0000000000
46191  -52.036  -22.023  64.463 0.0000000000
47283  -53.114  -21.087  63.803 0.0000000000
48303  -53.416  -19.280  63.651 0.0000000000
115327  -53.624  -17.897  63.273 0.0000000000
52468  -50.514  -14.260  62.464 0.0000000000
54426  -48.676  -12.444  60.170 0.0000000000
54439  -49.231  -11.825  59.120 0.0000000000
54454  -50.232  -11.993  58.087 0.0000000000
56393  -51.355  -9.967  60.589 0.0000000000
55425  -51.324  -10.976  59.231 0.0000000000
54468  -50.673  -12.417  57.362 0.0000000000
53454  -51.742  -13.650  56.161 0.0000000000
52529  -52.426  -14.363  55.841 0.0000000000
51632  -53.180  -15.403  54.973 0.0000000000
53457  -55.127  -13.998  56.958 0.0000000000
51633  -54.665  -15.279  55.458 0.0000000000
51646  -53.520  -15.506  54.214 0.0000000000
106051  -54.203  -15.136  52.371 0.0000000000
51708  -54.456  -14.742  50.701 0.0000000000
52589  -54.923  -14.657  50.026 0.0000000000
52582  -56.849  -14.597  51.416 0.0000000000
52590  -55.614  -14.572  50.299 0.0000000000
52615  -54.933  -14.343  48.853 0.0000000000
53555  -54.687  -13.743  47.557 0.0000000000
53574  -55.124  -12.901  46.946 0.0000000000
55601  -55.214  -11.843  45.574 0.0000000000
54564  -60.688  -11.947  51.000 0.0000000000
54592  -59.052  -12.249  49.401 0.0000000000
55573  -60.469  -10.788  48.839 0.0000000000
113947  -59.345  -11.565  48.776 0.0000000000
55570  -57.763  -12.219  48.316 0.0000000000
55592  -57.179  -11.452  46.908 0.0000000000
55602  -56.012  -11.481  45.859 0.0000000000
55616  -55.220  -11.335  44.858 0.0000000000
56600  -54.760  -10.608  43.441 0.0000000000
56612  -55.332  -9.641  42.643 0.0000000000
57538  -55.724  -9.023  42.163 0.0000000000
57525  -57.423  -9.068  43.582 0.0000000000
58431  -56.418  -8.581  42.111 0.0000000000
58450  -55.701  -8.644  40.451 0.0000000000
59273  -62.793  -7.213  44.624 0.0000000000
59289  -62.126  -7.224  43.681 0.0000000000
60209  -60.564  -6.778  42.264 0.0000000000
60212  -63.150  -6.647  42.528 0.0000000000
60227  -61.282  -6.585  41.575 0.0000000000
60226  -60.103  -6.703  41.507 0.0000000000
38149  -30.720  -30.433  70.375 0.0000000000
38196  -35.189  -31.001  67.367 0.0000000000
108190  -33.979  -30.704  66.157 0.0000000000
38229  -33.358  -30.521  65.573 0.0000000000
38267  -34.455  -31.214  63.315 0.0000000000
38266  -33.146  -30.791  63.302 0.0000000000
123123  -32.210  -30.314  64.398 0.0000000000
38264  -31.184  -30.529  63.331 0.0000000000
125467  -45.048  -28.811  64.014 0.0000000000
40101  -44.449  -28.464  62.474 0.0000000000
127327  -43.118  -28.884  61.457 0.0000000000
124083  -45.438  -28.070  58.942 0.0000000000
40147  -43.893  -28.323  59.469 0.0000000000
110622  -42.392  -28.626  59.449 0.0000000000
40163  -41.606  -28.675  58.792 0.0000000000
121239  -40.195  -29.325  57.565 0.0000000000
37302  -39.482  -30.821  57.236 0.0000000000
36364  -46.856  -32.456  57.403 0.0000000000
36363  -45.901  -32.329  57.525 0.0000000000
36361  -43.967  -32.210  57.539 0.0000000000
36359  -42.183  -32.138  57.630 0.0000000000
36358  -41.298  -32.097  57.685 0.0000000000
36346  -39.915  -32.499  58.205 0.0000000000
52480  -48.789  -14.018  60.074 0.0000000000
107729  -49.561  -14.802  61.153 0.0000000000
50758  -49.362  -16.316  60.388 0.0000000000
51583  -49.317  -15.446  60.569 0.0000000000
51591  -48.859  -15.834  59.832 0.0000000000
54671  -53.145  -11.992  43.717 0.0000000000
55624  -53.663  -11.364  43.390 0.0000000000
39206  -46.239  -30.210  66.537 0.0000000000
39211  -45.751  -29.839  65.656 0.0000000000
126709  -44.097  -18.972  51.259 0.0000000000
49200  -44.512  -18.555  51.356 0.0000000000
124626  -51.880  -15.457  53.874 0.0000000000
51681  -51.242  -15.321  52.720 0.0000000000
45253  -52.627  -22.262  63.584 0.0000000000
44383  -53.256  -22.678  62.780 0.0000000000
41970  -46.303  -26.619  55.649 0.0000000000
41100  -46.721  -27.360  55.286 0.0000000000
48391  -44.274  -19.323  51.699 0.0000000000
48390  -43.711  -19.385  51.117 0.0000000000
120121  -61.664  -7.433  46.983 0.0000000000
116430  -61.891  -8.166  46.957 0.0000000000
109119  -62.209  -8.017  45.956 0.0000000000
38154  -35.298  -31.140  70.385 0.0000000000
37187  -35.818  -31.273  69.678 0.0000000000
38318  -37.333  -30.708  57.807 0.0000000000
38317  -36.720  -30.661  58.237 0.0000000000
117233  -37.388  -32.558  58.435 0.0000000000
36355  -38.320  -31.829  57.726 0.0000000000
36373  -50.528  -32.328  56.729 0.0000000000
49970  -46.714  -17.630  55.571 0.0000000000
49971  -46.895  -16.857  55.955 0.0000000000
53437  -49.399  -13.523  57.053 0.0000000000
52517  -49.175  -14.147  56.548 0.0000000000
53452  -49.973  -13.669  56.304 0.0000000000
49127  -53.638  -18.603  61.797 0.0000000000
120191  -53.886  -19.328  61.399 0.0000000000
49126  -52.951  -18.719  61.277 0.0000000000
47385  -49.121  -20.951  58.019 0.0000000000
45313  -48.146  -22.825  56.782 0.0000000000
46306  -48.174  -21.908  56.758 0.0000000000
45312  -47.625  -22.387  56.319 0.0000000000
49179  -46.931  -18.635  55.947 0.0000000000
49178  -46.631  -18.367  55.219 0.0000000000
36298  -40.632  -32.454  67.936 0.0000000000
37212  -40.313  -32.222  67.163 0.0000000000
39246  -41.556  -29.795  62.193 0.0000000000
38289  -41.374  -30.209  62.927 0.0000000000
39258  -40.835  -29.777  61.531 0.0000000000
39269  -41.221  -29.380  60.748 0.0000000000
50828  -47.194  -16.227  52.624 0.0000000000
50833  -47.363  -16.145  51.720 0.0000000000
51733  -49.320  -15.068  48.975 0.0000000000
51732  -48.383  -15.193  48.694 0.0000000000
124274  -53.538  -14.610  47.550 0.0000000000
41867  -49.488  -25.697  65.389 0.0000000000
41881  -48.495  -25.535  63.796 0.0000000000
42636  -49.240  -25.308  64.371 0.0000000000
41045  -52.434  -27.903  60.380 0.0000000000
41044  -51.522  -27.802  60.333 0.0000000000
40132  -51.983  -28.435  60.086 0.0000000000
39280  -52.079  -29.443  59.262 0.0000000000
39281  -52.998  -29.462  59.170 0.0000000000
43594  -51.786  -24.649  58.783 0.0000000000
110625  -52.439  -25.522  58.772 0.0000000000
42729  -51.429  -25.377  58.431 0.0000000000
40207  -50.396  -29.094  54.782 0.0000000000
39323  -50.739  -29.979  54.548 0.0000000000
39329  -50.079  -30.139  53.973 0.0000000000
44485  -43.836  -23.489  53.474 0.0000000000
52547  -58.129  -14.535  55.532 0.0000000000
52534  -57.559  -14.474  56.105 0.0000000000
52557  -57.455  -14.970  55.510 0.0000000000
51635  -56.464  -15.129  55.612 0.0000000000
51649  -56.694  -15.302  54.845 0.0000000000
51665  -56.740  -15.331  53.941 0.0000000000
125530  -57.427  -13.362  49.629 0.0000000000
54615  -57.390  -12.864  48.903 0.0000000000
53538  -56.509  -13.139  48.517 0.0000000000
57441  -60.487  -8.745  51.238 0.0000000000
56503  -61.128  -9.619  51.290 0.0000000000
125898  -61.217  -10.284  51.385 0.0000000000
56514  -61.409  -10.179  50.886 0.0000000000
57490  -59.145  -9.793  46.177 0.0000000000
56576  -58.237  -10.075  45.852 0.0000000000
56575  -57.301  -10.382  45.474 0.0000000000
56587  -57.216  -9.976  44.722 0.0000000000
59316  -58.838  -7.229  41.955 0.0000000000
59296  -58.334  -7.764  42.543 0.0000000000
60225  -58.772  -7.080  41.123 0.0000000000
115832  -63.402  -6.170  43.732 0.0000000000
38194  -31.604  -30.262  67.050 0.0000000000
106081  -31.149  -30.317  67.599 0.0000000000
38227  -30.795  -30.016  65.655 0.0000000000
106924  -31.725  -30.109  65.146 0.0000000000
117899  -37.038  -31.510  64.292 0.0000000000
37260  -36.424  -31.563  64.401 0.0000000000
35421  -32.029  -33.522  61.207 0.0000000000
41917  -46.499  -26.623  60.748 0.0000000000
38339  -45.366  -30.204  56.429 0.0000000000
39314  -44.662  -29.401  56.542 0.0000000000
38338  -44.330  -30.188  56.392 0.0000000000
38337  -43.394  -30.111  56.402 0.0000000000
37320  -43.917  -30.891  56.535 0.0000000000
50765  -47.792  -16.402  57.951 0.0000000000
50780  -47.491  -16.354  57.154 0.0000000000
51600  -48.161  -15.686  58.383 0.0000000000
53436  -48.571  -13.931  58.530 0.0000000000
53428  -48.890  -13.098  58.481 0.0000000000
111024  -51.097  -16.707  61.600 0.0000000000
49922  -50.500  -17.191  61.032 0.0000000000
110478  -49.298  -17.670  60.007 0.0000000000
49141  -49.427  -18.396  59.765 0.0000000000
49149  -49.006  -18.783  59.164 0.0000000000
48339  -49.434  -19.543  59.025 0.0000000000
48346  -48.264  -19.694  57.711 0.0000000000
49148  -48.430  -18.397  58.665 0.0000000000
49147  -47.920  -17.908  58.179 0.0000000000
49940  -47.969  -17.105  58.365 0.0000000000
54675  -51.998  -12.103  42.394 0.0000000000
115592  -43.569  -31.961  67.238 0.0000000000
37233  -42.972  -31.754  66.550 0.0000000000
38212  -44.133  -31.352  66.191 0.0000000000
39219  -44.391  -29.800  64.486 0.0000000000
125917  -43.901  -30.014  64.359 0.0000000000
39231  -42.881  -30.078  63.600 0.0000000000
50005  -43.892  -17.957  50.094 0.0000000000
51695  -48.859  -15.568  51.850 0.0000000000
51696  -49.689  -15.426  52.154 0.0000000000
110945  -49.820  -15.108  49.685 0.0000000000
51717  -50.728  -14.931  49.686 0.0000000000
51706  -52.978  -14.782  50.427 0.0000000000
44391  -50.932  -23.419  63.428 0.0000000000
42668  -52.889  -24.791  61.611 0.0000000000
43563  -52.130  -24.229  61.772 0.0000000000
42689  -52.830  -25.662  61.314 0.0000000000
41029  -52.883  -26.558  60.963 0.0000000000
41893  -53.677  -26.076  61.158 0.0000000000
41951  -48.797  -26.037  57.160 0.0000000000
41952  -49.646  -26.279  57.409 0.0000000000
41964  -48.397  -26.655  56.673 0.0000000000
41108  -47.337  -27.860  54.650 0.0000000000
41102  -48.501  -27.702  55.633 0.0000000000
41109  -48.210  -28.006  54.795 0.0000000000
40213  -48.368  -28.755  53.510 0.0000000000
40212  -47.601  -28.537  53.269 0.0000000000
46343  -44.049  -21.472  52.652 0.0000000000
53476  -59.148  -13.873  54.661 0.0000000000
52566  -59.199  -14.586  54.043 0.0000000000
53486  -60.353  -13.088  53.060 0.0000000000
53485  -59.843  -13.883  53.184 0.0000000000
59240  -61.023  -7.361  49.030 0.0000000000
59239  -60.547  -6.565  49.593 0.0000000000
59222  -60.626  -7.109  50.144 0.0000000000
59223  -61.231  -8.047  49.536 0.0000000000
109597  -61.509  -8.788  49.049 0.0000000000
57493  -61.255  -9.190  46.805 0.0000000000
58401  -60.447  -8.689  45.318 0.0000000000
58410  -60.068  -8.373  44.585 0.0000000000
59280  -60.670  -7.930  44.287 0.0000000000
59288  -60.878  -7.504  43.679 0.0000000000
61874  -63.610  -5.140  42.548 0.0000000000
125508  -33.202  -30.710  71.578 0.0000000000
38151  -33.351  -30.685  70.900 0.0000000000
38183  -34.177  -30.661  68.629 0.0000000000
38170  -33.293  -30.559  69.629 0.0000000000
120952  -33.578  -30.531  68.130 0.0000000000
106079  -32.799  -30.437  67.957 0.0000000000
121298  -33.372  -30.497  67.532 0.0000000000
38297  -37.370  -30.543  61.493 0.0000000000
38296  -36.450  -30.748  61.332 0.0000000000
37294  -35.588  -31.295  58.781 0.0000000000
36341  -35.086  -31.760  58.944 0.0000000000
37291  -34.542  -31.633  59.476 0.0000000000
36337  -34.586  -32.177  59.252 0.0000000000
35434  -34.964  -32.856  59.277 0.0000000000
35435  -37.556  -33.568  59.491 0.0000000000
34511  -36.601  -33.542  59.503 0.0000000000
39289  -48.899  -29.040  58.299 0.0000000000
40182  -48.114  -28.821  58.049 0.0000000000
39303  -48.506  -29.394  57.556 0.0000000000
113475  -48.070  -31.077  56.593 0.0000000000
38341  -47.581  -30.467  56.624 0.0000000000
38340  -46.295  -30.520  56.493 0.0000000000
119482  -46.643  -31.229  56.575 0.0000000000
49189  -45.757  -18.464  53.132 0.0000000000
49994  -45.605  -17.896  52.359 0.0000000000
120696  -46.379  -16.970  53.553 0.0000000000
50819  -46.889  -16.268  53.682 0.0000000000
51622  -47.647  -15.701  56.782 0.0000000000
51642  -48.367  -15.351  54.787 0.0000000000
123279  -49.330  -15.281  54.460 0.0000000000
52541  -50.915  -14.549  55.266 0.0000000000
52556  -51.217  -15.018  54.829 0.0000000000
124621  -51.773  -15.117  54.879 0.0000000000
47285  -54.347  -20.092  62.844 0.0000000000
117310  -54.830  -21.051  61.847 0.0000000000
121477  -54.719  -21.368  61.312 0.0000000000
46266  -52.830  -21.533  59.854 0.0000000000
46249  -53.724  -21.370  60.322 0.0000000000
45285  -52.698  -22.480  59.609 0.0000000000
44419  -52.117  -22.988  59.339 0.0000000000
45284  -51.866  -22.427  59.345 0.0000000000
48332  -50.781  -19.530  59.871 0.0000000000
47357  -51.370  -20.132  59.779 0.0000000000
45293  -49.864  -22.215  58.315 0.0000000000
44429  -50.078  -23.076  58.329 0.0000000000
44430  -50.898  -23.342  58.700 0.0000000000
44440  -49.587  -23.710  57.873 0.0000000000
120984  -47.409  -23.917  56.425 0.0000000000
43621  -47.703  -24.628  56.688 0.0000000000
126276  -47.213  -24.929  56.431 0.0000000000
42765  -46.790  -25.221  56.200 0.0000000000
112724  -46.377  -24.786  55.868 0.0000000000
43640  -46.385  -24.066  55.691 0.0000000000
44477  -45.634  -23.087  54.799 0.0000000000
45338  -46.213  -22.347  55.052 0.0000000000
127505  -47.615  -20.991  56.213 0.0000000000
47393  -47.456  -20.340  56.187 0.0000000000
47407  -46.875  -20.229  55.357 0.0000000000
114421  -45.974  -20.853  54.306 0.0000000000
47417  -46.002  -20.091  54.103 0.0000000000
48383  -45.825  -19.349  53.613 0.0000000000
61848  -61.457  -3.963  45.845 0.0000000000
63566  -62.102  -2.309  44.231 0.0000000000
123213  -62.316  -3.011  43.501 0.0000000000
107015  -61.980  -2.127  43.514 0.0000000000
37199  -37.823  -31.885  68.808 0.0000000000
109415  -37.225  -31.621  68.178 0.0000000000
108204  -37.984  -31.836  68.022 0.0000000000
37229  -38.964  -31.789  66.601 0.0000000000
108059  -38.195  -31.712  66.711 0.0000000000
106267  -38.340  -31.608  65.958 0.0000000000
37248  -37.584  -31.564  65.422 0.0000000000
108301  -38.484  -31.432  65.036 0.0000000000
37265  -42.019  -31.107  65.068 0.0000000000
37250  -40.744  -31.506  65.594 0.0000000000
37264  -41.101  -31.183  65.015 0.0000000000
38288  -40.439  -30.401  62.938 0.0000000000
38272  -39.663  -30.642  63.384 0.0000000000
38286  -38.758  -30.562  62.475 0.0000000000
38285  -37.835  -30.753  62.386 0.0000000000
38299  -39.353  -30.235  61.891 0.0000000000
109613  -40.144  -29.319  59.809 0.0000000000
39277  -39.295  -29.404  59.403 0.0000000000
39276  -38.407  -29.512  59.083 0.0000000000
107363  -39.046  -29.342  58.453 0.0000000000
50001  -45.562  -17.541  51.631 0.0000000000
50831  -46.053  -16.550  50.506 0.0000000000
105964  -48.869  -15.481  50.931 0.0000000000
114473  -48.074  -15.647  50.559 0.0000000000
51715  -48.054  -15.530  49.917 0.0000000000
51731  -47.513  -15.300  48.418 0.0000000000
52626  -51.462  -14.921  47.367 0.0000000000
52640  -52.375  -14.757  46.667 0.0000000000
53586  -53.365  -13.479  45.690 0.0000000000
53587  -54.069  -13.061  45.949 0.0000000000
41007  -47.289  -28.077  65.193 0.0000000000
41017  -47.598  -27.330  64.788 0.0000000000
42653  -47.952  -25.424  62.970 0.0000000000
41892  -47.092  -26.019  62.843 0.0000000000
42665  -46.953  -25.857  61.794 0.0000000000
122447  -47.577  -25.872  60.769 0.0000000000
43560  -49.575  -24.207  61.907 0.0000000000
43542  -48.891  -24.466  62.233 0.0000000000
42685  -49.513  -24.720  61.319 0.0000000000
41043  -50.632  -27.609  60.230 0.0000000000
41042  -49.681  -27.363  60.087 0.0000000000
41041  -48.717  -27.208  59.908 0.0000000000
41059  -49.296  -27.879  59.660 0.0000000000
40152  -48.895  -28.226  59.280 0.0000000000
40153  -49.776  -28.414  59.402 0.0000000000
39292  -51.644  -29.871  58.648 0.0000000000
39291  -50.680  -29.600  58.542 0.0000000000
37297  -51.969  -31.108  57.601 0.0000000000
112585  -54.794  -23.409  60.858 0.0000000000
44403  -54.847  -23.918  61.229 0.0000000000
44411  -54.802  -24.121  60.695 0.0000000000
42730  -53.505  -25.943  59.110 0.0000000000
41930  -54.348  -26.260  59.587 0.0000000000
41944  -53.944  -26.932  59.048 0.0000000000
41077  -54.262  -27.112  59.515 0.0000000000
41085  -50.039  -27.132  57.187 0.0000000000
41086  -50.979  -27.349  57.324 0.0000000000
40194  -52.155  -28.803  56.395 0.0000000000
40195  -53.008  -29.253  56.795 0.0000000000
40184  -53.339  -28.889  57.484 0.0000000000
39306  -53.435  -29.593  57.280 0.0000000000
38332  -53.406  -30.174  57.240 0.0000000000
39318  -53.255  -30.047  56.673 0.0000000000
116328  -51.978  -31.642  55.246 0.0000000000
118079  -52.537  -31.401  55.792 0.0000000000
37328  -52.286  -32.188  55.875 0.0000000000
37324  -52.234  -32.070  56.483 0.0000000000
36381  -51.643  -32.828  55.646 0.0000000000
42783  -44.463  -25.602  54.584 0.0000000000
38095  -32.818  -30.353  73.746 0.0000000000
106848  -38.215  -32.270  71.489 0.0000000000
36300  -43.273  -32.344  68.201 0.0000000000
40080  -47.994  -28.627  66.852 0.0000000000
40995  -48.421  -27.995  67.112 0.0000000000
42604  -49.394  -26.017  66.432 0.0000000000
44350  -49.650  -23.987  66.793 0.0000000000
43495  -49.400  -24.696  67.035 0.0000000000
43496  -49.957  -24.703  66.419 0.0000000000
114315  -49.945  -25.279  66.074 0.0000000000
43504  -50.390  -24.478  65.871 0.0000000000
43522  -50.620  -24.269  65.111 0.0000000000
44358  -50.702  -23.899  65.744 0.0000000000
46175  -51.017  -22.508  65.535 0.0000000000
45238  -51.407  -23.015  65.142 0.0000000000
46190  -51.592  -22.245  64.989 0.0000000000
113290  -51.882  -21.129  64.692 0.0000000000
47262  -52.746  -20.325  64.123 0.0000000000
47263  -53.656  -20.169  63.484 0.0000000000
48302  -52.616  -19.203  64.226 0.0000000000
49106  -53.182  -18.285  63.798 0.0000000000
49907  -53.250  -17.378  63.588 0.0000000000
49911  -53.512  -17.368  63.166 0.0000000000
55403  -48.797  -11.426  61.524 0.0000000000
55411  -48.791  -11.642  60.640 0.0000000000
56411  -49.835  -10.560  60.097 0.0000000000
55412  -49.165  -11.047  60.285 0.0000000000
55424  -49.684  -11.134  59.500 0.0000000000
55439  -49.928  -11.547  58.759 0.0000000000
125801  -50.473  -11.087  59.132 0.0000000000
55442  -52.941  -11.651  58.903 0.0000000000
55441  -51.859  -11.479  58.680 0.0000000000
55452  -51.263  -11.853  57.936 0.0000000000
54469  -51.832  -12.423  57.350 0.0000000000
54480  -51.251  -12.894  56.696 0.0000000000
53455  -52.920  -13.856  56.486 0.0000000000
52530  -53.461  -14.513  56.109 0.0000000000
52543  -52.873  -14.971  55.507 0.0000000000
53444  -57.223  -13.404  57.127 0.0000000000
53442  -55.611  -13.489  57.550 0.0000000000
53458  -56.134  -14.032  57.082 0.0000000000
51634  -55.478  -15.230  55.549 0.0000000000
52545  -55.050  -14.974  56.007 0.0000000000
51647  -54.872  -15.462  54.899 0.0000000000
119128  -54.051  -15.469  54.960 0.0000000000
122803  -54.291  -15.513  54.308 0.0000000000
125079  -53.606  -15.277  52.823 0.0000000000
51663  -54.076  -15.413  53.430 0.0000000000
51698  -54.762  -14.878  51.494 0.0000000000
124346  -54.706  -14.672  50.323 0.0000000000
51709  -55.140  -14.723  50.768 0.0000000000
52574  -58.192  -14.709  52.783 0.0000000000
52573  -57.219  -14.831  52.324 0.0000000000
53514  -56.129  -14.197  49.773 0.0000000000
52591  -56.469  -14.402  50.577 0.0000000000
52598  -55.304  -14.438  49.546 0.0000000000
123083  -54.609  -14.247  48.268 0.0000000000
53536  -55.219  -13.801  48.248 0.0000000000
53556  -55.524  -13.189  47.631 0.0000000000
54640  -54.791  -12.600  46.179 0.0000000000
54641  -55.576  -12.184  46.373 0.0000000000
55536  -61.005  -11.356  50.734 0.0000000000
55522  -60.945  -11.501  51.609 0.0000000000
54593  -59.979  -12.171  50.266 0.0000000000
55549  -59.939  -11.693  49.546 0.0000000000
122555  -60.922  -10.313  48.593 0.0000000000
56546  -60.414  -10.491  48.211 0.0000000000
55583  -59.743  -10.915  48.260 0.0000000000
55582  -58.814  -11.323  48.033 0.0000000000
55571  -58.523  -11.943  48.541 0.0000000000
110999  -58.094  -11.685  47.966 0.0000000000
55581  -57.470  -11.861  47.631 0.0000000000
56574  -56.422  -10.790  45.264 0.0000000000
56573  -55.740  -11.254  45.238 0.0000000000
56584  -55.152  -10.830  44.138 0.0000000000
57523  -55.961  -9.496  43.025 0.0000000000
58408  -58.213  -8.801  43.889 0.0000000000
59314  -57.289  -7.820  41.520 0.0000000000
58447  -56.923  -8.233  41.911 0.0000000000
58445  -56.044  -8.467  41.334 0.0000000000
59272  -62.482  -7.408  45.346 0.0000000000
60186  -62.857  -6.739  44.874 0.0000000000
60197  -62.958  -6.800  43.196 0.0000000000
59298  -61.196  -7.031  42.980 0.0000000000
60210  -61.479  -6.706  42.357 0.0000000000
60213  -63.595  -6.448  42.199 0.0000000000
60229  -63.405  -6.595  41.911 0.0000000000
60244  -61.733  -6.677  40.733 0.0000000000
120388  -31.541  -30.462  70.459 0.0000000000
113691  -31.286  -30.412  69.716 0.0000000000
125599  -30.456  -30.292  67.513 0.0000000000
106948  -30.270  -30.393  68.954 0.0000000000
38192  -29.265  -30.335  67.243 0.0000000000
38246  -29.407  -30.459  64.501 0.0000000000
38225  -29.114  -30.256  65.417 0.0000000000
37258  -29.126  -31.131  63.980 0.0000000000
37208  -36.618  -31.478  67.578 0.0000000000
37207  -35.810  -31.243  67.913 0.0000000000
37226  -35.980  -31.350  67.055 0.0000000000
37246  -34.964  -31.257  65.036 0.0000000000
38231  -34.807  -31.103  65.921 0.0000000000
38230  -34.173  -30.862  65.336 0.0000000000
112149  -33.576  -30.679  64.750 0.0000000000
38283  -35.285  -31.198  62.194 0.0000000000
38268  -35.156  -31.359  63.103 0.0000000000
38282  -34.361  -31.188  62.482 0.0000000000
38250  -32.971  -30.532  64.138 0.0000000000
38265  -32.175  -30.515  63.526 0.0000000000
38248  -31.426  -30.248  64.156 0.0000000000
38279  -31.703  -30.790  62.741 0.0000000000
34474  -34.308  -34.649  61.165 0.0000000000
41020  -46.004  -27.991  64.024 0.0000000000
40088  -45.677  -28.669  64.406 0.0000000000
40092  -45.361  -28.302  63.643 0.0000000000
121110  -44.149  -28.426  61.709 0.0000000000
40114  -43.540  -28.725  61.592 0.0000000000
127418  -43.850  -28.476  61.145 0.0000000000
40149  -46.191  -27.887  59.092 0.0000000000
40166  -45.859  -28.192  58.298 0.0000000000
40177  -43.430  -28.506  57.521 0.0000000000
40164  -43.888  -28.329  58.347 0.0000000000
40146  -43.117  -28.415  58.965 0.0000000000
115866  -43.164  -28.540  59.935 0.0000000000
120255  -42.428  -28.514  58.616 0.0000000000
107898  -42.093  -28.573  57.894 0.0000000000
38335  -41.618  -30.075  56.633 0.0000000000
39310  -41.244  -29.528  56.919 0.0000000000
38334  -40.768  -30.106  56.876 0.0000000000
38326  -39.920  -30.154  57.191 0.0000000000
37316  -40.349  -30.739  57.026 0.0000000000
36353  -46.541  -32.954  58.313 0.0000000000
36351  -44.511  -32.771  58.266 0.0000000000
36350  -43.545  -32.679  58.195 0.0000000000
36360  -43.059  -32.150  57.590 0.0000000000
36349  -42.670  -32.627  58.206 0.0000000000
35456  -41.488  -33.091  58.874 0.0000000000
36348  -41.804  -32.623  58.253 0.0000000000
36347  -40.859  -32.646  58.333 0.0000000000
36357  -40.388  -31.986  57.691 0.0000000000
35455  -40.288  -32.953  58.753 0.0000000000
50766  -48.488  -16.186  59.121 0.0000000000
51590  -48.515  -15.279  59.175 0.0000000000
52489  -48.576  -14.310  59.286 0.0000000000
50744  -49.759  -16.029  60.877 0.0000000000
49941  -48.282  -17.648  58.723 0.0000000000
54664  -52.710  -12.671  44.170 0.0000000000
54670  -52.359  -12.302  43.322 0.0000000000
127348  -53.507  -11.016  42.729 0.0000000000
56599  -54.126  -10.777  43.078 0.0000000000
38213  -45.011  -31.220  66.741 0.0000000000
38234  -44.573  -30.824  65.748 0.0000000000
39210  -44.910  -30.158  65.259 0.0000000000
50006  -44.695  -17.518  50.467 0.0000000000
51680  -50.659  -15.415  53.105 0.0000000000
106054  -50.496  -15.329  52.384 0.0000000000
120247  -51.084  -15.159  51.967 0.0000000000
106048  -51.471  -14.964  51.282 0.0000000000
106047  -52.453  -14.876  51.260 0.0000000000
44381  -51.649  -23.016  63.746 0.0000000000
44392  -51.452  -23.135  62.922 0.0000000000
44393  -52.681  -23.165  62.567 0.0000000000
43546  -52.896  -23.934  61.988 0.0000000000
43547  -53.910  -24.565  61.613 0.0000000000
41963  -47.567  -26.533  56.359 0.0000000000
40203  -47.088  -28.138  53.841 0.0000000000
41115  -46.217  -28.058  53.746 0.0000000000
40210  -45.972  -28.299  52.989 0.0000000000
47434  -43.911  -20.835  52.205 0.0000000000
58365  -61.512  -8.351  48.253 0.0000000000
127117  -61.160  -8.538  45.526 0.0000000000
58402  -61.782  -8.331  45.738 0.0000000000
114601  -34.036  -30.806  70.822 0.0000000000
38153  -34.451  -30.868  70.250 0.0000000000
38184  -35.012  -30.927  68.287 0.0000000000
38312  -36.915  -30.052  59.427 0.0000000000
38305  -36.203  -30.389  59.806 0.0000000000
38311  -36.336  -30.346  58.982 0.0000000000
37295  -36.256  -31.370  58.388 0.0000000000
36342  -35.702  -31.929  58.599 0.0000000000
35450  -35.903  -32.772  58.914 0.0000000000
36343  -36.609  -32.135  58.335 0.0000000000
35452  -37.875  -33.088  58.894 0.0000000000
38329  -49.535  -30.506  57.053 0.0000000000
38342  -48.882  -31.258  56.664 0.0000000000
37311  -48.187  -31.849  56.707 0.0000000000
49986  -46.215  -17.812  53.872 0.0000000000
112727  -48.434  -14.638  57.030 0.0000000000
51623  -48.088  -15.175  56.462 0.0000000000
52526  -48.798  -14.734  56.093 0.0000000000
48318  -54.497  -19.320  62.061 0.0000000000
111632  -54.556  -19.856  61.659 0.0000000000
47321  -54.229  -20.070  61.188 0.0000000000
48325  -53.587  -20.030  60.789 0.0000000000
47338  -52.995  -20.583  60.265 0.0000000000
47355  -49.938  -20.211  59.047 0.0000000000
47356  -50.514  -20.809  59.088 0.0000000000
47373  -49.812  -20.885  58.625 0.0000000000
46280  -49.666  -21.501  58.318 0.0000000000
114381  -48.726  -23.422  57.306 0.0000000000
44448  -46.948  -23.608  56.019 0.0000000000
45327  -47.073  -22.815  55.899 0.0000000000
46319  -47.194  -22.008  55.812 0.0000000000
48378  -46.475  -19.704  54.659 0.0000000000
49184  -46.411  -18.700  54.527 0.0000000000
36286  -39.339  -32.321  68.077 0.0000000000
37211  -39.494  -32.124  67.251 0.0000000000
38274  -41.969  -30.366  63.624 0.0000000000
38300  -40.165  -30.140  62.098 0.0000000000
39257  -39.911  -29.900  61.321 0.0000000000
39268  -40.412  -29.561  60.679 0.0000000000
50002  -46.095  -16.918  51.406 0.0000000000
50836  -46.848  -16.183  50.486 0.0000000000
120074  -48.516  -15.332  49.471 0.0000000000
52627  -52.224  -15.014  47.409 0.0000000000
52641  -53.255  -14.501  46.879 0.0000000000
41018  -48.389  -26.943  65.263 0.0000000000
41865  -47.917  -26.666  64.465 0.0000000000
42667  -48.181  -24.903  62.183 0.0000000000
41906  -51.113  -26.289  60.768 0.0000000000
42686  -50.217  -25.402  60.962 0.0000000000
41922  -51.094  -27.165  60.520 0.0000000000
40154  -50.660  -28.618  59.533 0.0000000000
40155  -51.554  -28.840  59.666 0.0000000000
43583  -53.473  -24.452  59.489 0.0000000000
43584  -54.300  -24.649  59.828 0.0000000000
42715  -53.052  -25.084  59.197 0.0000000000
41943  -53.008  -26.540  58.614 0.0000000000
40192  -50.253  -28.169  55.967 0.0000000000
40199  -50.807  -28.787  55.455 0.0000000000
40200  -51.724  -29.177  55.750 0.0000000000
39321  -52.095  -29.960  55.530 0.0000000000
38347  -52.807  -30.615  56.063 0.0000000000
39324  -51.559  -30.207  55.061 0.0000000000
38350  -51.439  -30.885  54.727 0.0000000000
123384  -44.761  -24.123  54.464 0.0000000000
40979  -48.229  -27.902  67.817 0.0000000000
40965  -48.297  -27.109  68.044 0.0000000000
49105  -52.356  -18.373  64.423 0.0000000000
121681  -49.224  -9.985  61.648 0.0000000000
56390  -48.947  -10.848  61.081 0.0000000000
57327  -49.966  -9.590  61.246 0.0000000000
56392  -50.352  -10.046  60.561 0.0000000000
54470  -52.944  -12.658  57.613 0.0000000000
53441  -54.567  -13.414  57.385 0.0000000000
54482  -57.652  -13.379  56.506 0.0000000000
53460  -57.455  -13.971  56.576 0.0000000000
53459  -56.912  -13.992  56.945 0.0000000000
52533  -56.549  -14.423  56.604 0.0000000000
51648  -55.764  -15.407  54.886 0.0000000000
51682  -54.848  -15.312  53.049 0.0000000000
51683  -55.789  -15.284  53.236 0.0000000000
106389  -55.918  -15.018  52.389 0.0000000000
107688  -58.598  -13.827  51.310 0.0000000000
52592  -57.418  -14.189  50.892 0.0000000000
54630  -56.274  -12.782  47.802 0.0000000000
55580  -56.725  -12.148  47.338 0.0000000000
56502  -60.935  -10.452  51.749 0.0000000000
55523  -61.223  -10.816  51.324 0.0000000000
56556  -60.046  -10.346  47.605 0.0000000000
56564  -57.675  -10.733  46.402 0.0000000000
56586  -56.477  -10.261  44.518 0.0000000000
58419  -57.879  -8.427  43.095 0.0000000000
60191  -63.166  -6.721  44.130 0.0000000000
60245  -63.595  -6.657  41.174 0.0000000000
38181  -31.461  -30.394  68.370 0.0000000000
38167  -31.021  -30.382  68.979 0.0000000000
38193  -29.906  -30.226  66.997 0.0000000000
38226  -29.983  -30.088  65.098 0.0000000000
121023  -30.038  -30.243  64.335 0.0000000000
37247  -36.700  -31.563  65.754 0.0000000000
123209  -36.116  -31.451  66.315 0.0000000000
121137  -36.308  -31.591  65.069 0.0000000000
37259  -35.711  -31.510  64.661 0.0000000000
37269  -34.909  -31.341  64.038 0.0000000000
37283  -33.901  -31.330  60.692 0.0000000000
38293  -33.697  -31.194  61.682 0.0000000000
38292  -32.848  -31.136  61.912 0.0000000000
37277  -31.309  -31.305  62.234 0.0000000000
35420  -31.457  -33.196  61.543 0.0000000000
34471  -31.887  -33.992  61.773 0.0000000000
34472  -32.626  -34.187  61.338 0.0000000000
34467  -33.227  -34.843  61.978 0.0000000000
41023  -45.844  -27.176  62.660 0.0000000000
116333  -45.382  -27.397  62.033 0.0000000000
41027  -45.469  -27.293  61.257 0.0000000000
41037  -45.089  -27.665  60.682 0.0000000000
40191  -45.845  -28.904  56.914 0.0000000000
40179  -45.396  -28.474  57.471 0.0000000000
40190  -44.960  -28.813  56.838 0.0000000000
40189  -44.209  -28.892  56.769 0.0000000000
40188  -43.399  -28.813  56.878 0.0000000000
40176  -42.688  -28.660  57.301 0.0000000000
39312  -42.940  -29.388  56.593 0.0000000000
38336  -42.496  -30.074  56.473 0.0000000000
37318  -42.077  -30.812  56.683 0.0000000000
120753  -43.592  -33.407  59.295 0.0000000000
35458  -43.156  -33.080  58.767 0.0000000000
49961  -47.180  -16.988  56.735 0.0000000000
114762  -48.148  -15.046  57.769 0.0000000000
54467  -49.593  -12.795  57.690 0.0000000000
49924  -52.448  -17.409  61.927 0.0000000000
49125  -52.175  -18.080  61.362 0.0000000000
49133  -50.921  -18.839  60.392 0.0000000000
49132  -50.084  -18.063  60.424 0.0000000000
49142  -50.110  -18.929  59.936 0.0000000000
48331  -50.071  -19.582  59.469 0.0000000000
47371  -48.752  -20.179  58.062 0.0000000000
47384  -48.459  -20.549  57.468 0.0000000000
47394  -48.013  -20.968  56.729 0.0000000000
48345  -47.716  -19.116  57.267 0.0000000000
119469  -47.294  -17.718  56.989 0.0000000000
37213  -42.214  -32.333  67.720 0.0000000000
37232  -41.999  -31.946  66.647 0.0000000000
107654  -42.457  -31.492  65.818 0.0000000000
38232  -42.913  -31.036  65.227 0.0000000000
38233  -43.733  -30.962  65.439 0.0000000000
38255  -43.343  -30.640  64.838 0.0000000000
38254  -42.594  -30.606  64.407 0.0000000000
108945  -42.405  -29.453  62.100 0.0000000000
51703  -49.633  -15.302  50.884 0.0000000000
51716  -49.363  -15.283  50.305 0.0000000000
52609  -50.063  -14.793  48.161 0.0000000000
51735  -51.311  -14.860  48.860 0.0000000000
51736  -52.242  -14.861  48.840 0.0000000000
51737  -53.107  -14.822  48.913 0.0000000000
52596  -53.870  -14.697  49.131 0.0000000000
43533  -50.333  -24.335  64.527 0.0000000000
43532  -49.719  -24.605  63.931 0.0000000000
44379  -50.251  -23.983  63.602 0.0000000000
114917  -50.228  -23.744  62.548 0.0000000000
127478  -50.355  -23.834  61.929 0.0000000000
43562  -51.167  -24.092  61.701 0.0000000000
42687  -51.119  -25.182  61.171 0.0000000000
41907  -52.004  -26.016  61.024 0.0000000000
114131  -53.054  -27.356  60.618 0.0000000000
108007  -53.262  -27.949  60.297 0.0000000000
42746  -50.177  -25.683  57.801 0.0000000000
41941  -50.994  -25.992  58.108 0.0000000000
41095  -49.678  -27.556  56.519 0.0000000000
41093  -48.114  -27.225  56.202 0.0000000000
41094  -48.816  -27.378  56.345 0.0000000000
41103  -49.368  -27.926  55.773 0.0000000000
40206  -49.560  -28.746  54.473 0.0000000000
40214  -49.143  -29.051  53.810 0.0000000000
39328  -49.417  -29.873  53.584 0.0000000000
39327  -48.683  -29.534  53.183 0.0000000000
39326  -47.997  -29.144  52.817 0.0000000000
39333  -47.634  -29.696  52.113 0.0000000000
45347  -44.667  -22.191  53.583 0.0000000000
45346  -44.023  -22.674  53.240 0.0000000000
45352  -44.179  -22.003  53.050 0.0000000000
45351  -43.595  -22.208  52.633 0.0000000000
45350  -42.879  -22.700  52.291 0.0000000000
45362  -43.084  -22.021  52.088 0.0000000000
52558  -58.248  -14.927  55.009 0.0000000000
114974  -58.198  -15.091  54.406 0.0000000000
108815  -58.771  -14.773  54.467 0.0000000000
52565  -58.437  -14.933  53.740 0.0000000000
52567  -59.678  -14.140  53.843 0.0000000000
52584  -58.954  -14.216  52.421 0.0000000000
122863  -58.692  -13.287  50.531 0.0000000000
57452  -61.429  -9.451  50.446 0.0000000000
57468  -61.493  -9.470  49.284 0.0000000000
56547  -61.300  -9.811  48.402 0.0000000000
57482  -61.268  -9.498  47.610 0.0000000000
57492  -60.534  -9.766  47.069 0.0000000000
123458  -59.923  -9.642  46.457 0.0000000000
57503  -58.829  -9.454  45.424 0.0000000000
58409  -59.080  -8.521  44.226 0.0000000000
120746  -63.406  -5.077  43.194 0.0000000000
61867  -63.651  -5.908  43.053 0.0000000000
61027  -63.896  -6.091  42.142 0.0000000000
106139  -31.861  -30.573  72.084 0.0000000000
111287  -32.371  -30.582  71.073 0.0000000000
38150  -32.051  -30.438  69.971 0.0000000000
38152  -33.680  -30.671  70.219 0.0000000000
38169  -32.580  -30.470  69.383 0.0000000000
38182  -32.273  -30.422  68.563 0.0000000000
125375  -36.713  -31.302  62.946 0.0000000000
38269  -36.059  -31.360  62.834 0.0000000000
38295  -35.535  -30.944  61.184 0.0000000000
38304  -35.523  -30.741  60.184 0.0000000000
38303  -34.809  -31.086  60.541 0.0000000000
112833  -34.361  -31.337  60.008 0.0000000000
111231  -34.013  -33.616  60.096 0.0000000000
35426  -34.727  -33.571  59.834 0.0000000000
34494  -36.337  -34.109  60.202 0.0000000000
41057  -47.444  -27.538  59.487 0.0000000000
41056  -46.465  -27.519  59.649 0.0000000000
40168  -47.645  -28.330  58.625 0.0000000000
38327  -47.696  -29.446  57.094 0.0000000000
39302  -46.725  -29.123  56.983 0.0000000000
39315  -46.115  -29.639  56.609 0.0000000000
50804  -47.079  -16.159  55.560 0.0000000000
51641  -47.545  -15.637  55.177 0.0000000000
51659  -50.388  -15.435  53.701 0.0000000000
123826  -50.073  -15.324  54.229 0.0000000000
46208  -53.989  -21.676  62.886 0.0000000000
45255  -54.082  -22.435  62.507 0.0000000000
46222  -54.572  -21.745  62.231 0.0000000000
46235  -54.785  -21.885  61.551 0.0000000000
45276  -54.584  -22.703  60.696 0.0000000000
47340  -54.469  -21.325  60.823 0.0000000000
46250  -54.297  -22.021  60.481 0.0000000000
45286  -53.625  -23.001  59.886 0.0000000000
44420  -52.876  -23.540  59.493 0.0000000000
114118  -51.132  -24.053  58.663 0.0000000000
47337  -52.133  -20.127  60.098 0.0000000000
47358  -51.933  -20.875  59.732 0.0000000000
46264  -51.171  -21.306  59.292 0.0000000000
46282  -51.221  -22.073  59.132 0.0000000000
45295  -51.408  -22.834  59.073 0.0000000000
43593  -50.885  -24.660  58.396 0.0000000000
43606  -50.003  -24.715  57.968 0.0000000000
42744  -48.435  -25.111  57.124 0.0000000000
43622  -48.362  -24.249  57.091 0.0000000000
125212  -47.901  -25.258  56.805 0.0000000000
41962  -46.798  -26.060  56.154 0.0000000000
41969  -45.551  -26.403  55.316 0.0000000000
41968  -45.229  -25.555  55.196 0.0000000000
44466  -45.865  -23.776  55.258 0.0000000000
44476  -44.925  -23.457  54.354 0.0000000000
45336  -45.088  -22.671  54.178 0.0000000000
46318  -46.702  -21.729  55.332 0.0000000000
114284  -46.685  -21.014  55.169 0.0000000000
45348  -45.223  -21.994  54.021 0.0000000000
46338  -45.129  -21.440  53.657 0.0000000000
47426  -45.051  -20.771  53.257 0.0000000000
115591  -45.474  -20.071  53.431 0.0000000000
47436  -44.950  -20.081  52.809 0.0000000000
49197  -44.829  -19.372  52.326 0.0000000000
60176  -61.582  -6.649  46.636 0.0000000000
60991  -61.478  -5.546  46.296 0.0000000000
61859  -62.592  -4.800  44.431 0.0000000000
61866  -62.943  -4.493  43.626 0.0000000000
62734  -61.768  -2.581  45.050 0.0000000000
121066  -62.682  -3.776  43.383 0.0000000000
62747  -62.456  -3.551  42.735 0.0000000000
110470  -36.711  -31.571  69.974 0.0000000000
123813  -36.310  -31.415  69.170 0.0000000000
37188  -37.009  -31.602  69.039 0.0000000000
37272  -37.530  -31.337  63.841 0.0000000000
37231  -40.822  -31.876  66.380 0.0000000000
107223  -40.169  -31.620  65.845 0.0000000000
38253  -40.652  -30.869  64.358 0.0000000000
38252  -39.706  -30.930  64.260 0.0000000000
37262  -39.316  -31.294  64.914 0.0000000000
118002  -38.275  -31.241  64.157 0.0000000000
38270  -37.318  -31.184  63.067 0.0000000000
38306  -37.807  -30.175  60.832 0.0000000000
39256  -39.175  -30.018  61.205 0.0000000000
39266  -38.585  -29.940  60.671 0.0000000000
39265  -37.801  -29.838  59.891 0.0000000000
39275  -37.563  -29.752  58.831 0.0000000000
39286  -38.213  -29.589  58.201 0.0000000000
38324  -37.992  -30.445  57.635 0.0000000000
50000  -44.964  -17.848  51.167 0.0000000000
50835  -45.115  -16.848  50.098 0.0000000000
50840  -44.752  -16.601  49.239 0.0000000000
124859  -47.094  -15.718  49.526 0.0000000000
53585  -52.646  -13.818  45.437 0.0000000000
54666  -54.161  -12.063  44.807 0.0000000000
40085  -46.942  -28.790  65.656 0.0000000000
40084  -46.107  -29.109  65.221 0.0000000000
41021  -46.276  -27.328  63.543 0.0000000000
106731  -47.079  -26.783  63.854 0.0000000000
41891  -46.501  -26.728  63.025 0.0000000000
41904  -46.399  -26.392  61.433 0.0000000000
41918  -47.221  -26.477  60.408 0.0000000000
42703  -49.256  -25.494  60.830 0.0000000000
42702  -48.268  -25.570  60.803 0.0000000000
41919  -48.060  -26.419  60.286 0.0000000000
41040  -47.774  -27.100  59.860 0.0000000000
39290  -49.739  -29.304  58.431 0.0000000000
40171  -50.219  -28.959  59.058 0.0000000000
39305  -50.148  -29.980  57.741 0.0000000000
110969  -50.403  -30.732  57.253 0.0000000000
106105  -51.541  -32.325  56.663 0.0000000000
44395  -54.421  -23.166  61.887 0.0000000000
115508  -54.412  -23.988  61.592 0.0000000000
42690  -54.677  -25.551  60.879 0.0000000000
42717  -54.602  -25.461  59.943 0.0000000000
42704  -54.703  -25.530  60.437 0.0000000000
41908  -54.312  -26.198  60.823 0.0000000000
41047  -54.464  -27.008  60.129 0.0000000000
41061  -54.223  -27.535  59.684 0.0000000000
40157  -53.895  -28.404  59.196 0.0000000000
41954  -51.452  -26.812  57.879 0.0000000000
41074  -52.459  -27.140  58.133 0.0000000000
41097  -51.551  -28.086  56.869 0.0000000000
41088  -52.950  -28.052  57.823 0.0000000000
41089  -53.596  -28.511  58.241 0.0000000000
40172  -53.694  -28.818  58.534 0.0000000000
39282  -53.600  -29.178  58.843 0.0000000000
38313  -53.306  -29.814  58.458 0.0000000000
38320  -53.002  -30.431  58.028 0.0000000000
38331  -53.154  -30.687  57.379 0.0000000000
37325  -52.830  -31.381  56.975 0.0000000000
37314  -52.227  -31.655  57.075 0.0000000000
36369  -51.425  -32.859  56.329 0.0000000000
44491  -43.385  -23.091  52.875 0.0000000000
53407  -49.171  -14.046  60.926 0.0000000000
53401  -49.189  -13.369  61.492 0.0000000000
54410  -48.941  -12.009  62.160 0.0000000000
55390  -48.876  -11.108  62.509 0.0000000000
121744  -33.249  -30.601  73.022 0.0000000000
123081  -33.629  -30.745  72.265 0.0000000000
38112  -34.191  -30.673  73.085 0.0000000000
112336  -34.506  -30.861  72.252 0.0000000000
37177  -35.856  -31.304  71.391 0.0000000000
37164  -36.751  -31.559  72.092 0.0000000000
37190  -38.543  -32.275  69.490 0.0000000000
36273  -39.258  -32.514  70.252 0.0000000000
36280  -39.400  -32.482  69.149 0.0000000000
36288  -40.883  -32.575  68.846 0.0000000000
112561  -41.507  -32.499  68.279 0.0000000000
36289  -41.738  -32.587  69.283 0.0000000000
36299  -42.413  -32.519  68.781 0.0000000000
37216  -44.956  -31.653  67.625 0.0000000000
38214  -45.871  -30.850  67.007 0.0000000000
39207  -47.016  -29.855  66.893 0.0000000000
39208  -47.359  -29.118  66.511 0.0000000000
40996  -48.737  -27.265  66.728 0.0000000000
41009  -48.706  -27.163  66.103 0.0000000000
41848  -49.098  -26.453  65.733 0.0000000000
42619  -49.890  -25.321  65.713 0.0000000000
44372  -51.095  -23.746  64.944 0.0000000000
45237  -51.039  -23.452  65.433 0.0000000000
44365  -51.269  -23.458  65.034 0.0000000000
44373  -51.441  -23.180  64.593 0.0000000000
45252  -51.907  -22.666  64.098 0.0000000000
45245  -52.087  -22.349  64.182 0.0000000000
46206  -52.571  -21.844  63.977 0.0000000000
118052  -52.471  -21.328  64.234 0.0000000000
46207  -53.270  -21.705  63.480 0.0000000000
48304  -54.150  -19.287  63.091 0.0000000000
49107  -53.860  -18.550  63.207 0.0000000000
49112  -54.160  -18.763  62.812 0.0000000000
49118  -54.177  -18.757  62.491 0.0000000000
49117  -53.736  -18.189  62.412 0.0000000000
49925  -53.220  -17.445  62.431 0.0000000000
50732  -52.914  -16.252  63.610 0.0000000000
50739  -52.956  -16.333  62.952 0.0000000000
50747  -52.724  -16.798  62.484 0.0000000000
50738  -52.292  -16.101  62.605 0.0000000000
51576  -51.310  -15.947  62.101 0.0000000000
51575  -50.572  -15.527  61.800 0.0000000000
52476  -50.216  -14.894  61.823 0.0000000000
53406  -48.814  -13.228  60.567 0.0000000000
53413  -48.643  -13.240  59.781 0.0000000000
54438  -48.816  -12.569  59.270 0.0000000000
55423  -48.902  -11.753  59.792 0.0000000000
54453  -49.376  -12.276  58.528 0.0000000000
57328  -50.922  -9.410  61.182 0.0000000000
56413  -51.861  -10.522  60.006 0.0000000000
55440  -50.814  -11.426  58.588 0.0000000000
53453  -50.768  -13.380  56.287 0.0000000000
53439  -52.374  -13.112  56.871 0.0000000000
52542  -51.893  -14.807  55.252 0.0000000000
51631  -52.306  -15.246  54.916 0.0000000000
51645  -52.529  -15.459  54.160 0.0000000000
54472  -55.070  -12.910  58.049 0.0000000000
52531  -54.550  -14.528  56.341 0.0000000000
52532  -55.627  -14.488  56.554 0.0000000000
52544  -53.961  -15.085  55.672 0.0000000000
51662  -53.137  -15.395  53.333 0.0000000000
51697  -53.938  -14.887  51.371 0.0000000000
51707  -53.769  -14.768  50.511 0.0000000000
51721  -54.277  -14.706  49.937 0.0000000000
51666  -57.562  -15.202  53.793 0.0000000000
51700  -56.336  -14.849  51.948 0.0000000000
52581  -55.965  -14.734  51.078 0.0000000000
52597  -54.562  -14.588  49.377 0.0000000000
52614  -54.229  -14.559  48.650 0.0000000000
52629  -54.091  -14.463  47.903 0.0000000000
53573  -54.378  -13.386  46.700 0.0000000000
54654  -54.455  -12.338  45.466 0.0000000000
55600  -54.725  -11.785  45.050 0.0000000000
54563  -60.222  -12.549  51.161 0.0000000000
54562  -59.275  -12.761  50.341 0.0000000000
56528  -61.433  -10.091  49.914 0.0000000000
56527  -61.057  -10.567  49.374 0.0000000000
55550  -60.660  -11.190  49.700 0.0000000000
55572  -60.035  -11.238  49.005 0.0000000000
54616  -58.179  -12.457  48.935 0.0000000000
55591  -56.378  -11.800  46.619 0.0000000000
55615  -54.608  -11.478  44.466 0.0000000000
106698  -55.818  -10.375  44.128 0.0000000000
56601  -55.427  -10.147  43.417 0.0000000000
56611  -54.648  -10.131  42.656 0.0000000000
57537  -54.897  -9.415  41.921 0.0000000000
57512  -57.708  -9.397  44.330 0.0000000000
58418  -57.042  -8.673  42.739 0.0000000000
57539  -56.372  -9.019  42.693 0.0000000000
57549  -55.255  -8.905  41.236 0.0000000000
121550  -62.509  -7.373  44.414 0.0000000000
123540  -63.349  -6.541  42.707 0.0000000000
111007  -62.561  -6.633  41.380 0.0000000000
60228  -62.357  -6.624  42.104 0.0000000000
123700  -59.345  -6.930  41.503 0.0000000000
38129  -30.433  -30.490  71.340 0.0000000000
38148  -29.824  -30.480  70.752 0.0000000000
121391  -30.667  -30.407  69.541 0.0000000000
38203  -27.765  -30.683  66.410 0.0000000000
38205  -29.196  -30.247  66.446 0.0000000000
38204  -28.440  -30.423  66.007 0.0000000000
37197  -35.704  -31.203  68.797 0.0000000000
38211  -35.411  -31.208  66.510 0.0000000000
38210  -34.580  -30.812  66.771 0.0000000000
38209  -33.671  -30.536  66.916 0.0000000000
120071  -33.204  -30.446  66.305 0.0000000000
38228  -32.528  -30.269  65.872 0.0000000000
117279  -33.854  -31.072  63.095 0.0000000000
109675  -33.896  -30.960  63.885 0.0000000000
38249  -32.728  -30.357  64.985 0.0000000000
113015  -30.554  -30.342  63.866 0.0000000000
38263  -30.411  -30.875  63.200 0.0000000000
34491  -33.744  -34.081  60.607 0.0000000000
40091  -44.519  -29.226  63.897 0.0000000000
40102  -45.169  -27.953  62.735 0.0000000000
108478  -44.738  -28.621  63.314 0.0000000000
39233  -44.076  -29.075  63.075 0.0000000000
40100  -43.749  -28.849  62.280 0.0000000000
39261  -43.098  -29.058  61.943 0.0000000000
39260  -42.579  -29.083  61.299 0.0000000000
40130  -45.474  -27.787  59.748 0.0000000000
40129  -44.587  -28.073  60.087 0.0000000000
40165  -44.918  -28.241  58.231 0.0000000000
40148  -44.695  -28.171  59.129 0.0000000000
116920  -43.870  -28.391  60.439 0.0000000000
40128  -42.477  -28.833  60.387 0.0000000000
39270  -41.916  -29.150  60.763 0.0000000000
40145  -41.600  -28.954  59.961 0.0000000000
40144  -40.825  -28.991  59.337 0.0000000000
40162  -40.797  -28.836  58.500 0.0000000000
39300  -41.798  -28.940  57.147 0.0000000000
40161  -40.418  -28.958  57.926 0.0000000000
39298  -39.655  -29.680  57.501 0.0000000000
38325  -38.923  -30.180  57.481 0.0000000000
37301  -38.563  -30.999  57.394 0.0000000000
36366  -48.918  -32.775  57.096 0.0000000000
36365  -47.853  -32.584  57.237 0.0000000000
37310  -47.190  -31.852  56.777 0.0000000000
37309  -46.291  -31.752  56.856 0.0000000000
37308  -45.379  -31.665  56.877 0.0000000000
36352  -45.547  -32.840  58.352 0.0000000000
36362  -44.927  -32.270  57.535 0.0000000000
37307  -44.436  -31.603  56.917 0.0000000000
37306  -43.480  -31.557  56.999 0.0000000000
37305  -42.575  -31.535  57.066 0.0000000000
37304  -41.693  -31.512  57.134 0.0000000000
37303  -40.831  -31.438  57.230 0.0000000000
117188  -40.073  -31.358  57.301 0.0000000000
36356  -39.366  -31.730  57.596 0.0000000000
36345  -39.000  -32.488  58.198 0.0000000000
35453  -38.734  -33.071  58.851 0.0000000000
34475  -35.173  -34.695  61.082 0.0000000000
35433  -34.045  -32.810  59.612 0.0000000000
37234  -43.680  -31.650  66.556 0.0000000000
37292  -35.127  -31.271  59.200 0.0000000000
37298  -52.632  -30.992  57.492 0.0000000000
38273  -41.070  -30.547  63.652 0.0000000000
38316  -36.048  -30.815  58.690 0.0000000000
38321  -53.422  -30.083  57.799 0.0000000000
39285  -37.481  -30.043  58.001 0.0000000000
39287  -39.662  -29.244  57.914 0.0000000000
39297  -38.248  -29.905  57.765 0.0000000000
39299  -40.866  -29.153  57.376 0.0000000000
39301  -42.571  -28.989  56.855 0.0000000000
39307  -53.521  -29.738  57.669 0.0000000000
39309  -40.433  -29.652  57.199 0.0000000000
40133  -52.947  -28.489  60.080 0.0000000000
40134  -53.729  -28.175  59.878 0.0000000000
40150  -47.110  -27.867  59.097 0.0000000000
40151  -48.019  -28.022  59.151 0.0000000000
40156  -52.505  -28.985  59.717 0.0000000000
40175  -41.224  -28.751  57.861 0.0000000000
40185  -53.624  -29.243  57.885 0.0000000000
41030  -53.743  -26.790  60.736 0.0000000000
41031  -54.277  -26.785  60.442 0.0000000000
41903  -45.847  -26.862  61.780 0.0000000000
41923  -54.610  -26.302  60.360 0.0000000000
42670  -54.286  -25.483  61.228 0.0000000000
42683  -47.714  -25.427  61.408 0.0000000000
43548  -54.660  -24.773  61.235 0.0000000000
43574  -54.690  -24.805  60.374 0.0000000000
44421  -53.928  -23.845  59.805 0.0000000000
44422  -54.496  -24.159  60.181 0.0000000000
45267  -54.796  -22.787  61.261 0.0000000000
45275  -54.127  -22.651  60.263 0.0000000000
46296  -49.248  -21.853  57.806 0.0000000000
48315  -54.419  -19.339  62.543 0.0000000000
48323  -51.628  -19.510  60.260 0.0000000000
49111  -53.902  -18.104  62.900 0.0000000000
49923  -51.516  -17.380  61.483 0.0000000000
50751  -49.903  -16.591  60.821 0.0000000000
52559  -59.303  -14.323  54.351 0.0000000000
105895  -39.037  -30.677  63.090 0.0000000000
111840  -54.626  -20.600  61.404 0.0000000000
114296  -51.990  -22.983  62.931 0.0000000000
115348  -52.891  -16.118  63.335 0.0000000000
116390  -54.486  -20.919  62.521 0.0000000000
116889  -37.454  -31.940  57.930 0.0000000000
120941  -43.238  -28.704  60.908 0.0000000000
121710  -46.946  -30.738  56.520 0.0000000000
122223  -38.942  -31.166  64.443 0.0000000000
122259  -39.946  -32.374  67.756 0.0000000000
122514  -53.256  -16.898  62.829 0.0000000000
124090  -57.145  -14.345  56.511 0.0000000000
124338  -54.700  -26.095  60.030 0.0000000000
125210  -56.519  -8.312  41.619 0.0000000000
125843  -49.806  -23.515  66.605 0.0000000000
126307  -52.432  -24.908  58.997 0.0000000000
126364  -53.913  -22.966  62.384 0.0000000000
