#!ascii label  , from subject sub-v1s5x0050749_ses-1 vox2ras=TkReg
1538
76621  -40.820  12.891  33.940 0.0000000000
75990  -51.139  11.348  19.888 0.0000000000
80912  -47.433  19.107  38.482 0.0000000000
75907  -49.920  11.445  28.295 0.0000000000
75818  -49.401  10.929  38.057 0.0000000000
112835  -45.648  17.553  24.614 0.0000000000
105988  -50.478  23.595  26.833 0.0000000000
84201  -42.017  23.193  32.719 0.0000000000
73338  -42.007  9.087  44.925 0.0000000000
113194  -44.637  11.462  30.866 0.0000000000
113812  -45.801  12.571  25.865 0.0000000000
111533  -43.561  15.635  30.035 0.0000000000
82737  -52.341  22.131  42.295 0.0000000000
82165  -52.629  20.836  33.646 0.0000000000
120170  -49.918  22.430  35.995 0.0000000000
83536  -46.051  22.331  29.862 0.0000000000
85534  -47.023  25.865  36.174 0.0000000000
76768  -47.595  12.511  17.787 0.0000000000
78051  -40.215  14.574  39.206 0.0000000000
79578  -43.723  16.466  36.721 0.0000000000
77384  -54.245  14.254  30.695 0.0000000000
75856  -50.511  11.037  33.210 0.0000000000
73449  -45.074  8.949  35.004 0.0000000000
71637  -44.026  6.655  39.831 0.0000000000
78219  -48.053  14.518  20.276 0.0000000000
81026  -47.309  18.817  18.294 0.0000000000
80938  -47.574  18.449  32.002 0.0000000000
82225  -49.390  21.056  25.796 0.0000000000
84350  -48.972  23.118  18.462 0.0000000000
125830  -44.853  26.598  21.116 0.0000000000
107207  -41.800  25.848  25.022 0.0000000000
75861  -42.684  11.797  32.563 0.0000000000
112538  -43.475  13.284  29.822 0.0000000000
78103  -41.973  14.654  31.878 0.0000000000
84854  -52.276  25.196  42.206 0.0000000000
83425  -52.025  22.819  39.582 0.0000000000
84862  -49.784  24.574  39.611 0.0000000000
84889  -47.542  23.828  37.230 0.0000000000
76007  -49.519  12.050  18.720 0.0000000000
79543  -38.624  16.499  41.830 0.0000000000
79556  -41.374  15.843  41.071 0.0000000000
75840  -50.376  11.556  35.400 0.0000000000
75068  -47.340  10.631  34.305 0.0000000000
74271  -47.242  9.645  36.676 0.0000000000
72479  -43.215  7.618  42.268 0.0000000000
73416  -37.780  9.078  38.842 0.0000000000
75816  -37.358  11.681  38.403 0.0000000000
75026  -35.618  10.924  39.457 0.0000000000
76709  -49.764  12.790  25.983 0.0000000000
78982  -45.133  15.481  24.939 0.0000000000
77465  -46.757  13.827  22.859 0.0000000000
119056  -45.788  15.856  22.097 0.0000000000
79677  -47.662  16.252  18.450 0.0000000000
81010  -46.440  18.569  21.547 0.0000000000
80225  -45.630  17.596  38.102 0.0000000000
120418  -45.406  18.071  34.444 0.0000000000
80923  -47.172  19.023  35.211 0.0000000000
122497  -53.240  23.031  29.995 0.0000000000
82196  -51.182  20.777  29.543 0.0000000000
83579  -52.060  22.834  25.312 0.0000000000
82889  -49.859  22.014  21.407 0.0000000000
84313  -50.455  23.916  22.074 0.0000000000
85007  -46.840  25.313  20.141 0.0000000000
84305  -48.186  24.239  23.827 0.0000000000
83502  -43.913  22.262  31.453 0.0000000000
84260  -44.126  22.972  27.194 0.0000000000
84245  -41.744  23.572  28.654 0.0000000000
85596  -40.517  26.334  25.940 0.0000000000
84934  -40.180  24.160  30.140 0.0000000000
122351  -47.444  10.558  29.498 0.0000000000
75931  -47.601  11.557  26.809 0.0000000000
75914  -45.507  11.723  27.857 0.0000000000
78135  -44.381  14.482  27.761 0.0000000000
79623  -45.109  16.549  27.543 0.0000000000
108438  -49.993  20.332  40.315 0.0000000000
81524  -49.353  19.930  35.993 0.0000000000
82142  -52.789  21.529  37.893 0.0000000000
83478  -53.590  22.317  34.370 0.0000000000
124722  -50.915  22.738  31.784 0.0000000000
83553  -48.532  22.915  28.514 0.0000000000
83490  -48.356  22.148  31.969 0.0000000000
83459  -45.437  22.659  34.766 0.0000000000
84898  -44.304  24.205  34.658 0.0000000000
115955  -45.747  13.218  17.321 0.0000000000
117840  -41.162  13.056  37.309 0.0000000000
78895  -41.544  15.107  35.419 0.0000000000
78063  -42.653  14.282  38.408 0.0000000000
79562  -44.727  16.024  39.780 0.0000000000
118399  -45.926  17.148  41.732 0.0000000000
82113  -44.821  20.163  41.595 0.0000000000
81493  -47.551  19.219  42.688 0.0000000000
123219  -52.415  12.798  29.566 0.0000000000
76638  -52.584  12.202  32.112 0.0000000000
75110  -50.044  10.737  30.757 0.0000000000
75099  -47.356  10.520  31.748 0.0000000000
75077  -45.360  10.583  33.170 0.0000000000
75022  -50.247  10.431  40.861 0.0000000000
73341  -46.116  8.995  44.145 0.0000000000
106693  -47.117  8.355  41.820 0.0000000000
73412  -47.346  8.661  39.259 0.0000000000
72537  -44.591  7.552  36.767 0.0000000000
75837  -40.503  11.247  36.041 0.0000000000
76745  -52.184  13.616  20.812 0.0000000000
76718  -48.295  12.819  24.619 0.0000000000
114232  -49.394  14.171  21.274 0.0000000000
77490  -50.989  14.197  19.218 0.0000000000
77506  -49.707  14.595  17.868 0.0000000000
79029  -48.713  16.127  16.578 0.0000000000
80351  -47.283  17.943  15.662 0.0000000000
79597  -43.136  16.751  32.433 0.0000000000
80251  -45.455  17.389  30.480 0.0000000000
80960  -46.654  18.208  28.541 0.0000000000
81546  -49.330  19.355  32.105 0.0000000000
107851  -48.761  19.612  28.989 0.0000000000
81595  -47.237  19.795  25.423 0.0000000000
82255  -47.752  20.467  21.107 0.0000000000
82273  -48.149  20.600  17.640 0.0000000000
81645  -45.553  19.483  16.449 0.0000000000
127317  -45.816  23.344  25.830 0.0000000000
85619  -43.148  25.897  23.314 0.0000000000
84985  -40.771  24.380  21.799 0.0000000000
84967  -40.000  24.798  24.323 0.0000000000
84281  -39.091  24.166  25.678 0.0000000000
76622  -41.325  12.728  33.278 0.0000000000
77372  -41.949  13.579  32.132 0.0000000000
77371  -41.427  13.572  32.882 0.0000000000
84863  -50.620  24.858  40.387 0.0000000000
86081  -49.517  26.318  38.620 0.0000000000
75998  -50.040  11.498  19.117 0.0000000000
75826  -49.328  11.157  37.194 0.0000000000
105582  -48.370  10.744  36.153 0.0000000000
75043  -48.317  10.164  37.681 0.0000000000
73409  -37.487  8.945  39.539 0.0000000000
74253  -36.624  9.985  39.195 0.0000000000
76668  -50.627  12.126  27.896 0.0000000000
76679  -49.511  11.860  27.185 0.0000000000
110529  -45.181  16.256  25.113 0.0000000000
106799  -45.369  15.575  23.867 0.0000000000
80307  -45.681  17.354  23.247 0.0000000000
80322  -45.897  17.284  21.741 0.0000000000
81003  -46.084  18.144  22.915 0.0000000000
80911  -46.817  18.539  38.678 0.0000000000
80919  -46.230  18.524  36.282 0.0000000000
81519  -47.523  19.337  37.625 0.0000000000
84251  -52.221  23.496  28.651 0.0000000000
83566  -52.983  23.047  27.475 0.0000000000
108319  -51.772  23.478  25.740 0.0000000000
84308  -51.256  23.427  23.433 0.0000000000
84297  -50.557  23.861  24.476 0.0000000000
84306  -49.248  24.377  23.219 0.0000000000
84296  -49.426  23.892  24.725 0.0000000000
83486  -42.324  22.700  32.226 0.0000000000
83533  -42.987  22.466  29.664 0.0000000000
83517  -41.723  22.849  30.468 0.0000000000
84244  -41.056  23.901  28.983 0.0000000000
109139  -40.998  23.431  31.897 0.0000000000
75118  -46.031  10.828  29.940 0.0000000000
75903  -46.390  11.051  28.556 0.0000000000
75889  -44.795  11.752  29.274 0.0000000000
113163  -43.314  14.753  29.909 0.0000000000
77403  -44.124  13.776  28.420 0.0000000000
78134  -44.158  14.732  28.587 0.0000000000
113184  -44.605  15.210  27.152 0.0000000000
79616  -44.546  16.157  29.039 0.0000000000
82752  -51.740  21.587  42.136 0.0000000000
82137  -50.907  20.704  39.484 0.0000000000
82774  -52.769  21.821  40.595 0.0000000000
122161  -51.841  22.536  37.659 0.0000000000
109264  -53.010  22.217  37.210 0.0000000000
83455  -52.026  22.549  35.182 0.0000000000
83492  -52.806  22.785  32.936 0.0000000000
105991  -50.626  22.503  33.998 0.0000000000
105990  -49.401  22.361  32.210 0.0000000000
83475  -49.312  22.227  33.858 0.0000000000
84893  -47.281  24.525  36.985 0.0000000000
83452  -46.433  22.966  35.714 0.0000000000
84195  -46.044  23.744  35.905 0.0000000000
118897  -44.762  22.947  34.569 0.0000000000
85532  -45.836  25.658  35.260 0.0000000000
77503  -46.643  13.348  17.157 0.0000000000
78062  -40.775  13.901  38.516 0.0000000000
78068  -42.258  13.924  37.622 0.0000000000
78052  -41.266  14.442  39.134 0.0000000000
79547  -42.602  16.337  42.016 0.0000000000
78856  -42.819  15.456  40.492 0.0000000000
108250  -43.884  16.119  41.296 0.0000000000
79563  -45.055  16.362  40.428 0.0000000000
80200  -45.136  17.341  42.301 0.0000000000
82746  -43.693  21.173  41.188 0.0000000000
81492  -46.594  19.473  42.505 0.0000000000
82749  -46.886  20.951  41.968 0.0000000000
126467  -48.346  20.567  42.561 0.0000000000
83395  -47.702  22.349  41.910 0.0000000000
77394  -52.714  13.501  28.917 0.0000000000
76656  -52.941  13.204  29.871 0.0000000000
76631  -52.632  12.235  32.990 0.0000000000
75865  -51.454  11.349  32.256 0.0000000000
75873  -51.383  11.319  31.483 0.0000000000
75101  -50.155  10.774  31.647 0.0000000000
106802  -48.611  10.494  31.076 0.0000000000
110002  -48.871  10.705  33.114 0.0000000000
74289  -46.312  10.068  34.643 0.0000000000
75066  -46.030  10.412  33.850 0.0000000000
74295  -44.986  10.058  33.741 0.0000000000
126971  -44.461  8.879  44.266 0.0000000000
72481  -44.905  7.705  42.166 0.0000000000
72492  -45.386  7.363  40.912 0.0000000000
73404  -47.408  8.439  40.438 0.0000000000
72512  -45.960  7.602  39.667 0.0000000000
72521  -46.423  8.195  38.308 0.0000000000
114954  -44.656  6.988  38.795 0.0000000000
75825  -40.229  11.644  36.927 0.0000000000
75824  -39.658  11.004  37.241 0.0000000000
77469  -52.299  14.195  22.200 0.0000000000
76689  -46.265  12.035  26.339 0.0000000000
76706  -47.419  12.199  25.622 0.0000000000
76716  -46.914  12.549  25.069 0.0000000000
78206  -46.900  14.456  21.446 0.0000000000
126144  -47.987  13.691  22.203 0.0000000000
78208  -48.655  14.200  20.813 0.0000000000
78209  -50.365  14.430  20.656 0.0000000000
78230  -50.091  14.572  18.893 0.0000000000
119587  -50.185  14.256  18.339 0.0000000000
78229  -49.581  14.947  18.247 0.0000000000
79684  -47.646  17.112  17.943 0.0000000000
79685  -48.650  16.543  17.275 0.0000000000
122387  -48.643  17.233  16.658 0.0000000000
79698  -48.339  16.754  16.025 0.0000000000
81032  -48.442  18.611  16.185 0.0000000000
79583  -42.443  16.130  35.520 0.0000000000
79588  -42.453  16.439  34.483 0.0000000000
79589  -43.153  16.927  34.580 0.0000000000
111100  -46.734  18.256  32.941 0.0000000000
111977  -45.405  17.634  32.117 0.0000000000
80252  -46.284  17.758  30.825 0.0000000000
80260  -46.473  17.887  29.374 0.0000000000
80954  -47.176  18.369  29.791 0.0000000000
82158  -50.459  20.125  34.898 0.0000000000
81533  -49.640  19.702  34.297 0.0000000000
81538  -50.696  20.115  33.186 0.0000000000
82838  -50.517  21.276  26.956 0.0000000000
82195  -50.184  20.399  29.111 0.0000000000
126389  -49.115  20.512  27.179 0.0000000000
81586  -47.752  19.713  26.944 0.0000000000
82223  -47.957  20.470  25.209 0.0000000000
82241  -47.573  20.341  23.544 0.0000000000
112173  -48.263  20.955  23.714 0.0000000000
83624  -49.856  23.057  19.244 0.0000000000
82894  -49.134  21.759  19.915 0.0000000000
82915  -48.273  21.812  17.128 0.0000000000
82278  -47.816  20.778  16.411 0.0000000000
83637  -47.353  22.031  17.125 0.0000000000
82272  -45.597  20.872  17.714 0.0000000000
83631  -46.733  22.361  17.806 0.0000000000
85645  -46.028  26.072  20.418 0.0000000000
84331  -45.580  24.717  19.857 0.0000000000
83552  -47.680  22.689  28.651 0.0000000000
84275  -47.282  23.207  26.374 0.0000000000
83571  -45.874  22.813  26.977 0.0000000000
84957  -43.290  24.344  25.914 0.0000000000
84963  -43.838  24.486  25.142 0.0000000000
85618  -42.317  26.101  23.562 0.0000000000
84976  -41.673  26.080  22.507 0.0000000000
85617  -41.063  25.665  23.009 0.0000000000
84304  -40.301  23.837  22.851 0.0000000000
107798  -41.056  26.168  24.708 0.0000000000
106960  -39.910  25.940  27.688 0.0000000000
85602  -39.453  26.169  25.394 0.0000000000
86162  -38.740  26.537  26.268 0.0000000000
84953  -38.013  25.822  26.231 0.0000000000
75869  -43.709  11.710  31.844 0.0000000000
76637  -44.075  11.923  30.588 0.0000000000
76635  -42.761  12.798  31.534 0.0000000000
77376  -42.497  13.742  31.250 0.0000000000
78919  -42.426  15.436  31.459 0.0000000000
83408  -52.700  22.392  41.024 0.0000000000
84853  -51.439  24.039  40.858 0.0000000000
84177  -50.519  23.269  39.281 0.0000000000
83440  -50.026  22.678  37.790 0.0000000000
83446  -48.996  22.550  36.694 0.0000000000
84876  -48.528  24.248  38.396 0.0000000000
86098  -48.403  25.719  37.739 0.0000000000
76758  -48.235  12.305  18.168 0.0000000000
78852  -38.919  15.582  40.561 0.0000000000
78854  -41.085  15.447  40.368 0.0000000000
79555  -40.003  16.174  41.413 0.0000000000
75846  -50.165  11.284  34.639 0.0000000000
75080  -49.134  10.879  33.788 0.0000000000
75838  -48.782  11.086  35.007 0.0000000000
75059  -47.809  10.545  35.618 0.0000000000
73443  -45.886  9.083  35.629 0.0000000000
73378  -42.850  8.208  43.181 0.0000000000
72500  -42.132  6.995  40.956 0.0000000000
73422  -39.122  9.058  37.781 0.0000000000
75034  -38.338  10.555  37.967 0.0000000000
74255  -37.816  9.791  38.450 0.0000000000
75810  -36.105  11.587  39.011 0.0000000000
78166  -45.194  14.354  25.141 0.0000000000
77444  -46.494  13.129  24.373 0.0000000000
78183  -45.659  14.594  23.702 0.0000000000
109250  -46.227  15.026  21.780 0.0000000000
122997  -46.552  15.016  21.115 0.0000000000
79006  -47.408  15.100  19.856 0.0000000000
79662  -46.277  16.165  20.583 0.0000000000
80328  -46.422  17.598  20.203 0.0000000000
81021  -46.814  18.334  19.396 0.0000000000
105573  -44.691  17.352  36.673 0.0000000000
80230  -44.312  17.550  35.097 0.0000000000
80921  -45.626  18.214  35.836 0.0000000000
80927  -46.645  18.667  34.631 0.0000000000
123722  -47.691  18.810  33.569 0.0000000000
82170  -53.209  21.655  32.552 0.0000000000
82178  -51.571  20.600  31.252 0.0000000000
82824  -53.061  21.810  29.984 0.0000000000
82840  -52.453  22.299  27.435 0.0000000000
82855  -51.154  21.815  25.454 0.0000000000
82870  -50.099  21.759  23.226 0.0000000000
83584  -51.464  22.559  23.937 0.0000000000
84322  -50.620  23.274  21.741 0.0000000000
84333  -49.617  24.028  19.914 0.0000000000
84341  -48.376  23.683  19.098 0.0000000000
84998  -48.903  24.804  21.326 0.0000000000
85637  -47.260  25.489  21.329 0.0000000000
84979  -46.478  24.833  23.115 0.0000000000
83535  -45.118  22.321  29.754 0.0000000000
83550  -45.147  22.431  28.328 0.0000000000
83534  -44.084  22.335  29.525 0.0000000000
84247  -43.062  23.060  27.920 0.0000000000
84949  -42.276  24.354  27.102 0.0000000000
85604  -41.158  26.122  25.454 0.0000000000
84948  -41.544  24.797  27.386 0.0000000000
84947  -40.730  25.282  27.723 0.0000000000
109841  -39.409  25.552  28.871 0.0000000000
75134  -48.585  10.753  28.778 0.0000000000
75917  -48.608  11.307  27.687 0.0000000000
75904  -47.272  11.022  28.091 0.0000000000
75915  -46.394  11.367  27.683 0.0000000000
76688  -45.589  12.388  26.545 0.0000000000
123790  -44.358  12.369  29.009 0.0000000000
76666  -44.406  13.009  28.019 0.0000000000
77424  -44.776  13.419  26.761 0.0000000000
118163  -44.677  14.789  26.399 0.0000000000
125123  -44.867  16.021  26.326 0.0000000000
80286  -45.525  17.341  26.263 0.0000000000
112732  -48.549  19.505  39.910 0.0000000000
81520  -48.290  19.756  37.336 0.0000000000
82140  -49.969  20.395  38.642 0.0000000000
82149  -50.500  20.437  37.002 0.0000000000
82155  -52.853  20.934  35.272 0.0000000000
121253  -53.052  21.955  38.562 0.0000000000
82793  -53.446  21.943  36.519 0.0000000000
82161  -53.547  21.568  34.206 0.0000000000
83511  -53.256  22.505  32.500 0.0000000000
83525  -52.595  23.066  30.970 0.0000000000
84236  -51.441  23.420  29.302 0.0000000000
105989  -49.444  23.460  27.097 0.0000000000
83539  -49.534  22.790  29.780 0.0000000000
83522  -48.551  22.515  30.120 0.0000000000
113693  -47.431  22.301  30.591 0.0000000000
83453  -47.537  22.394  35.648 0.0000000000
107989  -47.139  21.950  34.148 0.0000000000
83489  -46.143  21.851  32.046 0.0000000000
119993  -44.892  22.137  33.115 0.0000000000
83469  -43.626  22.744  33.490 0.0000000000
111199  -42.955  23.895  33.775 0.0000000000
77352  -40.912  13.534  35.611 0.0000000000
78084  -40.838  14.054  34.786 0.0000000000
77353  -41.387  13.828  36.288 0.0000000000
78077  -42.452  14.679  37.036 0.0000000000
78883  -43.565  15.443  37.735 0.0000000000
78869  -42.564  14.946  39.762 0.0000000000
115889  -43.683  14.955  39.065 0.0000000000
79572  -44.534  16.350  38.065 0.0000000000
80221  -45.148  16.760  38.550 0.0000000000
80219  -46.229  17.501  39.856 0.0000000000
80909  -46.817  18.140  39.632 0.0000000000
80898  -44.204  18.909  42.072 0.0000000000
80892  -45.595  17.963  42.498 0.0000000000
80900  -47.508  18.467  42.445 0.0000000000
80901  -48.037  18.631  41.717 0.0000000000
82117  -48.984  19.942  42.408 0.0000000000
124311  -49.950  21.302  42.674 0.0000000000
82735  -50.739  21.911  42.918 0.0000000000
110712  -52.172  13.272  28.339 0.0000000000
75908  -50.875  11.802  28.689 0.0000000000
77373  -53.830  13.282  32.049 0.0000000000
77378  -53.719  13.432  31.180 0.0000000000
76644  -52.455  12.217  31.153 0.0000000000
75880  -51.497  11.639  30.315 0.0000000000
75121  -49.806  10.748  29.829 0.0000000000
75108  -48.232  10.451  30.128 0.0000000000
75107  -47.018  10.480  30.932 0.0000000000
75097  -45.780  10.800  31.606 0.0000000000
106772  -47.264  10.639  33.187 0.0000000000
120661  -46.189  10.663  32.290 0.0000000000
75863  -44.380  11.242  32.190 0.0000000000
75086  -43.948  10.932  32.800 0.0000000000
74214  -47.686  9.396  43.727 0.0000000000
73359  -44.841  8.453  43.558 0.0000000000
73361  -46.520  8.666  43.328 0.0000000000
107696  -48.487  9.289  42.407 0.0000000000
73394  -48.315  9.013  41.496 0.0000000000
121046  -48.394  9.238  40.111 0.0000000000
74258  -48.818  10.041  39.072 0.0000000000
74256  -47.530  9.243  38.184 0.0000000000
73425  -46.033  8.268  37.338 0.0000000000
73432  -44.712  7.965  36.117 0.0000000000
117649  -40.686  11.861  34.696 0.0000000000
76599  -40.602  12.138  36.278 0.0000000000
77339  -40.332  12.947  37.658 0.0000000000
77332  -39.824  13.605  38.231 0.0000000000
78050  -39.226  14.618  39.196 0.0000000000
76732  -52.290  12.602  21.872 0.0000000000
117342  -52.243  12.864  21.194 0.0000000000
112787  -51.972  12.614  20.575 0.0000000000
76691  -48.959  12.223  26.073 0.0000000000
76719  -49.181  13.197  24.648 0.0000000000
77456  -47.062  13.368  23.448 0.0000000000
77458  -48.957  13.614  23.137 0.0000000000
78196  -50.379  14.357  22.390 0.0000000000
78210  -51.245  14.442  20.961 0.0000000000
122896  -51.432  14.088  19.741 0.0000000000
76750  -51.342  13.061  19.448 0.0000000000
76760  -50.108  13.237  18.518 0.0000000000
77497  -49.598  13.744  17.942 0.0000000000
77505  -49.090  14.123  17.460 0.0000000000
79020  -48.722  15.843  17.734 0.0000000000
78250  -49.107  15.460  17.123 0.0000000000
77504  -47.872  13.497  17.271 0.0000000000
78258  -47.109  14.969  16.366 0.0000000000
118957  -45.706  15.304  16.542 0.0000000000
79695  -45.316  16.857  16.390 0.0000000000
78909  -41.411  15.228  33.599 0.0000000000
110665  -42.037  15.627  32.260 0.0000000000
79599  -43.325  16.557  31.532 0.0000000000
80236  -43.928  17.395  33.684 0.0000000000
80245  -43.896  17.093  32.031 0.0000000000
79602  -44.290  16.788  30.545 0.0000000000
79610  -45.033  16.811  29.336 0.0000000000
80269  -46.045  17.709  27.812 0.0000000000
80287  -45.973  18.101  26.091 0.0000000000
81527  -48.617  19.575  35.441 0.0000000000
80929  -48.201  19.122  33.989 0.0000000000
123684  -48.643  19.025  32.322 0.0000000000
81548  -50.415  20.021  30.983 0.0000000000
81555  -49.559  19.651  30.455 0.0000000000
80947  -48.401  19.045  30.285 0.0000000000
80961  -47.247  18.846  28.170 0.0000000000
81584  -47.023  19.388  26.257 0.0000000000
80986  -46.378  18.837  25.088 0.0000000000
81610  -46.657  19.164  22.906 0.0000000000
81631  -47.225  19.659  19.999 0.0000000000
82878  -49.092  21.494  21.912 0.0000000000
82259  -47.823  20.461  19.959 0.0000000000
81641  -47.787  19.691  17.628 0.0000000000
81650  -48.209  19.317  15.957 0.0000000000
80350  -46.101  18.168  15.848 0.0000000000
84339  -46.056  23.659  19.474 0.0000000000
107159  -48.164  23.348  26.443 0.0000000000
84971  -46.647  24.170  24.098 0.0000000000
85621  -45.374  25.224  23.128 0.0000000000
114652  -44.776  23.536  25.838 0.0000000000
84969  -44.400  24.722  24.365 0.0000000000
85628  -44.109  26.540  21.544 0.0000000000
85632  -41.977  25.825  20.871 0.0000000000
84319  -41.570  24.090  21.080 0.0000000000
83597  -40.529  22.428  21.947 0.0000000000
114948  -39.921  26.200  25.042 0.0000000000
126780  -39.573  24.405  25.022 0.0000000000
85544  -42.637  25.491  33.455 0.0000000000
84911  -41.149  24.432  32.723 0.0000000000
85565  -39.942  24.871  32.031 0.0000000000
85571  -39.083  25.240  30.780 0.0000000000
85570  -38.537  25.836  30.236 0.0000000000
77366  -41.007  13.534  33.614 0.0000000000
115369  -50.556  11.143  19.487 0.0000000000
75819  -50.185  11.373  38.357 0.0000000000
75827  -49.947  11.451  37.436 0.0000000000
111351  -37.590  8.661  40.378 0.0000000000
75919  -49.908  11.799  27.615 0.0000000000
75918  -49.262  11.496  27.646 0.0000000000
108984  -45.385  16.901  24.876 0.0000000000
80300  -45.497  17.102  24.106 0.0000000000
80992  -45.908  18.010  23.908 0.0000000000
80916  -46.894  18.829  37.820 0.0000000000
84264  -51.249  23.585  27.417 0.0000000000
84265  -52.265  23.462  27.175 0.0000000000
84277  -51.591  23.581  26.556 0.0000000000
107111  -51.199  23.661  25.053 0.0000000000
105987  -50.859  23.697  25.944 0.0000000000
84288  -50.109  23.781  25.357 0.0000000000
84276  -49.751  23.620  26.256 0.0000000000
83500  -41.947  22.710  31.351 0.0000000000
83485  -41.568  23.004  32.028 0.0000000000
84216  -41.211  23.178  31.202 0.0000000000
84212  -41.318  23.604  32.449 0.0000000000
75105  -45.369  11.085  30.657 0.0000000000
75890  -45.382  11.265  29.644 0.0000000000
75878  -44.704  11.578  30.118 0.0000000000
78124  -43.757  14.285  29.224 0.0000000000
78935  -43.839  15.098  29.311 0.0000000000
78947  -44.301  15.499  28.803 0.0000000000
124382  -44.094  15.757  29.398 0.0000000000
82773  -51.891  21.351  41.186 0.0000000000
82753  -52.560  21.896  41.568 0.0000000000
83447  -50.521  22.514  36.896 0.0000000000
107990  -51.455  22.502  35.926 0.0000000000
83463  -51.891  22.641  34.373 0.0000000000
106243  -50.703  22.465  35.032 0.0000000000
83454  -49.440  22.372  35.256 0.0000000000
85530  -47.387  25.521  36.720 0.0000000000
84892  -46.620  24.235  36.428 0.0000000000
85529  -46.738  25.085  36.405 0.0000000000
84896  -46.006  24.762  35.847 0.0000000000
85533  -46.485  25.708  35.761 0.0000000000
119092  -47.542  11.675  18.174 0.0000000000
76014  -46.647  11.839  17.806 0.0000000000
76767  -46.920  12.716  17.505 0.0000000000
79533  -42.564  16.998  42.488 0.0000000000
79548  -43.411  16.298  41.844 0.0000000000
79534  -43.346  16.721  42.269 0.0000000000
80208  -44.705  16.836  42.138 0.0000000000
80199  -44.124  17.156  42.368 0.0000000000
107030  -46.225  21.678  41.483 0.0000000000
123235  -47.212  21.620  41.860 0.0000000000
77396  -54.109  14.580  29.817 0.0000000000
77395  -53.459  14.045  29.372 0.0000000000
77383  -53.586  13.681  30.295 0.0000000000
127584  -50.926  11.090  32.600 0.0000000000
75093  -50.279  10.863  32.468 0.0000000000
75092  -49.396  10.664  32.289 0.0000000000
75081  -49.688  10.824  33.144 0.0000000000
74278  -45.852  9.517  35.023 0.0000000000
74288  -45.462  9.733  34.419 0.0000000000
74287  -44.522  9.381  34.257 0.0000000000
107702  -42.875  8.872  44.226 0.0000000000
72491  -44.581  7.239  41.345 0.0000000000
72503  -44.785  6.981  40.332 0.0000000000
72504  -45.495  7.328  40.242 0.0000000000
72511  -45.262  7.185  39.736 0.0000000000
72520  -45.308  7.310  38.986 0.0000000000
72510  -44.702  6.908  39.453 0.0000000000
74269  -39.708  10.186  37.157 0.0000000000
106965  -50.921  14.537  22.830 0.0000000000
76705  -46.558  12.287  25.717 0.0000000000
76704  -46.059  12.808  25.197 0.0000000000
78207  -47.727  14.184  21.147 0.0000000000
78220  -49.213  14.539  19.793 0.0000000000
122362  -49.479  14.775  18.976 0.0000000000
78228  -48.618  14.931  19.160 0.0000000000
80339  -47.349  18.019  18.127 0.0000000000
80340  -48.384  17.959  16.875 0.0000000000
80344  -48.639  17.868  16.159 0.0000000000
81027  -48.057  18.807  17.075 0.0000000000
79577  -43.059  16.317  36.181 0.0000000000
79584  -43.010  16.684  35.326 0.0000000000
80227  -43.588  16.837  35.968 0.0000000000
80937  -46.887  18.173  32.262 0.0000000000
80248  -46.216  17.807  31.754 0.0000000000
80941  -46.986  18.134  31.460 0.0000000000
80945  -47.116  18.214  30.654 0.0000000000
82159  -51.558  20.435  34.678 0.0000000000
81534  -50.538  20.073  34.063 0.0000000000
114958  -51.684  20.458  33.241 0.0000000000
82845  -50.184  21.322  26.148 0.0000000000
116040  -49.759  20.932  26.860 0.0000000000
82219  -49.220  20.770  26.456 0.0000000000
82217  -48.591  20.609  25.939 0.0000000000
82224  -48.960  21.026  25.225 0.0000000000
82234  -48.544  20.983  24.518 0.0000000000
82853  -49.390  21.332  24.593 0.0000000000
119424  -49.551  23.135  18.993 0.0000000000
119371  -49.170  22.737  18.546 0.0000000000
83633  -48.468  22.441  17.632 0.0000000000
83638  -47.956  21.935  16.967 0.0000000000
83632  -47.722  22.523  17.476 0.0000000000
82907  -46.756  21.778  17.197 0.0000000000
84349  -48.140  23.119  18.128 0.0000000000
85635  -45.503  26.433  20.898 0.0000000000
85006  -44.934  25.792  19.887 0.0000000000
85644  -45.197  26.342  20.202 0.0000000000
85634  -44.582  26.621  20.579 0.0000000000
83537  -46.703  22.504  29.108 0.0000000000
106847  -46.845  22.623  28.314 0.0000000000
83551  -46.030  22.508  28.343 0.0000000000
84962  -42.555  25.166  25.479 0.0000000000
124661  -43.139  24.954  25.103 0.0000000000
85610  -42.505  25.616  24.619 0.0000000000
111658  -41.524  26.072  23.438 0.0000000000
85609  -41.669  26.069  24.179 0.0000000000
85608  -41.039  25.987  23.912 0.0000000000
85588  -39.339  26.526  26.835 0.0000000000
76636  -43.467  12.234  31.218 0.0000000000
76630  -43.095  12.111  31.979 0.0000000000
78108  -42.475  14.701  31.130 0.0000000000
108254  -52.401  24.088  42.230 0.0000000000
123126  -51.641  24.751  41.295 0.0000000000
85499  -50.001  25.311  39.745 0.0000000000
115127  -50.369  24.175  40.010 0.0000000000
84157  -49.810  23.890  39.486 0.0000000000
83435  -50.283  22.899  38.502 0.0000000000
84176  -49.253  23.618  38.751 0.0000000000
84187  -49.045  23.117  38.098 0.0000000000
84877  -49.111  24.378  39.020 0.0000000000
86580  -49.844  27.132  38.039 0.0000000000
86080  -48.919  25.810  38.364 0.0000000000
122683  -48.507  26.451  37.180 0.0000000000
75215  -49.261  10.985  18.891 0.0000000000
76006  -48.507  11.566  18.520 0.0000000000
79554  -39.185  16.080  41.282 0.0000000000
78853  -39.777  15.737  40.730 0.0000000000
75839  -49.544  11.297  35.288 0.0000000000
75845  -49.336  11.098  34.496 0.0000000000
75051  -47.787  10.245  36.416 0.0000000000
74280  -47.196  9.971  35.875 0.0000000000
74270  -46.591  9.340  36.161 0.0000000000
72508  -39.511  7.537  39.018 0.0000000000
72516  -38.976  8.130  38.647 0.0000000000
73417  -39.179  8.393  38.089 0.0000000000
122942  -38.493  8.902  38.391 0.0000000000
75027  -36.342  10.646  39.112 0.0000000000
123028  -45.530  14.217  24.431 0.0000000000
78174  -45.322  14.852  24.465 0.0000000000
78993  -45.515  15.987  22.971 0.0000000000
78987  -45.824  15.062  22.778 0.0000000000
78999  -46.164  15.658  21.238 0.0000000000
79005  -46.650  15.403  20.522 0.0000000000
123169  -45.902  16.463  21.481 0.0000000000
80313  -46.080  18.025  22.035 0.0000000000
79669  -46.067  17.002  20.829 0.0000000000
80323  -46.173  17.829  21.166 0.0000000000
81014  -46.551  18.431  20.601 0.0000000000
80228  -45.361  17.683  37.168 0.0000000000
125117  -45.247  17.842  36.453 0.0000000000
80918  -45.774  18.170  36.721 0.0000000000
110133  -46.927  18.968  36.245 0.0000000000
80922  -46.414  18.643  35.525 0.0000000000
80932  -46.891  18.550  33.677 0.0000000000
80928  -47.436  18.932  34.298 0.0000000000
82813  -53.308  22.142  30.942 0.0000000000
82825  -53.299  22.505  30.016 0.0000000000
83573  -52.561  22.762  26.655 0.0000000000
82856  -51.918  22.373  25.886 0.0000000000
82846  -51.251  21.727  26.340 0.0000000000
82862  -51.662  22.362  25.085 0.0000000000
82861  -51.220  22.001  24.475 0.0000000000
83585  -51.741  22.699  24.577 0.0000000000
84307  -50.588  24.054  22.993 0.0000000000
84314  -50.943  23.362  22.598 0.0000000000
84334  -50.240  23.576  20.237 0.0000000000
85010  -49.682  24.273  20.744 0.0000000000
84999  -49.778  24.407  21.651 0.0000000000
84981  -48.161  24.633  22.947 0.0000000000
105809  -47.368  24.861  22.749 0.0000000000
85629  -46.966  25.395  22.062 0.0000000000
84980  -47.345  24.433  23.525 0.0000000000
107181  -44.495  22.261  30.567 0.0000000000
84234  -42.137  23.039  29.060 0.0000000000
83547  -42.698  22.714  28.996 0.0000000000
84246  -42.495  23.217  28.355 0.0000000000
84258  -42.695  23.580  27.556 0.0000000000
84257  -41.999  23.936  27.858 0.0000000000
84232  -40.787  23.681  29.827 0.0000000000
122941  -40.728  24.591  28.533 0.0000000000
84940  -40.438  24.357  29.269 0.0000000000
84939  -40.119  25.181  28.566 0.0000000000
84933  -39.767  24.791  29.539 0.0000000000
75133  -47.794  10.715  28.740 0.0000000000
75132  -47.094  10.752  28.810 0.0000000000
109567  -45.528  11.421  28.732 0.0000000000
127403  -45.931  11.336  28.181 0.0000000000
75929  -45.928  11.819  27.039 0.0000000000
76678  -45.278  12.302  27.219 0.0000000000
76641  -43.541  12.692  30.281 0.0000000000
76642  -44.190  12.184  29.768 0.0000000000
76653  -43.835  12.819  29.437 0.0000000000
77413  -44.473  13.620  27.508 0.0000000000
76677  -44.746  12.891  27.326 0.0000000000
77434  -44.857  14.020  26.048 0.0000000000
78145  -44.573  14.245  26.903 0.0000000000
79622  -44.740  15.951  27.749 0.0000000000
78968  -44.761  15.512  26.351 0.0000000000
79627  -44.851  16.067  26.913 0.0000000000
122844  -45.117  16.541  26.409 0.0000000000
125173  -45.119  16.573  26.993 0.0000000000
81516  -49.199  19.880  40.109 0.0000000000
81515  -48.862  19.940  39.046 0.0000000000
118899  -49.715  20.255  39.464 0.0000000000
82141  -51.565  20.873  38.364 0.0000000000
82145  -51.659  20.780  37.436 0.0000000000
82150  -51.459  20.565  36.497 0.0000000000
82146  -52.846  21.379  37.038 0.0000000000
83426  -52.862  22.301  39.880 0.0000000000
82789  -53.042  22.018  39.385 0.0000000000
83437  -52.883  22.194  38.964 0.0000000000
126040  -53.285  22.285  36.296 0.0000000000
83448  -53.332  22.121  36.632 0.0000000000
82794  -53.486  22.144  36.108 0.0000000000
82796  -53.683  21.843  35.645 0.0000000000
82798  -53.926  22.058  34.775 0.0000000000
82805  -53.541  22.206  33.027 0.0000000000
83493  -53.405  22.441  33.464 0.0000000000
83491  -51.592  22.784  32.355 0.0000000000
83510  -52.716  22.889  31.973 0.0000000000
118386  -51.679  22.948  31.524 0.0000000000
84224  -52.000  23.353  30.141 0.0000000000
83540  -50.787  23.150  29.938 0.0000000000
84235  -50.276  23.241  29.125 0.0000000000
110095  -50.224  22.811  30.476 0.0000000000
83508  -49.311  22.444  31.471 0.0000000000
83507  -48.378  22.366  30.909 0.0000000000
124588  -47.988  22.404  30.332 0.0000000000
83506  -47.634  22.129  31.367 0.0000000000
84192  -48.259  22.891  37.056 0.0000000000
118672  -48.699  22.402  35.922 0.0000000000
83445  -47.967  22.688  36.517 0.0000000000
83451  -45.946  22.657  35.115 0.0000000000
110623  -46.740  22.273  35.032 0.0000000000
83472  -46.483  21.870  33.547 0.0000000000
106241  -46.994  21.814  32.316 0.0000000000
107988  -45.833  21.869  32.910 0.0000000000
107319  -45.350  21.973  32.200 0.0000000000
83471  -45.285  22.254  34.070 0.0000000000
84899  -44.834  24.378  35.030 0.0000000000
83470  -44.399  22.578  33.864 0.0000000000
84203  -43.968  23.095  34.119 0.0000000000
84202  -43.234  23.275  33.694 0.0000000000
84897  -43.626  23.864  34.216 0.0000000000
76757  -45.667  12.314  17.785 0.0000000000
117907  -45.460  14.056  17.174 0.0000000000
77345  -41.034  12.992  36.533 0.0000000000
78076  -41.927  14.205  36.729 0.0000000000
124693  -42.791  14.477  37.780 0.0000000000
78882  -43.012  15.129  37.398 0.0000000000
78868  -41.648  14.949  39.751 0.0000000000
78855  -41.951  15.428  40.436 0.0000000000
78857  -43.644  15.613  40.505 0.0000000000
78870  -43.375  15.101  39.749 0.0000000000
78858  -44.170  15.484  39.582 0.0000000000
78876  -44.047  15.524  38.467 0.0000000000
79566  -44.702  16.033  38.971 0.0000000000
80214  -45.483  16.769  41.183 0.0000000000
80218  -45.647  16.894  40.139 0.0000000000
80215  -46.127  17.200  40.904 0.0000000000
80905  -46.782  17.725  40.726 0.0000000000
82112  -44.046  20.409  41.430 0.0000000000
81500  -43.537  19.739  41.657 0.0000000000
118165  -44.315  19.726  41.690 0.0000000000
81490  -45.069  18.560  42.365 0.0000000000
81501  -45.005  19.336  42.052 0.0000000000
82115  -47.157  20.129  42.460 0.0000000000
80894  -46.869  18.594  42.655 0.0000000000
81503  -48.035  18.926  42.521 0.0000000000
81504  -48.524  19.317  42.181 0.0000000000
81494  -48.250  19.529  42.555 0.0000000000
82751  -48.669  22.084  42.403 0.0000000000
82734  -49.041  21.052  42.665 0.0000000000
105811  -49.738  21.891  42.736 0.0000000000
83387  -50.434  22.674  43.037 0.0000000000
78136  -53.270  15.038  27.576 0.0000000000
76670  -52.045  12.733  28.990 0.0000000000
109433  -51.532  12.148  29.038 0.0000000000
76632  -53.243  12.691  32.513 0.0000000000
76639  -53.174  12.739  31.631 0.0000000000
76645  -53.062  12.925  30.750 0.0000000000
75872  -50.783  10.988  31.141 0.0000000000
119527  -51.264  11.321  30.835 0.0000000000
75879  -50.726  11.136  30.230 0.0000000000
110425  -48.913  10.580  29.521 0.0000000000
75109  -49.191  10.541  30.424 0.0000000000
106250  -48.137  10.529  31.780 0.0000000000
106249  -47.808  10.469  31.002 0.0000000000
75098  -46.576  10.586  31.676 0.0000000000
108187  -47.798  10.718  33.898 0.0000000000
121691  -48.480  10.757  33.674 0.0000000000
75078  -46.299  10.643  33.045 0.0000000000
75088  -45.396  10.807  32.393 0.0000000000
75087  -44.744  10.811  32.751 0.0000000000
75029  -50.070  10.623  39.920 0.0000000000
74203  -45.650  9.484  44.992 0.0000000000
74204  -46.533  9.559  44.772 0.0000000000
126614  -47.321  9.680  44.544 0.0000000000
74213  -46.935  9.158  43.942 0.0000000000
115086  -43.701  7.922  42.840 0.0000000000
73358  -43.850  8.467  43.655 0.0000000000
73381  -46.442  8.115  41.945 0.0000000000
105874  -46.093  8.280  42.709 0.0000000000
112012  -46.885  8.475  42.533 0.0000000000
73362  -47.312  8.891  43.140 0.0000000000
73382  -47.702  8.763  42.242 0.0000000000
73393  -47.597  8.550  41.287 0.0000000000
117329  -47.233  8.424  39.754 0.0000000000
74248  -47.818  8.865  39.783 0.0000000000
117405  -48.332  9.454  39.396 0.0000000000
74247  -47.740  9.114  38.951 0.0000000000
74257  -48.212  9.728  38.474 0.0000000000
73418  -47.132  8.693  38.615 0.0000000000
72529  -45.566  7.647  38.089 0.0000000000
72538  -45.286  7.721  37.264 0.0000000000
73433  -45.320  8.063  36.603 0.0000000000
75056  -40.727  10.528  35.423 0.0000000000
75057  -41.150  10.043  34.939 0.0000000000
75843  -40.655  11.274  35.107 0.0000000000
76607  -40.582  11.989  35.385 0.0000000000
76590  -39.902  12.324  37.465 0.0000000000
75817  -38.135  11.485  38.025 0.0000000000
76582  -37.884  12.356  38.165 0.0000000000
127058  -37.727  14.166  38.821 0.0000000000
78049  -38.235  14.476  39.063 0.0000000000
78865  -38.630  15.013  39.840 0.0000000000
75973  -52.283  12.422  22.626 0.0000000000
76733  -52.479  13.462  22.523 0.0000000000
77477  -52.146  14.206  21.383 0.0000000000
76738  -52.366  13.582  21.613 0.0000000000
115759  -47.922  11.290  27.495 0.0000000000
75932  -48.686  11.658  26.927 0.0000000000
76690  -48.026  11.898  26.142 0.0000000000
76717  -47.680  12.524  25.057 0.0000000000
76707  -48.408  12.455  25.394 0.0000000000
77455  -46.111  13.798  23.762 0.0000000000
77476  -48.404  13.885  21.739 0.0000000000
77467  -48.403  13.647  22.530 0.0000000000
77468  -49.382  13.981  22.268 0.0000000000
105730  -50.343  14.378  21.590 0.0000000000
78231  -50.677  14.351  19.233 0.0000000000
78222  -51.113  14.332  19.938 0.0000000000
115653  -51.240  13.794  19.309 0.0000000000
76761  -50.863  13.197  19.003 0.0000000000
77498  -50.786  13.990  18.763 0.0000000000
78238  -49.915  14.582  18.297 0.0000000000
79013  -47.881  15.519  18.812 0.0000000000
79691  -48.768  16.682  16.543 0.0000000000
79028  -49.050  16.045  16.997 0.0000000000
78249  -48.691  14.615  16.984 0.0000000000
78259  -48.319  15.227  16.509 0.0000000000
78248  -47.451  14.245  16.751 0.0000000000
79035  -47.892  15.877  16.144 0.0000000000
79697  -47.389  17.104  15.736 0.0000000000
115644  -47.382  16.393  15.919 0.0000000000
111999  -46.354  16.574  16.023 0.0000000000
79033  -45.561  15.992  16.435 0.0000000000
79696  -46.239  17.402  15.879 0.0000000000
113575  -41.156  14.734  34.864 0.0000000000
78090  -41.083  14.662  34.174 0.0000000000
78902  -41.428  15.292  34.485 0.0000000000
79591  -42.246  16.307  33.548 0.0000000000
79596  -42.404  16.313  32.762 0.0000000000
79598  -42.614  16.175  31.875 0.0000000000
80234  -44.600  17.725  34.249 0.0000000000
80247  -45.461  17.525  31.281 0.0000000000
80241  -44.601  17.476  32.497 0.0000000000
80246  -44.668  17.344  31.660 0.0000000000
79600  -44.038  16.941  31.196 0.0000000000
79603  -44.852  16.997  30.139 0.0000000000
121101  -45.404  17.233  29.841 0.0000000000
110551  -45.977  17.539  28.639 0.0000000000
80279  -45.969  17.924  26.935 0.0000000000
80970  -46.585  18.418  27.565 0.0000000000
82148  -49.348  20.147  36.973 0.0000000000
81523  -48.451  19.703  36.377 0.0000000000
81537  -49.772  19.655  33.460 0.0000000000
81536  -48.954  19.354  33.695 0.0000000000
81541  -49.134  19.302  32.891 0.0000000000
80934  -48.323  18.951  33.101 0.0000000000
82187  -51.304  20.629  30.400 0.0000000000
81573  -49.316  20.082  28.705 0.0000000000
81565  -49.358  19.785  29.563 0.0000000000
109237  -48.948  19.402  30.136 0.0000000000
81564  -48.550  19.326  29.577 0.0000000000
80955  -47.879  18.875  29.663 0.0000000000
81571  -47.999  19.243  28.806 0.0000000000
81585  -47.785  20.065  26.100 0.0000000000
111578  -46.432  18.782  25.843 0.0000000000
81602  -46.805  19.452  24.696 0.0000000000
80993  -46.345  18.784  24.281 0.0000000000
110846  -46.706  19.315  23.780 0.0000000000
82247  -47.699  20.436  22.134 0.0000000000
81617  -47.112  19.766  22.484 0.0000000000
81626  -47.199  19.846  21.604 0.0000000000
114749  -47.312  19.942  20.767 0.0000000000
82879  -49.929  21.864  22.327 0.0000000000
82274  -48.509  21.335  18.207 0.0000000000
82266  -48.553  21.215  19.373 0.0000000000
82265  -48.164  20.746  18.809 0.0000000000
81637  -47.657  20.080  18.884 0.0000000000
81646  -48.182  19.486  16.251 0.0000000000
117406  -48.080  20.253  16.588 0.0000000000
81648  -46.432  20.137  16.216 0.0000000000
115091  -46.422  19.476  15.958 0.0000000000
81037  -45.786  18.854  16.077 0.0000000000
81036  -45.168  18.136  16.468 0.0000000000
81644  -44.938  19.432  17.284 0.0000000000
85014  -47.589  24.448  19.743 0.0000000000
84340  -47.208  23.616  19.072 0.0000000000
84332  -46.579  24.634  19.793 0.0000000000
116421  -44.523  23.217  20.326 0.0000000000
113318  -45.168  23.532  19.895 0.0000000000
84248  -49.099  23.254  27.957 0.0000000000
127708  -48.926  23.463  26.552 0.0000000000
84262  -48.557  23.291  27.191 0.0000000000
84274  -46.339  23.158  26.237 0.0000000000
125282  -46.906  23.373  25.733 0.0000000000
84294  -46.018  23.863  24.733 0.0000000000
84970  -45.790  24.448  23.965 0.0000000000
83561  -44.603  22.597  27.775 0.0000000000
83570  -44.964  22.846  27.055 0.0000000000
84272  -44.493  23.283  26.471 0.0000000000
85611  -43.365  25.341  24.280 0.0000000000
84977  -43.948  25.488  23.530 0.0000000000
84978  -44.669  25.140  23.604 0.0000000000
105541  -43.513  26.170  22.549 0.0000000000
85627  -42.998  26.548  21.509 0.0000000000
105773  -42.562  26.293  22.483 0.0000000000
84986  -41.100  25.319  22.043 0.0000000000
84318  -40.882  23.814  21.479 0.0000000000
83605  -41.077  23.167  21.509 0.0000000000
83604  -40.455  23.068  21.713 0.0000000000
83596  -39.950  22.679  22.004 0.0000000000
84292  -40.091  23.998  23.713 0.0000000000
84303  -39.526  22.934  23.115 0.0000000000
84291  -39.654  23.557  24.334 0.0000000000
85597  -41.311  25.852  26.137 0.0000000000
85603  -40.453  26.302  25.163 0.0000000000
84960  -39.207  25.396  25.410 0.0000000000
121168  -39.751  25.674  24.897 0.0000000000
85556  -41.089  25.437  32.776 0.0000000000
85555  -40.578  24.819  32.452 0.0000000000
118091  -40.341  25.429  32.441 0.0000000000
85564  -39.298  25.429  31.563 0.0000000000
76623  -41.952  12.201  32.822 0.0000000000
76629  -42.372  12.652  32.196 0.0000000000
76628  -41.774  12.936  32.626 0.0000000000
78102  -41.571  14.263  32.554 0.0000000000
85491  -51.497  25.496  41.120 0.0000000000
85500  -50.651  25.764  40.245 0.0000000000
85512  -49.337  25.364  39.074 0.0000000000
86066  -50.039  26.049  39.444 0.0000000000
86082  -50.341  26.854  39.017 0.0000000000
86604  -50.526  27.819  37.715 0.0000000000
80205  -38.116  17.138  42.284 0.0000000000
79544  -39.451  16.557  41.910 0.0000000000
76600  -50.681  11.890  36.899 0.0000000000
75833  -49.757  11.453  36.344 0.0000000000
75832  -48.945  11.138  35.818 0.0000000000
75052  -48.917  11.000  36.651 0.0000000000
111601  -48.346  10.480  36.926 0.0000000000
75042  -47.815  9.937  37.162 0.0000000000
115572  -38.235  8.530  39.068 0.0000000000
74254  -37.190  9.547  39.007 0.0000000000
76681  -51.148  12.932  27.402 0.0000000000
76680  -50.234  12.391  27.137 0.0000000000
76692  -49.544  12.236  26.634 0.0000000000
79641  -45.299  16.304  24.422 0.0000000000
79647  -45.458  16.524  23.545 0.0000000000
79654  -45.662  16.742  22.502 0.0000000000
80312  -45.846  17.530  22.480 0.0000000000
80226  -46.272  18.290  37.995 0.0000000000
80914  -45.867  18.080  37.422 0.0000000000
80915  -46.410  18.563  37.089 0.0000000000
123552  -47.047  19.039  37.094 0.0000000000
81526  -47.755  19.369  35.810 0.0000000000
84226  -53.064  23.203  29.644 0.0000000000
83541  -53.257  22.979  29.387 0.0000000000
84252  -52.820  23.288  27.906 0.0000000000
84266  -52.721  23.189  27.060 0.0000000000
119067  -52.200  23.166  25.794 0.0000000000
84289  -51.854  23.258  24.901 0.0000000000
125755  -50.883  23.840  23.752 0.0000000000
84990  -49.898  24.369  22.425 0.0000000000
119090  -49.998  24.093  23.869 0.0000000000
123379  -48.979  24.100  24.113 0.0000000000
109251  -48.195  23.799  24.750 0.0000000000
83501  -42.796  22.446  31.439 0.0000000000
83519  -43.425  22.341  30.527 0.0000000000
83532  -42.228  22.736  29.717 0.0000000000
84233  -41.533  23.231  29.575 0.0000000000
84223  -41.162  23.263  30.357 0.0000000000
84222  -40.615  23.629  30.664 0.0000000000
75119  -46.606  10.754  29.330 0.0000000000
75891  -45.972  11.019  29.221 0.0000000000
78114  -43.329  13.947  29.832 0.0000000000
77393  -43.752  13.492  29.238 0.0000000000
78959  -44.468  15.312  28.081 0.0000000000
116810  -44.595  15.912  28.416 0.0000000000
79617  -45.000  16.505  28.414 0.0000000000
82119  -50.865  20.941  41.794 0.0000000000
82132  -50.942  20.801  40.716 0.0000000000
82133  -52.089  21.261  40.089 0.0000000000
126706  -52.606  21.456  38.434 0.0000000000
83436  -51.982  22.637  38.644 0.0000000000
83441  -52.894  22.151  38.001 0.0000000000
108631  -52.575  22.411  36.618 0.0000000000
83464  -53.000  22.556  34.819 0.0000000000
83477  -52.903  22.712  33.885 0.0000000000
83476  -51.761  22.711  33.403 0.0000000000
120921  -50.265  22.571  31.985 0.0000000000
123243  -50.276  22.456  32.934 0.0000000000
83474  -48.843  22.120  32.990 0.0000000000
114440  -47.108  23.866  36.810 0.0000000000
83444  -47.183  22.979  36.290 0.0000000000
84190  -46.780  23.513  36.347 0.0000000000
84194  -45.500  23.230  35.227 0.0000000000
84895  -45.361  24.078  35.444 0.0000000000
85538  -45.249  24.955  35.244 0.0000000000
76766  -46.180  12.463  17.525 0.0000000000
77346  -41.682  13.488  37.069 0.0000000000
77333  -41.563  13.481  37.802 0.0000000000
77334  -41.915  13.921  38.440 0.0000000000
79557  -42.244  15.873  41.190 0.0000000000
79558  -43.109  15.905  41.270 0.0000000000
79559  -44.378  15.966  40.517 0.0000000000
79560  -44.704  16.480  41.440 0.0000000000
80209  -45.365  16.968  42.014 0.0000000000
124050  -45.335  20.573  41.596 0.0000000000
81502  -45.648  19.829  42.027 0.0000000000
82114  -46.191  20.551  41.896 0.0000000000
82097  -47.988  19.951  42.688 0.0000000000
82116  -47.630  20.750  42.357 0.0000000000
82750  -48.096  21.393  42.350 0.0000000000
77406  -53.337  14.551  28.403 0.0000000000
75866  -52.038  11.747  32.627 0.0000000000
75874  -51.978  11.710  31.769 0.0000000000
75864  -50.869  11.012  31.925 0.0000000000
75100  -49.391  10.595  31.330 0.0000000000
108502  -48.819  10.549  31.794 0.0000000000
75091  -48.498  10.598  32.464 0.0000000000
75067  -46.776  10.474  34.261 0.0000000000
115936  -46.927  10.624  33.756 0.0000000000
75076  -44.445  10.468  33.233 0.0000000000
74294  -44.015  9.841  33.647 0.0000000000
72490  -43.587  7.171  41.485 0.0000000000
72480  -44.085  7.546  42.179 0.0000000000
123604  -45.311  7.573  41.582 0.0000000000
72493  -45.966  7.753  41.372 0.0000000000
73392  -46.800  8.080  41.080 0.0000000000
72505  -46.074  7.652  40.565 0.0000000000
73403  -46.736  8.024  40.113 0.0000000000
73411  -46.717  8.184  39.216 0.0000000000
120396  -46.020  7.750  38.843 0.0000000000
109519  -44.785  7.368  37.650 0.0000000000
124258  -40.627  9.086  36.311 0.0000000000
74275  -40.813  9.679  35.745 0.0000000000
75050  -40.484  10.390  36.118 0.0000000000
75049  -40.143  10.736  36.695 0.0000000000
118336  -39.559  11.693  37.421 0.0000000000
78198  -51.960  14.445  22.088 0.0000000000
78211  -51.800  14.372  21.354 0.0000000000
75945  -47.089  11.840  26.204 0.0000000000
124218  -47.589  12.950  24.219 0.0000000000
78195  -47.493  13.935  21.920 0.0000000000
125331  -47.131  13.867  22.330 0.0000000000
109165  -49.533  14.367  20.489 0.0000000000
78221  -50.263  14.461  19.784 0.0000000000
78239  -50.470  14.323  18.752 0.0000000000
79676  -46.985  16.614  19.046 0.0000000000
126077  -48.640  17.268  16.171 0.0000000000
80352  -48.312  17.582  15.878 0.0000000000
81039  -48.267  18.415  15.881 0.0000000000
78896  -42.025  15.581  35.720 0.0000000000
78903  -41.874  15.811  34.932 0.0000000000
79592  -43.051  16.909  33.577 0.0000000000
80238  -46.110  18.131  33.346 0.0000000000
80242  -45.357  17.784  32.938 0.0000000000
80243  -46.134  17.926  32.562 0.0000000000
111215  -46.010  17.560  29.992 0.0000000000
125048  -46.913  18.298  29.189 0.0000000000
82153  -50.348  20.201  35.727 0.0000000000
81528  -49.503  19.802  35.138 0.0000000000
81542  -49.913  19.665  32.641 0.0000000000
82206  -51.187  21.076  28.579 0.0000000000
82205  -50.041  20.603  28.262 0.0000000000
82204  -49.173  20.321  27.933 0.0000000000
81580  -48.444  20.027  27.500 0.0000000000
82218  -48.443  20.295  26.709 0.0000000000
114363  -47.334  20.029  24.749 0.0000000000
81603  -47.177  19.894  24.062 0.0000000000
82233  -47.749  20.466  24.318 0.0000000000
82248  -48.360  21.026  22.295 0.0000000000
83609  -50.322  22.634  20.984 0.0000000000
82895  -49.788  22.265  20.428 0.0000000000
82901  -49.604  22.559  19.432 0.0000000000
82900  -48.976  22.008  18.812 0.0000000000
82280  -48.271  21.312  17.226 0.0000000000
82279  -48.055  20.767  16.595 0.0000000000
82914  -48.013  21.353  16.691 0.0000000000
106190  -46.980  20.824  16.351 0.0000000000
82277  -45.905  20.595  16.812 0.0000000000
111331  -45.481  20.002  16.767 0.0000000000
82912  -46.411  21.222  17.004 0.0000000000
82906  -46.076  21.618  17.834 0.0000000000
120630  -46.369  25.758  20.273 0.0000000000
118735  -45.961  25.772  19.995 0.0000000000
84261  -47.711  23.110  27.127 0.0000000000
83564  -47.288  22.808  27.783 0.0000000000
83572  -46.831  22.913  27.026 0.0000000000
84271  -43.730  23.551  26.601 0.0000000000
84282  -44.116  23.810  25.861 0.0000000000
122542  -40.504  24.096  22.215 0.0000000000
84975  -40.711  24.761  22.568 0.0000000000
84968  -40.548  25.090  23.581 0.0000000000
84961  -40.392  25.870  24.500 0.0000000000
85589  -40.223  26.226  26.816 0.0000000000
86166  -39.802  26.374  25.494 0.0000000000
86163  -39.580  26.537  26.049 0.0000000000
85595  -39.247  26.390  25.762 0.0000000000
85594  -38.723  26.202  25.823 0.0000000000
84954  -38.616  25.182  25.910 0.0000000000
86161  -38.003  26.497  26.460 0.0000000000
75870  -44.180  11.599  31.384 0.0000000000
77377  -43.013  12.976  30.910 0.0000000000
124906  -42.384  13.202  31.777 0.0000000000
77382  -43.079  13.514  30.409 0.0000000000
78113  -42.855  14.346  30.496 0.0000000000
78924  -42.888  15.268  30.647 0.0000000000
83396  -52.606  22.338  41.813 0.0000000000
106687  -52.570  23.053  42.153 0.0000000000
84144  -52.450  23.211  41.505 0.0000000000
84159  -52.169  23.044  40.531 0.0000000000
84158  -50.872  23.607  40.019 0.0000000000
83439  -49.042  22.756  37.407 0.0000000000
84175  -48.519  23.681  38.131 0.0000000000
84186  -48.190  23.393  37.525 0.0000000000
85511  -48.641  25.049  38.498 0.0000000000
85526  -48.189  24.857  37.992 0.0000000000
84890  -47.943  24.193  37.715 0.0000000000
85525  -47.800  25.153  37.394 0.0000000000
86102  -47.971  26.028  36.973 0.0000000000
111218  -47.576  26.342  36.273 0.0000000000
78866  -39.676  15.179  39.925 0.0000000000
78867  -40.692  15.042  39.766 0.0000000000
125414  -40.347  15.466  40.332 0.0000000000
122390  -40.560  15.822  40.926 0.0000000000
119047  -40.804  16.205  41.600 0.0000000000
79546  -41.636  16.249  41.779 0.0000000000
107081  -50.770  11.266  33.971 0.0000000000
75855  -49.938  11.017  33.894 0.0000000000
75070  -48.578  10.892  34.281 0.0000000000
75069  -47.982  10.800  34.770 0.0000000000
75060  -48.391  10.897  35.465 0.0000000000
75058  -47.145  10.353  34.979 0.0000000000
74279  -46.512  9.722  35.391 0.0000000000
108397  -42.033  8.703  43.913 0.0000000000
73377  -41.860  8.286  43.087 0.0000000000
72478  -42.327  7.759  42.366 0.0000000000
72488  -41.822  7.430  41.680 0.0000000000
72489  -42.688  7.279  41.592 0.0000000000
72501  -43.003  6.858  40.847 0.0000000000
75041  -39.096  10.410  37.562 0.0000000000
74261  -38.638  9.697  37.912 0.0000000000
75033  -37.560  10.802  38.384 0.0000000000
75032  -37.031  10.287  38.791 0.0000000000
75815  -36.827  11.132  38.699 0.0000000000
118108  -36.733  11.857  38.655 0.0000000000
110500  -45.420  13.357  25.521 0.0000000000
77443  -45.700  13.565  24.759 0.0000000000
78184  -46.189  14.290  23.042 0.0000000000
78194  -46.630  14.278  22.224 0.0000000000
78218  -47.139  14.710  20.726 0.0000000000
79012  -46.883  15.911  19.587 0.0000000000
79670  -46.480  16.723  19.905 0.0000000000
80333  -46.822  17.340  19.117 0.0000000000
109542  -44.089  16.950  36.488 0.0000000000
111102  -44.165  17.285  35.873 0.0000000000
80231  -44.820  17.737  35.837 0.0000000000
110134  -45.091  17.944  35.075 0.0000000000
80926  -45.874  18.346  34.952 0.0000000000
80931  -46.061  18.306  34.143 0.0000000000
80933  -47.480  18.538  32.850 0.0000000000
121899  -52.583  21.045  32.287 0.0000000000
106703  -51.757  20.551  32.104 0.0000000000
82179  -52.745  21.376  31.699 0.0000000000
82188  -52.465  21.303  30.708 0.0000000000
116815  -52.260  21.448  29.242 0.0000000000
82834  -53.091  22.382  29.099 0.0000000000
82833  -52.437  21.856  28.357 0.0000000000
82832  -51.674  21.570  27.831 0.0000000000
82839  -51.462  21.655  27.140 0.0000000000
82854  -50.080  21.467  25.121 0.0000000000
82860  -50.242  21.647  24.119 0.0000000000
82871  -51.012  22.153  23.562 0.0000000000
82880  -50.701  22.318  22.728 0.0000000000
83591  -51.296  22.836  23.186 0.0000000000
83600  -50.824  22.846  22.269 0.0000000000
121232  -50.583  22.855  21.533 0.0000000000
83610  -50.510  23.165  20.873 0.0000000000
84343  -50.003  23.361  19.520 0.0000000000
84342  -49.310  23.587  19.268 0.0000000000
85015  -48.646  24.291  19.803 0.0000000000
85008  -47.766  24.942  20.342 0.0000000000
84989  -49.017  24.705  22.258 0.0000000000
84997  -47.951  25.172  20.984 0.0000000000
85646  -46.893  25.572  20.617 0.0000000000
85636  -46.495  25.940  21.135 0.0000000000
84987  -45.987  25.648  22.071 0.0000000000
107621  -45.480  22.219  30.635 0.0000000000
106318  -45.651  22.407  28.988 0.0000000000
116774  -44.875  22.370  28.933 0.0000000000
83549  -44.307  22.452  28.514 0.0000000000
83560  -43.696  22.724  27.974 0.0000000000
83548  -43.440  22.529  28.820 0.0000000000
84259  -43.383  23.261  27.343 0.0000000000
84270  -42.980  23.917  26.801 0.0000000000
84956  -42.484  24.725  26.302 0.0000000000
85598  -41.883  25.530  25.844 0.0000000000
84955  -41.785  25.175  26.607 0.0000000000
85590  -41.061  25.686  26.787 0.0000000000
106430  -41.305  24.336  28.185 0.0000000000
126624  -39.675  25.750  28.258 0.0000000000
85582  -39.147  26.314  27.882 0.0000000000
75906  -48.996  11.112  28.229 0.0000000000
75905  -48.193  11.012  28.157 0.0000000000
75916  -47.174  11.342  27.376 0.0000000000
75930  -46.725  11.605  26.873 0.0000000000
75902  -44.882  11.975  28.507 0.0000000000
76654  -44.087  12.972  28.722 0.0000000000
125525  -44.502  12.537  28.422 0.0000000000
76667  -44.851  12.373  27.873 0.0000000000
76687  -45.082  12.785  26.780 0.0000000000
77425  -45.197  13.051  26.208 0.0000000000
78165  -44.840  15.011  25.733 0.0000000000
78969  -44.945  15.933  25.747 0.0000000000
79635  -45.272  16.741  25.620 0.0000000000
116311  -45.646  17.589  25.385 0.0000000000
81514  -48.024  19.358  39.203 0.0000000000
109188  -48.133  19.644  38.267 0.0000000000
82143  -49.045  20.128  37.982 0.0000000000
82144  -50.271  20.449  37.718 0.0000000000
82154  -51.601  20.493  35.544 0.0000000000
82160  -52.690  20.829  34.435 0.0000000000
82787  -52.963  22.083  40.149 0.0000000000
82786  -53.001  21.877  39.609 0.0000000000
82791  -53.176  21.969  37.379 0.0000000000
82151  -52.978  21.178  36.179 0.0000000000
82156  -53.538  21.520  34.909 0.0000000000
82166  -53.380  21.629  33.377 0.0000000000
82814  -53.435  22.197  32.069 0.0000000000
107949  -53.193  22.586  31.527 0.0000000000
84225  -52.890  23.224  30.165 0.0000000000
84237  -52.511  23.391  29.500 0.0000000000
84250  -50.993  23.498  28.368 0.0000000000
84263  -50.139  23.469  27.694 0.0000000000
84249  -49.904  23.324  28.407 0.0000000000
83554  -49.284  23.026  28.845 0.0000000000
83523  -49.343  22.566  30.670 0.0000000000
83538  -48.522  22.695  29.276 0.0000000000
83521  -47.680  22.481  29.720 0.0000000000
112342  -46.909  22.392  29.971 0.0000000000
83462  -48.599  22.207  34.832 0.0000000000
106242  -48.166  22.004  33.935 0.0000000000
83461  -47.616  22.089  34.715 0.0000000000
83473  -47.676  21.874  33.133 0.0000000000
83505  -46.747  22.015  31.386 0.0000000000
83520  -46.413  22.219  30.655 0.0000000000
83504  -45.830  22.033  31.414 0.0000000000
83503  -44.928  22.136  31.437 0.0000000000
83488  -44.460  22.173  32.288 0.0000000000
118671  -44.149  22.342  33.091 0.0000000000
83487  -43.404  22.431  32.471 0.0000000000
83468  -42.778  22.885  33.081 0.0000000000
110300  -42.507  23.531  33.342 0.0000000000
77359  -40.648  13.317  35.010 0.0000000000
77365  -40.736  13.444  34.351 0.0000000000
78085  -41.197  14.326  35.500 0.0000000000
109052  -41.573  14.533  36.059 0.0000000000
78888  -41.940  15.018  36.262 0.0000000000
78889  -42.579  15.563  36.445 0.0000000000
78890  -43.335  15.822  36.984 0.0000000000
78053  -42.265  14.443  39.085 0.0000000000
78054  -43.067  14.607  39.090 0.0000000000
78064  -43.325  14.813  38.303 0.0000000000
79571  -43.937  16.058  37.527 0.0000000000
79579  -44.324  16.720  37.188 0.0000000000
80224  -44.955  17.076  37.623 0.0000000000
79567  -45.200  16.495  39.476 0.0000000000
106463  -45.693  17.183  39.139 0.0000000000
80222  -46.227  17.907  38.871 0.0000000000
80910  -47.426  18.742  39.424 0.0000000000
80891  -44.630  17.936  42.434 0.0000000000
80201  -46.021  17.525  42.315 0.0000000000
81491  -45.914  18.789  42.507 0.0000000000
80893  -46.337  18.119  42.547 0.0000000000
115460  -46.540  17.527  41.726 0.0000000000
112485  -47.289  17.984  41.747 0.0000000000
80906  -47.442  18.314  40.570 0.0000000000
81510  -48.050  18.965  40.289 0.0000000000
81511  -48.763  19.372  41.096 0.0000000000
81512  -49.449  19.943  41.010 0.0000000000
82098  -48.676  20.197  42.556 0.0000000000
82099  -49.494  20.688  42.507 0.0000000000
82118  -49.830  20.526  42.182 0.0000000000
82100  -50.626  21.269  42.524 0.0000000000
82736  -51.688  22.037  42.758 0.0000000000
77404  -51.902  13.503  27.638 0.0000000000
76669  -51.500  12.611  28.283 0.0000000000
110954  -52.467  12.529  30.276 0.0000000000
75881  -51.796  11.666  31.009 0.0000000000
76643  -52.035  12.020  30.507 0.0000000000
76655  -51.893  12.190  29.749 0.0000000000
75894  -51.164  11.645  29.521 0.0000000000
75893  -50.322  11.240  29.229 0.0000000000
75892  -49.427  10.907  28.943 0.0000000000
75120  -48.193  10.555  29.294 0.0000000000
122003  -47.450  10.475  30.312 0.0000000000
110001  -46.779  10.575  30.112 0.0000000000
75106  -46.239  10.672  30.815 0.0000000000
75871  -44.955  11.156  31.557 0.0000000000
75079  -48.086  10.667  33.173 0.0000000000
75090  -47.697  10.587  32.501 0.0000000000
75089  -46.893  10.594  32.451 0.0000000000
75862  -43.482  11.476  32.386 0.0000000000
109180  -41.561  11.915  33.367 0.0000000000
76615  -40.971  12.079  33.968 0.0000000000
75037  -49.776  10.833  38.981 0.0000000000
74205  -47.624  10.197  45.083 0.0000000000
74206  -48.039  9.881  44.386 0.0000000000
74215  -48.494  9.654  43.455 0.0000000000
73380  -45.282  8.135  42.818 0.0000000000
73360  -45.696  8.530  43.473 0.0000000000
74226  -47.960  9.165  42.999 0.0000000000
74216  -49.183  9.754  42.702 0.0000000000
74234  -49.141  9.509  41.655 0.0000000000
74241  -49.311  9.659  40.822 0.0000000000
73405  -48.075  8.863  40.643 0.0000000000
74240  -48.733  9.298  40.778 0.0000000000
75028  -49.648  10.091  40.405 0.0000000000
108689  -49.412  10.294  39.517 0.0000000000
75036  -49.240  10.499  38.766 0.0000000000
75035  -48.801  10.377  38.253 0.0000000000
74265  -47.850  9.690  37.791 0.0000000000
74264  -47.336  9.390  37.439 0.0000000000
107234  -46.878  8.789  37.805 0.0000000000
74263  -46.672  9.024  36.978 0.0000000000
73434  -45.968  8.675  36.412 0.0000000000
118497  -45.251  8.452  35.843 0.0000000000
73442  -44.426  8.270  35.470 0.0000000000
71645  -44.072  6.673  39.008 0.0000000000
71652  -44.209  6.954  38.174 0.0000000000
72528  -44.068  7.164  37.315 0.0000000000
71661  -43.321  7.031  36.995 0.0000000000
108008  -43.873  7.331  36.671 0.0000000000
72545  -43.957  7.644  36.000 0.0000000000
73448  -44.035  8.681  34.729 0.0000000000
76614  -40.633  12.628  34.693 0.0000000000
119301  -40.671  12.737  35.588 0.0000000000
76591  -40.703  12.445  37.034 0.0000000000
110070  -39.769  14.195  38.730 0.0000000000
75823  -38.943  11.241  37.642 0.0000000000
111913  -38.914  13.564  38.250 0.0000000000
78061  -38.979  14.120  38.601 0.0000000000
79553  -38.329  15.976  41.160 0.0000000000
115469  -37.200  15.520  40.754 0.0000000000
78842  -37.610  15.862  41.090 0.0000000000
75972  -52.000  11.455  22.232 0.0000000000
75982  -51.989  11.760  21.234 0.0000000000
75991  -51.628  11.563  20.476 0.0000000000
76000  -51.506  12.356  19.924 0.0000000000
76708  -49.294  12.786  25.459 0.0000000000
77466  -47.607  13.611  22.608 0.0000000000
77459  -49.982  14.157  23.221 0.0000000000
78197  -51.302  14.509  21.990 0.0000000000
123168  -51.821  14.210  20.521 0.0000000000
76751  -51.777  13.510  19.963 0.0000000000
75999  -50.803  12.119  19.404 0.0000000000
76008  -50.257  12.404  18.936 0.0000000000
76759  -49.114  12.670  18.257 0.0000000000
76769  -48.607  13.139  17.787 0.0000000000
79014  -48.942  15.353  18.179 0.0000000000
78237  -49.488  14.989  17.719 0.0000000000
79021  -49.176  15.381  17.493 0.0000000000
125974  -49.345  14.900  17.439 0.0000000000
77513  -46.231  14.132  16.782 0.0000000000
79034  -46.571  15.688  16.194 0.0000000000
78257  -46.183  14.910  16.489 0.0000000000
78247  -45.538  14.693  16.828 0.0000000000
78095  -40.870  14.064  34.050 0.0000000000
78096  -41.220  14.367  33.339 0.0000000000
78915  -41.566  15.041  32.733 0.0000000000
78910  -41.795  15.878  33.993 0.0000000000
111524  -41.800  15.802  33.099 0.0000000000
78920  -42.908  15.993  31.083 0.0000000000
126872  -43.209  15.824  30.606 0.0000000000
80229  -43.642  17.119  35.196 0.0000000000
80233  -43.751  17.305  34.385 0.0000000000
80240  -43.826  17.253  32.917 0.0000000000
80237  -44.585  17.614  33.337 0.0000000000
79601  -43.610  16.330  30.676 0.0000000000
78936  -44.268  16.378  29.869 0.0000000000
80259  -45.711  17.360  29.315 0.0000000000
123929  -45.435  17.065  28.750 0.0000000000
80268  -45.503  17.080  28.050 0.0000000000
80278  -45.451  17.117  27.144 0.0000000000
81522  -47.615  19.409  36.761 0.0000000000
81532  -48.800  19.461  34.556 0.0000000000
81531  -47.985  19.256  34.865 0.0000000000
124714  -48.059  18.724  32.413 0.0000000000
80939  -48.194  18.760  31.768 0.0000000000
82168  -51.392  20.375  32.733 0.0000000000
124206  -50.823  20.221  31.704 0.0000000000
81547  -50.090  19.736  31.842 0.0000000000
81556  -50.295  20.175  30.002 0.0000000000
119010  -49.506  19.486  31.293 0.0000000000
119314  -48.819  19.105  31.571 0.0000000000
80943  -48.315  18.850  31.028 0.0000000000
80946  -47.773  18.635  30.450 0.0000000000
114868  -47.326  18.640  29.027 0.0000000000
81579  -47.819  19.473  27.837 0.0000000000
80971  -47.123  19.101  27.247 0.0000000000
80978  -46.507  18.634  26.663 0.0000000000
123703  -46.055  18.305  25.443 0.0000000000
80985  -45.970  18.216  24.782 0.0000000000
80999  -46.350  18.695  23.451 0.0000000000
107025  -46.387  18.637  22.392 0.0000000000
81611  -47.094  19.769  23.282 0.0000000000
115940  -46.865  18.985  20.061 0.0000000000
81636  -47.213  19.247  19.095 0.0000000000
82859  -49.211  21.383  23.868 0.0000000000
82869  -48.908  21.386  22.921 0.0000000000
82256  -48.382  21.007  21.498 0.0000000000
82888  -49.169  21.555  20.945 0.0000000000
82260  -48.465  21.070  20.489 0.0000000000
82283  -48.019  20.135  16.200 0.0000000000
81038  -47.165  18.904  15.699 0.0000000000
80349  -45.449  17.611  16.259 0.0000000000
84348  -47.267  22.970  18.161 0.0000000000
83623  -46.391  22.909  18.821 0.0000000000
83622  -45.551  22.739  19.466 0.0000000000
84287  -48.870  23.603  25.686 0.0000000000
84286  -47.717  23.463  25.654 0.0000000000
84972  -47.449  24.019  24.250 0.0000000000
111383  -45.071  26.111  21.952 0.0000000000
83562  -45.481  22.591  27.690 0.0000000000
84273  -45.360  23.191  26.256 0.0000000000
84284  -45.413  23.623  25.417 0.0000000000
84283  -44.625  24.031  25.226 0.0000000000
84293  -45.220  24.206  24.635 0.0000000000
105451  -45.088  24.688  23.959 0.0000000000
85620  -44.453  25.758  22.769 0.0000000000
85633  -43.467  26.544  20.553 0.0000000000
85642  -42.654  25.970  20.403 0.0000000000
84996  -42.071  25.114  20.621 0.0000000000
85626  -42.167  26.268  21.574 0.0000000000
84311  -39.768  22.977  22.282 0.0000000000
83595  -39.507  22.337  22.482 0.0000000000
84269  -38.603  23.932  26.274 0.0000000000
86610  -47.870  27.123  35.649 0.0000000000
124059  -45.199  25.746  34.771 0.0000000000
125493  -44.748  25.796  34.495 0.0000000000
85536  -43.879  24.863  34.297 0.0000000000
84904  -43.155  24.677  33.874 0.0000000000
84903  -42.442  24.385  33.492 0.0000000000
86113  -43.309  26.404  33.415 0.0000000000
85543  -41.781  24.897  33.181 0.0000000000
84902  -41.802  23.944  33.074 0.0000000000
84211  -40.591  24.095  32.131 0.0000000000
84926  -40.042  24.120  30.943 0.0000000000
85554  -39.744  25.787  32.211 0.0000000000
84917  -39.616  24.704  31.242 0.0000000000
84925  -39.586  24.654  30.453 0.0000000000
85576  -39.124  25.293  29.856 0.0000000000
71658  -43.558  6.842  37.681 0.0000000000
72482  -45.674  7.914  42.110 0.0000000000
72519  -44.911  7.248  38.339 0.0000000000
73379  -44.452  8.003  42.878 0.0000000000
74249  -48.976  9.704  40.001 0.0000000000
75044  -48.851  10.709  37.460 0.0000000000
79545  -40.241  16.592  42.003 0.0000000000
79549  -44.048  16.553  42.001 0.0000000000
80250  -44.763  17.205  30.871 0.0000000000
80899  -46.838  17.964  42.419 0.0000000000
80942  -47.675  18.500  31.233 0.0000000000
81505  -49.251  19.860  41.863 0.0000000000
81543  -50.696  20.118  32.363 0.0000000000
81554  -48.924  19.233  30.801 0.0000000000
81572  -48.566  19.788  28.305 0.0000000000
81594  -46.740  19.285  25.469 0.0000000000
81649  -47.456  19.786  15.900 0.0000000000
82131  -50.029  20.409  41.368 0.0000000000
82138  -52.361  21.367  39.055 0.0000000000
82164  -51.554  20.419  33.868 0.0000000000
82169  -52.453  20.826  32.828 0.0000000000
82197  -52.114  21.180  29.973 0.0000000000
82212  -49.863  20.766  27.496 0.0000000000
82213  -50.759  21.149  27.712 0.0000000000
82242  -47.965  20.762  22.935 0.0000000000
82271  -45.197  20.126  17.562 0.0000000000
82282  -47.542  20.383  16.141 0.0000000000
82754  -52.790  22.092  41.003 0.0000000000
82800  -53.791  22.158  33.919 0.0000000000
82841  -53.007  22.655  28.154 0.0000000000
82847  -52.004  22.142  26.651 0.0000000000
82908  -48.704  21.986  17.761 0.0000000000
82913  -47.416  21.429  16.707 0.0000000000
83389  -52.380  22.810  42.724 0.0000000000
83456  -52.991  22.463  35.801 0.0000000000
83460  -46.125  22.208  34.494 0.0000000000
83465  -53.596  22.195  35.306 0.0000000000
83509  -50.364  22.700  31.246 0.0000000000
83518  -42.447  22.545  30.533 0.0000000000
83524  -51.306  23.059  30.733 0.0000000000
83526  -53.193  22.786  30.607 0.0000000000
83555  -53.159  23.043  28.485 0.0000000000
83563  -46.409  22.675  27.691 0.0000000000
83565  -48.139  23.013  27.873 0.0000000000
83574  -52.541  23.095  26.494 0.0000000000
83599  -50.382  22.444  21.890 0.0000000000
83618  -50.367  22.972  19.928 0.0000000000
84128  -49.879  23.580  42.859 0.0000000000
84191  -47.541  23.319  36.845 0.0000000000
84198  -44.285  23.504  34.515 0.0000000000
84215  -40.553  23.733  31.431 0.0000000000
84238  -52.994  23.254  28.943 0.0000000000
84278  -52.280  23.328  26.451 0.0000000000
84285  -46.222  23.486  25.466 0.0000000000
84295  -46.984  23.681  24.937 0.0000000000
84298  -51.366  23.515  24.222 0.0000000000
84299  -51.597  23.069  24.027 0.0000000000
84312  -40.324  23.462  21.900 0.0000000000
84321  -50.280  23.790  21.194 0.0000000000
84918  -40.125  24.281  31.569 0.0000000000
84988  -47.986  25.136  21.954 0.0000000000
85009  -48.797  24.630  20.498 0.0000000000
85537  -44.605  25.099  34.710 0.0000000000
85625  -41.595  25.732  21.560 0.0000000000
85643  -44.250  26.355  20.097 0.0000000000
86606  -48.256  26.753  36.511 0.0000000000
107199  -49.662  22.345  34.565 0.0000000000
108320  -52.006  23.568  27.890 0.0000000000
108681  -46.645  17.944  30.128 0.0000000000
109497  -45.340  17.952  33.747 0.0000000000
111205  -47.457  20.201  22.888 0.0000000000
115040  -46.871  11.145  18.119 0.0000000000
117488  -43.070  22.798  28.408 0.0000000000
119387  -44.813  23.668  34.941 0.0000000000
120674  -42.581  26.376  20.864 0.0000000000
121980  -50.129  20.263  36.435 0.0000000000
123010  -52.327  22.887  25.998 0.0000000000
126394  -52.790  23.081  26.940 0.0000000000
127148  -46.376  18.665  22.919 0.0000000000
