#!ascii label  , from subject sub-v1s5x0050749_ses-1 vox2ras=TkReg
477
114371  -52.820  -65.258  12.423 0.0000000000
8495  -43.344  -65.820  9.652 0.0000000000
11623  -50.877  -62.136  8.458 0.0000000000
8482  -48.108  -65.407  10.899 0.0000000000
10850  -49.588  -63.572  3.443 0.0000000000
13220  -54.318  -59.759  13.992 0.0000000000
14033  -47.394  -58.489  12.071 0.0000000000
112056  -44.227  -51.881  13.277 0.0000000000
111484  -48.540  -59.867  7.877 0.0000000000
10840  -50.746  -62.588  5.719 0.0000000000
122118  -49.690  -60.559  4.438 0.0000000000
116364  -50.764  -59.459  13.103 0.0000000000
14786  -49.126  -57.261  14.130 0.0000000000
23253  -45.157  -47.592  11.561 0.0000000000
18744  -45.808  -52.009  10.480 0.0000000000
6542  -50.038  -69.208  13.479 0.0000000000
9224  -45.347  -65.302  10.199 0.0000000000
6557  -45.836  -68.491  10.414 0.0000000000
6588  -43.910  -68.482  8.401 0.0000000000
10045  -53.485  -63.322  9.022 0.0000000000
8470  -50.864  -66.487  11.299 0.0000000000
9275  -49.492  -65.271  6.586 0.0000000000
10069  -46.598  -63.485  7.716 0.0000000000
11582  -52.858  -61.277  10.903 0.0000000000
114300  -49.214  -60.785  10.778 0.0000000000
109556  -47.587  -57.863  8.643 0.0000000000
120971  -46.531  -54.414  14.975 0.0000000000
16340  -45.440  -55.393  12.560 0.0000000000
16361  -45.807  -55.574  9.915 0.0000000000
16378  -48.139  -54.461  8.210 0.0000000000
6550  -47.501  -68.353  11.724 0.0000000000
117358  -42.686  -60.940  8.593 0.0000000000
117290  -41.091  -64.712  7.942 0.0000000000
8552  -42.229  -65.400  4.136 0.0000000000
116132  -48.643  -58.228  7.361 0.0000000000
12495  -49.064  -60.255  6.483 0.0000000000
7745  -51.174  -67.705  12.869 0.0000000000
9242  -44.639  -65.014  9.910 0.0000000000
7780  -43.931  -66.901  9.843 0.0000000000
7779  -43.391  -66.535  9.528 0.0000000000
6601  -42.630  -68.077  7.129 0.0000000000
7796  -42.294  -66.801  8.211 0.0000000000
10801  -52.510  -62.151  8.674 0.0000000000
10828  -52.083  -62.910  7.166 0.0000000000
10109  -50.293  -63.671  3.439 0.0000000000
9308  -50.634  -64.462  4.452 0.0000000000
9306  -49.516  -64.705  4.753 0.0000000000
124954  -48.056  -64.476  6.872 0.0000000000
10092  -48.284  -63.488  5.293 0.0000000000
11584  -54.609  -61.405  11.498 0.0000000000
12410  -53.467  -60.645  12.632 0.0000000000
14035  -49.218  -58.945  12.866 0.0000000000
12407  -49.546  -60.237  12.054 0.0000000000
13264  -48.397  -59.760  11.477 0.0000000000
13275  -47.749  -59.364  10.083 0.0000000000
14058  -47.221  -58.737  10.480 0.0000000000
17881  -44.782  -53.074  14.100 0.0000000000
17084  -45.849  -55.055  13.735 0.0000000000
123899  -44.778  -53.913  13.095 0.0000000000
18745  -46.511  -52.397  10.017 0.0000000000
126569  -45.835  -53.351  10.183 0.0000000000
114336  -46.531  -54.016  9.402 0.0000000000
16376  -47.107  -55.451  8.704 0.0000000000
8484  -50.188  -65.865  10.611 0.0000000000
7762  -49.090  -66.981  11.811 0.0000000000
7761  -48.102  -66.843  11.655 0.0000000000
6014  -46.307  -69.986  8.955 0.0000000000
12458  -41.245  -60.620  8.440 0.0000000000
10054  -41.805  -63.063  8.876 0.0000000000
9305  -41.312  -64.580  5.207 0.0000000000
12463  -49.171  -61.121  7.964 0.0000000000
11641  -50.420  -62.180  6.910 0.0000000000
11640  -49.554  -61.429  7.176 0.0000000000
106551  -49.893  -61.503  5.140 0.0000000000
11685  -50.299  -61.900  2.477 0.0000000000
112162  -52.436  -59.654  13.490 0.0000000000
14806  -49.629  -57.876  13.854 0.0000000000
14804  -47.875  -57.497  13.266 0.0000000000
114607  -44.204  -49.625  12.319 0.0000000000
110286  -44.563  -52.103  11.852 0.0000000000
21348  -45.307  -49.799  11.065 0.0000000000
20473  -46.441  -50.644  10.467 0.0000000000
110929  -47.982  -50.790  10.336 0.0000000000
106631  -47.226  -65.350  10.671 0.0000000000
7760  -46.616  -66.722  11.146 0.0000000000
116580  -45.344  -66.929  10.599 0.0000000000
6589  -44.672  -68.867  8.584 0.0000000000
6029  -44.852  -69.590  7.321 0.0000000000
6049  -43.718  -69.625  5.540 0.0000000000
6056  -42.893  -69.068  5.073 0.0000000000
6638  -42.739  -67.898  3.910 0.0000000000
115364  -53.114  -64.522  11.208 0.0000000000
110143  -51.505  -65.957  11.080 0.0000000000
8498  -51.548  -65.317  9.025 0.0000000000
8496  -50.073  -65.476  8.975 0.0000000000
10080  -51.445  -63.856  5.931 0.0000000000
109984  -50.452  -65.283  6.262 0.0000000000
9260  -49.221  -65.093  8.747 0.0000000000
9258  -47.568  -64.467  8.695 0.0000000000
9257  -46.611  -64.355  9.124 0.0000000000
10043  -44.948  -64.008  9.243 0.0000000000
10033  -54.272  -62.841  10.475 0.0000000000
11594  -53.716  -61.537  10.158 0.0000000000
11592  -51.258  -61.674  10.154 0.0000000000
12409  -51.567  -60.656  12.231 0.0000000000
11580  -50.644  -61.338  11.027 0.0000000000
12438  -49.381  -61.181  9.782 0.0000000000
12447  -48.713  -60.562  9.326 0.0000000000
14085  -47.971  -58.732  8.586 0.0000000000
14866  -48.182  -58.047  7.994 0.0000000000
16327  -47.341  -55.664  14.426 0.0000000000
16335  -46.984  -56.094  13.786 0.0000000000
15578  -46.129  -56.686  12.354 0.0000000000
17920  -44.880  -53.556  11.372 0.0000000000
16346  -45.366  -55.694  11.480 0.0000000000
15602  -45.952  -56.934  10.794 0.0000000000
14864  -46.642  -56.938  9.367 0.0000000000
15632  -47.510  -56.219  8.385 0.0000000000
7763  -50.816  -67.321  12.172 0.0000000000
126189  -48.724  -69.587  12.660 0.0000000000
6549  -46.643  -68.630  11.167 0.0000000000
5400  -46.954  -70.321  10.686 0.0000000000
10838  -47.491  -62.871  6.063 0.0000000000
10812  -45.758  -63.076  8.050 0.0000000000
106827  -43.743  -63.839  9.369 0.0000000000
10799  -42.649  -63.014  9.115 0.0000000000
8509  -42.177  -65.594  8.900 0.0000000000
7190  -41.760  -66.889  6.679 0.0000000000
7829  -41.884  -67.004  5.402 0.0000000000
14889  -48.945  -57.697  7.029 0.0000000000
115224  -49.050  -58.326  6.615 0.0000000000
7746  -51.501  -67.248  13.093 0.0000000000
7765  -52.075  -66.299  12.587 0.0000000000
109821  -43.840  -65.222  9.807 0.0000000000
7797  -42.864  -66.915  8.875 0.0000000000
7778  -42.762  -66.067  9.267 0.0000000000
10813  -51.785  -62.268  8.379 0.0000000000
10814  -52.445  -62.565  7.949 0.0000000000
10108  -50.055  -63.714  3.224 0.0000000000
9322  -50.284  -64.132  3.748 0.0000000000
9321  -49.956  -64.201  3.630 0.0000000000
10079  -48.692  -64.318  5.350 0.0000000000
10849  -48.739  -63.297  4.322 0.0000000000
12364  -55.389  -60.242  14.071 0.0000000000
12389  -54.672  -60.324  13.526 0.0000000000
12411  -54.513  -60.726  12.875 0.0000000000
12388  -53.479  -60.137  13.374 0.0000000000
109603  -47.993  -58.563  12.482 0.0000000000
13248  -48.599  -59.236  12.331 0.0000000000
13247  -47.846  -59.066  11.823 0.0000000000
13263  -47.703  -59.334  11.006 0.0000000000
14046  -47.227  -58.672  11.394 0.0000000000
19574  -44.011  -51.083  13.257 0.0000000000
19564  -43.899  -50.815  14.015 0.0000000000
19565  -44.191  -51.580  14.082 0.0000000000
18715  -44.583  -52.296  14.512 0.0000000000
18723  -44.448  -52.462  13.689 0.0000000000
17896  -44.997  -53.818  13.703 0.0000000000
18728  -44.388  -52.575  12.753 0.0000000000
19620  -47.266  -52.106  9.827 0.0000000000
18755  -47.018  -52.732  9.610 0.0000000000
17945  -47.215  -53.374  9.231 0.0000000000
17946  -48.104  -53.125  8.980 0.0000000000
8483  -49.082  -65.581  10.883 0.0000000000
8468  -48.575  -66.123  11.402 0.0000000000
8467  -47.652  -65.961  11.250 0.0000000000
10068  -40.615  -63.440  7.423 0.0000000000
9287  -41.017  -64.772  6.219 0.0000000000
9304  -40.821  -63.980  5.861 0.0000000000
12479  -48.933  -60.548  7.392 0.0000000000
12512  -49.258  -60.031  5.589 0.0000000000
12513  -49.500  -60.714  5.457 0.0000000000
11674  -50.378  -62.110  3.515 0.0000000000
111869  -50.108  -61.292  3.950 0.0000000000
14805  -48.749  -57.807  13.477 0.0000000000
15568  -48.285  -57.058  13.835 0.0000000000
21325  -43.973  -48.840  12.562 0.0000000000
21326  -44.450  -48.926  11.876 0.0000000000
118439  -44.679  -49.705  11.636 0.0000000000
21347  -45.054  -48.983  11.292 0.0000000000
126235  -46.996  -50.988  10.245 0.0000000000
5963  -49.134  -70.451  13.834 0.0000000000
9225  -46.309  -65.342  10.422 0.0000000000
8481  -45.783  -66.155  10.653 0.0000000000
6568  -44.238  -68.154  9.097 0.0000000000
7156  -44.380  -67.536  9.770 0.0000000000
6603  -44.255  -69.032  7.898 0.0000000000
6041  -44.519  -69.800  6.422 0.0000000000
113113  -42.327  -67.945  6.282 0.0000000000
6039  -42.981  -69.009  5.804 0.0000000000
6620  -42.582  -68.443  5.631 0.0000000000
6628  -43.068  -68.976  4.018 0.0000000000
6627  -42.558  -68.286  4.797 0.0000000000
10032  -53.546  -63.722  10.063 0.0000000000
9228  -52.744  -64.640  10.327 0.0000000000
8497  -50.961  -65.699  9.136 0.0000000000
8511  -50.634  -65.510  8.192 0.0000000000
10841  -51.641  -63.258  6.512 0.0000000000
10852  -51.225  -63.370  5.672 0.0000000000
9290  -50.601  -64.980  5.180 0.0000000000
110150  -49.278  -65.160  7.724 0.0000000000
9259  -48.440  -64.781  8.242 0.0000000000
10070  -47.382  -63.964  7.278 0.0000000000
10058  -47.006  -64.084  8.149 0.0000000000
10057  -46.127  -63.759  8.468 0.0000000000
10044  -45.653  -64.145  9.143 0.0000000000
11583  -53.961  -61.242  11.028 0.0000000000
11595  -54.338  -61.563  10.706 0.0000000000
11593  -52.630  -61.527  10.095 0.0000000000
11581  -51.634  -61.385  10.962 0.0000000000
13236  -51.563  -59.533  13.313 0.0000000000
12387  -52.289  -60.289  12.863 0.0000000000
13251  -51.149  -60.055  12.738 0.0000000000
12424  -49.057  -60.329  11.476 0.0000000000
12425  -49.847  -60.848  11.437 0.0000000000
11591  -50.029  -61.362  10.555 0.0000000000
12437  -48.691  -60.478  10.228 0.0000000000
14070  -47.435  -58.566  9.443 0.0000000000
13286  -47.995  -59.381  9.222 0.0000000000
17075  -46.906  -55.005  14.745 0.0000000000
121054  -45.692  -55.383  13.149 0.0000000000
16334  -46.215  -55.771  13.455 0.0000000000
14803  -46.599  -56.585  13.092 0.0000000000
15566  -45.865  -56.018  12.804 0.0000000000
19594  -45.131  -51.484  11.149 0.0000000000
18733  -44.588  -53.032  11.923 0.0000000000
18734  -45.076  -52.640  11.074 0.0000000000
17943  -45.765  -53.967  10.070 0.0000000000
17099  -45.140  -54.191  10.902 0.0000000000
16355  -45.451  -55.634  10.764 0.0000000000
15601  -45.605  -56.270  11.181 0.0000000000
15613  -45.802  -56.297  10.337 0.0000000000
15614  -46.197  -56.934  10.027 0.0000000000
111171  -46.229  -56.262  9.592 0.0000000000
17133  -47.422  -54.659  8.602 0.0000000000
16377  -47.823  -55.355  8.197 0.0000000000
15647  -48.228  -56.134  7.815 0.0000000000
7764  -51.355  -66.929  12.280 0.0000000000
7139  -48.067  -67.785  11.870 0.0000000000
7140  -49.088  -67.932  12.198 0.0000000000
110387  -48.127  -69.461  12.306 0.0000000000
5973  -47.466  -69.455  11.757 0.0000000000
7150  -45.927  -67.698  10.821 0.0000000000
7138  -46.640  -67.579  11.254 0.0000000000
5425  -46.544  -70.574  8.313 0.0000000000
5991  -46.592  -70.067  9.820 0.0000000000
116572  -48.044  -62.471  4.943 0.0000000000
11659  -47.154  -61.891  5.923 0.0000000000
10811  -44.938  -62.572  8.329 0.0000000000
10055  -44.457  -63.037  8.768 0.0000000000
10053  -41.318  -63.530  8.537 0.0000000000
9239  -41.864  -63.921  8.965 0.0000000000
9240  -42.536  -64.258  9.289 0.0000000000
8508  -41.571  -65.204  8.417 0.0000000000
7795  -41.827  -66.081  8.269 0.0000000000
118684  -41.339  -65.654  7.573 0.0000000000
8551  -41.709  -65.602  4.876 0.0000000000
7838  -41.627  -66.230  5.461 0.0000000000
7839  -42.132  -66.368  4.568 0.0000000000
14086  -48.432  -58.997  7.806 0.0000000000
13318  -48.718  -59.713  7.201 0.0000000000
14102  -48.787  -58.994  6.928 0.0000000000
13332  -48.967  -59.624  6.467 0.0000000000
14113  -49.231  -59.225  5.782 0.0000000000
22257  -45.517  -48.244  11.245 0.0000000000
119551  -46.468  -48.151  11.047 0.0000000000
6525  -50.507  -68.567  13.482 0.0000000000
8480  -44.877  -66.260  10.375 0.0000000000
120767  -44.032  -66.174  10.020 0.0000000000
7155  -43.627  -67.330  9.312 0.0000000000
7170  -43.327  -67.791  8.520 0.0000000000
6602  -43.367  -68.462  7.724 0.0000000000
7182  -42.845  -67.817  7.858 0.0000000000
7181  -42.383  -67.362  7.633 0.0000000000
7191  -42.100  -67.403  6.896 0.0000000000
10802  -53.500  -62.531  8.884 0.0000000000
10060  -53.154  -63.192  8.262 0.0000000000
10815  -52.665  -62.994  7.664 0.0000000000
10071  -51.965  -63.562  6.884 0.0000000000
10839  -50.764  -63.473  4.389 0.0000000000
9309  -51.017  -64.049  4.859 0.0000000000
10094  -50.611  -64.046  4.029 0.0000000000
9307  -50.185  -64.721  4.364 0.0000000000
9288  -48.820  -64.904  5.968 0.0000000000
9274  -48.600  -64.879  7.165 0.0000000000
10078  -47.904  -63.943  6.268 0.0000000000
11568  -54.273  -61.016  11.934 0.0000000000
11567  -52.887  -60.934  11.920 0.0000000000
13235  -50.022  -59.053  13.113 0.0000000000
13250  -50.221  -59.923  12.568 0.0000000000
13249  -49.403  -59.559  12.490 0.0000000000
12406  -48.955  -59.872  11.997 0.0000000000
123905  -48.663  -60.294  10.949 0.0000000000
13276  -48.209  -59.902  10.599 0.0000000000
14849  -47.014  -57.662  9.305 0.0000000000
18716  -45.058  -52.844  14.838 0.0000000000
17882  -45.297  -53.571  14.426 0.0000000000
17074  -46.178  -54.713  14.406 0.0000000000
17073  -45.527  -54.321  14.041 0.0000000000
17083  -45.226  -54.628  13.146 0.0000000000
17930  -45.362  -53.422  10.639 0.0000000000
17944  -46.388  -53.221  9.791 0.0000000000
17115  -46.073  -54.773  9.613 0.0000000000
16362  -46.437  -55.507  9.260 0.0000000000
17117  -47.098  -54.111  8.938 0.0000000000
17965  -47.702  -53.866  8.675 0.0000000000
8469  -49.828  -66.569  11.516 0.0000000000
5990  -45.871  -69.190  9.669 0.0000000000
11617  -41.004  -61.415  8.389 0.0000000000
11618  -41.826  -61.376  8.654 0.0000000000
10808  -42.197  -62.285  8.845 0.0000000000
124460  -41.198  -62.839  8.477 0.0000000000
9254  -40.928  -63.910  8.084 0.0000000000
9271  -40.816  -64.220  7.514 0.0000000000
8530  -41.211  -65.535  6.603 0.0000000000
8541  -41.363  -65.434  5.650 0.0000000000
127468  -41.512  -65.119  5.030 0.0000000000
110821  -49.974  -61.853  8.016 0.0000000000
10827  -51.344  -62.434  7.633 0.0000000000
118080  -49.967  -61.826  6.099 0.0000000000
12496  -49.421  -61.005  6.378 0.0000000000
11660  -50.483  -62.380  4.686 0.0000000000
10851  -50.354  -63.017  3.241 0.0000000000
10864  -50.001  -63.156  2.721 0.0000000000
13219  -53.135  -59.355  13.984 0.0000000000
108151  -50.967  -58.853  13.657 0.0000000000
14010  -50.783  -58.247  14.073 0.0000000000
109746  -50.187  -58.388  13.691 0.0000000000
14023  -49.415  -58.420  13.334 0.0000000000
14034  -48.682  -58.504  12.930 0.0000000000
14818  -47.403  -57.911  12.631 0.0000000000
20445  -44.034  -50.312  12.782 0.0000000000
116305  -44.227  -50.922  12.507 0.0000000000
19584  -44.278  -51.636  12.585 0.0000000000
19593  -44.529  -51.178  11.890 0.0000000000
20460  -44.890  -50.527  11.419 0.0000000000
21349  -45.946  -49.097  10.845 0.0000000000
122109  -45.954  -49.948  10.679 0.0000000000
19606  -45.904  -51.250  10.571 0.0000000000
19607  -46.657  -51.533  10.209 0.0000000000
19608  -47.552  -51.330  10.097 0.0000000000
19621  -48.105  -51.987  9.740 0.0000000000
8466  -46.793  -65.976  10.972 0.0000000000
7771  -46.043  -67.002  10.939 0.0000000000
7149  -45.133  -67.645  10.307 0.0000000000
6556  -45.045  -68.298  9.759 0.0000000000
122214  -45.731  -69.900  7.518 0.0000000000
6040  -43.432  -69.186  6.401 0.0000000000
6057  -43.521  -69.594  4.654 0.0000000000
8471  -52.328  -65.346  11.249 0.0000000000
8486  -52.058  -65.242  9.923 0.0000000000
121911  -51.349  -65.652  9.855 0.0000000000
8485  -50.946  -65.979  10.227 0.0000000000
115119  -50.376  -65.664  9.736 0.0000000000
9246  -49.388  -65.259  9.871 0.0000000000
9291  -51.090  -64.537  5.376 0.0000000000
9276  -51.122  -64.882  6.152 0.0000000000
8510  -50.173  -65.394  7.361 0.0000000000
9227  -48.510  -65.119  10.301 0.0000000000
9226  -47.717  -64.947  10.191 0.0000000000
9244  -47.376  -64.651  9.519 0.0000000000
109331  -46.856  -64.832  10.006 0.0000000000
9273  -47.813  -64.446  7.717 0.0000000000
108203  -45.965  -64.709  9.795 0.0000000000
9243  -45.139  -64.575  9.656 0.0000000000
110385  -44.287  -64.372  9.555 0.0000000000
126732  -53.819  -63.780  11.073 0.0000000000
10046  -53.945  -62.641  9.571 0.0000000000
10792  -54.249  -61.995  10.146 0.0000000000
10791  -53.724  -61.933  9.464 0.0000000000
113118  -53.170  -61.988  8.988 0.0000000000
11608  -52.474  -61.791  9.369 0.0000000000
11607  -51.363  -61.969  9.120 0.0000000000
110903  -50.736  -60.441  12.293 0.0000000000
12426  -50.853  -60.943  11.711 0.0000000000
11606  -50.364  -61.678  9.743 0.0000000000
112819  -50.111  -61.745  8.995 0.0000000000
11605  -49.240  -61.191  8.754 0.0000000000
12462  -48.690  -60.430  8.414 0.0000000000
13287  -48.247  -59.973  9.741 0.0000000000
13301  -48.315  -59.565  8.500 0.0000000000
14880  -48.561  -57.460  7.498 0.0000000000
16326  -46.546  -55.403  14.111 0.0000000000
15551  -47.807  -56.341  14.128 0.0000000000
15567  -47.447  -56.811  13.537 0.0000000000
120806  -47.170  -57.243  13.033 0.0000000000
114114  -46.320  -57.278  11.965 0.0000000000
17908  -44.582  -53.470  12.615 0.0000000000
17082  -44.789  -54.172  12.493 0.0000000000
17092  -45.067  -54.832  12.228 0.0000000000
115997  -45.135  -55.006  11.354 0.0000000000
119341  -45.255  -55.424  11.960 0.0000000000
15587  -45.575  -56.074  12.024 0.0000000000
15588  -45.936  -56.804  11.617 0.0000000000
14829  -46.294  -57.486  11.286 0.0000000000
14839  -46.385  -57.526  10.472 0.0000000000
121257  -46.566  -57.449  9.812 0.0000000000
15631  -46.807  -56.240  8.946 0.0000000000
14865  -47.219  -57.013  8.739 0.0000000000
14879  -47.982  -57.078  8.077 0.0000000000
123696  -48.561  -56.775  7.521 0.0000000000
7744  -50.817  -68.092  12.783 0.0000000000
124530  -50.227  -68.534  12.791 0.0000000000
7141  -50.111  -67.646  12.210 0.0000000000
124507  -49.618  -68.966  12.775 0.0000000000
6541  -49.353  -69.710  13.210 0.0000000000
5962  -48.703  -70.226  13.044 0.0000000000
123512  -47.278  -66.496  11.332 0.0000000000
106535  -47.323  -67.253  11.518 0.0000000000
5984  -46.502  -69.392  10.502 0.0000000000
5985  -46.999  -69.684  11.146 0.0000000000
14114  -49.458  -58.386  5.633 0.0000000000
12528  -50.255  -61.282  2.583 0.0000000000
10877  -50.070  -62.479  2.330 0.0000000000
10863  -49.923  -63.060  2.643 0.0000000000
110346  -49.058  -62.785  3.486 0.0000000000
10826  -47.043  -63.224  6.933 0.0000000000
10837  -46.689  -62.327  6.715 0.0000000000
10825  -46.269  -62.721  7.441 0.0000000000
10056  -45.185  -63.461  8.705 0.0000000000
10042  -44.400  -63.617  9.137 0.0000000000
9241  -43.346  -64.424  9.523 0.0000000000
10809  -43.107  -62.331  8.860 0.0000000000
10810  -44.042  -62.383  8.678 0.0000000000
10041  -43.020  -63.698  9.358 0.0000000000
8494  -42.814  -65.157  9.440 0.0000000000
7807  -41.832  -66.666  7.460 0.0000000000
7828  -41.614  -66.671  6.105 0.0000000000
7198  -42.225  -67.751  5.489 0.0000000000
7207  -42.332  -67.375  4.662 0.0000000000
5974  -47.973  -70.384  12.566 0.0000000000
6540  -48.602  -68.817  12.341 0.0000000000
6612  -42.792  -68.569  6.378 0.0000000000
6613  -43.153  -68.713  6.971 0.0000000000
7169  -42.711  -67.354  8.234 0.0000000000
7197  -41.907  -67.320  6.139 0.0000000000
9245  -48.305  -64.821  9.406 0.0000000000
9255  -41.429  -64.336  8.525 0.0000000000
9256  -42.002  -64.745  9.009 0.0000000000
10040  -42.347  -63.598  9.158 0.0000000000
10052  -40.840  -63.113  8.138 0.0000000000
10059  -52.444  -63.762  7.651 0.0000000000
10093  -49.139  -64.049  4.409 0.0000000000
10800  -43.640  -63.119  9.087 0.0000000000
10807  -41.421  -62.215  8.585 0.0000000000
10824  -45.561  -62.328  7.792 0.0000000000
11609  -53.248  -61.708  9.554 0.0000000000
12365  -55.775  -60.559  14.284 0.0000000000
12408  -50.166  -60.534  12.068 0.0000000000
14032  -46.757  -57.988  11.874 0.0000000000
14057  -46.686  -58.154  10.934 0.0000000000
14069  -46.791  -58.076  10.041 0.0000000000
14817  -46.689  -57.303  12.512 0.0000000000
14819  -48.145  -58.061  12.981 0.0000000000
17098  -44.858  -54.269  11.733 0.0000000000
17107  -45.459  -54.865  10.398 0.0000000000
17116  -46.760  -54.742  9.043 0.0000000000
17883  -45.919  -54.026  14.754 0.0000000000
17895  -44.616  -53.258  13.356 0.0000000000
17919  -44.641  -53.726  12.019 0.0000000000
17931  -45.809  -52.828  10.315 0.0000000000
20429  -43.806  -50.254  13.572 0.0000000000
20459  -44.400  -50.379  12.061 0.0000000000
20472  -45.582  -50.608  10.842 0.0000000000
20474  -47.271  -50.466  10.388 0.0000000000
22256  -44.803  -48.242  11.605 0.0000000000
106281  -51.372  -62.777  6.590 0.0000000000
108457  -48.378  -59.995  9.044 0.0000000000
110361  -49.992  -63.535  3.038 0.0000000000
113686  -50.105  -62.442  2.350 0.0000000000
118432  -42.355  -66.307  8.717 0.0000000000
120258  -44.628  -65.629  10.154 0.0000000000
120568  -49.875  -65.350  8.202 0.0000000000
121265  -45.053  -68.754  9.191 0.0000000000
122156  -53.040  -62.522  8.357 0.0000000000
123182  -51.907  -61.075  11.584 0.0000000000
127653  -45.140  -65.829  10.373 0.0000000000
