#!ascii label  , from subject sub-v1s5x0050749_ses-1 vox2ras=TkReg
748
20710  17.715  -54.528  4.951 0.6000000238
15118  18.462  -60.196  11.347 0.6999999881
16980  18.091  -58.920  10.204 0.6999999881
112992  16.171  -58.365  8.806 0.8999999762
17920  16.109  -57.478  7.836 0.8000000119
19720  17.046  -56.268  6.843 0.8000000119
21669  18.155  -54.025  5.170 0.6000000238
22588  18.620  -53.014  4.341 0.6999999881
22602  19.036  -52.711  3.763 0.6999999881
16027  18.913  -59.765  11.713 0.6999999881
15095  18.350  -60.447  12.771 0.6999999881
16040  18.905  -58.990  10.632 0.6999999881
118909  18.667  -58.108  9.813 0.6000000238
16990  18.108  -58.209  9.782 0.6999999881
16991  17.352  -58.575  9.631 0.6999999881
17907  17.108  -57.328  8.802 0.8000000119
18779  17.539  -56.687  8.354 0.8000000119
18780  16.787  -57.040  8.155 0.8000000119
19719  17.770  -55.648  7.158 0.8000000119
20709  18.102  -54.449  5.763 0.6000000238
22587  19.099  -52.173  4.665 0.6000000238
22601  19.479  -51.913  3.880 0.6999999881
22600  20.111  -51.866  3.348 0.6999999881
16967  19.996  -58.656  11.519 0.5000000000
122897  19.466  -59.145  12.212 0.6000000238
16977  20.455  -58.240  10.934 0.4000000060
16978  19.626  -58.597  10.630 0.6000000238
17893  19.574  -57.507  9.527 0.5000000000
18760  18.881  -56.918  8.999 0.6000000238
18761  17.934  -57.063  8.956 0.8000000119
18778  18.337  -56.396  8.502 0.6999999881
19718  18.432  -55.274  7.638 0.6999999881
21652  18.873  -53.500  6.733 0.6999999881
22571  18.781  -52.880  5.278 0.5000000000
23499  19.821  -51.016  3.821 0.6000000238
23498  20.446  -51.270  3.333 0.6000000238
23509  20.876  -51.883  2.938 0.5000000000
17877  21.052  -57.357  11.822 0.5000000000
16944  19.569  -58.621  12.974 0.6000000238
119298  18.605  -59.117  13.673 0.6000000238
16956  20.537  -58.054  11.699 0.5000000000
18759  19.901  -56.799  9.080 0.5000000000
19697  19.516  -55.310  8.402 0.6000000238
20671  19.205  -54.061  7.742 0.6000000238
126251  19.176  -52.878  6.993 0.6000000238
22554  18.986  -52.869  6.240 0.5000000000
23477  19.324  -51.419  5.436 0.5000000000
23489  19.439  -51.239  4.517 0.6000000238
24352  19.874  -50.008  3.922 0.6000000238
24350  21.247  -50.119  3.294 0.5000000000
24349  22.176  -50.073  3.125 0.5000000000
25204  23.441  -50.002  2.835 0.5000000000
17862  19.952  -57.895  13.007 0.5000000000
117971  18.798  -58.099  13.899 0.5000000000
17883  20.854  -57.694  10.517 0.5000000000
18758  20.884  -56.599  9.378 0.4000000060
19695  21.407  -54.893  8.913 0.3000000119
19678  21.194  -55.758  9.098 0.4000000060
20654  20.763  -54.251  8.560 0.3000000119
21616  21.077  -53.555  8.570 0.3000000119
20655  19.802  -54.311  8.283 0.5000000000
118224  19.762  -51.800  7.447 0.5000000000
22553  19.354  -52.149  6.804 0.5000000000
24336  19.441  -50.602  5.249 0.5000000000
25188  19.654  -49.574  4.315 0.6000000238
25196  19.793  -49.035  3.990 0.6000000238
25195  20.889  -49.166  3.529 0.5000000000
25194  21.808  -49.341  3.370 0.5000000000
109612  22.782  -49.491  3.190 0.5000000000
17844  20.288  -57.167  13.038 0.5000000000
118658  20.775  -57.020  12.551 0.5000000000
17876  21.614  -56.739  11.518 0.5000000000
19676  22.326  -55.687  10.060 0.4000000060
18757  21.780  -56.255  9.855 0.5000000000
20641  22.187  -54.435  9.312 0.4000000060
21610  21.829  -53.563  8.880 0.3000000119
22517  20.775  -52.390  8.311 0.3000000119
22535  20.180  -52.018  7.941 0.4000000060
23447  19.560  -51.260  7.011 0.5000000000
115907  19.469  -50.776  6.223 0.4000000060
127825  20.200  -48.900  3.723 0.5000000000
26979  20.962  -47.925  3.528 0.5000000000
26090  21.375  -48.557  3.494 0.5000000000
25193  23.644  -49.290  3.064 0.5000000000
130170  23.819  -48.581  3.247 0.4000000060
26088  23.136  -48.634  3.349 0.5000000000
18724  20.661  -56.326  13.002 0.5000000000
17860  21.276  -56.546  12.298 0.5000000000
19641  22.458  -55.627  11.360 0.5000000000
19656  22.656  -55.416  10.583 0.4000000060
21609  22.602  -53.529  9.359 0.4000000060
22515  22.420  -52.048  8.857 0.3000000119
22516  21.560  -52.177  8.534 0.3000000119
24320  20.560  -50.140  7.403 0.4000000060
25163  19.995  -49.567  6.888 0.4000000060
25174  19.923  -48.769  6.405 0.4000000060
24321  19.801  -50.438  7.058 0.4000000060
128894  19.651  -50.063  6.488 0.4000000060
113251  19.586  -48.782  5.533 0.5000000000
121125  19.574  -48.156  4.183 0.5000000000
122253  23.000  -47.165  3.427 0.4000000060
114149  22.646  -47.895  3.480 0.5000000000
19629  22.172  -55.267  12.216 0.4000000060
20618  23.076  -54.766  10.538 0.4000000060
19640  22.936  -55.101  11.093 0.4000000060
21608  23.329  -53.403  9.791 0.4000000060
23423  22.809  -51.293  8.713 0.4000000060
23424  21.838  -51.416  8.391 0.4000000060
24319  21.421  -50.117  7.635 0.4000000060
24304  21.160  -50.802  7.921 0.4000000060
25162  20.684  -49.378  7.106 0.4000000060
128509  20.266  -49.100  6.809 0.4000000060
117881  19.774  -48.012  5.686 0.5000000000
113342  19.513  -48.033  4.904 0.5000000000
27942  19.750  -46.766  4.005 0.6000000238
119585  21.061  -47.237  3.498 0.5000000000
27940  21.269  -46.302  3.472 0.4000000060
121626  22.054  -47.152  3.465 0.4000000060
20587  22.430  -54.456  12.429 0.4000000060
21600  23.769  -53.315  10.330 0.4000000060
21588  23.668  -53.696  11.303 0.4000000060
22506  23.713  -52.682  9.813 0.4000000060
24303  22.217  -50.584  8.112 0.4000000060
26058  21.281  -48.935  6.876 0.4000000060
25173  20.561  -48.725  6.676 0.4000000060
26970  19.629  -47.251  5.106 0.5000000000
27928  19.652  -46.574  4.598 0.4000000060
27941  20.310  -46.611  3.686 0.6000000238
20586  23.073  -54.123  11.968 0.4000000060
21587  24.091  -53.117  10.881 0.4000000060
23410  24.173  -51.940  9.836 0.4000000060
23411  23.309  -51.961  9.297 0.4000000060
124437  22.880  -50.105  7.931 0.4000000060
119075  22.817  -48.965  6.831 0.4000000060
26068  22.082  -48.545  6.454 0.5000000000
117591  21.440  -49.557  7.312 0.4000000060
26069  21.016  -48.135  6.390 0.3000000119
26960  21.081  -47.300  5.854 0.3000000119
26070  20.292  -48.090  6.187 0.4000000060
28876  19.837  -45.928  4.221 0.4000000060
128965  20.221  -45.306  3.933 0.4000000060
128401  20.423  -45.898  3.685 0.5000000000
21573  22.672  -53.675  12.635 0.4000000060
24285  23.865  -51.164  9.197 0.4000000060
25150  23.633  -49.894  8.096 0.4000000060
26056  23.595  -48.825  7.014 0.3000000119
26067  23.144  -48.410  6.376 0.3000000119
26959  21.702  -47.861  5.996 0.3000000119
27907  21.384  -46.621  5.584 0.3000000119
28833  20.071  -46.028  5.260 0.3000000119
29789  20.448  -44.481  4.062 0.4000000060
28875  20.683  -44.535  3.759 0.4000000060
22492  24.482  -52.390  11.097 0.3000000119
109866  24.627  -51.339  9.839 0.3000000119
24301  24.157  -50.308  8.758 0.3000000119
25159  24.012  -49.243  7.659 0.3000000119
26066  24.045  -48.187  6.600 0.3000000119
26958  23.597  -47.703  5.928 0.3000000119
115559  22.575  -47.849  5.870 0.4000000060
124168  23.031  -46.083  5.031 0.4000000060
28830  22.062  -46.234  5.325 0.3000000119
28848  21.546  -45.468  5.241 0.3000000119
28849  20.316  -45.237  4.923 0.3000000119
29783  20.598  -44.488  4.446 0.4000000060
30721  21.115  -43.474  3.648 0.4000000060
29798  21.810  -43.722  3.142 0.4000000060
27906  23.020  -46.981  5.400 0.4000000060
108449  22.399  -44.405  4.727 0.4000000060
28847  22.278  -45.367  5.019 0.4000000060
113970  21.334  -43.990  4.629 0.3000000119
30697  20.940  -43.845  4.454 0.4000000060
31606  21.384  -42.689  3.932 0.4000000060
31620  21.777  -42.130  3.028 0.4000000060
30708  20.984  -43.267  3.939 0.4000000060
31621  21.436  -42.811  3.496 0.4000000060
119952  21.855  -43.390  4.510 0.5000000000
31599  21.759  -42.018  3.855 0.4000000060
32561  21.780  -41.443  3.192 0.4000000060
31619  22.853  -42.364  2.627 0.3000000119
32575  21.977  -40.812  2.969 0.3000000119
112656  17.590  -55.109  5.599 0.6999999881
17896  16.777  -58.014  9.143 0.8000000119
21668  18.540  -53.646  5.815 0.6000000238
20673  18.306  -54.964  7.072 0.6999999881
20689  18.499  -54.300  6.640 0.6999999881
23497  21.128  -51.101  3.075 0.6000000238
17892  20.512  -57.357  9.739 0.4000000060
18776  20.248  -55.998  8.773 0.4000000060
19698  18.697  -55.635  8.194 0.6999999881
22570  19.162  -52.165  5.782 0.6999999881
17882  21.375  -57.324  10.983 0.5000000000
21632  19.234  -53.404  7.395 0.5000000000
21617  20.324  -53.527  8.332 0.4000000060
25184  19.495  -49.687  5.156 0.6000000238
26092  19.848  -48.253  3.842 0.5000000000
26980  20.173  -47.529  3.689 0.6000000238
25161  22.198  -49.866  7.602 0.3000000119
27920  19.806  -46.564  5.178 0.4000000060
22493  23.984  -52.897  11.602 0.4000000060
28832  20.546  -45.727  5.319 0.3000000119
29776  20.817  -44.512  4.828 0.3000000119
30696  21.265  -43.390  4.374 0.3000000119
108471  22.085  -41.597  2.857 0.3000000119
13493  15.260  -62.044  5.717 0.6000000238
125065  14.475  -61.828  5.219 0.6000000238
15209  11.569  -59.746  4.706 0.6000000238
17076  11.248  -58.043  3.979 0.6000000238
12639  16.132  -63.710  5.644 0.5000000000
13492  15.809  -62.907  5.505 0.6000000238
13473  16.133  -61.874  6.997 0.6999999881
14309  15.364  -61.471  6.578 0.6999999881
13501  15.136  -62.753  4.973 0.6000000238
14322  13.787  -60.439  6.090 0.6000000238
14321  13.903  -61.120  5.573 0.6000000238
16135  13.111  -58.938  5.805 0.6000000238
16136  12.221  -58.639  5.164 0.6000000238
16156  11.637  -58.915  4.841 0.6000000238
17971  12.625  -57.565  3.989 0.6000000238
118775  13.547  -57.972  3.499 0.6999999881
11756  17.269  -64.128  7.065 0.6000000238
13463  16.902  -62.096  8.302 0.6999999881
12631  16.745  -63.690  6.350 0.5000000000
13472  16.757  -62.404  7.458 0.6999999881
13481  16.578  -62.742  6.639 0.6999999881
15174  14.779  -60.612  6.917 0.6999999881
15176  13.561  -59.647  6.158 0.5000000000
17961  12.788  -57.611  4.448 0.6000000238
17985  14.342  -57.105  3.735 0.6000000238
110013  13.460  -57.498  3.841 0.6999999881
17984  16.037  -57.027  2.811 0.6999999881
17089  17.126  -58.127  3.505 0.6999999881
114496  17.671  -57.571  3.149 0.6999999881
17028  24.041  -58.177  6.374 0.4000000060
123925  22.357  -57.407  6.124 0.5000000000
17967  21.057  -57.140  5.178 0.6000000238
126421  19.726  -57.888  4.649 0.6000000238
17982  18.450  -57.563  3.434 0.6999999881
10836  17.048  -65.332  10.368 0.5000000000
119894  17.817  -64.127  9.236 0.5000000000
12604  17.747  -63.414  9.416 0.6000000238
11742  17.636  -64.611  8.741 0.5000000000
13462  17.476  -62.745  8.842 0.6999999881
12612  17.720  -63.733  8.494 0.5000000000
12621  17.518  -63.755  7.666 0.6000000238
14289  16.463  -61.215  8.537 0.6999999881
14299  16.304  -61.565  7.805 0.6999999881
15161  15.152  -60.189  7.606 0.6999999881
15175  14.177  -59.931  6.652 0.6999999881
17055  12.753  -57.996  5.175 0.6000000238
17970  13.548  -57.350  4.159 0.6000000238
17996  15.977  -56.603  2.926 0.6999999881
17983  16.968  -57.206  2.718 0.6999999881
18861  18.754  -56.833  2.876 0.6999999881
18845  19.750  -57.390  4.187 0.6000000238
17981  19.175  -57.269  3.556 0.6000000238
11679  17.143  -64.190  12.026 0.5000000000
10791  16.221  -65.213  11.897 0.4000000060
115563  17.735  -63.849  10.746 0.5000000000
11703  17.416  -64.421  11.256 0.5000000000
112207  17.827  -64.038  9.956 0.5000000000
13441  17.704  -62.279  10.679 0.6000000238
13452  17.565  -62.520  9.741 0.6000000238
15129  16.686  -60.178  9.416 0.6999999881
14288  17.072  -61.690  9.201 0.6000000238
14276  16.605  -60.835  9.137 0.6999999881
15147  15.626  -60.421  7.999 0.6999999881
16116  14.452  -59.259  7.018 0.6999999881
17943  14.316  -57.808  5.970 0.6999999881
17033  13.594  -58.369  5.898 0.6999999881
17969  14.410  -56.882  4.012 0.6999999881
18863  15.504  -56.565  3.419 0.6999999881
18876  17.276  -56.488  2.513 0.8000000119
110035  21.602  -56.666  5.267 0.5000000000
18844  20.427  -56.877  4.289 0.6000000238
18860  19.693  -56.621  3.311 0.6000000238
11655  16.049  -64.098  13.215 0.4000000060
127384  17.729  -62.549  11.541 0.6000000238
12580  17.533  -63.500  11.577 0.6000000238
14267  17.659  -61.118  10.617 0.6000000238
15128  17.340  -60.238  10.090 0.6000000238
16061  16.313  -59.465  9.146 0.6999999881
15146  16.086  -60.261  8.638 0.6999999881
17015  15.314  -58.672  7.945 0.6999999881
16102  15.011  -59.373  7.678 0.6999999881
17921  15.367  -57.971  7.435 0.8000000119
17922  14.764  -58.139  6.818 0.8000000119
17959  14.959  -57.247  5.630 0.6000000238
18847  15.119  -56.567  3.980 0.6000000238
19792  18.469  -55.576  2.409 0.8000000119
18875  18.204  -56.342  2.468 0.6999999881
19747  23.292  -55.533  5.759 0.5000000000
18842  21.833  -56.033  4.991 0.6000000238
19779  21.137  -55.201  3.188 0.6999999881
19763  22.866  -55.066  5.053 0.6000000238
12549  16.965  -63.012  12.873 0.5000000000
13403  16.001  -62.858  13.807 0.4000000060
125134  14.815  -63.230  14.313 0.4000000060
13417  17.789  -61.962  12.219 0.5000000000
12568  16.729  -63.804  12.717 0.5000000000
14253  17.932  -61.650  11.472 0.6000000238
16042  17.731  -59.579  10.269 0.6000000238
16992  16.545  -58.762  9.289 0.6999999881
17003  15.703  -58.764  8.513 0.8000000119
18821  15.634  -57.041  6.157 0.6000000238
19750  16.481  -56.048  4.912 0.6000000238
19782  16.689  -55.654  3.047 0.6999999881
20755  17.940  -55.053  2.663 0.6999999881
19790  20.017  -54.952  2.431 0.6999999881
18858  21.472  -55.658  4.067 0.6000000238
21695  22.658  -53.558  2.976 0.6000000238
19764  22.189  -55.357  4.576 0.6000000238
20739  22.255  -54.241  3.309 0.6000000238
129355  17.967  -60.968  12.936 0.5000000000
13402  16.602  -62.548  13.495 0.5000000000
13380  16.075  -62.139  14.116 0.5000000000
110479  15.294  -62.037  14.495 0.5000000000
15108  18.576  -60.410  12.028 0.5000000000
125292  17.784  -61.494  12.744 0.5000000000
15109  18.190  -60.819  11.397 0.6000000238
18797  16.329  -56.699  6.531 0.6999999881
113396  17.090  -55.658  5.493 0.6000000238
20728  17.486  -54.527  4.108 0.6000000238
20741  18.204  -54.306  3.058 0.6000000238
20753  19.463  -54.523  2.475 0.6999999881
21709  18.909  -54.012  2.828 0.6000000238
20752  20.274  -54.109  2.468 0.6000000238
21696  21.902  -53.723  2.671 0.6999999881
20725  23.975  -54.179  5.014 0.5000000000
21694  23.398  -53.373  3.306 0.4000000060
15076  17.924  -60.482  13.409 0.5000000000
15054  17.427  -60.520  13.934 0.5000000000
15056  15.919  -60.693  14.675 0.5000000000
15057  15.041  -60.399  15.057 0.5000000000
15039  13.644  -60.692  15.094 0.5000000000
121323  13.185  -60.045  14.851 0.5000000000
127283  18.218  -53.559  4.161 0.6000000238
21697  19.236  -53.289  3.094 0.6000000238
21708  20.006  -53.289  2.704 0.4000000060
21707  21.613  -53.204  2.448 0.5000000000
130747  22.685  -52.557  2.424 0.4000000060
22599  23.767  -52.762  2.884 0.4000000060
21705  23.046  -52.958  2.652 0.5000000000
16002  17.833  -59.975  13.876 0.6000000238
15980  17.275  -59.820  14.339 0.5000000000
121144  16.498  -59.898  14.665 0.5000000000
119272  15.697  -59.773  14.995 0.5000000000
15058  14.181  -60.002  15.195 0.5000000000
15984  13.631  -59.225  14.974 0.5000000000
16003  12.302  -59.225  13.848 0.4000000060
117766  11.768  -59.423  13.160 0.5000000000
16016  11.412  -59.396  12.457 0.4000000060
117595  10.778  -59.495  11.389 0.4000000060
16028  10.274  -59.941  10.894 0.4000000060
22615  20.483  -52.605  2.809 0.6000000238
23508  21.706  -51.846  2.633 0.4000000060
23507  22.635  -51.880  2.400 0.4000000060
22612  23.301  -52.329  2.452 0.4000000060
120538  17.212  -59.068  14.567 0.5000000000
15981  16.359  -59.073  14.904 0.4000000060
15982  15.379  -58.948  15.233 0.4000000060
15983  14.474  -59.040  15.220 0.5000000000
17835  13.314  -57.824  14.433 0.4000000060
16946  12.714  -58.520  14.055 0.5000000000
17847  12.568  -57.721  13.635 0.4000000060
17863  12.130  -57.376  13.129 0.5000000000
16947  12.195  -58.582  13.322 0.5000000000
17864  11.657  -57.570  12.509 0.3000000119
16968  11.279  -58.223  11.838 0.3000000119
112920  9.795  -58.159  10.526 0.3000000119
24364  22.113  -50.960  2.799 0.4000000060
16928  17.723  -58.464  14.439 0.5000000000
16929  16.854  -58.284  14.776 0.5000000000
115440  15.919  -58.165  15.135 0.4000000060
122009  18.918  -57.380  13.977 0.4000000060
17830  17.431  -57.621  14.588 0.4000000060
17831  16.463  -57.341  14.855 0.4000000060
18710  16.291  -56.354  14.618 0.4000000060
18717  19.330  -56.785  13.785 0.4000000060
18718  18.738  -56.492  14.101 0.4000000060
18709  17.194  -56.726  14.566 0.4000000060
19619  20.012  -55.777  13.480 0.4000000060
19622  18.055  -55.088  13.949 0.4000000060
19611  16.440  -55.470  14.231 0.4000000060
20561  15.910  -54.858  13.982 0.4000000060
19621  18.709  -55.656  13.984 0.4000000060
19618  20.666  -55.365  13.227 0.3000000119
20575  18.371  -54.348  13.692 0.4000000060
20560  16.636  -54.811  13.906 0.4000000060
20577  16.351  -54.172  13.675 0.4000000060
111183  21.176  -54.916  13.101 0.4000000060
20579  14.571  -54.198  13.697 0.4000000060
21559  15.036  -53.609  13.566 0.4000000060
20572  21.298  -54.216  13.239 0.3000000119
21553  20.586  -53.590  13.488 0.4000000060
21555  18.958  -53.627  13.585 0.4000000060
21556  17.870  -53.586  13.544 0.4000000060
21557  16.903  -53.531  13.489 0.4000000060
21558  15.877  -53.362  13.498 0.4000000060
123228  17.418  -52.981  13.434 0.3000000119
19749  17.118  -55.228  4.647 0.6000000238
14238  18.167  -61.137  12.239 0.5000000000
22616  19.677  -52.582  3.254 0.6000000238
119621  22.981  -51.154  2.552 0.4000000060
15208  12.589  -60.426  5.133 0.6000000238
120559  15.451  -57.642  3.273 0.6999999881
17995  16.564  -56.732  2.653 0.6999999881
18819  22.947  -57.154  6.314 0.5000000000
18832  23.100  -56.318  6.072 0.5000000000
17957  21.261  -57.978  5.781 0.5000000000
18833  22.300  -56.646  5.732 0.4000000060
18843  21.176  -56.397  4.520 0.6000000238
10809  17.180  -65.080  11.010 0.5000000000
17032  14.276  -58.599  6.616 0.6999999881
18859  20.644  -56.006  3.474 0.6000000238
122302  17.414  -61.691  10.016 0.6000000238
18835  14.958  -56.883  4.742 0.6999999881
19794  17.054  -55.880  2.588 0.8000000119
19780  19.893  -55.749  2.680 0.6999999881
12550  16.332  -63.318  13.352 0.4000000060
18846  15.879  -56.222  3.995 0.6000000238
19791  19.264  -55.297  2.384 0.6999999881
20708  23.547  -54.826  5.436 0.5000000000
20688  23.832  -55.211  6.038 0.5000000000
130788  20.494  -55.326  2.792 0.6999999881
19778  21.858  -54.942  3.692 0.6000000238
19765  17.067  -55.139  3.618 0.6999999881
118925  21.136  -53.909  2.495 0.6000000238
20727  22.562  -54.667  4.188 0.6000000238
20738  22.976  -54.002  3.762 0.6000000238
14223  16.835  -61.758  13.718 0.5000000000
14208  15.772  -61.512  14.479 0.5000000000
114708  15.129  -61.264  14.770 0.4000000060
21699  17.925  -54.033  3.752 0.6000000238
20751  20.844  -53.332  2.495 0.6000000238
15110  10.402  -60.209  11.734 0.3000000119
22614  21.302  -52.602  2.542 0.5000000000
23506  23.512  -51.625  2.420 0.4000000060
16931  13.256  -58.626  14.599 0.5000000000
16958  11.696  -58.608  12.531 0.4000000060
16043  10.462  -59.203  10.757 0.4000000060
113326  19.959  -54.914  13.527 0.4000000060
20574  19.211  -54.516  13.655 0.4000000060
10147  25.400  -66.512  1.468 0.3000000119
10962  25.543  -65.585  1.651 0.3000000119
14347  20.339  -61.580  2.697 0.4000000060
15233  22.498  -60.480  2.213 0.4000000060
15272  21.938  -60.714  0.503 0.4000000060
14397  21.951  -61.365  -0.286 0.4000000060
14330  21.115  -61.466  4.329 0.4000000060
14348  19.711  -61.651  3.620 0.4000000060
14349  18.885  -61.555  3.997 0.4000000060
126340  18.957  -61.294  4.492 0.5000000000
14350  17.123  -61.328  3.318 0.5000000000
15222  16.604  -60.549  3.809 0.5000000000
15220  22.690  -60.642  3.186 0.4000000060
14345  21.976  -61.098  3.122 0.5000000000
14361  19.503  -61.658  2.460 0.5000000000
15236  14.367  -60.628  2.363 0.5000000000
15232  23.346  -60.015  2.639 0.5000000000
14359  21.687  -60.861  1.746 0.5000000000
130015  22.930  -59.981  1.458 0.5000000000
15254  22.373  -60.251  0.990 0.4000000060
15253  23.101  -59.932  0.532 0.4000000060
14396  22.715  -61.683  -0.408 0.4000000060
14395  23.415  -61.198  -0.230 0.4000000060
14376  24.004  -61.593  0.185 0.3000000119
12667  23.804  -63.157  2.115 0.4000000060
15187  23.079  -60.162  5.402 0.4000000060
110749  21.337  -60.606  5.475 0.4000000060
15189  20.522  -60.816  5.319 0.4000000060
15201  23.106  -60.443  4.681 0.4000000060
15202  22.438  -60.950  4.174 0.4000000060
15203  21.665  -61.151  4.791 0.4000000060
14320  20.096  -61.222  4.945 0.4000000060
15204  19.366  -61.078  4.879 0.5000000000
15221  17.518  -61.059  4.055 0.5000000000
16170  23.692  -60.023  4.005 0.4000000060
15219  23.091  -60.476  3.777 0.4000000060
127848  21.356  -61.456  3.619 0.4000000060
15191  19.134  -60.543  5.051 0.5000000000
15207  17.278  -60.438  4.230 0.5000000000
15223  15.579  -60.268  3.453 0.5000000000
16171  15.891  -59.630  3.732 0.6000000238
16172  14.953  -59.455  3.492 0.6000000238
16188  12.927  -59.174  2.782 0.6000000238
17088  17.902  -58.152  3.737 0.6000000238
17090  16.237  -58.743  3.705 0.6000000238
16174  12.998  -58.324  3.261 0.5000000000
15270  23.579  -60.341  0.008 0.4000000060
17093  11.856  -57.819  3.786 0.5000000000
14394  24.049  -60.766  -0.066 0.4000000060
130640  24.496  -61.182  0.421 0.4000000060
124280  23.974  -62.446  1.219 0.4000000060
16131  21.411  -59.641  5.888 0.4000000060
17031  21.685  -58.774  6.098 0.5000000000
16133  19.381  -59.884  5.271 0.5000000000
17054  19.690  -59.178  5.324 0.5000000000
16154  17.582  -59.847  4.445 0.5000000000
17071  19.664  -58.419  4.977 0.5000000000
17074  17.193  -59.043  4.114 0.6000000238
17968  19.154  -57.921  4.288 0.6000000238
17073  17.995  -58.963  4.389 0.6000000238
9373  25.222  -67.489  1.491 0.3000000119
10961  26.211  -65.209  1.234 0.3000000119
13528  26.337  -62.394  1.703 0.3000000119
16128  24.183  -59.267  5.589 0.4000000060
17051  23.871  -58.856  6.148 0.4000000060
17029  23.258  -58.603  6.296 0.4000000060
114847  21.998  -60.110  5.800 0.4000000060
17030  22.444  -58.674  6.251 0.4000000060
17052  20.861  -58.839  5.764 0.5000000000
117676  22.024  -58.009  6.184 0.4000000060
17958  20.320  -57.875  5.119 0.5000000000
125619  14.375  -58.586  3.441 0.6000000238
17110  12.099  -58.124  3.258 0.5000000000
14331  20.346  -61.491  4.399 0.4000000060
16187  13.867  -59.910  2.837 0.5000000000
16130  22.642  -59.897  5.823 0.4000000060
16132  20.392  -59.855  5.604 0.5000000000
16134  18.471  -59.984  4.866 0.5000000000
16153  18.947  -58.924  4.832 0.6000000238
28861  20.212  -45.220  4.360 0.3000000119
11704  16.900  -64.949  11.666 0.5000000000
11724  17.547  -64.635  10.500 0.5000000000
11736  17.574  -64.859  9.629 0.5000000000
12551  15.532  -63.512  13.788 0.4000000060
12595  17.741  -63.229  10.253 0.6000000238
12622  17.130  -63.307  7.132 0.6000000238
13381  15.442  -62.737  14.194 0.4000000060
13401  17.336  -62.132  12.989 0.5000000000
13471  17.344  -63.000  7.947 0.6999999881
13482  15.968  -62.314  6.192 0.6000000238
13491  16.358  -63.066  5.964 0.5000000000
14206  17.042  -61.076  13.975 0.5000000000
14207  16.423  -61.314  14.242 0.5000000000
14222  17.485  -61.204  13.404 0.5000000000
14275  17.092  -60.934  9.765 0.6000000238
14290  15.991  -60.876  8.088 0.6999999881
14300  15.565  -61.012  7.465 0.6999999881
14310  14.534  -61.144  6.118 0.6000000238
14319  20.860  -61.249  4.961 0.4000000060
14329  21.741  -61.341  4.060 0.4000000060
14332  19.561  -61.426  4.438 0.4000000060
14333  18.323  -61.241  4.271 0.5000000000
14346  21.166  -61.379  2.780 0.5000000000
14362  18.757  -61.671  3.123 0.4000000060
14377  21.270  -61.118  0.655 0.4000000060
15055  16.809  -60.560  14.334 0.5000000000
15119  17.992  -60.285  10.761 0.6000000238
15162  14.670  -59.876  7.220 0.6999999881
15188  22.368  -60.599  5.252 0.4000000060
15190  19.815  -60.634  5.253 0.5000000000
15192  12.951  -59.785  5.651 0.6000000238
15193  12.197  -59.518  5.170 0.6000000238
15205  18.668  -60.870  4.745 0.5000000000
15206  17.941  -60.648  4.488 0.5000000000
15224  14.662  -60.055  3.198 0.5000000000
15234  16.160  -61.066  3.046 0.5000000000
15252  24.697  -60.534  0.355 0.4000000060
15271  22.721  -60.667  -0.088 0.4000000060
15979  17.976  -59.275  14.111 0.6000000238
15985  12.894  -59.236  14.481 0.4000000060
16000  19.066  -59.246  13.078 0.6000000238
16001  18.411  -59.780  13.395 0.6000000238
16015  18.826  -59.815  12.544 0.6999999881
16017  10.977  -59.794  12.101 0.3000000119
16026  19.322  -59.186  11.265 0.6999999881
16041  18.537  -59.607  10.863 0.6999999881
16060  17.037  -59.402  9.690 0.6999999881
16082  15.793  -59.378  8.631 0.6999999881
16083  15.423  -59.189  8.222 0.6999999881
16114  22.778  -59.240  6.131 0.4000000060
16115  22.163  -59.423  6.080 0.4000000060
16117  13.822  -59.140  6.421 0.6999999881
16129  23.377  -59.476  5.883 0.4000000060
16137  11.523  -58.269  4.482 0.6000000238
16151  24.460  -59.476  4.484 0.4000000060
16152  23.697  -59.888  5.082 0.4000000060
16155  16.796  -59.763  4.100 0.5000000000
16157  10.907  -58.660  4.265 0.6000000238
16173  13.947  -59.108  3.271 0.6000000238
16198  23.785  -59.547  0.436 0.4000000060
16927  18.425  -58.588  14.048 0.5000000000
16930  13.891  -58.387  15.000 0.5000000000
16945  18.997  -58.629  13.563 0.6000000238
16957  20.054  -58.380  12.312 0.5000000000
16959  11.261  -59.058  11.850 0.4000000060
16969  10.893  -58.730  11.275 0.3000000119
16970  10.357  -58.448  10.836 0.3000000119
16979  18.763  -58.502  10.143 0.6000000238
17002  16.017  -58.915  8.942 0.8999999762
17016  14.818  -58.661  7.319 0.8000000119
17053  20.171  -58.828  5.451 0.5000000000
17072  18.477  -58.264  4.156 0.6000000238
17075  12.023  -57.807  4.361 0.6000000238
17091  15.169  -58.684  3.537 0.6000000238
17092  12.659  -57.761  3.664 0.5000000000
17829  18.259  -57.870  14.280 0.5000000000
17845  19.344  -58.008  13.515 0.5000000000
17848  12.068  -57.993  12.983 0.5000000000
17861  20.474  -57.666  12.426 0.5000000000
17878  10.716  -57.915  11.373 0.3000000119
17884  20.144  -58.019  10.152 0.4000000060
17885  19.268  -58.106  9.917 0.5000000000
17894  18.532  -57.628  9.488 0.6000000238
17895  17.571  -57.736  9.353 0.8000000119
17908  16.417  -57.697  8.538 0.8999999762
17909  15.806  -58.140  8.230 0.8000000119
17941  22.755  -57.941  6.361 0.5000000000
17942  15.138  -57.579  6.533 0.8000000119
17956  21.763  -57.294  5.742 0.5000000000
17960  14.252  -57.257  4.894 0.6999999881
17994  17.901  -57.027  2.677 0.6999999881
18708  18.098  -57.021  14.385 0.4000000060
18716  19.905  -56.595  13.445 0.5000000000
18739  22.059  -56.272  11.245 0.5000000000
18750  22.258  -56.048  10.613 0.5000000000
18751  21.799  -56.675  10.717 0.5000000000
18752  21.294  -57.068  10.153 0.5000000000
18777  19.225  -56.170  8.620 0.6000000238
18796  17.279  -56.417  7.659 0.8000000119
18798  15.849  -57.266  7.013 0.8000000119
18820  16.077  -56.568  5.649 0.6000000238
18834  15.666  -56.533  4.771 0.6000000238
18862  16.153  -56.131  3.260 0.6000000238
18864  14.884  -56.796  3.595 0.6999999881
18874  19.066  -56.105  2.515 0.6999999881
18877  16.568  -56.222  2.716 0.8000000119
19609  17.861  -56.021  14.285 0.4000000060
19610  17.209  -55.271  14.093 0.4000000060
19620  19.344  -55.308  13.706 0.4000000060
19630  21.395  -55.621  12.676 0.4000000060
19642  21.885  -56.049  11.936 0.5000000000
19677  21.992  -55.406  9.498 0.4000000060
19696  20.500  -55.099  8.624 0.3000000119
19699  17.991  -56.001  7.931 0.8000000119
19734  17.403  -55.666  6.262 0.6999999881
19735  16.767  -56.174  5.964 0.6000000238
19748  22.567  -55.797  5.410 0.5000000000
19766  16.507  -55.672  3.876 0.6999999881
19781  17.295  -55.333  2.859 0.6999999881
19793  17.690  -55.802  2.471 0.8000000119
20571  22.007  -53.974  12.995 0.4000000060
20573  20.602  -54.515  13.378 0.4000000060
20576  17.329  -54.381  13.718 0.4000000060
20578  15.453  -54.179  13.731 0.4000000060
20588  21.760  -54.750  12.782 0.4000000060
20598  23.270  -54.498  11.217 0.4000000060
20599  22.743  -54.861  11.745 0.4000000060
20640  22.640  -55.054  9.936 0.4000000060
20653  21.474  -54.151  8.809 0.3000000119
20656  19.010  -54.812  8.003 0.6999999881
20672  18.714  -54.545  7.414 0.6999999881
20690  17.984  -55.040  6.423 0.6000000238
20740  21.497  -54.450  2.912 0.6999999881
20742  17.589  -54.678  3.307 0.6000000238
20754  18.684  -54.781  2.528 0.6999999881
21554  19.771  -53.357  13.552 0.4000000060
21572  23.351  -53.337  12.188 0.4000000060
21618  19.675  -53.419  7.987 0.5000000000
21633  18.893  -53.955  7.200 0.6000000238
21685  18.369  -53.503  4.864 0.6000000238
21686  17.960  -54.001  4.483 0.6000000238
21698  18.535  -53.522  3.543 0.6000000238
21706  22.337  -53.088  2.484 0.4000000060
22500  24.225  -52.549  10.438 0.4000000060
22507  22.924  -52.724  9.347 0.4000000060
22508  22.134  -52.813  8.889 0.3000000119
22518  20.168  -52.799  8.137 0.4000000060
22536  19.626  -52.616  7.579 0.5000000000
22613  22.070  -52.546  2.414 0.4000000060
23399  24.751  -51.713  10.553 0.3000000119
23425  20.905  -51.624  8.165 0.3000000119
23446  20.210  -51.120  7.623 0.4000000060
23463  19.370  -51.553  6.269 0.5000000000
24284  24.744  -50.675  9.504 0.3000000119
24302  23.248  -50.564  8.455 0.4000000060
24341  19.603  -50.345  4.406 0.6000000238
24351  20.393  -50.523  3.511 0.6000000238
24363  22.875  -50.424  2.840 0.5000000000
25149  24.456  -49.560  8.388 0.3000000119
25160  23.058  -49.499  7.433 0.3000000119
25175  19.593  -49.478  6.131 0.4000000060
26057  22.141  -49.258  7.096 0.3000000119
26087  24.280  -48.046  3.230 0.4000000060
26089  22.273  -48.628  3.424 0.5000000000
26091  20.518  -48.393  3.612 0.5000000000
26961  20.565  -47.616  5.972 0.4000000060
26962  20.011  -47.319  5.656 0.4000000060
26974  19.535  -47.368  4.401 0.5000000000
26981  19.674  -47.594  3.977 0.6000000238
27908  20.667  -46.474  5.554 0.3000000119
27909  20.149  -46.688  5.500 0.3000000119
28831  21.163  -45.916  5.441 0.3000000119
28862  19.878  -45.873  4.778 0.4000000060
29764  20.881  -45.194  5.219 0.3000000119
29775  21.446  -44.764  5.007 0.3000000119
29799  21.087  -43.991  3.575 0.4000000060
30703  21.106  -43.264  4.195 0.4000000060
30704  20.772  -43.822  4.151 0.4000000060
30709  20.752  -43.870  3.884 0.4000000060
31595  21.548  -42.728  4.210 0.4000000060
31605  21.659  -42.066  3.528 0.4000000060
110286  21.969  -47.173  5.636 0.3000000119
111650  18.752  -54.970  13.792 0.4000000060
113033  15.146  -56.895  3.172 0.6999999881
115272  17.453  -62.777  12.260 0.5000000000
116110  21.752  -47.897  3.489 0.4000000060
116203  14.086  -57.659  14.936 0.4000000060
116253  21.863  -41.477  3.478 0.4000000060
116621  20.318  -49.631  3.650 0.6000000238
117900  23.072  -54.200  9.889 0.4000000060
118423  14.377  -57.547  3.473 0.6999999881
118431  19.848  -54.070  13.549 0.4000000060
118645  23.518  -54.017  10.566 0.4000000060
118653  19.647  -57.321  13.486 0.4000000060
118998  21.345  -52.897  8.585 0.3000000119
119455  19.541  -48.870  4.627 0.5000000000
119492  20.712  -53.008  8.397 0.3000000119
119630  12.528  -60.443  14.723 0.5000000000
119960  15.452  -56.852  5.412 0.6000000238
120440  19.360  -56.104  13.781 0.4000000060
121047  16.996  -55.965  14.396 0.4000000060
122355  15.495  -59.786  8.139 0.6999999881
123872  21.998  -42.844  2.904 0.3000000119
124338  10.021  -59.684  10.306 0.4000000060
124647  14.962  -59.629  15.222 0.5000000000
124977  19.993  -46.064  3.925 0.5000000000
125204  19.482  -50.120  5.876 0.4000000060
125317  20.495  -47.101  5.718 0.3000000119
125424  20.739  -54.652  2.626 0.6999999881
125554  17.211  -63.467  12.295 0.5000000000
125875  13.447  -57.595  5.063 0.6999999881
126506  20.681  -61.609  3.630 0.4000000060
126782  20.925  -57.795  11.198 0.5000000000
126799  16.864  -59.448  14.617 0.5000000000
127052  16.329  -57.670  3.173 0.6999999881
128365  23.462  -53.758  10.112 0.4000000060
129045  20.994  -49.778  7.395 0.4000000060
129166  17.561  -58.558  3.964 0.6000000238
129454  16.556  -56.854  7.383 0.8000000119
129490  17.534  -59.111  9.935 0.6000000238
129564  19.563  -53.832  2.649 0.6000000238
129726  14.307  -60.537  6.472 0.6999999881
129912  11.955  -59.809  13.855 0.4000000060
130297  14.857  -62.559  14.516 0.5000000000
130456  23.803  -53.559  10.748 0.4000000060
130554  17.742  -63.099  10.959 0.6000000238
