#!ascii label  , from subject sub-v1s5x0050749_ses-1 vox2ras=TkReg
802
15268  24.894  -59.736  0.328 0.3000000119
21650  25.666  -53.818  6.726 0.6000000238
23487  26.719  -51.597  4.376 0.6999999881
23486  27.104  -51.157  3.621 0.6999999881
15269  24.203  -59.976  0.122 0.4000000060
17070  24.993  -58.915  5.262 0.4000000060
16209  25.075  -58.832  0.392 0.5000000000
20670  25.637  -54.548  7.053 0.6999999881
21666  25.290  -53.532  5.907 0.6999999881
22552  25.900  -53.110  6.351 0.5000000000
23475  27.109  -51.064  5.297 0.6000000238
129927  27.222  -51.032  4.469 0.6000000238
24347  27.577  -50.745  3.082 0.6999999881
16197  24.142  -58.894  0.982 0.5000000000
16150  25.149  -59.012  4.380 0.4000000060
17130  24.625  -58.630  0.710 0.6000000238
17027  24.795  -57.882  6.324 0.4000000060
17938  25.237  -57.162  6.537 0.5000000000
17118  25.152  -57.992  1.024 0.6000000238
18817  25.039  -56.399  6.806 0.6000000238
18794  25.741  -55.864  7.044 0.6000000238
18006  25.724  -57.813  0.579 0.6000000238
19716  25.703  -55.234  7.171 0.6000000238
22568  26.247  -52.379  5.969 0.6000000238
117325  27.048  -51.144  6.120 0.6000000238
25187  28.104  -49.163  4.973 0.6999999881
119049  27.463  -50.453  5.022 0.6999999881
24340  27.875  -49.976  4.538 0.6999999881
114716  28.407  -49.575  3.950 0.6999999881
24357  28.111  -50.352  2.534 0.6999999881
26086  29.108  -49.136  3.301 0.6999999881
25191  29.376  -49.643  2.236 0.6999999881
26978  29.723  -48.274  3.246 0.6999999881
114420  23.476  -59.482  1.225 0.5000000000
109666  24.593  -59.120  2.631 0.5000000000
121134  24.190  -59.533  3.236 0.5000000000
17049  25.221  -58.336  5.769 0.4000000060
17109  25.000  -58.401  1.562 0.5000000000
17937  26.009  -57.156  6.328 0.5000000000
17993  26.668  -57.352  1.597 0.6000000238
17107  26.165  -57.946  2.314 0.5000000000
17980  26.902  -57.715  2.967 0.5000000000
21631  26.236  -53.950  7.226 0.6999999881
22551  26.468  -52.713  6.849 0.6000000238
127020  26.182  -53.379  6.973 0.6999999881
24335  27.425  -50.393  6.057 0.6000000238
125260  26.854  -51.796  6.619 0.6000000238
25183  27.759  -49.723  5.513 0.6000000238
26077  28.501  -48.485  5.323 0.6000000238
26083  28.591  -48.681  4.433 0.6999999881
26098  30.008  -49.271  1.745 0.6999999881
26969  28.853  -47.933  4.811 0.6000000238
114699  29.799  -49.144  2.505 0.6999999881
26986  30.407  -48.793  2.270 0.6999999881
26082  29.022  -48.212  4.059 0.6999999881
17048  25.878  -58.195  5.311 0.4000000060
17087  25.151  -58.698  2.553 0.5000000000
17086  25.609  -58.661  3.726 0.4000000060
18831  26.707  -57.006  5.928 0.5000000000
18793  26.513  -55.953  6.937 0.6000000238
17085  26.302  -58.197  3.435 0.4000000060
113421  26.263  -55.387  7.230 0.6000000238
119479  25.760  -58.368  2.799 0.4000000060
17966  26.947  -57.844  4.196 0.4000000060
17965  27.684  -57.150  4.509 0.4000000060
112972  26.868  -53.966  7.470 0.6999999881
23462  27.406  -50.962  6.744 0.6000000238
25172  27.920  -49.650  6.338 0.6000000238
25182  28.192  -49.054  5.854 0.6000000238
26097  30.691  -48.785  1.369 0.6999999881
26985  31.012  -48.481  2.017 0.6999999881
27936  30.013  -47.209  3.686 0.6000000238
26977  30.536  -47.924  2.740 0.6000000238
17068  26.189  -58.303  4.428 0.4000000060
17953  26.975  -57.424  5.157 0.4000000060
19715  26.904  -55.194  7.272 0.6999999881
20668  27.584  -54.099  7.509 0.8000000119
17979  28.125  -57.014  3.573 0.5000000000
114866  27.204  -52.469  7.345 0.6999999881
23445  27.508  -51.593  7.216 0.6000000238
127035  28.254  -49.699  6.841 0.5000000000
24326  27.812  -50.226  6.818 0.6000000238
26114  30.437  -48.521  0.820 0.6999999881
26967  30.045  -47.006  5.473 0.6000000238
26968  29.386  -47.382  5.147 0.6000000238
26096  31.416  -48.326  1.371 0.8000000119
26997  31.156  -48.342  0.777 0.8000000119
27927  29.955  -46.822  4.649 0.6000000238
113207  30.381  -46.597  3.978 0.6000000238
18813  27.827  -56.037  6.030 0.5000000000
18814  27.060  -56.374  6.325 0.6000000238
18830  27.509  -56.738  5.456 0.5000000000
19745  29.326  -55.395  5.450 0.6999999881
128890  27.999  -56.711  4.913 0.4000000060
21630  27.441  -53.360  7.543 0.6999999881
128082  27.747  -52.086  7.463 0.6999999881
24317  28.412  -50.155  7.201 0.6000000238
24318  27.916  -50.830  7.272 0.6000000238
25170  29.323  -48.688  6.720 0.6000000238
27007  31.673  -47.764  0.435 0.6000000238
26955  29.621  -47.574  5.870 0.6000000238
27949  32.053  -47.999  1.269 0.6999999881
26996  31.842  -48.162  0.802 0.6999999881
27926  30.730  -46.324  4.589 0.6999999881
28860  30.994  -46.225  3.727 0.6999999881
27950  31.386  -47.787  2.186 0.6999999881
19730  28.176  -55.330  6.566 0.5000000000
19714  27.704  -54.827  7.216 0.6000000238
20706  29.755  -54.724  6.017 0.6999999881
19746  28.578  -55.686  5.724 0.6000000238
109636  30.459  -54.686  5.526 0.6999999881
19761  29.630  -55.686  4.663 0.6999999881
21629  28.209  -53.620  7.557 0.6999999881
22534  28.098  -52.682  7.618 0.6999999881
24316  29.275  -50.115  7.355 0.5000000000
111613  28.750  -50.809  7.471 0.6000000238
28912  30.748  -46.282  0.468 0.5000000000
26064  29.957  -47.993  6.482 0.6000000238
25158  28.859  -49.471  7.069 0.6000000238
110906  31.705  -47.134  0.084 0.6000000238
115760  31.565  -46.228  0.211 0.5000000000
26954  30.407  -47.383  6.118 0.6000000238
123761  29.278  -48.092  6.198 0.6000000238
27948  32.649  -47.486  1.242 0.6000000238
27966  32.364  -47.411  0.116 0.5000000000
28910  33.050  -46.464  -0.281 0.5000000000
27919  30.858  -46.821  5.731 0.6999999881
126705  30.514  -46.559  5.174 0.6999999881
28858  32.325  -45.546  4.106 0.6999999881
28883  32.286  -46.364  2.377 0.6999999881
28897  34.020  -46.868  0.441 0.5000000000
130250  32.082  -45.809  4.882 0.6999999881
28870  32.674  -45.580  3.093 0.6000000238
20667  28.203  -54.251  7.364 0.6000000238
123455  29.206  -54.511  6.698 0.6999999881
20686  28.539  -54.665  6.964 0.6000000238
20684  30.503  -54.232  6.124 0.6999999881
21628  28.925  -53.176  7.519 0.6999999881
23443  29.320  -51.486  7.548 0.6999999881
22533  28.993  -52.331  7.599 0.6999999881
29822  30.911  -45.183  0.628 0.4000000060
25157  29.849  -49.395  7.185 0.5000000000
29820  32.781  -45.427  -0.008 0.4000000060
27918  31.761  -46.717  5.974 0.6000000238
112215  33.293  -47.274  0.390 0.5000000000
110103  33.148  -47.224  -0.067 0.5000000000
28882  33.335  -46.415  1.648 0.5000000000
27959  34.622  -46.595  0.146 0.4000000060
27925  31.359  -46.250  5.232 0.6000000238
28857  33.212  -45.405  3.874 0.6999999881
28869  33.681  -45.489  2.866 0.5000000000
21648  30.485  -53.570  6.648 0.6000000238
21649  29.695  -53.447  7.143 0.6999999881
20685  28.960  -54.009  7.245 0.6999999881
120206  31.236  -53.768  6.144 0.6999999881
22550  31.303  -52.937  6.632 0.6999999881
112823  29.579  -52.799  7.389 0.6000000238
26053  30.506  -48.638  7.001 0.6000000238
24315  30.371  -50.271  7.424 0.5000000000
27903  31.266  -47.275  6.332 0.6000000238
111485  30.872  -47.876  6.654 0.6000000238
27960  33.984  -46.991  -0.086 0.4000000060
28909  33.911  -46.674  -0.300 0.5000000000
29819  33.592  -45.778  -0.358 0.4000000060
112791  35.027  -46.065  -0.270 0.4000000060
108383  33.008  -45.686  4.897 0.6000000238
111664  34.257  -45.450  3.816 0.5000000000
21627  30.347  -52.837  7.080 0.6999999881
22530  31.860  -52.165  6.836 0.6999999881
22531  30.967  -52.030  7.113 0.6000000238
22532  29.949  -52.118  7.403 0.6000000238
21646  32.205  -52.777  6.369 0.6999999881
23442  30.401  -51.267  7.419 0.5000000000
26052  31.306  -48.880  7.570 0.6000000238
25156  30.789  -49.456  7.375 0.6000000238
26943  31.398  -48.200  7.235 0.6000000238
26953  31.559  -47.642  6.866 0.5000000000
27917  32.652  -46.637  6.302 0.6000000238
28843  32.358  -46.201  5.535 0.6000000238
129547  33.928  -45.629  4.585 0.5000000000
23441  31.642  -51.507  7.203 0.6999999881
126585  31.146  -50.077  7.538 0.6000000238
25147  31.499  -49.531  7.765 0.5000000000
26051  31.881  -48.394  7.949 0.6000000238
26042  31.804  -49.017  8.167 0.6000000238
26942  32.110  -47.603  7.467 0.6000000238
27900  33.499  -46.436  6.692 0.6000000238
112603  34.162  -45.953  5.397 0.5000000000
18871  29.601  -56.074  2.322 0.5000000000
18856  29.440  -56.228  3.233 0.5000000000
110021  30.295  -55.770  2.069 0.5000000000
18855  30.093  -55.958  3.070 0.5000000000
19760  30.315  -55.442  4.442 0.6999999881
19758  31.840  -55.158  4.035 0.6999999881
19776  30.532  -55.646  3.706 0.5000000000
19775  31.205  -55.495  3.444 0.5000000000
19743  30.767  -54.953  4.928 0.6999999881
20724  31.565  -54.810  4.777 0.6999999881
20705  31.218  -54.413  5.498 0.6999999881
15267  25.741  -59.677  0.526 0.3000000119
24346  28.091  -50.298  3.508 0.6999999881
23476  26.665  -51.690  5.563 0.6000000238
25192  28.713  -49.969  2.858 0.6999999881
26106  29.904  -48.981  1.034 0.6999999881
18841  28.467  -56.587  4.414 0.6000000238
26065  28.723  -48.487  6.121 0.6000000238
27934  31.423  -46.545  2.817 0.6999999881
125496  32.014  -47.389  1.920 0.6999999881
26995  32.474  -47.745  0.498 0.6000000238
28871  31.781  -45.826  3.404 0.6999999881
28911  32.381  -46.902  -0.155 0.5000000000
29821  32.027  -45.592  0.201 0.5000000000
112037  29.628  -50.781  7.482 0.5000000000
27902  32.048  -47.157  6.666 0.6000000238
128250  31.093  -51.408  7.274 0.6000000238
24314  31.266  -50.842  7.439 0.5000000000
20722  33.286  -54.441  4.067 0.6000000238
22594  36.514  -51.846  3.014 0.6000000238
22582  37.297  -51.592  4.177 0.4000000060
21691  34.500  -53.159  3.923 0.5000000000
20723  32.457  -54.576  4.597 0.6000000238
112184  24.308  -56.446  6.634 0.5000000000
22581  37.798  -52.230  3.766 0.4000000060
18795  25.233  -55.698  6.968 0.5000000000
20687  24.406  -55.194  6.434 0.5000000000
21690  35.078  -52.899  3.347 0.5000000000
21663  38.581  -53.178  4.938 0.4000000060
19732  24.630  -55.802  6.749 0.5000000000
20707  24.193  -54.606  5.848 0.5000000000
23493  36.093  -51.605  3.854 0.6000000238
21651  24.940  -54.383  6.396 0.5000000000
21681  33.769  -53.708  4.350 0.5000000000
21662  39.360  -53.655  5.410 0.4000000060
20702  39.865  -54.211  5.022 0.4000000060
23484  36.726  -51.334  4.207 0.4000000060
21684  23.692  -53.753  4.167 0.5000000000
22596  35.226  -52.308  3.901 0.5000000000
21667  24.633  -53.885  5.456 0.5000000000
22586  24.863  -52.895  3.998 0.5000000000
128479  33.551  -53.392  4.921 0.6000000238
112433  33.088  -53.394  5.382 0.6000000238
109191  31.964  -54.379  5.205 0.6000000238
22584  26.208  -52.255  4.871 0.5000000000
22597  25.278  -52.306  3.472 0.5000000000
21693  24.141  -53.160  3.636 0.4000000060
22566  34.453  -52.205  5.103 0.5000000000
22583  34.706  -52.434  4.453 0.5000000000
21664  33.694  -52.759  5.333 0.6000000238
22567  33.060  -52.653  6.014 0.6000000238
20704  32.522  -53.967  5.275 0.6000000238
20683  31.886  -53.897  5.686 0.6000000238
113184  37.880  -52.358  4.655 0.4000000060
23494  26.435  -51.484  3.269 0.5000000000
23495  25.662  -51.715  2.973 0.5000000000
22611  24.060  -52.110  2.574 0.4000000060
23488  26.037  -52.061  3.830 0.6000000238
22598  24.511  -52.531  3.166 0.4000000060
22565  35.329  -51.688  4.684 0.6000000238
23474  34.880  -51.505  5.552 0.6000000238
22548  33.951  -51.993  5.898 0.6000000238
126461  33.293  -52.004  6.430 0.6000000238
21661  40.176  -53.887  5.752 0.4000000060
23504  26.061  -51.117  2.492 0.5000000000
23505  25.197  -51.243  2.449 0.4000000060
24361  24.674  -50.667  2.344 0.4000000060
23472  36.961  -51.239  4.876 0.6000000238
22564  37.473  -51.759  5.192 0.4000000060
115925  35.773  -51.168  5.402 0.6000000238
23485  36.254  -51.264  4.706 0.6000000238
23460  34.480  -51.397  6.220 0.6000000238
23459  35.284  -51.089  6.168 0.5000000000
22549  32.639  -52.147  6.622 0.6000000238
20682  41.002  -53.926  6.002 0.4000000060
21645  38.858  -53.108  5.921 0.4000000060
24358  27.404  -50.515  2.254 0.6000000238
24360  25.568  -50.519  2.211 0.5000000000
110514  24.996  -49.859  2.324 0.5000000000
24362  23.721  -50.780  2.496 0.5000000000
22547  37.666  -52.003  6.137 0.4000000060
22563  38.119  -52.525  5.568 0.4000000060
126224  37.339  -51.536  6.575 0.5000000000
23436  36.510  -50.936  7.087 0.5000000000
23437  35.627  -50.846  6.932 0.5000000000
122053  33.787  -51.541  6.610 0.6000000238
23439  33.529  -51.185  7.261 0.6000000238
23440  32.374  -51.611  7.073 0.6000000238
21625  40.123  -53.071  6.944 0.4000000060
21644  39.670  -53.430  6.224 0.4000000060
22545  40.965  -53.073  6.874 0.4000000060
21641  41.719  -53.020  6.596 0.4000000060
25199  28.666  -49.991  1.900 0.6000000238
22527  39.720  -52.507  7.621 0.4000000060
21626  39.224  -52.938  6.809 0.4000000060
25201  26.684  -49.778  1.708 0.6000000238
26099  26.479  -49.080  1.742 0.5000000000
110847  25.215  -49.117  2.411 0.4000000060
22528  38.688  -52.436  7.370 0.4000000060
124731  36.915  -51.170  6.566 0.5000000000
24310  35.010  -50.695  7.718 0.5000000000
24311  33.991  -50.785  7.817 0.6000000238
116216  32.838  -51.269  7.342 0.6000000238
24313  32.230  -50.944  7.520 0.6000000238
23434  41.281  -51.961  7.705 0.4000000060
110264  28.600  -49.450  1.364 0.6000000238
26108  28.002  -49.054  1.207 0.6000000238
26101  25.041  -48.339  2.785 0.5000000000
22514  39.015  -52.100  8.157 0.4000000060
22529  37.873  -52.068  7.014 0.4000000060
23435  37.338  -51.357  7.344 0.5000000000
23422  35.988  -50.644  7.737 0.5000000000
22525  41.515  -52.471  7.138 0.4000000060
27000  27.681  -48.165  1.378 0.5000000000
109237  26.351  -48.010  2.133 0.5000000000
23421  36.837  -50.881  7.938 0.5000000000
24296  35.442  -50.442  8.462 0.4000000060
24297  34.413  -50.443  8.504 0.4000000060
24312  33.065  -50.816  7.812 0.4000000060
24299  32.599  -50.278  8.214 0.6000000238
24300  31.809  -50.223  7.793 0.4000000060
23456  41.981  -51.713  7.250 0.4000000060
23417  40.521  -52.037  8.034 0.4000000060
26115  29.790  -48.413  0.793 0.6000000238
22513  39.791  -51.973  8.265 0.4000000060
27008  30.595  -47.929  0.569 0.5000000000
113239  28.397  -48.441  1.104 0.5000000000
26987  27.430  -47.281  1.736 0.5000000000
113005  26.717  -47.106  2.201 0.4000000060
108669  28.173  -47.622  1.288 0.4000000060
24294  37.168  -50.743  8.752 0.5000000000
24295  36.351  -50.519  8.528 0.5000000000
24280  35.858  -50.183  9.147 0.6000000238
24282  33.871  -50.003  9.195 0.4000000060
25145  33.002  -49.724  9.058 0.4000000060
25146  32.225  -49.524  8.442 0.4000000060
25128  34.440  -49.656  9.771 0.5000000000
27968  30.171  -46.949  0.552 0.5000000000
27961  28.711  -47.062  1.166 0.6000000238
28899  29.864  -46.041  0.863 0.4000000060
25130  32.660  -49.169  9.181 0.5000000000
110050  34.898  -49.361  10.368 0.5000000000
24281  34.884  -50.128  9.166 0.5000000000
118229  33.625  -49.424  9.701 0.5000000000
25129  33.076  -49.166  9.587 0.5000000000
24292  41.175  -50.784  8.322 0.4000000060
27901  32.775  -46.908  7.095 0.5000000000
114357  32.319  -48.663  8.783 0.4000000060
25114  33.429  -48.811  10.075 0.5000000000
25113  34.091  -49.125  10.338 0.5000000000
27885  32.768  -47.048  7.998 0.4000000060
27857  32.841  -47.196  8.924 0.4000000060
26931  32.387  -47.819  8.436 0.5000000000
130981  32.921  -47.986  9.789 0.5000000000
125627  32.675  -47.946  9.287 0.5000000000
26015  33.269  -48.033  10.280 0.5000000000
26916  33.080  -47.365  9.798 0.4000000060
24348  26.879  -50.975  2.715 0.6000000238
22569  25.727  -52.866  5.387 0.6000000238
17939  24.369  -57.246  6.542 0.5000000000
27967  31.017  -47.288  0.344 0.5000000000
21683  24.420  -53.511  4.530 0.5000000000
21682  25.116  -53.237  4.917 0.5000000000
22585  25.569  -52.614  4.386 0.5000000000
23496  24.850  -51.899  2.751 0.4000000060
111230  24.340  -51.400  2.436 0.4000000060
23473  36.491  -51.123  5.367 0.6000000238
24359  26.535  -50.411  2.040 0.6000000238
22546  38.387  -52.554  6.482 0.4000000060
25200  27.975  -49.773  1.522 0.6000000238
24369  27.295  -50.070  1.714 0.6000000238
25202  25.876  -49.676  1.983 0.5000000000
119522  24.166  -49.963  2.620 0.5000000000
119621  22.981  -51.154  2.552 0.5000000000
25203  24.456  -49.027  2.824 0.5000000000
26100  25.738  -48.675  2.254 0.5000000000
123583  27.039  -47.829  1.773 0.5000000000
26988  25.583  -47.860  2.610 0.5000000000
23420  37.641  -51.262  8.280 0.5000000000
26999  28.966  -48.102  0.873 0.6000000238
124774  28.965  -72.745  -0.359 0.3000000119
7225  28.377  -71.388  -0.514 0.3000000119
6606  29.267  -72.152  -0.404 0.3000000119
7864  28.143  -69.780  -0.612 0.3000000119
124007  28.487  -70.654  -0.555 0.3000000119
7863  28.894  -69.386  -0.764 0.3000000119
8583  27.184  -69.264  -0.243 0.3000000119
8582  27.853  -68.676  -0.803 0.3000000119
8579  30.995  -68.803  -0.203 0.3000000119
8580  29.781  -68.946  -0.676 0.3000000119
9408  28.950  -68.010  -1.161 0.3000000119
9409  28.037  -67.938  -1.202 0.3000000119
8578  31.135  -67.864  -0.423 0.3000000119
10170  31.294  -67.052  -0.690 0.3000000119
9407  30.067  -68.033  -0.845 0.3000000119
9417  29.313  -67.289  -1.326 0.4000000060
9418  28.312  -67.272  -1.416 0.4000000060
126438  27.737  -66.550  -1.384 0.4000000060
10173  27.045  -66.617  -0.902 0.3000000119
10985  31.874  -65.215  -1.211 0.3000000119
10986  31.117  -65.875  -1.201 0.4000000060
10987  29.830  -65.873  -1.469 0.4000000060
10178  28.761  -66.425  -1.517 0.4000000060
11850  32.752  -65.050  -0.750 0.3000000119
10179  28.022  -65.843  -1.437 0.4000000060
13551  33.976  -63.061  -0.966 0.4000000060
128334  33.126  -64.480  -1.039 0.4000000060
10983  27.381  -65.760  -0.938 0.4000000060
11852  27.950  -64.398  -0.729 0.3000000119
11856  32.583  -64.551  -1.252 0.4000000060
109491  30.603  -65.148  -1.446 0.3000000119
11855  33.238  -63.947  -1.230 0.4000000060
12714  29.955  -63.709  -1.406 0.5000000000
124840  29.440  -64.922  -1.499 0.4000000060
111926  26.494  -57.301  0.236 0.5000000000
14401  34.337  -62.304  -1.046 0.4000000060
11859  28.544  -64.599  -1.278 0.4000000060
15251  25.490  -60.569  0.819 0.3000000119
16207  26.837  -58.515  0.265 0.4000000060
12695  27.608  -63.061  0.743 0.3000000119
17940  23.519  -57.697  6.442 0.4000000060
18857  28.784  -56.570  3.441 0.4000000060
18872  28.855  -56.381  2.313 0.4000000060
17992  27.592  -57.152  2.516 0.4000000060
12712  33.614  -63.290  -1.255 0.4000000060
11857  31.153  -64.340  -1.493 0.3000000119
11858  30.021  -64.430  -1.484 0.5000000000
18873  28.018  -56.573  1.713 0.4000000060
18000  26.822  -56.855  0.517 0.4000000060
16208  25.898  -58.708  0.310 0.4000000060
12704  29.191  -63.321  -1.105 0.4000000060
17127  26.826  -57.454  -0.053 0.5000000000
114542  28.523  -63.817  -0.937 0.5000000000
122040  27.882  -59.479  0.565 0.4000000060
15250  26.351  -60.654  1.158 0.4000000060
12694  28.213  -62.807  0.132 0.3000000119
15249  27.141  -60.825  1.192 0.4000000060
19733  23.858  -55.898  6.407 0.4000000060
18840  29.235  -56.208  4.127 0.4000000060
13557  33.457  -62.497  -1.456 0.4000000060
12713  32.053  -63.721  -1.525 0.4000000060
18881  28.443  -56.016  0.983 0.4000000060
18882  27.612  -56.294  0.414 0.5000000000
13558  32.145  -62.118  -1.466 0.4000000060
13560  30.740  -63.291  -1.427 0.4000000060
18887  27.783  -56.083  -0.062 0.5000000000
14407  33.606  -61.698  -1.529 0.4000000060
121037  32.720  -61.629  -1.500 0.4000000060
13552  30.369  -62.407  -1.202 0.5000000000
13553  29.407  -62.410  -0.821 0.5000000000
18886  28.273  -55.776  0.076 0.4000000060
18004  27.929  -56.500  -0.258 0.5000000000
16223  34.352  -60.050  -1.559 0.4000000060
13544  28.671  -62.197  -0.157 0.5000000000
112291  27.734  -58.225  0.047 0.4000000060
15266  28.326  -60.528  0.562 0.4000000060
16206  28.681  -58.992  0.135 0.4000000060
19789  29.631  -55.766  1.446 0.4000000060
128935  30.726  -55.421  1.326 0.3000000119
15281  31.710  -61.097  -1.247 0.4000000060
15282  30.801  -61.077  -0.973 0.4000000060
128984  28.876  -55.582  -0.016 0.4000000060
16224  33.476  -60.239  -1.469 0.4000000060
15275  31.036  -60.487  -0.931 0.5000000000
117494  29.654  -60.938  -0.452 0.5000000000
18885  29.264  -55.666  -0.214 0.5000000000
18017  29.080  -56.652  -0.372 0.4000000060
130019  33.923  -59.227  -1.381 0.4000000060
15277  29.053  -60.784  -0.007 0.4000000060
17126  28.596  -57.749  -0.214 0.4000000060
15265  28.833  -59.946  0.225 0.4000000060
108783  29.697  -57.947  -0.362 0.4000000060
19774  31.929  -55.361  3.116 0.4000000060
19799  30.012  -55.415  0.781 0.3000000119
130836  32.685  -59.867  -1.274 0.4000000060
16217  31.757  -59.984  -1.068 0.4000000060
125468  30.750  -55.165  0.326 0.3000000119
16216  33.259  -59.341  -1.283 0.4000000060
110283  32.253  -59.121  -0.997 0.4000000060
16218  30.758  -59.762  -0.718 0.4000000060
17137  34.201  -58.102  -1.157 0.4000000060
17138  33.539  -58.461  -1.125 0.4000000060
116251  30.290  -58.917  -0.492 0.4000000060
17141  30.489  -58.153  -0.511 0.4000000060
18898  29.816  -56.210  -0.454 0.4000000060
20737  32.630  -55.002  3.683 0.4000000060
17140  31.221  -58.847  -0.727 0.4000000060
9356  23.584  -67.566  2.742 0.3000000119
9406  31.875  -67.426  -0.014 0.3000000119
10160  32.428  -65.998  -0.256 0.3000000119
12692  33.699  -63.668  -0.883 0.4000000060
14406  34.733  -61.591  -1.180 0.4000000060
117216  34.210  -62.107  -1.300 0.4000000060
15273  35.512  -60.412  -1.231 0.4000000060
16222  35.303  -60.024  -1.549 0.4000000060
19798  31.378  -55.281  1.268 0.3000000119
18020  35.022  -58.317  -1.336 0.4000000060
19787  32.009  -55.332  2.147 0.4000000060
129018  31.513  -55.098  0.488 0.4000000060
19804  31.388  -55.021  0.017 0.4000000060
117605  34.424  -57.372  -0.964 0.4000000060
18015  32.687  -57.675  -0.772 0.4000000060
109709  31.947  -58.131  -0.738 0.4000000060
110205  31.028  -57.629  -0.589 0.4000000060
18897  31.090  -55.636  -0.374 0.3000000119
19814  30.146  -55.537  -0.257 0.4000000060
18014  33.503  -57.302  -0.816 0.4000000060
17128  26.099  -57.861  0.230 0.4000000060
129101  32.579  -55.207  2.841 0.4000000060
6592  27.398  -71.559  -0.271 0.3000000119
129821  26.843  -69.789  0.140 0.3000000119
8532  23.272  -68.446  2.577 0.3000000119
9374  24.431  -67.595  2.196 0.3000000119
10172  27.481  -67.277  -1.201 0.4000000060
10176  30.617  -66.532  -1.174 0.3000000119
10980  32.079  -65.890  -0.782 0.3000000119
10177  29.736  -66.673  -1.375 0.4000000060
10988  28.706  -65.450  -1.486 0.4000000060
11841  32.966  -64.815  -0.412 0.3000000119
14390  34.269  -62.309  -0.694 0.4000000060
118372  29.857  -62.998  -1.221 0.4000000060
12705  28.656  -63.028  -0.543 0.5000000000
13545  27.977  -62.083  0.669 0.3000000119
15278  35.009  -60.801  -1.381 0.4000000060
16219  29.962  -59.677  -0.438 0.4000000060
18016  30.131  -57.201  -0.480 0.4000000060
21715  35.720  -53.214  1.582 0.4000000060
21703  35.372  -53.080  2.633 0.4000000060
111392  37.347  -52.314  1.671 0.4000000060
22608  37.374  -52.012  2.479 0.3000000119
114425  34.671  -53.611  3.074 0.4000000060
21692  34.007  -54.091  3.563 0.4000000060
17998  42.138  -58.117  0.364 0.3000000119
18854  40.936  -56.089  3.019 0.3000000119
19773  39.821  -55.127  3.097 0.3000000119
20720  39.673  -54.501  4.287 0.3000000119
21679  38.654  -53.505  4.073 0.3000000119
18869  41.690  -56.867  1.621 0.3000000119
121315  41.655  -56.584  2.635 0.3000000119
127370  41.608  -56.251  3.401 0.3000000119
17111  42.812  -59.312  1.158 0.3000000119
17997  42.732  -58.420  0.938 0.3000000119
113689  40.827  -55.224  4.447 0.3000000119
20718  41.197  -54.884  5.033 0.3000000119
18868  42.435  -57.131  2.083 0.3000000119
18838  42.953  -56.255  3.903 0.3000000119
19771  41.057  -55.706  3.854 0.3000000119
17974  44.330  -57.615  1.968 0.3000000119
17975  43.304  -57.340  2.167 0.3000000119
19752  44.340  -55.402  3.900 0.3000000119
18851  44.759  -56.970  2.336 0.3000000119
19769  44.982  -56.066  2.984 0.3000000119
17988  44.025  -58.126  1.615 0.3000000119
19754  42.492  -55.548  4.543 0.3000000119
20699  42.640  -54.282  5.394 0.3000000119
21659  42.523  -53.041  6.128 0.3000000119
18867  45.449  -57.329  1.928 0.3000000119
19753  43.420  -55.559  4.330 0.3000000119
20698  43.416  -54.147  5.027 0.3000000119
18850  45.722  -56.696  1.919 0.3000000119
20732  45.090  -55.279  3.303 0.3000000119
20716  43.807  -54.747  4.503 0.3000000119
20715  44.675  -54.503  3.918 0.3000000119
22544  42.240  -52.333  6.696 0.3000000119
21658  43.045  -53.549  5.529 0.3000000119
22562  42.903  -52.128  6.150 0.3000000119
23455  42.571  -51.454  6.615 0.3000000119
23433  41.610  -51.170  7.763 0.3000000119
23432  42.257  -50.656  7.117 0.3000000119
24309  41.726  -50.258  7.788 0.3000000119
116856  41.299  -49.913  8.375 0.3000000119
22592  37.860  -52.294  2.895 0.3000000119
22609  36.879  -52.045  2.314 0.4000000060
21678  39.174  -53.905  4.599 0.3000000119
20700  41.699  -54.304  5.616 0.3000000119
22619  36.660  -52.539  1.515 0.5000000000
17990  42.321  -57.555  1.181 0.3000000119
18839  42.018  -56.076  4.021 0.3000000119
19772  40.423  -55.558  3.294 0.3000000119
19757  39.580  -54.686  3.625 0.3000000119
20734  38.722  -53.649  3.214 0.3000000119
18853  42.484  -56.652  3.135 0.3000000119
17989  43.101  -57.876  1.471 0.3000000119
19742  42.109  -54.936  5.100 0.3000000119
18852  43.567  -56.853  2.932 0.3000000119
21688  45.233  -53.830  3.217 0.3000000119
20717  42.996  -54.900  4.920 0.3000000119
19785  46.329  -56.263  1.749 0.3000000119
121634  44.044  -54.049  4.569 0.3000000119
19813  31.437  -55.182  -0.139 0.3000000119
20775  33.001  -54.955  -0.087 0.4000000060
20772  35.637  -54.600  -0.353 0.4000000060
20773  34.688  -54.721  -0.267 0.4000000060
19803  32.094  -55.015  0.294 0.3000000119
20764  36.199  -53.721  -0.075 0.4000000060
20771  36.646  -54.512  -0.447 0.3000000119
20767  33.536  -54.701  0.254 0.4000000060
20765  35.213  -54.151  -0.004 0.4000000060
21723  37.733  -53.510  -0.182 0.3000000119
20759  34.313  -54.358  0.653 0.3000000119
21721  34.899  -54.112  0.409 0.4000000060
21719  37.081  -53.157  0.131 0.4000000060
20748  34.311  -54.296  1.618 0.3000000119
21716  34.946  -53.877  1.137 0.4000000060
22620  37.241  -52.643  0.816 0.4000000060
20761  32.947  -54.895  0.911 0.3000000119
20735  34.184  -54.297  2.626 0.3000000119
20736  33.382  -54.822  3.037 0.3000000119
20750  32.805  -55.113  2.030 0.3000000119
21720  35.556  -53.642  0.557 0.4000000060
20774  33.827  -54.834  -0.164 0.4000000060
13543  33.579  -63.318  -0.332 0.3000000119
18895  33.150  -56.094  -0.591 0.3000000119
13526  31.920  -62.322  1.367 0.3000000119
118916  31.952  -63.046  1.245 0.3000000119
14391  33.474  -62.359  0.261 0.3000000119
130774  33.915  -62.842  -0.605 0.3000000119
19811  33.433  -55.339  -0.387 0.3000000119
110150  33.907  -56.626  -0.723 0.3000000119
118405  32.752  -60.313  1.323 0.3000000119
112706  32.861  -61.252  0.961 0.3000000119
14389  34.549  -61.502  -0.368 0.3000000119
14400  34.807  -61.722  -0.994 0.3000000119
19810  34.219  -55.346  -0.469 0.3000000119
17105  32.620  -58.884  2.181 0.3000000119
16196  33.207  -59.484  1.398 0.3000000119
17116  33.346  -58.499  1.938 0.3000000119
15264  33.862  -61.693  0.204 0.3000000119
15247  33.731  -60.720  0.641 0.3000000119
120722  35.178  -60.422  -0.194 0.3000000119
126037  34.055  -58.077  1.874 0.3000000119
16195  34.065  -58.828  1.308 0.3000000119
127239  34.697  -60.841  0.043 0.3000000119
16204  34.273  -59.889  0.666 0.3000000119
15262  35.562  -60.639  -0.939 0.3000000119
16221  35.858  -59.820  -1.365 0.3000000119
18019  35.977  -58.567  -1.435 0.3000000119
17104  33.714  -57.891  2.672 0.3000000119
16203  35.758  -59.925  -0.507 0.3000000119
17124  35.890  -58.877  0.381 0.3000000119
16215  35.926  -60.025  -1.125 0.3000000119
19809  35.130  -55.456  -0.569 0.3000000119
17999  35.542  -57.783  1.999 0.3000000119
17991  35.261  -57.752  2.715 0.3000000119
17115  34.976  -58.222  1.385 0.3000000119
17125  35.023  -59.326  0.535 0.3000000119
16202  36.525  -59.491  -0.771 0.3000000119
17144  36.528  -59.073  -1.423 0.3000000119
18012  36.227  -57.584  -1.218 0.3000000119
18893  35.677  -56.502  -0.847 0.3000000119
19808  36.160  -55.507  -0.632 0.3000000119
18896  32.097  -55.702  -0.453 0.3000000119
127752  37.224  -58.308  1.676 0.3000000119
110979  36.679  -58.592  0.551 0.3000000119
17136  36.841  -59.142  -1.201 0.3000000119
18011  37.050  -57.781  -1.288 0.3000000119
14370  32.412  -61.910  1.105 0.3000000119
13525  32.672  -62.764  0.728 0.3000000119
5956  28.230  -73.101  -0.480 0.3000000119
8581  28.639  -68.565  -0.969 0.3000000119
10161  32.222  -66.817  0.212 0.3000000119
10171  30.348  -67.252  -1.019 0.3000000119
10981  31.448  -66.407  -0.860 0.3000000119
10982  27.940  -65.139  -1.170 0.4000000060
11851  29.188  -64.094  -1.362 0.5000000000
12693  33.313  -64.104  -0.465 0.3000000119
12702  33.784  -63.545  -1.008 0.4000000060
12703  33.319  -64.197  -0.883 0.4000000060
13556  34.003  -62.886  -1.095 0.4000000060
13559  31.464  -62.712  -1.455 0.4000000060
14392  28.543  -61.381  0.315 0.3000000119
14402  30.092  -61.519  -0.828 0.5000000000
14403  29.230  -61.533  -0.383 0.4000000060
14408  31.035  -61.785  -1.230 0.5000000000
15263  35.096  -61.127  -0.736 0.3000000119
15274  35.130  -61.075  -1.096 0.4000000060
15276  29.542  -60.263  -0.268 0.4000000060
15279  34.230  -61.157  -1.537 0.4000000060
15280  32.857  -60.790  -1.431 0.4000000060
16169  24.887  -59.122  3.523 0.4000000060
16185  24.602  -58.805  1.746 0.5000000000
16186  24.077  -59.335  2.062 0.5000000000
16205  29.332  -59.563  -0.110 0.4000000060
16210  24.412  -59.207  0.465 0.6000000238
16220  36.249  -59.505  -1.265 0.3000000119
17050  24.507  -58.591  6.018 0.4000000060
17069  25.595  -58.653  4.755 0.4000000060
17103  34.619  -57.772  2.397 0.3000000119
17108  25.503  -58.197  1.874 0.5000000000
17113  36.466  -58.074  1.634 0.3000000119
17114  35.938  -58.143  1.295 0.3000000119
17117  25.792  -57.679  1.218 0.6000000238
17119  24.704  -58.377  1.013 0.6000000238
17129  25.054  -58.230  0.698 0.6000000238
17139  32.730  -58.550  -0.959 0.4000000060
17142  29.464  -58.825  -0.213 0.4000000060
17145  35.574  -59.272  -1.505 0.3000000119
17146  34.580  -59.084  -1.431 0.4000000060
17954  26.286  -57.589  5.653 0.5000000000
17955  25.579  -57.746  6.065 0.4000000060
17977  34.247  -57.725  2.962 0.3000000119
17978  28.311  -56.769  2.743 0.4000000060
18001  26.250  -57.360  0.664 0.4000000060
18005  27.141  -56.645  -0.075 0.5000000000
18013  35.328  -57.461  -1.110 0.3000000119
18815  26.405  -56.620  6.486 0.5000000000
18816  25.800  -56.528  6.744 0.5000000000
18818  23.680  -56.822  6.483 0.5000000000
18829  28.247  -56.317  5.240 0.4000000060
18880  29.140  -55.999  1.536 0.4000000060
18894  34.637  -56.386  -0.734 0.3000000119
18899  28.382  -55.828  -0.112 0.5000000000
19717  25.067  -55.153  6.866 0.5000000000
19729  28.946  -55.053  6.286 0.6999999881
19731  27.370  -55.637  6.802 0.6000000238
19744  30.049  -55.164  5.166 0.6999999881
19755  41.597  -55.422  4.557 0.3000000119
19756  40.183  -55.134  3.931 0.3000000119
19759  31.036  -55.263  4.245 0.6999999881
19762  28.936  -55.992  4.928 0.6999999881
19770  43.991  -56.268  3.565 0.3000000119
19777  29.889  -55.888  3.903 0.6999999881
19788  31.194  -55.554  2.350 0.4000000060
19797  32.115  -55.126  1.151 0.4000000060
19800  29.108  -55.593  0.509 0.4000000060
19805  30.722  -55.192  -0.081 0.4000000060
19806  29.766  -55.306  0.003 0.3000000119
19812  32.146  -55.062  -0.077 0.3000000119
20669  26.392  -54.696  7.348 0.6000000238
20701  40.697  -54.385  5.402 0.4000000060
20703  33.147  -53.976  4.811 0.6000000238
20719  40.365  -54.740  4.687 0.3000000119
20721  39.123  -54.162  3.811 0.3000000119
20726  23.270  -54.420  4.625 0.5000000000
20731  45.528  -54.757  2.792 0.3000000119
20733  39.243  -54.400  2.900 0.3000000119
20749  33.609  -54.715  1.928 0.3000000119
20760  33.746  -54.595  1.013 0.3000000119
20766  34.397  -54.472  0.084 0.4000000060
20768  32.706  -54.906  0.152 0.4000000060
21642  41.184  -53.462  6.417 0.4000000060
21643  40.506  -53.503  6.377 0.4000000060
21647  31.831  -53.357  6.134 0.6999999881
21660  41.779  -53.624  6.144 0.3000000119
21665  32.438  -53.345  5.811 0.6000000238
21680  34.089  -52.936  4.673 0.5000000000
21704  34.871  -53.775  2.157 0.4000000060
21714  36.409  -53.050  0.663 0.4000000060
21724  37.048  -53.753  -0.274 0.3000000119
22526  40.708  -52.560  7.434 0.4000000060
22593  37.342  -51.774  3.251 0.3000000119
22595  35.741  -52.313  3.177 0.5000000000
22610  36.196  -52.458  2.362 0.4000000060
23416  41.043  -51.502  8.150 0.4000000060
23438  34.534  -51.051  6.957 0.6000000238
23444  28.285  -51.664  7.531 0.6999999881
23457  37.062  -51.267  5.804 0.5000000000
23458  36.270  -50.975  6.148 0.6000000238
23461  33.067  -51.652  6.918 0.6000000238
23492  36.852  -51.510  3.527 0.6000000238
23503  36.984  -51.693  2.878 0.6000000238
24298  33.440  -50.366  8.491 0.4000000060
25171  28.503  -49.141  6.549 0.5000000000
25209  29.314  -49.454  1.481 0.6999999881
25210  27.252  -49.448  1.490 0.6000000238
26029  32.880  -48.545  9.601 0.5000000000
26076  28.990  -47.935  5.592 0.6000000238
26107  29.013  -48.902  1.024 0.6000000238
26109  27.110  -48.628  1.529 0.5000000000
26973  29.401  -47.551  4.290 0.6999999881
26998  29.593  -47.555  0.714 0.5000000000
27935  30.679  -46.879  3.194 0.6999999881
28859  31.506  -45.892  4.396 0.6999999881
28908  34.534  -46.498  -0.196 0.4000000060
109559  31.734  -56.813  -0.605 0.4000000060
109572  30.637  -56.445  -0.510 0.4000000060
109597  29.784  -54.111  6.707 0.6000000238
109916  32.636  -56.709  -0.644 0.3000000119
110241  30.678  -55.755  2.961 0.5000000000
111444  42.536  -49.911  6.593 0.3000000119
113029  40.378  -51.331  8.569 0.4000000060
113929  26.829  -59.757  0.803 0.4000000060
114758  27.538  -64.987  -0.592 0.3000000119
115041  26.714  -53.301  7.320 0.6999999881
115944  27.521  -57.197  -0.233 0.5000000000
116103  30.269  -60.545  -0.664 0.5000000000
116401  33.857  -55.938  -0.592 0.3000000119
116848  32.745  -63.109  -1.523 0.4000000060
116946  42.373  -53.770  5.799 0.3000000119
119150  32.971  -58.282  2.604 0.3000000119
119544  25.492  -58.223  0.440 0.5000000000
120191  27.606  -50.690  4.044 0.6999999881
121430  36.122  -59.338  -1.451 0.3000000119
123885  38.238  -52.850  4.207 0.4000000060
125980  27.284  -56.786  1.287 0.4000000060
127113  26.496  -57.914  4.978 0.4000000060
127465  27.621  -60.356  0.880 0.4000000060
127671  27.921  -50.215  1.893 0.6000000238
127731  32.163  -61.294  1.402 0.3000000119
128714  25.448  -58.537  5.289 0.4000000060
128835  27.502  -57.438  3.592 0.5000000000
130121  45.028  -57.597  1.858 0.3000000119
130143  32.725  -55.338  -0.316 0.4000000060
130210  27.100  -54.562  7.438 0.8000000119
