#!ascii label  , from subject sub-v1s5x0050757_ses-1 vox2ras=TkReg
916
77675  41.539  12.563  43.081 0.0000000000
78522  45.272  13.836  31.843 0.0000000000
82064  50.676  20.365  31.523 0.0000000000
74970  43.985  9.054  21.638 0.0000000000
77036  38.269  12.638  35.528 0.0000000000
82013  51.921  19.211  39.866 0.0000000000
76415  47.437  11.808  25.570 0.0000000000
81420  40.576  19.283  28.030 0.0000000000
80628  47.497  17.096  38.655 0.0000000000
79983  41.672  16.169  37.352 0.0000000000
75663  42.844  9.933  31.792 0.0000000000
82703  45.057  20.203  32.901 0.0000000000
80718  44.781  18.959  24.513 0.0000000000
80678  49.748  17.440  30.981 0.0000000000
79307  48.752  15.584  23.812 0.0000000000
103879  40.421  21.052  30.237 0.0000000000
78451  45.626  14.416  41.690 0.0000000000
78466  42.490  13.507  40.589 0.0000000000
76352  41.371  11.122  33.705 0.0000000000
122905  48.541  20.462  35.585 0.0000000000
117799  45.928  20.508  36.225 0.0000000000
82701  47.246  19.954  32.920 0.0000000000
81407  44.620  18.725  28.953 0.0000000000
81415  47.400  18.846  27.489 0.0000000000
80653  45.467  17.672  34.519 0.0000000000
81357  47.946  18.325  34.512 0.0000000000
80014  47.083  16.074  31.837 0.0000000000
75726  48.003  10.764  20.728 0.0000000000
77107  50.215  13.479  23.373 0.0000000000
77124  47.825  12.515  20.953 0.0000000000
77810  46.838  13.566  24.115 0.0000000000
119468  43.594  11.014  23.219 0.0000000000
73298  42.140  8.018  25.994 0.0000000000
76301  40.204  10.726  42.509 0.0000000000
77712  39.806  12.941  39.494 0.0000000000
82658  52.002  20.467  35.214 0.0000000000
76395  44.815  11.109  28.857 0.0000000000
77082  46.550  12.531  28.345 0.0000000000
75707  45.335  10.086  25.294 0.0000000000
74125  47.243  8.650  21.502 0.0000000000
81999  47.723  19.038  41.836 0.0000000000
79931  47.166  16.324  41.188 0.0000000000
80639  44.893  17.279  37.786 0.0000000000
79238  43.152  15.693  33.925 0.0000000000
78495  39.464  14.530  36.323 0.0000000000
77742  41.705  13.777  34.182 0.0000000000
77057  43.763  11.948  31.958 0.0000000000
74915  43.548  9.322  29.174 0.0000000000
76302  38.284  11.558  42.951 0.0000000000
83219  43.589  21.404  36.693 0.0000000000
124073  42.966  21.391  33.043 0.0000000000
82101  42.494  19.712  30.243 0.0000000000
80711  42.494  19.281  25.609 0.0000000000
79288  43.747  16.082  27.984 0.0000000000
119687  49.500  18.192  39.232 0.0000000000
81348  51.699  19.065  35.100 0.0000000000
115716  52.091  19.451  30.096 0.0000000000
78548  48.115  14.222  28.632 0.0000000000
80035  49.187  16.889  27.976 0.0000000000
81414  50.099  19.383  26.857 0.0000000000
80058  47.684  17.730  24.258 0.0000000000
110293  45.841  14.549  26.655 0.0000000000
82719  39.849  21.395  30.353 0.0000000000
120306  40.611  21.770  31.976 0.0000000000
77673  43.759  13.235  42.869 0.0000000000
77000  42.769  12.298  42.240 0.0000000000
117637  49.525  20.524  33.951 0.0000000000
82681  47.776  20.145  33.500 0.0000000000
117089  48.156  19.702  31.368 0.0000000000
82097  46.734  19.250  30.763 0.0000000000
82096  49.196  19.570  29.573 0.0000000000
80003  45.054  16.192  32.946 0.0000000000
80668  46.074  17.126  32.941 0.0000000000
79255  46.019  14.981  31.884 0.0000000000
75736  46.239  10.212  20.557 0.0000000000
77129  48.306  12.031  20.619 0.0000000000
76446  46.486  11.366  20.892 0.0000000000
76438  45.821  11.852  21.877 0.0000000000
74963  43.752  9.816  22.199 0.0000000000
74121  43.208  8.940  23.328 0.0000000000
73319  43.137  7.274  22.893 0.0000000000
76326  38.350  11.173  39.855 0.0000000000
82626  50.554  20.773  38.359 0.0000000000
82636  52.444  19.889  37.038 0.0000000000
123785  44.157  9.463  27.522 0.0000000000
75696  45.139  10.622  27.219 0.0000000000
74943  44.739  8.874  25.385 0.0000000000
74119  46.254  8.472  22.901 0.0000000000
73325  47.865  7.480  21.361 0.0000000000
73331  47.340  7.922  20.919 0.0000000000
79204  43.688  15.391  39.684 0.0000000000
79203  44.825  15.473  39.817 0.0000000000
114358  43.324  16.735  37.946 0.0000000000
80650  43.730  17.331  35.878 0.0000000000
79228  42.166  16.177  35.271 0.0000000000
77725  38.265  13.441  37.469 0.0000000000
78488  39.531  14.296  38.218 0.0000000000
77040  38.972  13.097  35.232 0.0000000000
75652  42.089  10.844  33.154 0.0000000000
77045  41.529  12.016  33.837 0.0000000000
76350  42.570  11.691  33.033 0.0000000000
77048  43.019  12.420  32.984 0.0000000000
75657  43.439  11.222  31.817 0.0000000000
75680  43.750  10.117  29.709 0.0000000000
74907  43.376  9.483  30.161 0.0000000000
72447  43.976  6.393  28.756 0.0000000000
82671  45.314  20.356  34.393 0.0000000000
118945  44.759  20.732  36.271 0.0000000000
82672  44.485  20.630  34.631 0.0000000000
115466  43.115  21.445  35.074 0.0000000000
82685  43.536  21.013  33.020 0.0000000000
102979  42.939  20.569  31.776 0.0000000000
82716  43.711  20.264  31.798 0.0000000000
81427  44.884  19.413  25.758 0.0000000000
81419  43.307  19.640  27.261 0.0000000000
109704  43.091  19.552  25.171 0.0000000000
80703  42.694  18.019  26.156 0.0000000000
80052  44.060  17.729  25.384 0.0000000000
80604  47.940  16.900  40.494 0.0000000000
81300  49.036  18.181  40.789 0.0000000000
80635  48.303  17.586  38.572 0.0000000000
81373  48.494  17.964  32.882 0.0000000000
81356  48.892  18.502  34.812 0.0000000000
81361  50.518  18.638  33.162 0.0000000000
81360  52.064  19.004  32.762 0.0000000000
80677  51.076  18.257  30.240 0.0000000000
77094  47.444  12.390  26.764 0.0000000000
77769  47.429  13.813  29.139 0.0000000000
77093  48.345  13.067  26.553 0.0000000000
78571  50.149  14.431  23.275 0.0000000000
106634  49.151  15.237  26.211 0.0000000000
110962  48.829  16.481  25.589 0.0000000000
80702  49.660  18.249  26.746 0.0000000000
80049  48.633  17.736  25.019 0.0000000000
81434  48.273  18.827  24.998 0.0000000000
79300  48.238  16.897  24.157 0.0000000000
77102  45.045  12.724  25.170 0.0000000000
77795  46.196  14.128  25.951 0.0000000000
77095  44.849  12.875  26.032 0.0000000000
77789  44.505  13.415  27.543 0.0000000000
81984  51.306  19.383  42.823 0.0000000000
82729  39.826  21.107  29.438 0.0000000000
82736  40.645  20.360  28.320 0.0000000000
79934  44.467  16.375  42.306 0.0000000000
79170  44.463  14.757  42.900 0.0000000000
78465  44.053  13.958  41.060 0.0000000000
79206  41.973  15.103  39.314 0.0000000000
76346  39.454  11.779  34.518 0.0000000000
82652  47.336  20.531  36.744 0.0000000000
103483  46.630  20.218  34.316 0.0000000000
82702  45.817  19.984  32.981 0.0000000000
82099  44.612  19.179  30.738 0.0000000000
82098  45.618  19.135  30.827 0.0000000000
81406  45.639  18.612  29.031 0.0000000000
105781  45.961  19.207  25.398 0.0000000000
103952  45.917  17.873  36.176 0.0000000000
80641  47.503  18.064  36.824 0.0000000000
80652  46.347  17.920  34.271 0.0000000000
80667  46.966  17.249  32.716 0.0000000000
80013  47.995  16.334  31.402 0.0000000000
124469  47.745  11.518  23.336 0.0000000000
77100  48.950  13.019  25.472 0.0000000000
76429  49.443  12.520  22.367 0.0000000000
77121  50.117  13.351  21.567 0.0000000000
78579  49.194  14.590  22.600 0.0000000000
77809  47.963  14.328  23.433 0.0000000000
77819  47.505  13.463  22.876 0.0000000000
77110  45.355  12.494  23.729 0.0000000000
106115  43.446  11.266  23.827 0.0000000000
73311  42.621  7.066  24.663 0.0000000000
76979  41.180  11.838  43.098 0.0000000000
123659  41.537  11.847  41.409 0.0000000000
77003  40.070  11.460  40.739 0.0000000000
77024  38.217  12.489  38.677 0.0000000000
77034  37.380  12.412  36.583 0.0000000000
82627  49.291  20.761  37.976 0.0000000000
118647  50.652  20.647  35.658 0.0000000000
82679  51.023  20.674  33.580 0.0000000000
120403  45.424  12.437  30.081 0.0000000000
77762  46.068  13.381  30.418 0.0000000000
77083  45.877  12.120  28.758 0.0000000000
76402  46.297  11.693  27.372 0.0000000000
108919  46.691  11.456  26.107 0.0000000000
74950  45.131  8.925  24.536 0.0000000000
75714  45.497  9.662  24.175 0.0000000000
75713  46.339  10.324  23.286 0.0000000000
75727  47.387  9.729  20.656 0.0000000000
74975  46.843  9.130  20.498 0.0000000000
73340  44.913  7.948  20.703 0.0000000000
72514  43.356  6.580  22.109 0.0000000000
123655  47.070  17.937  41.380 0.0000000000
79956  47.575  16.325  40.211 0.0000000000
79176  46.508  15.311  41.307 0.0000000000
115661  46.474  15.644  39.915 0.0000000000
80638  45.855  17.448  37.672 0.0000000000
108121  45.015  17.669  36.078 0.0000000000
79992  44.062  16.986  34.229 0.0000000000
79242  44.058  14.952  33.106 0.0000000000
77710  41.495  13.381  40.171 0.0000000000
78487  40.344  14.602  38.591 0.0000000000
79226  40.501  15.400  36.627 0.0000000000
111756  40.289  13.208  34.606 0.0000000000
78498  40.534  14.761  35.333 0.0000000000
78497  41.225  15.166  35.062 0.0000000000
78500  42.444  15.141  34.203 0.0000000000
114289  43.634  13.756  33.009 0.0000000000
77754  44.742  13.229  31.834 0.0000000000
76374  44.484  11.601  30.532 0.0000000000
75688  43.939  10.043  28.991 0.0000000000
74930  43.810  8.899  27.779 0.0000000000
73274  43.374  7.487  29.166 0.0000000000
73291  43.845  7.493  27.890 0.0000000000
77678  39.414  12.634  42.704 0.0000000000
75582  39.439  10.449  43.018 0.0000000000
75571  37.418  10.170  43.485 0.0000000000
83205  44.080  21.862  38.233 0.0000000000
83220  42.760  21.873  36.523 0.0000000000
82705  42.273  21.179  32.008 0.0000000000
82727  41.730  20.278  30.450 0.0000000000
82113  41.078  20.427  28.303 0.0000000000
82111  43.083  19.301  29.417 0.0000000000
82118  42.597  19.698  27.991 0.0000000000
82126  41.394  20.173  26.907 0.0000000000
81313  51.426  18.779  39.307 0.0000000000
81341  49.170  18.350  37.162 0.0000000000
81345  50.667  18.689  36.702 0.0000000000
81329  52.280  19.313  38.054 0.0000000000
82046  52.451  19.558  35.410 0.0000000000
82053  52.704  19.968  32.890 0.0000000000
82080  51.765  20.176  30.555 0.0000000000
78530  46.903  14.363  30.638 0.0000000000
78529  47.578  14.689  30.301 0.0000000000
79262  48.516  15.815  29.882 0.0000000000
77786  48.815  13.790  26.832 0.0000000000
79277  48.708  15.625  28.389 0.0000000000
80023  49.265  16.749  29.713 0.0000000000
80684  51.367  18.845  29.056 0.0000000000
81402  51.060  19.504  28.595 0.0000000000
82109  50.609  19.680  28.423 0.0000000000
114795  49.169  19.385  27.016 0.0000000000
119387  47.692  18.983  25.035 0.0000000000
80059  45.835  18.488  24.340 0.0000000000
78567  47.406  15.523  24.767 0.0000000000
79293  46.850  16.085  25.320 0.0000000000
80051  45.016  17.981  24.669 0.0000000000
79287  44.657  15.571  27.684 0.0000000000
74104  41.540  8.610  26.414 0.0000000000
104430  40.812  22.048  32.745 0.0000000000
111856  41.758  13.761  42.915 0.0000000000
115290  43.093  12.767  42.936 0.0000000000
76977  42.614  12.373  42.723 0.0000000000
82699  49.532  20.346  32.505 0.0000000000
82680  48.798  20.318  33.348 0.0000000000
82065  49.106  20.018  31.630 0.0000000000
82082  49.217  19.773  30.554 0.0000000000
78509  45.351  14.520  32.156 0.0000000000
110165  45.376  15.460  32.492 0.0000000000
78521  45.846  14.213  31.561 0.0000000000
74969  45.366  9.736  20.739 0.0000000000
76447  45.946  10.855  20.867 0.0000000000
74962  44.433  9.806  21.419 0.0000000000
75729  44.267  10.482  22.001 0.0000000000
108811  43.544  9.015  22.467 0.0000000000
74126  43.679  8.222  21.899 0.0000000000
82580  51.723  20.013  42.084 0.0000000000
82597  51.768  19.822  40.381 0.0000000000
82625  51.445  20.399  38.771 0.0000000000
82609  51.876  19.729  39.316 0.0000000000
74929  44.124  8.909  27.042 0.0000000000
75703  44.550  9.747  26.816 0.0000000000
74936  44.418  8.914  26.222 0.0000000000
73317  47.948  7.589  22.033 0.0000000000
72512  47.984  6.679  21.511 0.0000000000
72517  47.276  7.069  21.001 0.0000000000
79977  42.746  16.278  38.396 0.0000000000
79960  43.755  16.193  38.927 0.0000000000
79982  42.393  16.545  37.439 0.0000000000
79985  42.464  16.677  36.527 0.0000000000
79990  41.966  16.316  35.998 0.0000000000
77033  37.907  12.928  36.282 0.0000000000
77733  38.493  13.419  35.958 0.0000000000
75658  42.436  10.198  32.518 0.0000000000
109596  42.778  11.055  32.515 0.0000000000
119200  42.991  10.577  32.017 0.0000000000
75662  43.328  10.458  31.379 0.0000000000
74899  43.145  9.683  31.035 0.0000000000
82684  44.895  20.360  33.680 0.0000000000
102998  43.977  20.772  33.740 0.0000000000
103582  44.258  20.554  32.973 0.0000000000
82704  43.657  20.635  32.371 0.0000000000
82069  44.495  20.175  32.185 0.0000000000
81437  44.178  19.486  24.853 0.0000000000
122662  43.815  19.758  25.458 0.0000000000
80719  43.764  19.281  24.833 0.0000000000
80710  43.276  18.656  25.118 0.0000000000
80709  44.093  18.638  24.671 0.0000000000
80615  48.091  16.946  39.575 0.0000000000
80614  48.539  17.496  40.202 0.0000000000
80636  47.796  17.754  37.773 0.0000000000
80665  49.119  17.571  32.011 0.0000000000
81362  49.116  18.374  33.450 0.0000000000
81372  49.724  18.213  32.517 0.0000000000
80664  50.467  18.057  31.423 0.0000000000
76409  47.257  11.950  26.294 0.0000000000
105558  47.576  12.811  27.263 0.0000000000
105371  47.963  12.410  25.982 0.0000000000
79298  49.539  15.177  23.967 0.0000000000
116823  49.229  15.663  24.999 0.0000000000
80042  48.877  17.258  26.095 0.0000000000
79299  48.616  16.501  24.414 0.0000000000
80057  48.147  17.758  24.457 0.0000000000
77103  44.267  12.325  25.202 0.0000000000
103279  43.586  12.057  25.671 0.0000000000
120347  44.149  12.420  26.031 0.0000000000
83274  40.730  21.369  31.234 0.0000000000
82737  40.067  20.658  28.792 0.0000000000
82728  40.680  20.643  29.382 0.0000000000
79925  43.970  15.625  42.705 0.0000000000
79171  43.608  14.763  42.956 0.0000000000
77695  43.536  13.224  41.532 0.0000000000
78453  44.486  13.490  41.936 0.0000000000
106327  43.234  13.924  40.650 0.0000000000
78474  43.446  14.633  40.244 0.0000000000
78475  42.593  14.466  40.013 0.0000000000
82640  48.036  20.635  37.506 0.0000000000
103484  47.835  20.426  35.907 0.0000000000
82670  47.429  20.243  34.301 0.0000000000
82682  46.887  20.089  33.647 0.0000000000
125066  46.474  19.958  33.144 0.0000000000
82067  46.552  19.786  32.407 0.0000000000
82084  46.076  19.521  31.608 0.0000000000
81405  46.833  18.714  28.873 0.0000000000
81394  46.231  18.772  29.937 0.0000000000
103652  46.087  18.905  26.841 0.0000000000
80648  45.264  17.714  35.371 0.0000000000
80647  46.168  17.991  35.194 0.0000000000
80001  46.574  16.576  32.414 0.0000000000
80000  47.483  16.748  32.105 0.0000000000
76430  48.582  11.810  22.083 0.0000000000
76436  48.495  11.536  20.830 0.0000000000
77123  48.953  12.638  20.835 0.0000000000
77122  49.568  12.850  21.212 0.0000000000
77822  49.660  13.443  21.404 0.0000000000
77816  50.275  13.989  21.974 0.0000000000
77116  48.380  13.194  21.439 0.0000000000
77818  48.756  13.977  22.197 0.0000000000
77117  47.058  12.833  22.114 0.0000000000
76440  44.138  11.041  22.597 0.0000000000
77119  44.899  12.003  23.177 0.0000000000
76432  44.073  11.478  23.252 0.0000000000
124373  44.735  12.215  23.896 0.0000000000
75722  43.212  10.717  23.632 0.0000000000
114912  43.156  10.263  23.484 0.0000000000
73320  42.836  7.150  23.734 0.0000000000
113383  42.795  7.862  24.294 0.0000000000
76293  40.724  11.258  42.948 0.0000000000
76300  40.994  11.153  42.272 0.0000000000
76317  40.475  10.980  41.620 0.0000000000
77017  38.709  11.935  39.497 0.0000000000
77025  37.522  12.226  38.225 0.0000000000
77029  37.347  12.431  37.368 0.0000000000
77030  36.876  11.901  36.924 0.0000000000
104259  51.846  20.432  36.881 0.0000000000
82650  50.647  20.646  36.545 0.0000000000
82668  50.538  20.656  34.662 0.0000000000
82667  52.101  20.444  34.243 0.0000000000
76373  45.069  11.950  29.917 0.0000000000
77074  45.626  12.299  29.489 0.0000000000
76382  45.261  11.713  29.190 0.0000000000
75702  45.254  10.362  26.283 0.0000000000
76403  45.661  11.314  27.644 0.0000000000
76411  45.969  11.169  26.761 0.0000000000
76417  46.029  10.784  25.767 0.0000000000
74115  45.047  8.298  24.971 0.0000000000
73309  46.068  7.870  23.679 0.0000000000
122723  46.260  9.027  22.574 0.0000000000
74954  45.608  8.999  23.540 0.0000000000
75721  46.088  9.551  22.879 0.0000000000
75720  47.018  10.092  21.834 0.0000000000
75728  47.145  9.329  21.578 0.0000000000
107583  46.680  7.415  20.712 0.0000000000
74136  47.131  8.620  20.657 0.0000000000
73339  46.540  8.046  20.578 0.0000000000
74138  45.644  8.272  20.525 0.0000000000
73332  45.622  7.450  20.652 0.0000000000
73333  44.553  7.351  21.032 0.0000000000
80594  46.820  17.296  41.403 0.0000000000
81287  46.320  18.270  41.475 0.0000000000
118517  47.511  16.409  40.776 0.0000000000
79923  45.606  14.936  42.407 0.0000000000
124559  45.375  15.720  42.327 0.0000000000
79177  46.039  14.832  41.883 0.0000000000
79959  44.712  16.253  39.057 0.0000000000
79958  45.628  15.898  39.470 0.0000000000
79975  45.256  16.611  38.671 0.0000000000
79974  46.329  16.330  39.128 0.0000000000
80630  45.761  16.993  38.323 0.0000000000
80643  45.188  17.636  36.891 0.0000000000
118209  44.376  17.482  37.045 0.0000000000
79232  43.269  16.563  34.574 0.0000000000
80655  43.824  17.209  35.043 0.0000000000
79997  43.720  16.371  33.894 0.0000000000
79237  43.900  15.726  33.464 0.0000000000
124754  43.525  15.103  33.464 0.0000000000
77015  40.388  12.288  40.291 0.0000000000
77698  41.323  12.422  40.709 0.0000000000
77711  40.642  13.162  39.846 0.0000000000
78491  39.231  14.468  37.250 0.0000000000
78490  39.983  14.950  37.729 0.0000000000
79223  40.546  15.439  37.320 0.0000000000
78494  40.142  14.997  36.127 0.0000000000
112092  40.600  11.028  34.073 0.0000000000
107269  39.724  12.600  34.620 0.0000000000
77046  40.950  11.666  34.060 0.0000000000
103784  41.630  12.876  33.996 0.0000000000
77735  40.984  13.427  34.417 0.0000000000
78502  41.060  14.325  34.676 0.0000000000
78501  41.775  14.695  34.441 0.0000000000
79234  41.902  15.552  34.809 0.0000000000
78507  42.372  14.211  33.913 0.0000000000
77047  43.719  12.574  32.393 0.0000000000
77744  43.382  13.137  32.958 0.0000000000
113164  44.076  13.390  32.499 0.0000000000
77056  44.314  12.449  31.703 0.0000000000
77065  44.580  12.142  31.062 0.0000000000
76361  44.093  11.712  31.356 0.0000000000
74922  43.943  9.610  28.292 0.0000000000
116192  43.602  8.896  28.449 0.0000000000
72474  44.048  6.789  28.053 0.0000000000
72473  44.606  6.593  27.553 0.0000000000
77685  39.529  13.392  42.326 0.0000000000
77687  37.996  12.963  41.535 0.0000000000
76989  38.581  12.439  42.445 0.0000000000
76295  38.811  10.807  43.327 0.0000000000
75570  38.071  10.260  43.423 0.0000000000
82643  44.521  21.040  36.938 0.0000000000
83211  44.691  21.361  37.814 0.0000000000
83212  43.861  21.548  37.462 0.0000000000
83716  43.608  22.562  38.479 0.0000000000
83721  43.355  22.129  37.823 0.0000000000
83722  42.722  22.349  37.293 0.0000000000
83213  43.208  21.800  37.166 0.0000000000
83244  43.257  21.269  33.654 0.0000000000
83245  42.556  21.652  33.506 0.0000000000
83262  42.347  21.567  32.721 0.0000000000
120943  42.479  20.103  31.093 0.0000000000
82102  41.490  20.171  29.442 0.0000000000
82112  41.973  19.831  28.811 0.0000000000
81396  44.102  18.865  29.792 0.0000000000
81439  42.553  20.018  25.726 0.0000000000
82124  42.333  20.197  26.501 0.0000000000
82125  41.842  20.169  26.415 0.0000000000
81429  41.762  19.820  26.267 0.0000000000
80705  41.438  18.921  26.872 0.0000000000
80704  41.950  18.542  26.452 0.0000000000
80045  43.206  16.938  27.129 0.0000000000
81987  47.782  19.782  42.512 0.0000000000
81315  49.270  18.083  39.984 0.0000000000
81284  49.856  18.603  41.564 0.0000000000
81299  50.096  18.459  40.648 0.0000000000
81283  50.975  18.796  41.359 0.0000000000
81314  50.293  18.456  39.727 0.0000000000
122969  47.689  18.270  36.155 0.0000000000
81342  48.227  18.128  37.183 0.0000000000
81351  47.982  18.356  35.481 0.0000000000
81355  50.217  18.787  34.908 0.0000000000
104569  49.496  18.524  36.314 0.0000000000
81349  50.496  18.748  35.765 0.0000000000
81339  51.540  18.834  37.513 0.0000000000
81344  51.870  19.013  35.987 0.0000000000
82043  52.483  19.512  36.301 0.0000000000
81370  52.326  19.179  31.703 0.0000000000
82054  52.533  19.529  33.354 0.0000000000
81369  52.545  19.708  31.559 0.0000000000
82062  52.598  20.001  31.955 0.0000000000
82093  52.062  19.821  30.138 0.0000000000
77073  46.261  12.715  29.143 0.0000000000
77761  46.626  13.841  30.338 0.0000000000
77770  46.624  13.407  29.650 0.0000000000
77778  47.697  13.587  28.287 0.0000000000
78540  47.941  14.520  29.509 0.0000000000
79272  48.186  15.021  30.008 0.0000000000
79271  48.509  15.230  29.384 0.0000000000
107060  49.460  12.994  24.496 0.0000000000
77801  49.788  13.599  24.654 0.0000000000
107903  48.876  16.511  27.244 0.0000000000
79285  48.846  15.327  27.363 0.0000000000
110894  48.779  16.148  29.038 0.0000000000
80030  49.446  17.001  28.753 0.0000000000
80022  50.456  17.957  28.747 0.0000000000
80696  50.231  18.208  27.752 0.0000000000
80695  50.404  19.193  27.097 0.0000000000
80689  50.983  19.045  27.928 0.0000000000
103292  50.633  19.340  27.607 0.0000000000
82108  51.264  19.774  29.045 0.0000000000
81403  49.982  19.556  27.612 0.0000000000
105268  49.430  19.291  26.155 0.0000000000
80716  47.705  18.415  24.480 0.0000000000
81425  48.563  19.143  25.519 0.0000000000
81444  47.402  18.729  24.725 0.0000000000
81435  46.536  18.976  24.764 0.0000000000
115346  46.841  18.180  24.260 0.0000000000
119002  47.136  14.176  24.559 0.0000000000
77802  47.738  14.954  24.222 0.0000000000
78561  46.603  14.984  25.917 0.0000000000
78562  46.100  15.478  26.491 0.0000000000
79294  46.011  16.681  25.713 0.0000000000
79286  45.467  15.803  26.856 0.0000000000
78555  45.437  14.961  27.292 0.0000000000
77090  43.793  12.659  27.349 0.0000000000
77790  43.907  13.152  28.066 0.0000000000
106772  42.390  9.165  24.977 0.0000000000
74110  41.924  9.056  25.672 0.0000000000
104210  39.920  21.664  31.318 0.0000000000
109836  42.772  14.299  42.984 0.0000000000
76976  43.250  12.734  42.567 0.0000000000
77696  42.747  12.690  41.499 0.0000000000
82669  49.099  20.497  34.628 0.0000000000
82659  48.161  20.387  35.010 0.0000000000
105751  48.386  20.339  34.141 0.0000000000
82700  48.286  20.087  32.675 0.0000000000
82066  47.705  19.835  32.130 0.0000000000
82083  47.145  19.578  31.545 0.0000000000
81393  47.726  19.089  29.631 0.0000000000
81404  48.351  19.092  28.293 0.0000000000
80660  44.845  17.282  33.932 0.0000000000
80659  45.719  17.470  33.681 0.0000000000
79995  45.274  16.882  33.245 0.0000000000
79240  46.259  15.773  32.178 0.0000000000
79254  46.773  15.329  31.581 0.0000000000
76444  48.351  11.676  20.712 0.0000000000
107016  47.101  10.718  20.507 0.0000000000
77125  47.200  11.949  20.844 0.0000000000
103893  46.713  12.346  21.596 0.0000000000
76439  45.125  11.140  21.683 0.0000000000
75730  43.555  10.478  22.872 0.0000000000
74955  43.333  9.763  23.013 0.0000000000
74120  43.363  8.171  22.736 0.0000000000
75609  39.597  10.238  42.251 0.0000000000
76318  39.715  10.640  41.371 0.0000000000
75617  38.777  10.519  40.719 0.0000000000
82611  50.471  20.917  39.231 0.0000000000
82637  51.842  20.303  37.802 0.0000000000
117800  52.475  20.088  36.425 0.0000000000
74921  44.475  10.151  27.721 0.0000000000
75686  44.985  10.870  28.066 0.0000000000
75708  44.806  9.581  25.834 0.0000000000
73318  46.876  7.945  22.721 0.0000000000
74118  47.393  8.108  21.847 0.0000000000
74130  47.418  8.578  20.922 0.0000000000
108937  47.575  8.114  21.172 0.0000000000
104592  46.479  16.467  41.549 0.0000000000
79189  44.422  14.678  40.491 0.0000000000
79188  45.449  14.698  40.810 0.0000000000
79976  44.274  16.768  38.314 0.0000000000
80645  43.723  17.342  36.673 0.0000000000
79981  43.098  17.030  37.058 0.0000000000
79984  43.085  17.057  36.222 0.0000000000
79233  42.545  15.999  34.601 0.0000000000
77722  38.503  13.218  38.280 0.0000000000
77721  39.253  13.510  38.675 0.0000000000
77724  38.814  13.894  37.857 0.0000000000
77728  38.802  14.034  36.501 0.0000000000
77732  39.154  13.885  35.729 0.0000000000
76351  41.989  11.612  33.458 0.0000000000
77044  42.288  12.401  33.501 0.0000000000
77741  42.312  13.312  33.718 0.0000000000
76354  43.225  11.812  32.475 0.0000000000
76375  43.853  11.009  30.982 0.0000000000
75671  43.576  10.277  30.569 0.0000000000
72448  43.492  6.782  29.345 0.0000000000
71602  44.702  6.008  28.501 0.0000000000
82661  46.032  20.424  35.538 0.0000000000
82654  45.352  20.673  36.634 0.0000000000
104543  45.311  20.533  35.921 0.0000000000
82663  44.609  20.675  35.596 0.0000000000
82655  44.076  20.966  36.149 0.0000000000
83222  43.290  21.365  35.911 0.0000000000
82664  43.835  21.007  35.313 0.0000000000
82673  43.582  21.109  34.446 0.0000000000
82686  42.984  21.114  32.477 0.0000000000
82087  43.207  19.855  31.232 0.0000000000
81417  45.085  18.884  27.708 0.0000000000
115785  44.173  19.106  27.945 0.0000000000
81418  44.068  19.517  26.656 0.0000000000
81428  43.143  20.080  25.890 0.0000000000
80053  43.441  17.563  26.129 0.0000000000
80044  44.088  16.709  26.935 0.0000000000
81301  48.234  17.715  40.940 0.0000000000
81285  48.699  18.549  41.601 0.0000000000
81332  48.765  17.721  39.316 0.0000000000
103685  49.309  18.198  38.319 0.0000000000
81363  48.094  18.208  33.692 0.0000000000
113527  48.687  18.430  34.138 0.0000000000
113524  49.760  18.653  34.101 0.0000000000
81354  51.533  18.970  33.987 0.0000000000
81371  51.237  18.573  32.042 0.0000000000
81384  51.875  18.814  30.769 0.0000000000
77088  46.849  12.305  27.509 0.0000000000
77779  46.945  13.181  28.734 0.0000000000
77087  47.257  12.964  27.934 0.0000000000
77787  48.016  13.374  27.458 0.0000000000
77800  50.282  14.015  23.821 0.0000000000
77793  49.852  14.082  24.932 0.0000000000
78559  49.640  14.771  25.096 0.0000000000
122903  48.790  16.167  26.632 0.0000000000
109270  49.183  18.658  25.649 0.0000000000
81424  49.715  19.205  26.352 0.0000000000
81433  49.079  19.050  25.569 0.0000000000
80708  48.548  18.570  24.998 0.0000000000
77811  45.745  12.973  24.549 0.0000000000
77803  46.432  13.739  25.109 0.0000000000
77804  45.612  13.299  25.579 0.0000000000
77796  45.483  13.666  26.461 0.0000000000
77788  45.245  14.050  27.236 0.0000000000
77797  44.911  13.323  26.845 0.0000000000
111139  43.652  12.274  26.475 0.0000000000
125119  51.704  19.216  41.483 0.0000000000
82114  40.534  20.263  28.170 0.0000000000
79924  44.881  15.276  42.684 0.0000000000
78442  45.423  14.407  42.315 0.0000000000
78444  44.420  13.973  42.940 0.0000000000
78452  45.103  13.915  42.192 0.0000000000
78464  44.942  14.115  41.416 0.0000000000
79205  42.808  15.248  39.538 0.0000000000
79978  41.923  16.115  38.057 0.0000000000
77041  38.834  12.228  34.877 0.0000000000
75646  39.683  10.975  34.324 0.0000000000
75654  40.239  10.289  34.047 0.0000000000
109006  40.895  10.508  33.808 0.0000000000
75653  41.404  10.302  33.455 0.0000000000
75659  41.860  10.045  33.039 0.0000000000
74896  42.455  9.514  32.206 0.0000000000
74900  42.638  9.062  31.584 0.0000000000
74908  42.969  8.843  30.666 0.0000000000
82641  47.000  20.653  37.430 0.0000000000
82653  46.719  20.453  36.074 0.0000000000
82660  46.958  20.338  35.129 0.0000000000
103482  46.022  20.316  34.717 0.0000000000
82683  45.920  20.130  33.769 0.0000000000
82068  45.510  19.858  32.310 0.0000000000
81395  45.109  18.723  29.957 0.0000000000
81436  45.270  19.224  24.682 0.0000000000
80637  46.854  17.614  37.582 0.0000000000
80642  46.683  17.909  36.711 0.0000000000
81352  46.991  18.151  35.926 0.0000000000
81358  47.083  18.215  34.901 0.0000000000
80658  46.597  17.650  33.428 0.0000000000
81364  47.217  18.128  33.978 0.0000000000
80657  47.506  17.792  33.176 0.0000000000
80666  47.962  17.360  32.436 0.0000000000
80679  48.518  16.987  31.623 0.0000000000
102956  47.586  11.651  24.515 0.0000000000
77101  48.427  12.364  24.847 0.0000000000
76422  48.520  12.061  23.555 0.0000000000
77108  49.477  12.709  23.602 0.0000000000
109130  50.182  13.092  22.491 0.0000000000
76435  49.279  12.410  21.172 0.0000000000
77115  50.041  13.024  21.591 0.0000000000
77114  50.327  13.537  22.138 0.0000000000
77808  50.454  14.028  22.746 0.0000000000
78577  50.200  14.368  22.602 0.0000000000
78572  49.617  14.791  23.105 0.0000000000
78573  48.969  15.111  23.245 0.0000000000
77118  45.942  12.433  22.657 0.0000000000
77109  46.356  12.934  23.421 0.0000000000
103182  44.826  12.424  24.454 0.0000000000
76424  44.064  11.914  24.151 0.0000000000
75715  42.896  10.936  24.253 0.0000000000
74116  42.784  8.835  24.244 0.0000000000
74109  42.493  8.212  25.103 0.0000000000
76978  41.987  11.994  42.979 0.0000000000
76292  41.451  11.599  42.648 0.0000000000
77002  40.965  11.591  41.249 0.0000000000
77016  39.538  12.109  39.904 0.0000000000
76325  39.208  11.304  40.323 0.0000000000
77023  38.999  12.712  39.112 0.0000000000
77028  37.868  12.870  37.842 0.0000000000
77726  37.743  13.026  37.035 0.0000000000
77037  37.592  12.227  35.856 0.0000000000
82612  48.177  20.897  38.459 0.0000000000
82639  49.291  20.625  37.046 0.0000000000
82638  50.656  20.673  37.437 0.0000000000
103485  49.154  20.527  36.106 0.0000000000
122341  49.874  20.515  33.214 0.0000000000
82698  50.998  20.584  32.573 0.0000000000
108259  45.495  12.833  30.551 0.0000000000
77753  45.542  13.424  31.195 0.0000000000
77771  45.910  12.841  29.883 0.0000000000
76394  45.459  11.512  28.422 0.0000000000
76393  46.130  11.909  28.014 0.0000000000
76410  46.756  11.818  26.827 0.0000000000
76416  46.743  11.241  25.161 0.0000000000
74942  45.031  9.411  25.057 0.0000000000
74114  45.512  8.389  24.074 0.0000000000
75706  46.084  10.536  24.660 0.0000000000
76423  46.875  11.088  23.902 0.0000000000
76431  47.541  10.988  22.161 0.0000000000
76437  48.038  10.509  20.553 0.0000000000
74961  47.545  8.986  20.682 0.0000000000
74968  47.491  9.114  20.748 0.0000000000
75735  47.170  9.847  20.585 0.0000000000
75739  46.361  9.582  20.488 0.0000000000
74131  44.954  8.521  20.691 0.0000000000
74132  44.321  8.219  21.185 0.0000000000
73334  43.821  7.374  21.548 0.0000000000
72520  44.072  6.586  21.424 0.0000000000
71667  43.720  5.709  21.924 0.0000000000
81286  47.734  18.180  41.371 0.0000000000
80593  47.548  17.173  41.097 0.0000000000
121385  47.516  16.496  39.544 0.0000000000
79933  45.413  16.708  41.869 0.0000000000
107492  46.165  15.494  41.850 0.0000000000
79932  46.790  15.747  41.347 0.0000000000
79202  45.979  15.258  40.312 0.0000000000
79201  46.674  15.403  40.653 0.0000000000
79945  47.102  15.815  40.814 0.0000000000
79957  47.129  15.907  39.960 0.0000000000
125253  47.105  16.502  39.156 0.0000000000
80629  46.581  17.034  38.420 0.0000000000
121477  46.099  17.737  37.016 0.0000000000
80649  44.435  17.513  35.570 0.0000000000
80654  44.597  17.443  34.745 0.0000000000
79996  44.452  16.503  33.500 0.0000000000
79241  44.578  15.611  33.004 0.0000000000
109416  44.694  14.789  32.632 0.0000000000
77001  42.107  12.067  41.637 0.0000000000
77697  42.045  12.779  40.859 0.0000000000
77720  40.044  13.797  39.063 0.0000000000
78477  40.868  14.058  39.418 0.0000000000
78476  41.746  14.251  39.723 0.0000000000
78486  41.157  14.870  38.974 0.0000000000
79222  41.235  15.775  37.701 0.0000000000
79225  41.136  15.829  36.837 0.0000000000
77737  39.686  13.541  35.059 0.0000000000
77039  40.798  12.487  34.262 0.0000000000
77736  40.360  13.961  34.896 0.0000000000
77731  39.841  14.331  35.548 0.0000000000
79230  40.886  15.485  35.936 0.0000000000
107010  41.460  15.965  36.206 0.0000000000
79229  41.576  15.798  35.529 0.0000000000
78506  42.992  14.713  33.664 0.0000000000
77740  43.014  13.765  33.415 0.0000000000
78505  43.560  14.390  33.257 0.0000000000
78511  44.119  14.194  32.812 0.0000000000
78510  44.735  13.979  32.327 0.0000000000
77055  44.969  12.707  31.158 0.0000000000
77064  44.995  12.286  30.544 0.0000000000
76383  44.653  11.324  29.659 0.0000000000
75670  44.094  10.830  30.138 0.0000000000
75679  44.269  10.648  29.318 0.0000000000
75687  44.396  10.417  28.537 0.0000000000
74103  44.306  8.206  26.631 0.0000000000
115560  43.242  8.649  29.815 0.0000000000
74090  43.398  8.327  28.974 0.0000000000
73284  43.638  7.063  28.596 0.0000000000
122539  43.542  7.709  28.542 0.0000000000
74097  43.640  8.261  28.157 0.0000000000
73290  44.279  7.557  27.084 0.0000000000
78447  40.838  13.253  42.882 0.0000000000
77676  40.809  12.430  43.100 0.0000000000
76980  40.244  11.889  43.160 0.0000000000
76294  39.847  11.076  43.194 0.0000000000
77686  38.798  13.375  41.832 0.0000000000
76981  39.272  11.658  43.129 0.0000000000
113494  37.685  10.759  43.323 0.0000000000
74823  37.842  9.357  42.968 0.0000000000
83730  42.236  22.522  36.784 0.0000000000
83223  42.586  21.814  35.612 0.0000000000
83733  42.046  22.366  36.092 0.0000000000
83263  41.470  21.661  32.203 0.0000000000
82706  41.570  21.161  31.555 0.0000000000
82717  42.037  20.621  31.346 0.0000000000
82718  41.190  20.816  30.752 0.0000000000
82120  41.023  20.288  27.572 0.0000000000
82086  44.132  19.720  31.386 0.0000000000
82100  43.614  19.332  30.553 0.0000000000
81408  43.661  19.112  28.658 0.0000000000
82119  41.544  20.266  27.262 0.0000000000
81430  41.180  19.692  27.071 0.0000000000
80698  41.094  18.424  27.718 0.0000000000
80046  42.407  17.346  27.264 0.0000000000
110658  48.737  19.219  42.437 0.0000000000
81997  50.772  18.931  42.305 0.0000000000
81282  51.721  19.061  41.086 0.0000000000
122009  51.897  19.085  40.350 0.0000000000
122013  48.496  18.020  37.807 0.0000000000
81350  49.172  18.536  35.614 0.0000000000
81340  50.168  18.511  37.549 0.0000000000
106067  50.531  18.545  38.118 0.0000000000
81330  51.531  18.821  38.444 0.0000000000
82024  52.035  19.287  38.975 0.0000000000
82035  52.383  19.539  37.796 0.0000000000
111848  52.593  19.788  36.500 0.0000000000
82042  52.645  19.968  35.818 0.0000000000
82050  52.440  19.542  34.415 0.0000000000
82049  52.724  19.923  33.849 0.0000000000
82678  52.242  20.365  33.352 0.0000000000
82715  51.956  20.335  31.628 0.0000000000
78531  46.281  13.954  30.934 0.0000000000
78520  46.525  14.615  31.282 0.0000000000
78541  47.189  14.100  29.948 0.0000000000
79264  47.241  14.946  30.977 0.0000000000
79253  47.555  15.650  31.209 0.0000000000
80024  48.364  16.069  30.614 0.0000000000
80012  49.033  16.772  30.704 0.0000000000
77777  48.453  13.994  27.785 0.0000000000
78560  49.335  14.270  26.030 0.0000000000
78554  48.939  14.485  27.100 0.0000000000
78547  48.648  14.696  28.081 0.0000000000
80685  50.262  17.611  29.865 0.0000000000
81392  51.846  19.072  29.815 0.0000000000
81391  51.644  19.612  29.509 0.0000000000
82094  51.565  19.938  29.640 0.0000000000
82081  50.589  20.108  30.458 0.0000000000
82110  49.233  19.426  28.687 0.0000000000
117185  48.472  19.212  26.364 0.0000000000
81426  47.232  19.000  25.924 0.0000000000
81445  45.749  18.841  24.456 0.0000000000
78566  48.414  16.061  23.982 0.0000000000
79301  47.735  16.836  24.190 0.0000000000
116531  46.888  14.540  25.214 0.0000000000
80050  46.920  17.266  24.542 0.0000000000
120101  46.085  17.835  24.460 0.0000000000
80043  44.973  16.667  26.364 0.0000000000
78556  44.814  14.395  27.860 0.0000000000
78549  44.321  14.669  28.367 0.0000000000
73326  43.439  7.511  22.201 0.0000000000
72509  42.814  6.246  23.023 0.0000000000
73304  42.401  7.359  25.502 0.0000000000
74096  43.940  8.215  27.415 0.0000000000
74137  46.418  8.629  20.486 0.0000000000
74809  38.198  9.775  43.258 0.0000000000
74833  38.072  9.281  42.165 0.0000000000
74956  42.936  9.736  23.753 0.0000000000
74976  45.709  9.025  20.498 0.0000000000
75583  38.747  10.098  43.219 0.0000000000
75597  39.091  9.909  42.513 0.0000000000
75737  45.133  10.436  21.182 0.0000000000
76345  40.232  11.751  34.285 0.0000000000
76443  48.877  12.197  20.860 0.0000000000
76445  47.733  11.419  20.575 0.0000000000
76987  42.143  11.902  42.458 0.0000000000
76988  41.646  11.515  42.016 0.0000000000
77089  44.331  12.782  26.734 0.0000000000
77104  43.564  11.889  24.964 0.0000000000
77672  44.469  13.640  42.521 0.0000000000
77674  42.409  12.678  43.035 0.0000000000
77683  43.874  13.082  42.334 0.0000000000
77684  43.330  12.666  42.090 0.0000000000
77729  38.265  13.503  36.735 0.0000000000
77794  49.276  13.664  25.772 0.0000000000
77817  49.773  14.229  21.983 0.0000000000
78443  44.988  14.002  42.632 0.0000000000
78445  43.598  13.830  43.079 0.0000000000
78492  38.612  13.930  37.166 0.0000000000
78539  48.478  14.793  28.872 0.0000000000
78565  49.970  14.408  24.171 0.0000000000
78578  49.796  14.521  22.499 0.0000000000
79169  45.028  14.461  42.711 0.0000000000
79187  46.235  14.868  41.186 0.0000000000
79218  43.030  15.839  39.086 0.0000000000
79219  42.315  15.727  38.809 0.0000000000
79220  41.524  15.539  38.507 0.0000000000
79221  40.725  15.304  38.146 0.0000000000
79224  39.902  15.078  36.897 0.0000000000
79263  47.930  15.311  30.558 0.0000000000
79935  43.387  16.607  42.292 0.0000000000
79980  43.905  17.200  37.473 0.0000000000
79986  41.809  16.310  36.728 0.0000000000
79988  43.173  16.908  35.426 0.0000000000
79989  42.572  16.625  35.752 0.0000000000
79993  42.712  16.484  35.105 0.0000000000
80002  45.731  16.366  32.668 0.0000000000
80595  45.858  17.623  41.539 0.0000000000
80644  44.383  17.528  36.355 0.0000000000
80717  46.656  18.571  24.459 0.0000000000
81297  51.988  19.147  39.626 0.0000000000
81298  51.357  18.794  40.333 0.0000000000
81312  52.118  19.308  38.824 0.0000000000
81331  50.378  18.471  38.847 0.0000000000
81338  52.442  19.433  37.122 0.0000000000
81346  48.406  18.341  36.384 0.0000000000
81383  52.336  19.528  30.821 0.0000000000
81416  46.159  18.655  28.130 0.0000000000
81431  40.970  20.173  27.417 0.0000000000
81438  43.356  19.784  25.182 0.0000000000
81983  51.632  19.418  42.178 0.0000000000
81995  51.823  19.214  40.763 0.0000000000
81996  51.490  19.141  41.924 0.0000000000
82045  52.698  19.946  34.818 0.0000000000
82063  52.604  19.609  32.357 0.0000000000
82079  52.343  19.964  31.018 0.0000000000
82085  45.073  19.602  31.546 0.0000000000
82095  50.635  19.885  29.421 0.0000000000
82579  51.767  19.597  41.362 0.0000000000
82624  52.106  19.624  38.448 0.0000000000
82649  51.908  20.459  36.101 0.0000000000
82651  48.278  20.519  36.664 0.0000000000
82662  45.286  20.465  35.146 0.0000000000
82697  52.209  20.333  32.559 0.0000000000
106537  47.935  19.461  30.642 0.0000000000
108607  51.646  20.567  33.022 0.0000000000
110163  44.746  11.519  22.538 0.0000000000
110182  44.690  9.089  20.942 0.0000000000
111136  51.593  20.178  41.196 0.0000000000
114063  42.974  13.341  43.103 0.0000000000
115557  43.077  8.038  23.574 0.0000000000
118116  49.298  20.536  35.286 0.0000000000
118152  52.211  19.401  38.370 0.0000000000
121289  52.057  18.996  36.700 0.0000000000
122598  44.235  12.896  32.122 0.0000000000
122779  45.407  20.163  33.323 0.0000000000
124600  42.813  12.989  33.332 0.0000000000
124759  44.554  17.144  41.891 0.0000000000
125058  48.909  16.370  29.392 0.0000000000
