#!ascii label  , from subject sub-v1s5x0050757_ses-1 vox2ras=TkReg
694
54042  20.637  -14.389  -2.220 0.0000000000
58816  29.338  -9.957  -11.129 0.0000000000
72000  24.479  5.600  -18.665 0.0000000000
64479  24.356  -3.312  -14.406 0.0000000000
112922  21.610  -20.037  -0.903 0.0000000000
51338  24.360  -18.014  -2.496 0.0000000000
55122  23.975  -12.814  -6.699 0.0000000000
122794  24.053  -8.066  -9.319 0.0000000000
105252  26.858  -2.059  -13.705 0.0000000000
72792  25.736  6.025  -13.374 0.0000000000
77385  22.705  12.686  -24.410 0.0000000000
51323  20.718  -17.426  -1.342 0.0000000000
116158  23.256  -19.488  -2.152 0.0000000000
53068  22.896  -16.031  -3.151 0.0000000000
122454  20.377  -7.715  -6.248 0.0000000000
62522  19.880  -5.123  -6.671 0.0000000000
67907  25.418  0.462  -18.244 0.0000000000
64483  26.468  -4.021  -16.292 0.0000000000
118730  25.654  1.428  -16.143 0.0000000000
68678  26.153  1.809  -13.375 0.0000000000
71989  24.959  6.023  -16.114 0.0000000000
107880  19.175  14.128  -20.305 0.0000000000
102672  20.501  12.254  -22.039 0.0000000000
79595  19.862  15.574  -23.656 0.0000000000
56963  26.896  -12.267  -9.065 0.0000000000
54096  26.929  -15.627  -6.958 0.0000000000
55129  29.679  -14.179  -9.013 0.0000000000
71137  23.297  3.973  -20.290 0.0000000000
62544  28.431  -5.688  -9.166 0.0000000000
56917  20.420  -11.522  -3.277 0.0000000000
121723  22.199  -13.500  -4.309 0.0000000000
122444  21.583  -10.712  -5.592 0.0000000000
57882  24.627  -10.562  -8.497 0.0000000000
59762  26.335  -9.607  -11.281 0.0000000000
61623  24.461  -6.224  -11.009 0.0000000000
61652  27.123  -7.110  -14.117 0.0000000000
62560  27.710  -5.820  -11.749 0.0000000000
122500  26.970  -1.930  -11.398 0.0000000000
74492  20.447  6.437  -23.238 0.0000000000
75310  24.015  9.330  -22.736 0.0000000000
79592  24.148  15.702  -23.486 0.0000000000
77379  25.426  12.143  -22.925 0.0000000000
114844  24.678  10.616  -19.449 0.0000000000
75283  26.152  9.867  -16.077 0.0000000000
119532  24.843  -16.309  -4.909 0.0000000000
55050  19.749  -13.335  -1.134 0.0000000000
54023  19.990  -14.160  -1.382 0.0000000000
53039  20.797  -15.864  -1.769 0.0000000000
52157  21.677  -16.189  -2.215 0.0000000000
53053  21.269  -15.251  -2.355 0.0000000000
70295  24.911  2.821  -18.454 0.0000000000
68697  25.659  0.859  -17.172 0.0000000000
70285  25.099  3.762  -16.696 0.0000000000
70276  25.304  3.808  -15.579 0.0000000000
71990  24.756  5.954  -16.826 0.0000000000
102875  19.625  15.553  -20.740 0.0000000000
79583  18.964  15.031  -22.363 0.0000000000
80313  20.912  16.852  -21.751 0.0000000000
114998  28.066  -11.724  -10.052 0.0000000000
56068  29.079  -13.754  -9.362 0.0000000000
56979  29.961  -12.455  -10.272 0.0000000000
69497  23.312  2.194  -19.100 0.0000000000
71138  22.513  4.053  -19.955 0.0000000000
50408  20.167  -18.480  -0.149 0.0000000000
121000  20.760  -20.129  0.301 0.0000000000
48476  21.765  -20.712  0.405 0.0000000000
49472  22.320  -20.480  -0.513 0.0000000000
51320  23.883  -18.804  -2.321 0.0000000000
50424  23.729  -19.762  -1.182 0.0000000000
57848  20.562  -10.579  -4.391 0.0000000000
58758  20.448  -9.833  -4.901 0.0000000000
60647  22.223  -7.802  -7.776 0.0000000000
58788  22.239  -9.071  -7.021 0.0000000000
58795  23.551  -9.310  -8.076 0.0000000000
58802  25.361  -10.508  -9.529 0.0000000000
59749  24.952  -9.474  -9.644 0.0000000000
62546  23.130  -5.322  -9.877 0.0000000000
63538  24.729  -4.105  -13.923 0.0000000000
65405  26.841  -2.957  -15.627 0.0000000000
62590  26.810  -5.966  -15.027 0.0000000000
63535  27.548  -5.443  -14.398 0.0000000000
60712  27.446  -7.441  -13.511 0.0000000000
63514  27.234  -4.318  -12.370 0.0000000000
108973  27.276  -4.334  -11.359 0.0000000000
107827  26.755  -1.976  -12.741 0.0000000000
70247  25.626  3.938  -13.125 0.0000000000
69454  26.466  2.526  -12.219 0.0000000000
107137  21.069  12.534  -22.986 0.0000000000
110549  20.159  9.674  -23.347 0.0000000000
102809  21.127  10.436  -24.384 0.0000000000
109413  21.988  7.792  -24.090 0.0000000000
115202  23.492  10.616  -23.739 0.0000000000
76023  25.277  10.874  -21.601 0.0000000000
76703  25.489  11.927  -19.757 0.0000000000
76005  25.261  10.160  -17.585 0.0000000000
55109  22.991  -12.830  -5.399 0.0000000000
54072  23.637  -14.500  -4.856 0.0000000000
54085  24.686  -14.300  -6.015 0.0000000000
54083  27.521  -15.612  -6.078 0.0000000000
53087  26.371  -16.311  -5.539 0.0000000000
52123  19.735  -16.947  -0.775 0.0000000000
50426  21.260  -18.532  -1.428 0.0000000000
49485  22.572  -20.212  -1.417 0.0000000000
51322  21.756  -17.843  -1.826 0.0000000000
51321  22.919  -18.319  -2.365 0.0000000000
52156  23.410  -17.016  -2.892 0.0000000000
124853  19.556  -6.969  -5.379 0.0000000000
107412  20.335  -6.989  -6.437 0.0000000000
60659  21.982  -6.875  -8.072 0.0000000000
66278  24.776  -1.843  -17.742 0.0000000000
64484  25.290  -4.180  -15.818 0.0000000000
67078  26.003  -1.092  -17.865 0.0000000000
67072  26.414  -1.095  -16.036 0.0000000000
104059  26.403  -0.498  -14.779 0.0000000000
67063  26.498  -0.421  -13.542 0.0000000000
68685  25.841  1.583  -14.619 0.0000000000
113444  25.409  4.142  -14.714 0.0000000000
72814  25.445  6.314  -14.810 0.0000000000
77365  20.287  12.123  -19.742 0.0000000000
102674  19.246  13.280  -21.176 0.0000000000
78118  19.619  14.042  -23.637 0.0000000000
78122  20.766  13.939  -24.537 0.0000000000
56056  25.502  -12.728  -7.857 0.0000000000
55132  25.604  -13.857  -7.109 0.0000000000
55131  27.486  -14.390  -8.219 0.0000000000
54103  28.805  -15.110  -8.286 0.0000000000
66264  23.812  -2.181  -15.540 0.0000000000
67086  23.404  -0.585  -17.522 0.0000000000
70300  24.311  2.724  -19.421 0.0000000000
72002  24.205  5.442  -20.042 0.0000000000
49471  23.113  -20.216  -0.194 0.0000000000
60668  28.800  -7.271  -10.124 0.0000000000
58801  29.918  -10.277  -10.287 0.0000000000
120390  20.465  -12.949  -2.531 0.0000000000
55080  21.610  -13.402  -3.766 0.0000000000
56011  21.374  -12.631  -4.052 0.0000000000
56032  21.880  -11.877  -5.073 0.0000000000
56949  23.005  -11.679  -6.317 0.0000000000
58766  21.021  -9.346  -6.033 0.0000000000
57868  22.527  -10.738  -6.384 0.0000000000
56957  24.160  -11.436  -7.698 0.0000000000
105803  25.205  -11.237  -8.930 0.0000000000
57895  25.866  -10.832  -9.946 0.0000000000
58818  27.902  -9.949  -11.534 0.0000000000
112869  22.443  -6.309  -8.769 0.0000000000
113734  24.388  -7.134  -10.444 0.0000000000
113793  25.842  -5.691  -14.454 0.0000000000
61637  25.469  -6.925  -12.542 0.0000000000
60700  25.442  -7.735  -12.044 0.0000000000
60699  26.588  -8.252  -12.597 0.0000000000
104630  27.535  -8.690  -12.559 0.0000000000
60683  28.678  -7.761  -11.252 0.0000000000
62552  27.681  -5.454  -10.593 0.0000000000
64450  27.670  -3.897  -9.958 0.0000000000
67056  26.589  -0.264  -12.518 0.0000000000
72845  21.916  6.009  -22.051 0.0000000000
73665  23.112  6.681  -21.641 0.0000000000
107370  24.307  7.611  -19.729 0.0000000000
80323  22.388  16.218  -23.528 0.0000000000
110325  23.107  14.332  -24.775 0.0000000000
78828  25.006  14.135  -23.238 0.0000000000
77382  24.135  12.159  -23.318 0.0000000000
76029  23.948  10.862  -22.791 0.0000000000
120662  24.530  9.224  -20.092 0.0000000000
74481  24.434  8.293  -18.774 0.0000000000
74470  24.700  8.062  -17.171 0.0000000000
74469  25.193  8.220  -16.319 0.0000000000
74450  25.909  7.994  -15.092 0.0000000000
54055  22.462  -14.531  -3.735 0.0000000000
53067  23.525  -15.892  -3.889 0.0000000000
52173  24.835  -17.304  -3.798 0.0000000000
54084  25.439  -15.389  -6.134 0.0000000000
52190  25.469  -16.623  -4.980 0.0000000000
55069  20.252  -13.530  -1.997 0.0000000000
53040  20.319  -15.018  -1.675 0.0000000000
119635  21.347  -14.514  -2.772 0.0000000000
71131  24.627  4.303  -18.197 0.0000000000
70286  24.860  3.645  -17.758 0.0000000000
71997  24.562  5.197  -17.615 0.0000000000
71123  24.841  4.471  -17.114 0.0000000000
115949  24.498  5.961  -17.621 0.0000000000
80314  20.083  16.156  -21.471 0.0000000000
57893  28.747  -11.257  -10.831 0.0000000000
56980  29.205  -12.158  -10.410 0.0000000000
57892  29.598  -10.937  -10.963 0.0000000000
49474  20.787  -19.651  -0.289 0.0000000000
50388  20.058  -19.089  0.647 0.0000000000
48477  21.058  -20.735  0.592 0.0000000000
49473  21.381  -20.432  -0.146 0.0000000000
51319  24.368  -18.586  -1.932 0.0000000000
51337  24.728  -17.689  -2.285 0.0000000000
58747  20.001  -9.771  -3.850 0.0000000000
59702  19.917  -9.002  -4.660 0.0000000000
59742  23.084  -8.377  -8.207 0.0000000000
59733  22.600  -8.724  -7.578 0.0000000000
59741  24.041  -8.959  -8.742 0.0000000000
59750  24.541  -9.044  -9.340 0.0000000000
63527  24.377  -4.237  -12.721 0.0000000000
65398  27.084  -2.901  -14.414 0.0000000000
63536  27.431  -4.702  -14.858 0.0000000000
64471  27.290  -3.660  -14.024 0.0000000000
63525  27.443  -4.438  -13.589 0.0000000000
65392  26.951  -2.739  -13.255 0.0000000000
64465  27.073  -3.475  -12.764 0.0000000000
71957  25.623  5.423  -13.816 0.0000000000
102842  21.925  12.519  -23.911 0.0000000000
102670  21.811  11.859  -23.131 0.0000000000
102917  21.605  10.968  -24.056 0.0000000000
122457  22.116  10.971  -24.220 0.0000000000
76722  22.399  11.725  -23.217 0.0000000000
77364  26.167  12.343  -20.523 0.0000000000
76702  26.252  12.390  -19.547 0.0000000000
76694  25.712  11.854  -18.871 0.0000000000
55108  23.619  -13.159  -5.849 0.0000000000
119297  24.158  -13.520  -6.136 0.0000000000
55107  27.736  -14.701  -5.612 0.0000000000
54069  27.144  -15.356  -5.112 0.0000000000
52138  20.252  -16.422  -1.305 0.0000000000
51309  20.340  -17.987  -0.842 0.0000000000
109459  22.513  -16.549  -2.612 0.0000000000
52136  22.163  -17.138  -2.220 0.0000000000
51340  22.946  -17.369  -2.587 0.0000000000
113034  19.472  -5.123  -6.085 0.0000000000
62523  19.626  -5.777  -6.026 0.0000000000
61592  20.170  -6.085  -6.602 0.0000000000
60649  20.807  -6.522  -7.213 0.0000000000
118396  21.419  -6.482  -7.775 0.0000000000
67084  25.455  -0.584  -18.227 0.0000000000
66277  25.794  -1.889  -17.767 0.0000000000
115382  25.526  1.641  -16.839 0.0000000000
67073  26.158  -0.663  -16.881 0.0000000000
67895  25.880  0.426  -16.251 0.0000000000
67894  26.170  -0.246  -15.744 0.0000000000
68691  25.795  1.228  -15.407 0.0000000000
67889  26.064  0.590  -14.925 0.0000000000
69470  25.582  2.082  -15.250 0.0000000000
71122  25.109  4.637  -16.090 0.0000000000
71111  25.257  4.753  -15.122 0.0000000000
71970  25.430  5.496  -14.608 0.0000000000
72822  25.161  6.556  -15.539 0.0000000000
102678  19.584  14.172  -19.738 0.0000000000
110960  19.928  13.398  -19.579 0.0000000000
119249  19.139  13.290  -20.009 0.0000000000
102887  19.051  12.474  -20.491 0.0000000000
102676  18.986  13.363  -20.553 0.0000000000
79589  19.050  15.061  -23.397 0.0000000000
78830  19.071  14.734  -23.085 0.0000000000
79596  19.439  15.127  -24.096 0.0000000000
78123  19.930  13.931  -24.326 0.0000000000
79600  19.859  15.182  -24.415 0.0000000000
56071  25.629  -12.087  -8.546 0.0000000000
56055  26.479  -13.091  -8.163 0.0000000000
56070  27.176  -13.253  -8.574 0.0000000000
55138  29.044  -14.697  -8.700 0.0000000000
55130  29.143  -14.794  -8.419 0.0000000000
54094  28.599  -15.229  -7.937 0.0000000000
66271  23.431  -1.434  -15.343 0.0000000000
120203  23.176  -1.244  -15.919 0.0000000000
67079  23.586  -1.393  -17.117 0.0000000000
67909  23.317  0.233  -17.737 0.0000000000
69500  23.119  2.833  -19.693 0.0000000000
69499  23.643  2.569  -19.619 0.0000000000
70302  23.586  3.215  -20.006 0.0000000000
107335  24.283  3.481  -19.688 0.0000000000
110412  23.763  4.650  -20.489 0.0000000000
120757  22.720  -19.863  -1.911 0.0000000000
49499  23.281  -20.087  -1.823 0.0000000000
50407  23.746  -19.495  0.109 0.0000000000
56903  20.004  -11.292  -2.684 0.0000000000
55996  20.317  -12.100  -2.708 0.0000000000
55081  20.922  -12.832  -3.283 0.0000000000
56012  20.825  -12.091  -3.653 0.0000000000
56932  21.183  -11.222  -4.894 0.0000000000
125261  21.710  -11.320  -5.313 0.0000000000
56031  22.666  -12.124  -5.574 0.0000000000
118323  22.259  -11.408  -5.689 0.0000000000
60627  20.168  -8.030  -5.871 0.0000000000
59713  20.086  -8.496  -5.479 0.0000000000
59725  20.699  -8.495  -6.242 0.0000000000
58787  22.986  -9.576  -7.434 0.0000000000
58777  22.382  -9.785  -6.743 0.0000000000
57875  23.270  -10.391  -7.235 0.0000000000
56958  23.486  -11.210  -7.081 0.0000000000
57874  24.115  -10.800  -7.830 0.0000000000
56956  24.598  -11.493  -8.192 0.0000000000
57881  25.038  -10.739  -8.822 0.0000000000
58819  25.868  -10.102  -10.459 0.0000000000
57908  26.557  -10.568  -10.551 0.0000000000
57907  27.663  -10.556  -10.952 0.0000000000
107334  26.836  -10.104  -11.164 0.0000000000
62553  23.647  -5.641  -10.378 0.0000000000
62547  22.766  -5.660  -9.418 0.0000000000
61613  23.385  -6.067  -9.819 0.0000000000
60671  23.120  -6.425  -9.328 0.0000000000
61624  23.933  -6.407  -10.276 0.0000000000
64489  25.692  -4.080  -16.524 0.0000000000
63550  25.743  -4.894  -15.443 0.0000000000
63558  26.127  -4.669  -16.014 0.0000000000
61665  26.989  -6.542  -14.606 0.0000000000
62579  26.509  -6.197  -14.693 0.0000000000
61653  26.304  -7.050  -13.588 0.0000000000
60714  26.126  -7.542  -12.845 0.0000000000
59778  25.810  -8.501  -11.765 0.0000000000
60713  26.992  -7.735  -13.479 0.0000000000
61636  28.004  -6.978  -12.763 0.0000000000
60698  27.807  -7.993  -12.968 0.0000000000
60684  28.299  -7.432  -11.964 0.0000000000
60697  28.353  -8.317  -12.161 0.0000000000
61621  28.389  -7.000  -10.921 0.0000000000
61622  28.016  -6.457  -11.310 0.0000000000
64464  27.093  -3.350  -11.515 0.0000000000
64457  27.433  -3.636  -10.583 0.0000000000
114292  27.388  -2.857  -10.549 0.0000000000
66247  27.216  -1.502  -10.810 0.0000000000
68684  26.110  1.238  -13.984 0.0000000000
67878  26.447  0.392  -12.953 0.0000000000
109065  26.309  1.117  -13.209 0.0000000000
76716  20.204  11.612  -21.339 0.0000000000
76715  20.840  10.669  -21.928 0.0000000000
75309  20.103  8.514  -23.413 0.0000000000
76025  19.783  8.993  -21.822 0.0000000000
75305  20.008  7.639  -22.605 0.0000000000
73666  21.136  6.138  -21.699 0.0000000000
117993  21.977  6.103  -21.297 0.0000000000
73670  20.941  6.038  -22.648 0.0000000000
75311  23.259  8.528  -23.570 0.0000000000
74491  23.243  7.506  -21.672 0.0000000000
75304  23.632  8.315  -21.628 0.0000000000
73664  24.026  6.711  -20.824 0.0000000000
74490  24.178  8.425  -20.722 0.0000000000
80318  23.149  16.741  -22.969 0.0000000000
79593  22.904  15.754  -24.078 0.0000000000
79598  22.356  15.068  -24.587 0.0000000000
79597  23.535  15.083  -24.313 0.0000000000
78116  25.818  13.293  -22.724 0.0000000000
104062  25.620  13.805  -22.770 0.0000000000
78117  25.115  13.321  -23.293 0.0000000000
77383  24.683  12.873  -24.039 0.0000000000
77381  25.151  12.595  -23.255 0.0000000000
76720  23.836  11.438  -22.766 0.0000000000
76719  24.717  11.823  -22.947 0.0000000000
76710  25.123  10.696  -20.844 0.0000000000
76024  24.964  9.909  -21.375 0.0000000000
75300  24.471  9.795  -19.392 0.0000000000
115085  24.413  8.635  -19.650 0.0000000000
75294  24.477  9.396  -18.570 0.0000000000
112829  24.432  7.814  -18.103 0.0000000000
74477  24.536  8.696  -17.831 0.0000000000
75997  25.692  10.125  -17.051 0.0000000000
74476  25.118  8.977  -16.929 0.0000000000
75276  25.741  9.080  -16.018 0.0000000000
74460  25.626  8.322  -15.657 0.0000000000
74459  26.128  8.853  -15.234 0.0000000000
54041  21.759  -14.188  -3.360 0.0000000000
55079  22.140  -13.923  -3.933 0.0000000000
54054  23.185  -14.931  -4.170 0.0000000000
119320  24.004  -15.576  -4.580 0.0000000000
52186  24.439  -16.655  -4.244 0.0000000000
54106  26.458  -14.834  -7.313 0.0000000000
54098  25.278  -14.408  -6.513 0.0000000000
53095  26.236  -15.785  -6.451 0.0000000000
119688  26.114  -16.628  -5.043 0.0000000000
52183  25.918  -16.567  -5.306 0.0000000000
52184  25.739  -16.739  -4.707 0.0000000000
52172  25.350  -17.111  -3.974 0.0000000000
119005  20.003  -15.592  -1.271 0.0000000000
52137  21.244  -16.782  -1.743 0.0000000000
53052  22.087  -15.776  -2.658 0.0000000000
68703  25.181  1.302  -18.561 0.0000000000
118876  25.500  1.421  -17.781 0.0000000000
69487  25.272  2.101  -18.137 0.0000000000
69481  25.381  2.232  -17.104 0.0000000000
106867  25.279  2.991  -16.373 0.0000000000
69475  25.462  2.225  -16.160 0.0000000000
119651  24.882  5.313  -16.513 0.0000000000
80305  20.263  15.717  -20.021 0.0000000000
102972  19.116  14.876  -20.808 0.0000000000
102683  19.046  14.879  -21.463 0.0000000000
79582  19.217  15.293  -21.545 0.0000000000
79588  19.524  15.571  -22.485 0.0000000000
80325  20.387  16.037  -22.822 0.0000000000
56981  27.205  -11.790  -9.631 0.0000000000
56069  27.897  -13.230  -9.068 0.0000000000
56082  28.242  -12.519  -9.620 0.0000000000
118337  29.460  -12.899  -9.958 0.0000000000
56067  29.952  -13.312  -9.650 0.0000000000
69498  22.703  2.659  -18.653 0.0000000000
70303  22.965  3.376  -20.111 0.0000000000
51296  19.400  -17.459  -0.180 0.0000000000
50409  19.180  -18.004  0.487 0.0000000000
48464  21.336  -20.973  1.244 0.0000000000
48463  22.053  -20.814  1.283 0.0000000000
50436  23.888  -19.529  -1.985 0.0000000000
57834  20.143  -10.722  -3.329 0.0000000000
56933  20.716  -11.372  -4.025 0.0000000000
121367  20.897  -10.478  -5.133 0.0000000000
59724  21.611  -8.286  -7.065 0.0000000000
58794  24.422  -9.937  -8.573 0.0000000000
58793  25.005  -10.389  -8.908 0.0000000000
58803  25.177  -10.177  -9.309 0.0000000000
117558  25.328  -9.784  -9.964 0.0000000000
59763  25.594  -9.222  -11.046 0.0000000000
63504  23.927  -5.067  -10.962 0.0000000000
62569  24.790  -5.200  -12.344 0.0000000000
63549  26.837  -4.777  -15.595 0.0000000000
64477  27.156  -3.897  -15.270 0.0000000000
63548  27.124  -5.524  -15.168 0.0000000000
114999  27.278  -6.672  -14.346 0.0000000000
61651  27.615  -6.910  -13.820 0.0000000000
62578  27.650  -6.176  -14.030 0.0000000000
63524  27.629  -5.252  -13.238 0.0000000000
109153  27.431  -5.142  -12.059 0.0000000000
65388  26.828  -2.477  -12.050 0.0000000000
70256  25.662  3.226  -13.717 0.0000000000
69459  26.185  2.335  -12.918 0.0000000000
70255  26.010  3.098  -12.848 0.0000000000
121096  26.337  3.313  -12.151 0.0000000000
102668  21.324  11.788  -22.766 0.0000000000
102967  21.069  11.309  -22.435 0.0000000000
111157  20.689  10.132  -24.280 0.0000000000
102667  20.512  9.235  -24.301 0.0000000000
75312  21.301  7.982  -24.129 0.0000000000
117330  22.127  9.659  -24.496 0.0000000000
75315  23.316  9.273  -24.209 0.0000000000
76030  23.908  9.876  -23.977 0.0000000000
77378  25.942  12.407  -22.622 0.0000000000
76717  25.651  11.854  -22.582 0.0000000000
76713  25.751  11.589  -21.952 0.0000000000
76709  25.594  11.537  -20.878 0.0000000000
76695  24.955  11.287  -19.136 0.0000000000
76006  24.749  10.093  -18.145 0.0000000000
76012  25.282  10.859  -18.266 0.0000000000
112677  25.895  10.620  -17.470 0.0000000000
55094  22.601  -13.219  -4.779 0.0000000000
54073  22.777  -13.997  -4.429 0.0000000000
55093  23.283  -13.574  -5.130 0.0000000000
54086  23.965  -14.015  -5.567 0.0000000000
54071  24.559  -15.184  -5.372 0.0000000000
54095  27.402  -15.708  -6.537 0.0000000000
53094  26.721  -16.051  -6.200 0.0000000000
53078  27.032  -16.058  -5.805 0.0000000000
53079  26.520  -16.247  -4.973 0.0000000000
49486  20.917  -19.130  -0.971 0.0000000000
50425  21.864  -19.545  -1.494 0.0000000000
50437  22.292  -19.003  -1.938 0.0000000000
51339  23.721  -17.892  -2.647 0.0000000000
51349  24.328  -17.458  -3.030 0.0000000000
119094  19.933  -7.417  -5.802 0.0000000000
60640  19.802  -6.600  -5.939 0.0000000000
60639  20.861  -7.550  -6.786 0.0000000000
60648  21.464  -7.249  -7.451 0.0000000000
60658  22.697  -7.413  -8.424 0.0000000000
65414  24.409  -2.872  -16.377 0.0000000000
64485  24.573  -3.386  -15.201 0.0000000000
106510  25.297  -2.649  -17.313 0.0000000000
65420  25.972  -3.221  -17.236 0.0000000000
66276  26.164  -2.549  -17.328 0.0000000000
67901  25.879  -0.166  -17.649 0.0000000000
67077  26.256  -1.626  -17.196 0.0000000000
66269  26.543  -2.179  -16.317 0.0000000000
66263  26.783  -2.042  -15.218 0.0000000000
66258  26.676  -1.410  -14.276 0.0000000000
67884  26.304  0.410  -13.883 0.0000000000
68679  25.957  1.914  -13.959 0.0000000000
111508  25.424  2.876  -15.454 0.0000000000
70266  25.491  3.333  -14.647 0.0000000000
109957  25.512  4.016  -13.969 0.0000000000
71100  25.480  4.754  -14.282 0.0000000000
72805  25.747  6.134  -14.084 0.0000000000
102677  19.913  13.006  -21.729 0.0000000000
102682  19.258  14.509  -21.799 0.0000000000
102680  19.767  13.906  -22.217 0.0000000000
102671  20.431  13.273  -22.632 0.0000000000
102675  20.548  13.351  -23.750 0.0000000000
77386  20.984  13.294  -24.229 0.0000000000
78121  21.832  13.294  -24.589 0.0000000000
55133  24.727  -12.821  -7.288 0.0000000000
55121  24.720  -13.572  -6.596 0.0000000000
113885  26.492  -14.001  -7.717 0.0000000000
54105  27.340  -15.059  -7.602 0.0000000000
105254  28.194  -14.131  -8.753 0.0000000000
111699  27.913  -15.368  -7.319 0.0000000000
65406  24.132  -2.685  -15.306 0.0000000000
66270  23.888  -2.090  -16.519 0.0000000000
67085  24.543  -1.073  -18.118 0.0000000000
67908  24.485  -0.089  -18.383 0.0000000000
68704  23.424  1.370  -18.590 0.0000000000
68709  24.490  1.294  -18.853 0.0000000000
69488  24.841  1.986  -18.933 0.0000000000
71134  24.500  4.149  -19.276 0.0000000000
115624  24.527  4.819  -18.681 0.0000000000
123532  23.422  -20.049  -0.686 0.0000000000
59760  29.437  -9.151  -10.456 0.0000000000
60667  29.365  -8.086  -9.598 0.0000000000
55068  20.970  -13.708  -2.878 0.0000000000
55095  21.948  -12.984  -4.466 0.0000000000
56021  21.272  -11.953  -4.401 0.0000000000
120183  21.753  -12.425  -4.619 0.0000000000
56020  22.316  -12.579  -4.983 0.0000000000
56030  23.321  -12.445  -6.156 0.0000000000
58767  20.475  -9.199  -5.529 0.0000000000
118299  20.972  -9.924  -5.592 0.0000000000
58778  21.571  -9.136  -6.518 0.0000000000
57869  21.635  -9.940  -6.144 0.0000000000
56046  23.688  -11.981  -6.939 0.0000000000
56058  24.244  -12.105  -7.501 0.0000000000
56057  24.718  -12.107  -7.922 0.0000000000
56072  24.968  -11.686  -8.476 0.0000000000
56964  25.775  -11.667  -9.047 0.0000000000
57880  25.205  -10.799  -9.055 0.0000000000
56983  25.413  -11.030  -9.353 0.0000000000
56982  26.178  -11.435  -9.534 0.0000000000
57894  27.107  -11.163  -10.193 0.0000000000
57906  28.791  -10.396  -11.302 0.0000000000
122954  19.846  -4.478  -6.828 0.0000000000
61599  21.128  -5.724  -7.865 0.0000000000
103924  23.273  -7.164  -9.000 0.0000000000
118167  24.401  -7.741  -9.947 0.0000000000
64478  25.047  -4.048  -14.913 0.0000000000
63526  25.240  -5.175  -13.514 0.0000000000
62591  26.143  -5.624  -15.081 0.0000000000
109360  26.011  -6.197  -13.956 0.0000000000
62561  24.901  -6.123  -12.014 0.0000000000
61638  24.967  -6.914  -11.760 0.0000000000
60701  24.837  -7.422  -11.183 0.0000000000
60686  24.743  -8.060  -10.555 0.0000000000
60685  25.165  -8.342  -11.207 0.0000000000
59777  26.584  -9.015  -11.932 0.0000000000
116520  27.517  -9.134  -12.217 0.0000000000
58827  28.078  -9.380  -12.018 0.0000000000
59775  28.599  -8.956  -11.917 0.0000000000
59761  29.088  -9.097  -11.358 0.0000000000
59748  29.101  -8.300  -10.776 0.0000000000
108631  28.208  -6.253  -10.113 0.0000000000
113806  27.406  -5.068  -11.213 0.0000000000
63503  27.504  -4.495  -10.559 0.0000000000
63495  27.797  -4.610  -9.802 0.0000000000
104189  26.645  -1.191  -12.928 0.0000000000
114624  26.531  1.044  -12.437 0.0000000000
67052  27.004  -0.781  -11.199 0.0000000000
76027  20.378  9.829  -22.120 0.0000000000
72004  22.619  5.598  -21.032 0.0000000000
108966  23.032  4.744  -20.627 0.0000000000
73672  21.986  6.623  -23.188 0.0000000000
73669  22.027  6.097  -22.709 0.0000000000
72003  23.565  5.320  -20.915 0.0000000000
72843  24.153  6.015  -20.605 0.0000000000
72839  24.439  6.270  -19.245 0.0000000000
81017  21.825  17.219  -22.043 0.0000000000
80324  21.149  16.111  -23.459 0.0000000000
80319  22.135  16.627  -22.676 0.0000000000
79599  20.968  14.890  -24.449 0.0000000000
78832  21.951  14.149  -24.801 0.0000000000
78120  22.857  13.458  -24.884 0.0000000000
78829  24.534  14.902  -23.647 0.0000000000
78831  24.193  14.327  -24.321 0.0000000000
77384  23.795  12.904  -24.568 0.0000000000
110710  23.277  12.164  -23.472 0.0000000000
76721  23.173  11.561  -22.901 0.0000000000
76028  24.183  10.191  -22.936 0.0000000000
76714  25.227  11.231  -22.221 0.0000000000
76026  24.827  10.170  -22.259 0.0000000000
75303  24.458  9.180  -20.911 0.0000000000
123716  24.451  7.523  -18.946 0.0000000000
73654  24.424  7.028  -18.564 0.0000000000
73648  24.504  7.226  -17.565 0.0000000000
72830  24.642  6.606  -17.111 0.0000000000
73647  24.839  7.383  -16.638 0.0000000000
75290  24.805  9.508  -17.662 0.0000000000
73639  25.271  7.482  -15.740 0.0000000000
73630  25.588  7.163  -14.944 0.0000000000
73619  25.905  6.915  -14.227 0.0000000000
75275  26.424  9.644  -15.478 0.0000000000
74449  26.424  8.623  -14.508 0.0000000000
73618  26.300  7.542  -13.569 0.0000000000
54040  22.104  -15.044  -3.053 0.0000000000
122406  22.821  -15.253  -3.579 0.0000000000
52174  23.978  -16.883  -3.537 0.0000000000
52155  24.755  -17.426  -3.090 0.0000000000
53089  25.399  -16.155  -5.482 0.0000000000
53088  26.036  -16.231  -5.932 0.0000000000
52185  25.214  -16.937  -4.443 0.0000000000
57879  30.168  -11.561  -10.306 0.0000000000
56962  30.248  -12.456  -9.654 0.0000000000
49484  23.147  -20.350  -1.113 0.0000000000
52171  25.977  -16.712  -4.473 0.0000000000
54097  25.992  -15.095  -6.814 0.0000000000
54104  28.297  -15.274  -8.028 0.0000000000
55139  28.457  -14.902  -8.414 0.0000000000
56965  24.930  -11.060  -8.738 0.0000000000
56966  24.645  -10.996  -8.386 0.0000000000
57896  25.233  -10.570  -9.086 0.0000000000
58786  23.930  -10.116  -7.934 0.0000000000
58804  24.791  -9.774  -9.081 0.0000000000
58817  28.721  -9.602  -11.610 0.0000000000
58820  25.055  -8.953  -10.393 0.0000000000
58828  27.186  -9.549  -11.737 0.0000000000
59776  28.109  -8.919  -12.322 0.0000000000
60669  24.667  -8.580  -9.862 0.0000000000
60670  23.808  -6.978  -9.704 0.0000000000
61583  19.378  -6.257  -5.265 0.0000000000
61606  21.695  -6.045  -8.317 0.0000000000
61664  27.231  -6.174  -14.720 0.0000000000
61666  26.719  -6.727  -14.331 0.0000000000
62532  20.488  -5.446  -7.315 0.0000000000
62545  28.020  -5.357  -9.700 0.0000000000
62567  27.810  -6.109  -13.011 0.0000000000
62568  25.410  -6.091  -12.987 0.0000000000
62599  26.532  -5.274  -15.430 0.0000000000
63454  19.278  -4.832  -5.809 0.0000000000
63537  25.414  -4.944  -14.611 0.0000000000
64490  24.789  -3.559  -16.105 0.0000000000
64494  26.067  -3.682  -16.934 0.0000000000
65387  27.167  -2.347  -11.034 0.0000000000
65412  26.400  -3.214  -16.857 0.0000000000
65413  25.424  -3.445  -16.854 0.0000000000
66265  23.809  -1.899  -15.013 0.0000000000
66281  25.426  -1.335  -18.087 0.0000000000
67068  26.598  -1.425  -15.295 0.0000000000
67080  23.030  -0.558  -16.211 0.0000000000
67913  24.780  0.712  -18.632 0.0000000000
67914  23.860  0.641  -18.527 0.0000000000
68674  26.386  1.760  -12.676 0.0000000000
69464  25.919  2.472  -13.511 0.0000000000
69465  25.684  2.477  -14.346 0.0000000000
69496  24.094  1.966  -19.247 0.0000000000
70294  25.133  2.938  -17.394 0.0000000000
70304  22.620  3.322  -19.272 0.0000000000
71092  25.554  4.710  -13.445 0.0000000000
71136  24.045  4.018  -20.057 0.0000000000
71981  25.136  5.600  -15.532 0.0000000000
72829  24.907  6.673  -16.281 0.0000000000
72834  24.381  6.448  -18.072 0.0000000000
72844  23.272  5.888  -21.383 0.0000000000
73629  26.159  7.743  -14.372 0.0000000000
73658  24.288  6.876  -19.623 0.0000000000
73673  22.597  8.506  -24.261 0.0000000000
73674  22.584  8.519  -24.201 0.0000000000
74487  24.010  7.628  -20.765 0.0000000000
74493  19.907  6.768  -22.216 0.0000000000
74494  22.853  8.354  -24.062 0.0000000000
74495  22.658  8.275  -24.086 0.0000000000
74496  21.602  8.546  -24.266 0.0000000000
74497  23.164  8.425  -23.946 0.0000000000
74498  22.683  7.937  -23.956 0.0000000000
74499  22.561  8.653  -24.382 0.0000000000
75284  25.676  9.700  -16.591 0.0000000000
75289  25.320  9.672  -17.137 0.0000000000
75306  24.469  9.092  -21.941 0.0000000000
75307  23.022  8.241  -22.736 0.0000000000
75308  20.971  7.215  -23.826 0.0000000000
75313  23.822  9.411  -23.356 0.0000000000
75314  23.487  8.892  -23.959 0.0000000000
75987  26.819  10.304  -15.888 0.0000000000
75996  26.289  10.362  -16.657 0.0000000000
76013  24.628  10.403  -18.797 0.0000000000
76020  24.748  10.106  -20.227 0.0000000000
76031  23.064  10.166  -24.428 0.0000000000
76704  24.959  11.151  -20.001 0.0000000000
76718  24.817  11.260  -22.585 0.0000000000
77380  25.698  12.628  -22.812 0.0000000000
78109  19.441  12.565  -19.902 0.0000000000
78119  24.514  13.508  -24.231 0.0000000000
78833  19.830  14.615  -24.517 0.0000000000
79594  21.725  15.716  -24.182 0.0000000000
79601  19.576  14.953  -24.371 0.0000000000
80320  21.121  16.527  -22.438 0.0000000000
80321  20.338  16.290  -22.182 0.0000000000
80322  23.348  16.200  -23.419 0.0000000000
102669  21.011  10.789  -23.748 0.0000000000
102673  21.374  12.672  -23.626 0.0000000000
102679  19.166  14.169  -20.952 0.0000000000
102773  22.614  9.792  -24.475 0.0000000000
102793  21.778  9.264  -24.459 0.0000000000
103138  19.479  14.920  -20.132 0.0000000000
103273  20.513  10.286  -23.637 0.0000000000
104314  26.921  -2.253  -14.646 0.0000000000
104849  24.669  3.512  -18.872 0.0000000000
105612  26.351  -12.418  -8.624 0.0000000000
106367  29.684  -11.728  -10.656 0.0000000000
110618  20.670  15.559  -24.112 0.0000000000
112270  24.399  4.795  -19.623 0.0000000000
113104  28.798  -8.469  -11.522 0.0000000000
114166  24.477  -5.396  -11.556 0.0000000000
115495  22.533  8.922  -24.253 0.0000000000
116292  22.657  10.871  -24.170 0.0000000000
117246  21.274  9.918  -24.498 0.0000000000
117309  21.961  10.376  -24.559 0.0000000000
117310  22.497  9.197  -24.362 0.0000000000
120364  19.352  14.632  -24.020 0.0000000000
121458  23.767  13.691  -24.766 0.0000000000
122660  23.460  -7.963  -8.688 0.0000000000
122910  19.844  -7.954  -5.466 0.0000000000
123741  25.526  2.707  -14.893 0.0000000000
