#!ascii label  , from subject sub-v1s5x0050739_ses-1 vox2ras=TkReg
1558
108674  -52.938  26.994  33.526 0.0000000000
119737  -43.067  42.373  27.199 0.0000000000
111824  -42.944  30.073  31.380 0.0000000000
111902  -47.111  30.701  19.657 0.0000000000
144870  -47.942  45.305  27.641 0.0000000000
115081  -52.092  35.865  29.394 0.0000000000
115803  -50.013  36.551  22.806 0.0000000000
111223  -43.433  30.086  20.879 0.0000000000
106283  -48.806  23.648  42.021 0.0000000000
111761  -50.881  31.037  39.898 0.0000000000
122217  -34.405  46.828  25.245 0.0000000000
121639  -42.525  45.616  24.631 0.0000000000
122286  -47.342  47.037  18.141 0.0000000000
110396  -50.932  28.063  30.719 0.0000000000
115039  -45.358  35.735  32.134 0.0000000000
148193  -45.686  32.220  26.194 0.0000000000
108794  -52.497  26.963  21.896 0.0000000000
106448  -46.187  23.327  19.621 0.0000000000
107930  -41.809  25.085  23.822 0.0000000000
107866  -50.687  25.248  30.634 0.0000000000
120985  -49.351  43.903  24.468 0.0000000000
118393  -51.077  40.594  26.740 0.0000000000
117729  -47.584  39.415  25.866 0.0000000000
116466  -46.379  37.308  22.345 0.0000000000
108568  -50.028  26.823  41.127 0.0000000000
152099  -48.531  31.635  40.989 0.0000000000
122758  -30.408  47.808  26.060 0.0000000000
121671  -44.799  46.573  21.568 0.0000000000
109527  -47.924  27.369  34.163 0.0000000000
109589  -46.360  27.662  30.355 0.0000000000
141858  -40.256  41.002  27.217 0.0000000000
116393  -44.427  37.676  28.271 0.0000000000
114479  -49.156  34.394  23.238 0.0000000000
115091  -47.781  35.584  27.652 0.0000000000
113221  -45.885  31.842  23.134 0.0000000000
110470  -48.326  28.377  23.633 0.0000000000
109698  -47.466  27.069  20.217 0.0000000000
107950  -49.611  25.247  20.075 0.0000000000
108860  -46.900  26.280  16.526 0.0000000000
109683  -40.777  27.570  20.874 0.0000000000
146562  -45.636  44.310  27.971 0.0000000000
117051  -47.922  38.715  28.877 0.0000000000
118376  -49.727  41.198  29.227 0.0000000000
115124  -52.363  35.715  25.194 0.0000000000
113866  -50.810  33.469  19.881 0.0000000000
111921  -46.648  30.531  17.617 0.0000000000
114513  -47.080  34.126  19.893 0.0000000000
113856  -44.022  33.228  22.446 0.0000000000
107004  -51.631  24.252  43.534 0.0000000000
153125  -53.056  27.792  41.020 0.0000000000
148880  -53.559  29.195  37.001 0.0000000000
141828  -31.573  44.630  29.811 0.0000000000
159782  -35.623  44.929  28.872 0.0000000000
121570  -39.247  45.976  28.803 0.0000000000
122172  -41.848  47.878  28.027 0.0000000000
122756  -44.604  49.787  26.379 0.0000000000
122239  -46.854  48.199  23.237 0.0000000000
121017  -49.668  44.240  20.379 0.0000000000
119825  -50.152  42.885  17.403 0.0000000000
110304  -47.975  29.194  38.199 0.0000000000
158505  -51.066  29.115  34.704 0.0000000000
110389  -54.679  28.383  31.512 0.0000000000
113137  -45.122  32.943  33.643 0.0000000000
115704  -50.031  36.247  32.777 0.0000000000
114407  -47.291  34.080  30.953 0.0000000000
112511  -45.162  31.499  29.116 0.0000000000
111161  -48.789  29.952  27.055 0.0000000000
142957  -52.884  28.613  26.738 0.0000000000
108712  -53.374  26.731  28.745 0.0000000000
133165  -50.327  26.489  25.756 0.0000000000
107927  -46.728  25.476  24.109 0.0000000000
106419  -44.813  23.213  23.479 0.0000000000
138115  -43.516  26.869  17.839 0.0000000000
107175  -44.258  24.137  20.537 0.0000000000
104835  -41.659  21.512  21.611 0.0000000000
144943  -51.485  26.847  36.361 0.0000000000
108659  -51.143  26.300  34.904 0.0000000000
157335  -52.105  26.014  31.992 0.0000000000
120391  -49.345  42.969  23.389 0.0000000000
119754  -49.566  42.233  24.977 0.0000000000
119107  -47.835  41.729  24.918 0.0000000000
152641  -46.731  40.513  25.376 0.0000000000
110395  -44.506  28.423  30.449 0.0000000000
141067  -41.641  41.661  27.113 0.0000000000
113223  -47.784  32.657  21.440 0.0000000000
113849  -47.282  33.809  23.268 0.0000000000
112574  -46.241  30.657  21.360 0.0000000000
109667  -46.014  28.000  21.678 0.0000000000
110498  -46.276  27.927  19.930 0.0000000000
108824  -47.423  26.911  19.032 0.0000000000
110503  -46.408  28.389  18.572 0.0000000000
120941  -46.266  45.206  28.118 0.0000000000
138378  -47.221  42.536  28.381 0.0000000000
119726  -48.828  42.905  28.952 0.0000000000
117084  -50.192  38.245  25.861 0.0000000000
117074  -51.714  38.208  26.488 0.0000000000
115787  -51.922  36.299  23.732 0.0000000000
114481  -51.944  34.584  22.330 0.0000000000
115178  -51.330  35.084  21.035 0.0000000000
114515  -49.493  33.938  19.033 0.0000000000
115832  -49.069  36.092  21.241 0.0000000000
115173  -45.131  35.917  21.581 0.0000000000
146090  -50.621  28.721  41.127 0.0000000000
109424  -51.881  27.727  41.989 0.0000000000
110267  -52.019  29.172  40.994 0.0000000000
147139  -52.711  28.523  39.019 0.0000000000
111072  -52.740  29.952  37.979 0.0000000000
122215  -32.792  46.948  26.036 0.0000000000
121585  -33.555  45.756  27.499 0.0000000000
121587  -35.558  46.147  27.666 0.0000000000
120919  -37.994  45.068  28.738 0.0000000000
122186  -36.820  47.374  27.070 0.0000000000
121637  -40.874  45.323  25.328 0.0000000000
149997  -40.641  49.057  26.971 0.0000000000
122220  -42.135  47.857  26.450 0.0000000000
122741  -43.761  49.653  27.075 0.0000000000
122229  -43.867  47.375  24.862 0.0000000000
122275  -45.823  47.825  19.487 0.0000000000
148377  -46.239  48.742  22.090 0.0000000000
122804  -47.186  48.402  20.507 0.0000000000
121672  -48.036  46.710  21.487 0.0000000000
121694  -48.901  45.611  19.287 0.0000000000
121041  -49.906  44.012  18.570 0.0000000000
121056  -49.227  44.770  17.269 0.0000000000
109486  -43.250  27.683  37.330 0.0000000000
110299  -43.093  29.170  38.264 0.0000000000
110321  -44.594  28.540  37.745 0.0000000000
111066  -46.678  30.194  38.691 0.0000000000
109490  -46.930  27.774  37.121 0.0000000000
149696  -49.450  27.890  32.550 0.0000000000
109529  -49.447  28.167  34.597 0.0000000000
110360  -50.620  28.506  33.436 0.0000000000
110361  -52.524  29.194  33.264 0.0000000000
155720  -52.445  28.406  30.651 0.0000000000
115024  -43.912  35.472  32.591 0.0000000000
114366  -43.692  34.123  34.438 0.0000000000
153525  -45.587  35.044  34.275 0.0000000000
116378  -50.589  37.634  30.141 0.0000000000
115736  -48.201  37.209  29.926 0.0000000000
115720  -51.800  35.962  30.954 0.0000000000
114457  -45.892  34.217  26.238 0.0000000000
115064  -48.080  35.227  29.390 0.0000000000
114429  -45.895  34.261  28.559 0.0000000000
113801  -45.580  33.293  29.944 0.0000000000
113173  -45.633  32.322  28.035 0.0000000000
142028  -46.859  30.117  27.696 0.0000000000
111872  -47.401  30.473  26.219 0.0000000000
149883  -51.442  27.997  22.199 0.0000000000
110460  -51.258  28.704  24.110 0.0000000000
110473  -52.910  28.136  23.653 0.0000000000
110441  -53.975  28.001  26.938 0.0000000000
145504  -52.814  27.048  25.512 0.0000000000
108732  -51.889  26.525  27.239 0.0000000000
108769  -51.154  26.489  24.047 0.0000000000
143965  -47.947  24.259  19.686 0.0000000000
107941  -47.946  25.179  22.151 0.0000000000
107160  -47.221  24.496  21.806 0.0000000000
135848  -45.528  24.544  24.147 0.0000000000
106425  -45.472  22.586  21.462 0.0000000000
111230  -44.687  30.377  19.221 0.0000000000
110509  -44.433  28.524  17.417 0.0000000000
110497  -43.049  28.448  18.684 0.0000000000
108789  -41.520  26.486  22.425 0.0000000000
108805  -42.386  26.332  21.233 0.0000000000
107938  -42.771  24.787  22.415 0.0000000000
106430  -42.904  22.325  20.857 0.0000000000
106418  -41.874  23.022  22.247 0.0000000000
105645  -40.477  21.912  21.940 0.0000000000
107766  -52.033  25.750  40.576 0.0000000000
107876  -49.525  25.108  29.611 0.0000000000
120955  -48.294  44.949  26.465 0.0000000000
119741  -50.059  43.396  27.888 0.0000000000
119744  -50.451  42.534  26.025 0.0000000000
117722  -49.249  39.742  26.426 0.0000000000
116423  -48.399  37.880  25.194 0.0000000000
115802  -48.513  36.858  22.769 0.0000000000
116436  -47.361  38.110  24.996 0.0000000000
107020  -49.646  24.878  41.661 0.0000000000
108566  -48.622  26.941  40.135 0.0000000000
111046  -50.033  31.119  40.793 0.0000000000
122770  -33.391  47.824  24.506 0.0000000000
151379  -43.616  45.607  22.780 0.0000000000
142770  -46.243  46.210  17.534 0.0000000000
121735  -47.768  45.494  16.787 0.0000000000
109513  -46.827  26.943  35.864 0.0000000000
134773  -47.353  27.447  31.992 0.0000000000
109592  -49.036  27.654  30.435 0.0000000000
140312  -45.569  36.332  30.307 0.0000000000
115107  -50.696  35.602  26.905 0.0000000000
115079  -49.959  35.536  28.948 0.0000000000
115137  -48.142  35.107  24.964 0.0000000000
114467  -46.605  34.426  25.092 0.0000000000
113203  -45.625  32.318  24.547 0.0000000000
111195  -47.160  29.334  24.847 0.0000000000
110468  -46.365  28.487  23.342 0.0000000000
109669  -47.709  27.539  22.140 0.0000000000
150213  -51.066  27.324  20.532 0.0000000000
153351  -51.508  26.269  21.121 0.0000000000
107978  -50.426  26.079  18.842 0.0000000000
107209  -48.926  25.666  17.726 0.0000000000
107208  -47.603  24.799  17.880 0.0000000000
134661  -41.505  28.217  19.829 0.0000000000
112479  -41.454  30.710  32.881 0.0000000000
141115  -43.912  43.162  27.417 0.0000000000
118387  -45.289  40.744  27.567 0.0000000000
140379  -46.242  41.054  27.838 0.0000000000
117701  -48.420  39.645  28.916 0.0000000000
117037  -51.059  38.619  29.338 0.0000000000
119078  -51.225  41.138  27.902 0.0000000000
140181  -51.588  39.044  28.146 0.0000000000
115095  -52.024  35.856  27.374 0.0000000000
115140  -52.249  35.004  24.281 0.0000000000
114501  -50.595  33.519  20.977 0.0000000000
113865  -49.154  32.538  19.891 0.0000000000
111917  -47.157  30.636  17.638 0.0000000000
113246  -48.461  32.371  18.279 0.0000000000
113238  -47.069  32.719  18.716 0.0000000000
113236  -45.195  32.345  20.501 0.0000000000
115830  -46.926  36.312  21.315 0.0000000000
148846  -45.372  34.098  21.352 0.0000000000
107757  -50.617  25.666  42.082 0.0000000000
108548  -52.696  26.385  42.776 0.0000000000
107758  -53.268  25.902  41.956 0.0000000000
108588  -52.455  26.863  40.298 0.0000000000
109493  -52.903  28.300  37.340 0.0000000000
109518  -53.840  28.432  35.525 0.0000000000
119721  -34.584  42.721  29.247 0.0000000000
120915  -33.592  44.612  28.819 0.0000000000
119723  -35.857  43.000  28.191 0.0000000000
119732  -38.455  42.740  27.411 0.0000000000
120356  -39.854  43.532  27.459 0.0000000000
142323  -41.114  44.530  27.842 0.0000000000
152917  -36.439  46.438  26.075 0.0000000000
122737  -39.040  48.565  27.069 0.0000000000
121572  -41.042  46.210  28.590 0.0000000000
144057  -42.616  44.517  27.832 0.0000000000
160070  -44.009  46.042  28.144 0.0000000000
148020  -44.988  47.155  27.579 0.0000000000
122209  -46.059  47.016  26.500 0.0000000000
122238  -45.103  47.897  23.507 0.0000000000
122775  -46.102  49.126  24.284 0.0000000000
121641  -46.798  46.110  25.339 0.0000000000
122232  -47.394  45.914  23.872 0.0000000000
121661  -49.000  44.804  22.327 0.0000000000
120419  -49.056  43.461  20.030 0.0000000000
119824  -49.347  42.559  17.685 0.0000000000
120456  -50.060  43.307  16.166 0.0000000000
111769  -48.156  31.904  39.656 0.0000000000
111069  -49.617  30.659  38.959 0.0000000000
109504  -47.980  27.706  36.330 0.0000000000
110334  -49.581  28.711  36.503 0.0000000000
150092  -51.061  29.977  38.043 0.0000000000
140202  -53.341  29.780  35.974 0.0000000000
110353  -54.430  29.037  34.558 0.0000000000
152420  -54.751  27.911  32.134 0.0000000000
154187  -43.879  32.024  32.215 0.0000000000
151363  -46.325  38.272  28.368 0.0000000000
115716  -47.137  36.476  30.699 0.0000000000
115692  -48.350  36.113  33.025 0.0000000000
115053  -50.340  34.989  30.864 0.0000000000
114398  -49.865  34.583  32.835 0.0000000000
114385  -48.055  34.731  34.303 0.0000000000
113773  -46.953  33.589  33.633 0.0000000000
113150  -44.692  32.179  31.004 0.0000000000
111832  -44.076  30.535  30.202 0.0000000000
110415  -45.814  29.470  28.525 0.0000000000
110417  -47.832  28.446  28.265 0.0000000000
135069  -50.012  28.433  28.324 0.0000000000
111197  -49.316  29.240  25.148 0.0000000000
111173  -50.794  29.266  26.502 0.0000000000
110420  -52.171  28.548  28.315 0.0000000000
110409  -53.851  28.438  29.221 0.0000000000
108705  -54.749  27.674  29.869 0.0000000000
108696  -53.632  26.656  31.060 0.0000000000
108711  -52.399  26.155  29.502 0.0000000000
108719  -50.413  25.921  28.132 0.0000000000
108729  -48.825  25.870  27.308 0.0000000000
108778  -49.206  26.084  23.393 0.0000000000
108766  -48.147  26.084  24.593 0.0000000000
107911  -47.169  25.706  26.765 0.0000000000
107909  -45.756  25.281  26.241 0.0000000000
107141  -44.727  24.418  25.480 0.0000000000
111251  -45.672  28.374  16.912 0.0000000000
143454  -44.805  26.737  16.508 0.0000000000
107976  -45.747  25.035  18.433 0.0000000000
108822  -42.268  27.096  19.516 0.0000000000
107974  -43.986  25.844  19.479 0.0000000000
107177  -45.523  23.175  19.808 0.0000000000
105665  -44.305  21.975  20.335 0.0000000000
105646  -43.676  21.632  22.878 0.0000000000
108660  -52.136  26.889  34.921 0.0000000000
108645  -51.572  26.705  35.535 0.0000000000
108673  -51.844  26.425  33.980 0.0000000000
108688  -52.268  26.363  32.816 0.0000000000
120390  -48.534  42.745  22.965 0.0000000000
119784  -48.586  42.493  23.783 0.0000000000
109575  -44.255  28.079  31.065 0.0000000000
111139  -43.350  29.349  31.036 0.0000000000
119736  -42.148  42.450  27.144 0.0000000000
142067  -42.898  40.339  27.286 0.0000000000
118385  -43.489  40.837  27.240 0.0000000000
112575  -47.116  31.177  20.401 0.0000000000
113230  -47.289  31.840  21.062 0.0000000000
111901  -46.517  30.135  20.091 0.0000000000
111224  -45.987  29.277  20.639 0.0000000000
146997  -46.264  28.792  19.464 0.0000000000
111231  -46.735  29.867  18.823 0.0000000000
120923  -47.297  45.067  28.269 0.0000000000
120348  -47.555  44.187  28.489 0.0000000000
120924  -48.109  44.560  28.422 0.0000000000
116438  -50.759  37.204  24.431 0.0000000000
116425  -51.187  37.517  25.236 0.0000000000
115786  -50.405  36.858  23.622 0.0000000000
115804  -51.766  35.942  22.909 0.0000000000
115820  -51.354  35.608  21.939 0.0000000000
141983  -50.167  35.411  20.625 0.0000000000
115819  -49.493  36.364  22.008 0.0000000000
106284  -49.713  24.088  42.507 0.0000000000
151764  -50.706  30.245  40.889 0.0000000000
110266  -51.171  29.288  41.187 0.0000000000
111746  -51.328  30.350  40.102 0.0000000000
111056  -52.145  29.517  39.347 0.0000000000
111773  -51.824  29.952  38.819 0.0000000000
122216  -33.634  47.007  25.691 0.0000000000
122200  -33.545  46.729  26.362 0.0000000000
150354  -34.966  46.732  26.805 0.0000000000
122185  -35.963  47.035  26.940 0.0000000000
122202  -35.459  46.801  26.395 0.0000000000
121648  -42.036  44.942  23.964 0.0000000000
120982  -40.695  44.819  24.559 0.0000000000
121638  -41.615  45.277  24.887 0.0000000000
121624  -41.368  46.284  25.983 0.0000000000
121625  -42.280  46.335  25.539 0.0000000000
122221  -42.788  47.478  25.906 0.0000000000
122228  -43.056  46.630  25.181 0.0000000000
122276  -46.523  48.021  19.167 0.0000000000
122814  -46.356  48.464  19.941 0.0000000000
145446  -47.589  47.538  19.355 0.0000000000
122264  -47.699  47.577  20.149 0.0000000000
122278  -48.017  46.772  18.715 0.0000000000
121706  -48.724  45.691  18.360 0.0000000000
121721  -48.606  45.556  17.542 0.0000000000
108627  -43.276  26.511  36.268 0.0000000000
109499  -43.730  27.051  36.798 0.0000000000
109487  -44.179  27.706  37.291 0.0000000000
109488  -45.137  27.742  37.279 0.0000000000
110322  -45.657  28.629  37.835 0.0000000000
109562  -49.809  27.912  31.847 0.0000000000
109563  -50.406  28.236  32.536 0.0000000000
109581  -50.652  28.136  31.626 0.0000000000
110386  -51.462  28.455  32.099 0.0000000000
155470  -51.546  28.317  31.351 0.0000000000
115038  -44.430  35.704  31.821 0.0000000000
115025  -44.808  35.511  32.870 0.0000000000
115013  -44.362  35.244  33.511 0.0000000000
115015  -46.095  35.273  34.141 0.0000000000
116369  -51.893  36.493  30.141 0.0000000000
116368  -51.411  36.652  30.627 0.0000000000
115068  -52.010  35.853  30.367 0.0000000000
113188  -45.573  32.898  26.145 0.0000000000
114448  -45.864  34.316  27.056 0.0000000000
113815  -45.651  33.793  27.495 0.0000000000
143285  -45.632  33.637  28.284 0.0000000000
112535  -45.988  31.988  26.925 0.0000000000
112528  -46.410  31.457  27.211 0.0000000000
111863  -46.097  31.484  26.279 0.0000000000
109672  -51.999  27.558  21.532 0.0000000000
110472  -52.324  28.329  23.311 0.0000000000
110484  -52.652  27.971  22.777 0.0000000000
109644  -53.198  27.912  24.075 0.0000000000
108770  -52.407  26.831  23.830 0.0000000000
134611  -51.774  26.620  24.636 0.0000000000
160419  -51.896  26.564  23.208 0.0000000000
107178  -47.019  23.653  19.533 0.0000000000
107167  -47.028  23.746  20.568 0.0000000000
145940  -46.583  23.850  21.686 0.0000000000
106440  -46.173  22.959  20.105 0.0000000000
142239  -43.864  29.925  20.013 0.0000000000
155852  -44.146  29.719  19.260 0.0000000000
111229  -43.304  29.160  19.522 0.0000000000
107937  -42.110  25.578  22.966 0.0000000000
108790  -42.313  25.968  22.133 0.0000000000
107931  -42.253  24.519  23.130 0.0000000000
107152  -42.398  23.752  22.496 0.0000000000
107151  -41.879  23.830  23.348 0.0000000000
142421  -41.301  22.763  22.599 0.0000000000
107146  -41.437  24.329  24.298 0.0000000000
108586  -51.299  26.459  38.846 0.0000000000
107856  -49.988  24.850  31.219 0.0000000000
107877  -50.398  25.311  29.739 0.0000000000
120972  -49.244  44.142  25.503 0.0000000000
120374  -49.843  43.573  25.709 0.0000000000
118398  -48.573  40.854  25.874 0.0000000000
119090  -49.746  41.305  25.942 0.0000000000
117721  -48.324  40.017  26.243 0.0000000000
117083  -48.894  38.339  25.853 0.0000000000
117082  -47.880  38.546  25.655 0.0000000000
135441  -47.989  37.538  24.393 0.0000000000
117737  -46.240  39.285  24.994 0.0000000000
107764  -48.365  25.958  40.100 0.0000000000
155055  -49.708  30.557  40.822 0.0000000000
111045  -49.220  31.561  40.859 0.0000000000
123295  -32.613  48.423  24.584 0.0000000000
160440  -45.592  46.730  18.325 0.0000000000
121733  -46.336  45.497  16.922 0.0000000000
121071  -45.429  44.798  16.618 0.0000000000
109576  -45.836  27.554  31.139 0.0000000000
109559  -46.474  27.380  31.976 0.0000000000
109577  -46.829  27.490  31.195 0.0000000000
109578  -47.723  27.521  31.220 0.0000000000
109590  -47.258  27.576  30.419 0.0000000000
141768  -39.339  41.045  27.280 0.0000000000
115733  -45.574  36.745  29.414 0.0000000000
151870  -49.191  34.983  24.552 0.0000000000
134329  -49.694  35.533  26.246 0.0000000000
115138  -48.529  34.720  24.154 0.0000000000
113212  -46.212  32.679  23.332 0.0000000000
113848  -46.479  33.380  23.681 0.0000000000
113847  -45.930  32.863  24.119 0.0000000000
113839  -45.739  33.079  24.852 0.0000000000
112556  -45.579  31.144  23.556 0.0000000000
111193  -45.702  29.887  24.066 0.0000000000
111205  -45.618  29.535  23.221 0.0000000000
109685  -46.638  27.467  21.117 0.0000000000
109668  -46.720  27.584  22.026 0.0000000000
109686  -47.568  27.274  21.245 0.0000000000
109688  -49.941  27.527  21.239 0.0000000000
109699  -50.420  27.036  20.004 0.0000000000
108827  -50.984  26.374  19.430 0.0000000000
108826  -50.270  26.387  18.997 0.0000000000
108841  -47.454  26.730  17.751 0.0000000000
108853  -49.065  25.928  17.733 0.0000000000
108001  -47.918  26.000  16.802 0.0000000000
153179  -48.457  25.089  17.892 0.0000000000
155694  -47.442  25.885  16.693 0.0000000000
141298  -45.010  43.349  27.612 0.0000000000
119739  -45.378  42.544  27.608 0.0000000000
119740  -46.276  42.573  27.936 0.0000000000
141771  -48.932  41.107  29.098 0.0000000000
119074  -48.211  41.310  28.767 0.0000000000
141929  -49.180  40.452  29.203 0.0000000000
149528  -49.485  39.686  29.353 0.0000000000
117702  -50.448  39.459  29.392 0.0000000000
119742  -50.577  42.688  27.635 0.0000000000
119728  -50.422  42.353  28.425 0.0000000000
119087  -51.337  40.955  27.035 0.0000000000
137594  -52.162  37.265  25.787 0.0000000000
117065  -51.886  38.466  27.166 0.0000000000
116414  -52.210  37.352  26.590 0.0000000000
116404  -52.151  37.310  27.620 0.0000000000
115109  -52.218  35.839  26.239 0.0000000000
115123  -52.087  35.399  25.282 0.0000000000
143219  -52.343  35.325  24.460 0.0000000000
114491  -51.698  34.269  21.399 0.0000000000
114490  -51.467  33.967  21.640 0.0000000000
156121  -50.177  33.036  20.030 0.0000000000
113872  -49.968  32.947  19.143 0.0000000000
113239  -48.996  32.405  18.696 0.0000000000
113240  -49.165  32.755  18.582 0.0000000000
114514  -48.260  34.246  19.304 0.0000000000
114522  -48.024  33.559  18.838 0.0000000000
113870  -46.503  33.426  19.892 0.0000000000
113237  -46.064  32.703  19.721 0.0000000000
116467  -47.384  37.050  22.556 0.0000000000
115818  -48.149  36.582  21.939 0.0000000000
115817  -47.097  36.764  21.804 0.0000000000
114498  -44.658  34.347  21.882 0.0000000000
114499  -45.399  35.004  21.377 0.0000000000
158614  -49.743  26.075  41.122 0.0000000000
107756  -49.973  25.528  41.585 0.0000000000
108556  -50.418  26.248  41.631 0.0000000000
109425  -52.360  27.632  41.455 0.0000000000
108547  -52.002  26.872  42.435 0.0000000000
109415  -53.024  27.065  41.846 0.0000000000
143916  -53.100  25.670  42.414 0.0000000000
108570  -53.095  26.917  41.579 0.0000000000
108569  -52.938  26.499  41.225 0.0000000000
109437  -52.986  27.430  40.728 0.0000000000
110305  -53.059  29.300  38.130 0.0000000000
109475  -52.784  28.421  38.250 0.0000000000
160144  -53.324  29.121  37.679 0.0000000000
109506  -53.446  28.480  36.466 0.0000000000
110336  -53.937  29.136  36.175 0.0000000000
120891  -31.023  45.137  30.242 0.0000000000
120336  -32.243  43.888  31.039 0.0000000000
120893  -32.362  44.081  30.198 0.0000000000
119717  -34.060  43.023  29.928 0.0000000000
120901  -33.050  44.232  29.468 0.0000000000
160258  -29.905  47.927  26.363 0.0000000000
122198  -30.510  46.829  27.010 0.0000000000
121566  -35.140  45.240  28.510 0.0000000000
121564  -33.053  45.080  28.130 0.0000000000
160438  -35.123  44.731  28.878 0.0000000000
146414  -34.756  44.286  29.127 0.0000000000
120346  -35.937  44.055  28.591 0.0000000000
119731  -37.416  42.891  27.583 0.0000000000
152257  -36.645  44.454  28.558 0.0000000000
121569  -38.423  45.851  28.793 0.0000000000
120935  -38.456  44.302  28.060 0.0000000000
120936  -39.345  44.340  27.924 0.0000000000
120937  -40.248  44.390  27.821 0.0000000000
120922  -40.607  45.210  28.378 0.0000000000
122204  -37.861  47.945  27.021 0.0000000000
122205  -38.616  47.886  26.882 0.0000000000
122738  -40.907  49.090  27.084 0.0000000000
122730  -40.525  48.436  27.545 0.0000000000
121573  -41.702  46.728  28.470 0.0000000000
121589  -41.833  45.768  28.416 0.0000000000
121590  -42.480  46.537  28.345 0.0000000000
120939  -43.275  45.477  28.157 0.0000000000
121591  -43.389  46.823  28.154 0.0000000000
122755  -44.151  49.841  26.670 0.0000000000
122190  -44.292  48.512  27.341 0.0000000000
122191  -44.943  48.691  26.922 0.0000000000
121609  -45.716  47.040  27.135 0.0000000000
122208  -45.540  48.673  26.171 0.0000000000
121658  -44.169  45.974  22.246 0.0000000000
121651  -44.269  46.329  23.089 0.0000000000
121659  -45.025  46.989  22.507 0.0000000000
122789  -46.484  48.769  22.579 0.0000000000
122788  -46.078  49.054  23.165 0.0000000000
122784  -46.231  49.016  23.526 0.0000000000
151390  -46.339  48.238  24.676 0.0000000000
152484  -46.995  47.165  23.742 0.0000000000
121642  -47.415  45.519  24.764 0.0000000000
122240  -47.412  46.797  23.091 0.0000000000
122257  -48.443  46.285  20.785 0.0000000000
121673  -48.738  45.509  21.637 0.0000000000
139444  -49.340  44.687  21.094 0.0000000000
137393  -49.450  43.865  22.243 0.0000000000
120405  -49.515  43.853  20.990 0.0000000000
120412  -49.573  43.808  20.308 0.0000000000
120429  -49.895  43.420  18.043 0.0000000000
119817  -49.732  43.022  18.151 0.0000000000
159810  -49.970  42.642  17.391 0.0000000000
119823  -48.601  42.067  17.150 0.0000000000
119828  -49.750  42.182  16.970 0.0000000000
121089  -49.450  44.042  16.147 0.0000000000
111768  -46.177  31.424  39.452 0.0000000000
110303  -47.106  29.105  38.208 0.0000000000
111067  -47.595  30.355  38.821 0.0000000000
111068  -48.607  30.487  38.894 0.0000000000
111770  -49.150  31.912  39.724 0.0000000000
111083  -49.006  29.372  38.069 0.0000000000
108658  -47.298  27.075  34.476 0.0000000000
155834  -47.540  27.306  35.817 0.0000000000
141532  -48.299  27.548  34.836 0.0000000000
134652  -50.362  28.752  34.876 0.0000000000
110342  -49.560  28.422  35.504 0.0000000000
110335  -50.521  29.076  35.874 0.0000000000
110327  -50.818  29.477  36.886 0.0000000000
111093  -51.722  29.688  36.308 0.0000000000
111085  -52.200  30.122  37.327 0.0000000000
110343  -51.481  29.403  35.321 0.0000000000
110362  -53.529  29.243  32.939 0.0000000000
111119  -53.659  29.428  33.718 0.0000000000
111129  -54.226  29.121  33.042 0.0000000000
110363  -54.458  28.835  33.806 0.0000000000
109545  -54.653  28.237  32.242 0.0000000000
113767  -44.290  33.512  34.413 0.0000000000
137317  -43.481  32.076  33.012 0.0000000000
117717  -46.078  39.674  27.915 0.0000000000
117716  -45.397  39.259  27.773 0.0000000000
117050  -46.948  38.589  28.495 0.0000000000
115718  -49.268  36.822  30.718 0.0000000000
115717  -48.076  36.672  30.639 0.0000000000
156308  -49.076  36.481  31.599 0.0000000000
115703  -48.051  36.349  31.649 0.0000000000
159287  -49.026  36.284  32.606 0.0000000000
115092  -48.973  35.680  27.869 0.0000000000
115066  -50.573  35.307  30.091 0.0000000000
115078  -48.494  35.517  28.654 0.0000000000
114420  -47.744  34.669  30.177 0.0000000000
114408  -48.689  34.285  31.694 0.0000000000
114389  -48.909  34.677  34.051 0.0000000000
114396  -47.826  33.801  32.387 0.0000000000
113771  -47.455  34.060  34.211 0.0000000000
113782  -46.988  33.466  32.718 0.0000000000
113166  -45.178  32.410  29.646 0.0000000000
113160  -45.333  32.766  30.787 0.0000000000
113159  -44.855  32.111  30.272 0.0000000000
112501  -44.375  31.453  30.378 0.0000000000
111839  -44.616  30.952  29.649 0.0000000000
140132  -44.503  30.102  29.618 0.0000000000
135350  -45.587  30.252  28.556 0.0000000000
111160  -48.070  30.141  27.160 0.0000000000
110428  -47.375  29.607  27.671 0.0000000000
110429  -48.218  29.327  27.563 0.0000000000
109612  -48.590  28.132  28.623 0.0000000000
139605  -49.210  29.324  27.405 0.0000000000
110457  -47.673  28.771  24.298 0.0000000000
111196  -48.235  29.289  25.031 0.0000000000
110458  -48.785  28.783  24.373 0.0000000000
110448  -51.495  28.891  25.086 0.0000000000
111185  -50.626  29.289  25.854 0.0000000000
111164  -51.796  28.922  26.568 0.0000000000
110431  -51.793  28.773  27.444 0.0000000000
110408  -52.542  28.452  29.111 0.0000000000
138752  -53.165  28.535  27.506 0.0000000000
108722  -53.854  27.355  27.742 0.0000000000
109614  -54.411  27.934  28.196 0.0000000000
149958  -54.287  27.274  29.293 0.0000000000
108697  -54.812  27.613  30.800 0.0000000000
144461  -53.389  26.588  29.625 0.0000000000
108703  -52.689  26.163  30.381 0.0000000000
108743  -50.960  26.472  26.613 0.0000000000
108731  -50.889  26.290  27.504 0.0000000000
108730  -50.105  26.158  27.320 0.0000000000
107901  -49.402  25.780  27.903 0.0000000000
108742  -49.787  26.296  26.549 0.0000000000
107951  -50.825  25.795  19.672 0.0000000000
108792  -50.625  25.915  21.660 0.0000000000
107943  -49.958  25.520  21.080 0.0000000000
107940  -47.388  25.421  23.216 0.0000000000
108777  -48.435  26.082  23.843 0.0000000000
107933  -47.668  25.843  23.925 0.0000000000
108755  -47.919  26.001  25.429 0.0000000000
107921  -46.999  25.764  25.817 0.0000000000
107910  -46.394  25.508  26.458 0.0000000000
107920  -46.443  25.535  25.122 0.0000000000
151718  -45.267  23.898  23.659 0.0000000000
107142  -45.319  24.778  25.040 0.0000000000
107147  -44.878  24.036  24.474 0.0000000000
106410  -44.354  23.798  25.075 0.0000000000
106415  -44.303  23.173  24.273 0.0000000000
112594  -47.109  30.886  17.512 0.0000000000
111247  -46.262  29.480  17.532 0.0000000000
111246  -46.304  29.831  17.568 0.0000000000
109713  -43.465  27.468  17.766 0.0000000000
108858  -44.686  27.189  16.468 0.0000000000
108850  -44.338  26.479  17.264 0.0000000000
107989  -44.972  25.747  17.796 0.0000000000
108840  -44.068  26.191  18.337 0.0000000000
109694  -40.974  28.064  20.215 0.0000000000
109696  -41.550  27.629  19.736 0.0000000000
107948  -43.657  24.940  21.161 0.0000000000
108823  -43.209  26.292  20.012 0.0000000000
156658  -43.878  25.413  20.394 0.0000000000
107961  -44.610  24.822  19.864 0.0000000000
107176  -44.883  23.391  20.000 0.0000000000
106438  -44.844  22.384  20.159 0.0000000000
106437  -44.040  22.529  20.433 0.0000000000
153672  -42.275  21.747  21.056 0.0000000000
104843  -42.983  21.730  20.779 0.0000000000
104836  -42.754  21.263  22.193 0.0000000000
104830  -43.186  21.484  23.557 0.0000000000
142531  -51.808  27.292  37.174 0.0000000000
107835  -50.282  25.689  35.163 0.0000000000
134949  -49.438  43.227  24.080 0.0000000000
120384  -49.660  43.384  24.806 0.0000000000
119770  -49.443  42.559  24.444 0.0000000000
119108  -48.848  41.927  24.764 0.0000000000
119095  -48.003  41.261  25.430 0.0000000000
118397  -47.535  40.480  25.724 0.0000000000
119094  -47.128  41.157  25.293 0.0000000000
109587  -45.005  27.914  30.707 0.0000000000
109588  -45.601  27.857  30.315 0.0000000000
141068  -40.746  41.742  27.141 0.0000000000
118384  -42.097  40.790  27.191 0.0000000000
146023  -43.878  39.164  27.592 0.0000000000
114488  -48.402  34.018  22.820 0.0000000000
114478  -47.799  34.359  23.708 0.0000000000
113859  -47.937  33.462  22.304 0.0000000000
113222  -46.641  32.360  22.352 0.0000000000
112566  -45.752  31.001  22.675 0.0000000000
111894  -45.633  30.151  22.425 0.0000000000
156844  -45.700  29.288  21.559 0.0000000000
109684  -46.222  27.831  20.836 0.0000000000
109697  -46.628  27.476  20.115 0.0000000000
109708  -46.711  27.524  18.723 0.0000000000
109714  -46.781  27.249  17.229 0.0000000000
120359  -46.652  44.366  28.277 0.0000000000
119724  -46.879  43.430  28.311 0.0000000000
158181  -47.626  43.404  28.569 0.0000000000
119725  -48.053  42.997  28.744 0.0000000000
119075  -49.156  41.962  29.097 0.0000000000
117073  -50.702  38.807  26.380 0.0000000000
117724  -51.315  39.229  26.734 0.0000000000
117085  -51.566  38.013  26.044 0.0000000000
116426  -52.081  37.141  25.300 0.0000000000
115788  -52.443  35.726  23.992 0.0000000000
115141  -52.458  35.248  24.018 0.0000000000
115805  -52.373  35.382  23.450 0.0000000000
115164  -51.925  34.648  21.665 0.0000000000
114503  -51.659  34.253  20.829 0.0000000000
158028  -50.332  33.629  19.279 0.0000000000
115189  -50.150  34.558  19.734 0.0000000000
115188  -48.664  34.977  19.803 0.0000000000
115816  -46.290  36.836  21.731 0.0000000000
135219  -50.741  24.022  43.399 0.0000000000
109436  -50.392  27.777  41.143 0.0000000000
109423  -51.089  27.164  41.729 0.0000000000
110249  -51.211  28.240  41.465 0.0000000000
110250  -51.924  28.562  41.533 0.0000000000
110251  -52.535  28.421  41.096 0.0000000000
110268  -52.814  28.088  40.062 0.0000000000
132917  -52.568  28.883  39.590 0.0000000000
110283  -52.605  29.348  38.736 0.0000000000
111087  -53.236  29.690  37.444 0.0000000000
121552  -30.606  45.778  29.769 0.0000000000
122748  -31.809  47.052  26.103 0.0000000000
122199  -31.382  46.644  26.717 0.0000000000
122183  -32.951  46.349  26.850 0.0000000000
121586  -34.593  45.914  27.562 0.0000000000
148302  -36.038  45.409  28.594 0.0000000000
149937  -37.150  45.024  28.829 0.0000000000
121567  -36.863  45.522  28.696 0.0000000000
122166  -37.197  46.617  28.065 0.0000000000
122167  -37.971  46.794  28.300 0.0000000000
120970  -40.098  45.059  25.199 0.0000000000
121607  -39.916  46.789  26.531 0.0000000000
121608  -40.685  46.873  26.453 0.0000000000
150147  -41.147  47.991  26.703 0.0000000000
122739  -41.769  48.976  27.280 0.0000000000
122740  -43.079  49.161  27.426 0.0000000000
122763  -43.081  49.006  26.490 0.0000000000
122764  -43.905  49.825  26.306 0.0000000000
122772  -44.379  49.411  25.505 0.0000000000
122262  -45.375  47.364  20.861 0.0000000000
122254  -45.623  47.827  21.807 0.0000000000
122255  -45.992  48.520  21.076 0.0000000000
122796  -46.426  48.758  21.258 0.0000000000
122790  -47.011  48.660  21.987 0.0000000000
122246  -47.482  47.789  21.766 0.0000000000
122256  -47.651  47.665  21.008 0.0000000000
121683  -49.144  45.300  20.209 0.0000000000
121695  -49.647  44.515  19.722 0.0000000000
121707  -49.514  44.733  18.907 0.0000000000
121722  -49.362  44.829  18.051 0.0000000000
142748  -49.885  43.737  17.037 0.0000000000
108625  -41.620  26.275  36.388 0.0000000000
108614  -42.014  26.730  36.791 0.0000000000
153908  -42.482  27.688  37.423 0.0000000000
110320  -43.637  28.453  37.740 0.0000000000
150236  -45.847  29.913  38.511 0.0000000000
110302  -46.386  29.087  38.191 0.0000000000
110324  -47.425  28.396  37.595 0.0000000000
136594  -48.476  27.606  33.433 0.0000000000
109528  -48.722  27.732  34.315 0.0000000000
109542  -49.260  27.930  33.784 0.0000000000
110351  -50.014  28.362  34.017 0.0000000000
110352  -50.852  28.810  34.199 0.0000000000
110344  -51.850  29.374  34.497 0.0000000000
135554  -51.453  28.670  32.927 0.0000000000
110374  -52.552  28.864  32.496 0.0000000000
110388  -53.862  28.588  31.112 0.0000000000
115012  -43.476  35.191  33.317 0.0000000000
114367  -44.621  34.292  34.500 0.0000000000
113769  -45.699  33.496  34.192 0.0000000000
117034  -48.313  37.993  29.398 0.0000000000
116377  -49.379  37.515  30.153 0.0000000000
116367  -50.632  36.829  30.827 0.0000000000
143908  -50.300  36.448  31.770 0.0000000000
115090  -46.914  35.361  27.087 0.0000000000
115077  -47.585  35.386  28.521 0.0000000000
115076  -46.905  35.287  28.000 0.0000000000
115063  -47.027  35.001  29.060 0.0000000000
114419  -46.821  34.499  29.882 0.0000000000
155240  -46.236  33.933  30.180 0.0000000000
150352  -45.750  33.856  29.187 0.0000000000
113809  -45.462  33.108  29.027 0.0000000000
112519  -45.598  31.634  28.368 0.0000000000
111852  -46.033  31.014  28.023 0.0000000000
111853  -46.720  30.807  27.483 0.0000000000
111854  -47.398  30.504  27.229 0.0000000000
111170  -48.432  30.164  26.813 0.0000000000
109655  -50.297  28.098  22.759 0.0000000000
110471  -49.423  28.443  23.616 0.0000000000
109656  -51.365  28.340  23.038 0.0000000000
110461  -52.420  28.514  24.264 0.0000000000
110449  -52.558  28.561  25.173 0.0000000000
110440  -53.516  28.166  26.345 0.0000000000
109629  -53.605  27.930  26.150 0.0000000000
108745  -53.362  27.440  26.080 0.0000000000
134436  -53.180  27.013  26.963 0.0000000000
108721  -52.646  26.613  27.928 0.0000000000
108744  -52.399  26.790  26.296 0.0000000000
108757  -51.706  26.646  25.513 0.0000000000
158624  -50.364  26.464  24.491 0.0000000000
107179  -49.036  24.850  19.388 0.0000000000
107949  -48.863  25.194  21.266 0.0000000000
107168  -48.226  24.669  20.741 0.0000000000
156583  -46.728  25.097  23.316 0.0000000000
107932  -46.152  24.879  23.718 0.0000000000
107154  -46.478  24.480  22.720 0.0000000000
106426  -45.986  23.561  22.169 0.0000000000
106420  -45.375  23.268  22.730 0.0000000000
111915  -45.724  30.551  18.096 0.0000000000
111920  -45.732  29.919  17.655 0.0000000000
111238  -44.837  29.887  18.446 0.0000000000
111244  -43.894  28.691  18.101 0.0000000000
109712  -42.714  27.864  18.523 0.0000000000
108804  -41.520  26.810  21.446 0.0000000000
151682  -41.586  27.145  20.398 0.0000000000
107947  -42.997  25.485  21.701 0.0000000000
107939  -43.286  24.503  21.720 0.0000000000
107166  -43.604  23.604  21.039 0.0000000000
107159  -42.947  23.550  21.697 0.0000000000
106424  -42.236  22.652  21.494 0.0000000000
105649  -41.349  22.092  21.504 0.0000000000
104834  -40.942  21.751  21.677 0.0000000000
105638  -40.570  22.530  22.974 0.0000000000
107029  -52.123  24.824  40.703 0.0000000000
151429  -48.495  44.675  28.214 0.0000000000
120956  -49.170  44.354  26.664 0.0000000000
120364  -50.480  43.042  26.843 0.0000000000
119091  -50.519  41.861  26.114 0.0000000000
119097  -50.011  42.010  25.481 0.0000000000
137981  -50.562  41.284  26.372 0.0000000000
117072  -49.523  38.894  26.334 0.0000000000
116424  -49.609  37.746  25.251 0.0000000000
116437  -49.202  37.398  24.497 0.0000000000
116454  -48.877  37.136  23.630 0.0000000000
116453  -47.689  37.283  23.463 0.0000000000
116435  -46.872  37.801  24.030 0.0000000000
117081  -46.984  38.885  25.385 0.0000000000
117097  -46.481  38.510  24.687 0.0000000000
107019  -48.984  24.507  41.328 0.0000000000
107765  -49.200  25.451  40.884 0.0000000000
109435  -49.498  27.340  40.614 0.0000000000
137613  -48.911  28.011  40.291 0.0000000000
147507  -49.838  28.444  40.748 0.0000000000
110265  -50.339  29.759  40.959 0.0000000000
111745  -50.713  30.838  40.503 0.0000000000
123290  -30.713  48.336  25.499 0.0000000000
123291  -31.763  48.229  25.093 0.0000000000
122769  -32.600  47.851  24.944 0.0000000000
122762  -33.835  47.184  24.861 0.0000000000
121650  -43.489  45.741  23.482 0.0000000000
122274  -45.192  47.149  19.957 0.0000000000
122284  -45.833  47.291  18.715 0.0000000000
122292  -46.852  46.779  17.797 0.0000000000
121720  -47.906  45.946  17.261 0.0000000000
121719  -47.129  46.014  17.231 0.0000000000
121734  -47.120  45.368  16.718 0.0000000000
109540  -47.003  27.301  32.849 0.0000000000
109541  -47.700  27.363  33.366 0.0000000000
109560  -48.200  27.548  31.954 0.0000000000
142608  -49.008  27.694  31.908 0.0000000000
109593  -49.917  27.811  30.511 0.0000000000
115715  -44.697  36.274  30.166 0.0000000000
115701  -45.931  36.026  31.410 0.0000000000
115094  -51.529  35.695  27.632 0.0000000000
115080  -51.388  35.659  28.710 0.0000000000
115093  -50.277  35.663  27.876 0.0000000000
115106  -48.585  35.663  26.941 0.0000000000
115105  -47.687  35.525  26.626 0.0000000000
114459  -47.211  34.953  25.413 0.0000000000
115104  -47.014  35.216  26.221 0.0000000000
113831  -46.049  34.167  25.561 0.0000000000
138338  -45.698  33.475  25.692 0.0000000000
113196  -45.590  32.503  25.398 0.0000000000
111870  -45.740  31.123  25.292 0.0000000000
111879  -45.938  30.306  24.913 0.0000000000
110456  -46.664  28.845  24.106 0.0000000000
110469  -47.258  28.344  23.561 0.0000000000
110482  -46.175  28.172  22.570 0.0000000000
109652  -46.943  27.891  22.836 0.0000000000
109653  -47.959  27.902  22.934 0.0000000000
154414  -49.727  27.785  22.174 0.0000000000
109671  -50.951  27.710  21.521 0.0000000000
109690  -52.195  27.080  21.034 0.0000000000
108793  -52.046  26.679  21.372 0.0000000000
108810  -51.783  26.883  20.308 0.0000000000
108828  -51.354  26.425  19.835 0.0000000000
107962  -50.199  25.666  18.875 0.0000000000
108843  -49.715  26.054  18.297 0.0000000000
107977  -49.642  25.905  18.246 0.0000000000
157300  -48.569  24.572  19.003 0.0000000000
107195  -47.962  24.436  18.685 0.0000000000
107194  -46.942  24.063  18.792 0.0000000000
154325  -43.095  29.468  20.351 0.0000000000
133773  -42.451  29.400  21.011 0.0000000000
110490  -41.502  28.625  20.524 0.0000000000
109682  -40.522  27.980  20.766 0.0000000000
109665  -40.155  27.805  21.344 0.0000000000
108788  -40.715  26.949  22.637 0.0000000000
108776  -41.400  26.173  23.343 0.0000000000
108765  -41.173  25.896  24.169 0.0000000000
141065  -43.907  42.097  27.255 0.0000000000
119082  -43.933  41.359  27.245 0.0000000000
119083  -44.721  41.664  27.409 0.0000000000
118388  -45.953  40.338  27.787 0.0000000000
118373  -46.768  40.356  28.132 0.0000000000
136721  -47.215  41.412  28.328 0.0000000000
118374  -47.597  40.704  28.501 0.0000000000
117700  -47.569  39.975  28.503 0.0000000000
117052  -48.906  38.891  29.310 0.0000000000
117036  -50.493  38.469  29.664 0.0000000000
116380  -51.837  37.089  29.435 0.0000000000
120350  -49.348  43.460  28.614 0.0000000000
119727  -49.662  42.642  28.893 0.0000000000
118377  -50.621  41.058  28.869 0.0000000000
117725  -51.566  39.159  26.923 0.0000000000
117704  -51.405  39.933  28.285 0.0000000000
117703  -50.901  40.199  28.981 0.0000000000
152305  -51.403  38.646  28.803 0.0000000000
116396  -51.987  37.188  28.661 0.0000000000
142560  -52.202  35.970  28.334 0.0000000000
115108  -51.871  35.624  26.423 0.0000000000
115122  -50.900  35.263  25.261 0.0000000000
115139  -50.628  34.920  24.433 0.0000000000
115151  -51.835  34.648  23.426 0.0000000000
114480  -50.978  34.329  22.700 0.0000000000
114489  -49.975  33.958  22.234 0.0000000000
113860  -48.992  33.156  21.135 0.0000000000
113231  -48.344  31.955  19.734 0.0000000000
112576  -47.893  31.471  19.498 0.0000000000
111910  -47.334  30.693  18.322 0.0000000000
112584  -48.427  31.850  18.276 0.0000000000
112590  -47.881  31.793  17.935 0.0000000000
111916  -46.712  31.089  17.697 0.0000000000
114523  -48.896  33.265  18.580 0.0000000000
113245  -47.929  32.319  17.955 0.0000000000
113244  -47.282  31.828  17.906 0.0000000000
112582  -45.884  31.859  19.074 0.0000000000
112588  -45.358  31.103  19.059 0.0000000000
112581  -44.874  31.605  20.263 0.0000000000
115831  -47.889  36.216  21.230 0.0000000000
115187  -47.393  35.041  20.270 0.0000000000
115829  -46.212  36.321  21.392 0.0000000000
114500  -46.356  35.047  20.792 0.0000000000
114512  -46.035  34.191  20.789 0.0000000000
107011  -50.421  24.888  42.366 0.0000000000
107012  -51.196  24.719  43.056 0.0000000000
108557  -51.221  26.248  42.258 0.0000000000
107753  -51.852  25.913  42.724 0.0000000000
107013  -51.933  25.061  43.224 0.0000000000
107759  -53.202  25.020  42.370 0.0000000000
107021  -53.309  24.726  41.988 0.0000000000
109454  -52.134  27.124  39.391 0.0000000000
109455  -52.700  27.769  39.769 0.0000000000
152186  -52.555  27.929  39.007 0.0000000000
109492  -52.142  27.612  37.824 0.0000000000
109505  -52.453  27.655  36.646 0.0000000000
109517  -52.575  27.471  35.793 0.0000000000
109530  -53.037  27.570  35.036 0.0000000000
121562  -31.232  45.406  28.569 0.0000000000
122182  -31.915  46.166  27.112 0.0000000000
121563  -32.053  45.139  28.262 0.0000000000
120914  -32.571  44.641  28.801 0.0000000000
120902  -33.985  44.208  29.451 0.0000000000
120345  -35.128  43.558  28.868 0.0000000000
119081  -35.923  42.006  27.915 0.0000000000
149355  -37.650  41.343  27.461 0.0000000000
140845  -37.939  41.917  27.407 0.0000000000
141070  -38.881  41.872  27.292 0.0000000000
120347  -37.471  44.164  28.159 0.0000000000
120355  -38.937  43.540  27.560 0.0000000000
119733  -39.384  42.680  27.295 0.0000000000
119734  -40.332  42.624  27.211 0.0000000000
119735  -41.254  42.517  27.152 0.0000000000
159161  -41.761  43.173  27.254 0.0000000000
122219  -35.782  46.487  25.684 0.0000000000
142874  -37.490  47.674  27.012 0.0000000000
122187  -38.402  47.791  27.484 0.0000000000
122728  -39.087  47.784  27.855 0.0000000000
122751  -39.945  48.787  26.983 0.0000000000
122729  -39.738  48.100  27.647 0.0000000000
121571  -40.113  46.097  28.708 0.0000000000
120938  -41.308  45.249  28.312 0.0000000000
145806  -41.865  44.849  28.054 0.0000000000
141116  -42.693  43.403  27.381 0.0000000000
144953  -43.559  44.280  27.728 0.0000000000
146677  -44.258  45.172  28.015 0.0000000000
122189  -43.534  48.216  27.606 0.0000000000
154473  -44.786  46.066  28.017 0.0000000000
120940  -45.248  45.191  28.025 0.0000000000
121593  -45.742  46.061  27.913 0.0000000000
157748  -46.191  46.169  27.658 0.0000000000
121610  -46.553  46.114  27.322 0.0000000000
122237  -44.164  46.755  23.986 0.0000000000
122230  -44.755  48.496  24.506 0.0000000000
122773  -45.141  49.615  25.167 0.0000000000
122244  -45.756  48.530  22.804 0.0000000000
122782  -45.581  49.152  24.242 0.0000000000
122766  -45.124  49.685  25.483 0.0000000000
122767  -45.877  49.038  25.089 0.0000000000
122223  -46.250  47.448  25.516 0.0000000000
121626  -46.642  46.150  26.255 0.0000000000
121627  -47.413  45.433  25.809 0.0000000000
120971  -48.270  44.703  25.115 0.0000000000
120984  -48.343  44.785  24.055 0.0000000000
121660  -47.953  46.354  22.244 0.0000000000
121652  -48.275  45.343  23.103 0.0000000000
146874  -49.353  43.858  23.231 0.0000000000
134274  -49.292  43.152  22.620 0.0000000000
120420  -49.701  43.779  19.631 0.0000000000
120425  -49.379  43.369  19.081 0.0000000000
121736  -48.465  45.322  16.901 0.0000000000
121074  -49.037  44.683  16.518 0.0000000000
120438  -50.306  42.898  16.708 0.0000000000
112431  -47.777  32.519  40.955 0.0000000000
150318  -47.106  31.714  39.583 0.0000000000
111758  -47.555  32.577  40.620 0.0000000000
112422  -48.699  32.303  40.782 0.0000000000
111760  -49.281  32.166  40.364 0.0000000000
111771  -49.931  31.650  39.749 0.0000000000
150003  -50.481  31.238  39.654 0.0000000000
109502  -46.444  27.241  36.578 0.0000000000
109491  -47.698  27.925  37.014 0.0000000000
110325  -48.217  28.527  37.479 0.0000000000
109516  -48.845  27.905  35.140 0.0000000000
159005  -48.903  28.355  36.638 0.0000000000
110326  -48.964  28.638  37.176 0.0000000000
154880  -49.888  29.292  37.450 0.0000000000
157794  -51.163  30.330  38.675 0.0000000000
111071  -51.978  30.186  38.141 0.0000000000
111086  -52.889  30.128  37.375 0.0000000000
111095  -53.446  29.691  36.669 0.0000000000
111110  -53.177  29.614  34.530 0.0000000000
111103  -53.728  29.593  35.245 0.0000000000
111096  -53.948  29.375  35.813 0.0000000000
109519  -54.303  28.744  34.875 0.0000000000
109531  -53.850  28.056  34.641 0.0000000000
109564  -53.834  27.314  32.738 0.0000000000
112472  -42.020  31.469  33.251 0.0000000000
154708  -42.544  31.295  32.591 0.0000000000
147045  -43.259  30.667  31.264 0.0000000000
117715  -44.672  39.805  27.544 0.0000000000
117048  -44.895  38.122  28.045 0.0000000000
116376  -47.322  37.483  29.272 0.0000000000
116375  -46.460  37.092  29.261 0.0000000000
154307  -45.757  37.327  28.771 0.0000000000
138670  -46.380  36.311  30.782 0.0000000000
115702  -47.073  36.133  31.911 0.0000000000
115040  -46.388  35.811  32.680 0.0000000000
115067  -51.576  35.582  29.875 0.0000000000
115054  -51.552  35.597  31.171 0.0000000000
115041  -51.184  35.574  32.268 0.0000000000
115052  -48.952  34.823  30.504 0.0000000000
114409  -49.988  34.637  31.723 0.0000000000
115030  -50.709  35.679  33.077 0.0000000000
154242  -49.568  35.977  33.652 0.0000000000
115028  -48.667  35.709  33.921 0.0000000000
144099  -46.827  35.514  33.938 0.0000000000
115016  -47.052  34.967  34.472 0.0000000000
113770  -46.630  33.815  34.254 0.0000000000
113138  -46.067  33.275  33.595 0.0000000000
141354  -46.046  33.139  31.792 0.0000000000
113781  -46.177  33.128  32.824 0.0000000000
113142  -45.543  32.846  32.972 0.0000000000
152338  -44.519  32.243  31.783 0.0000000000
112500  -43.694  30.998  30.815 0.0000000000
111831  -43.509  30.206  30.781 0.0000000000
111144  -44.010  29.638  30.249 0.0000000000
110403  -44.885  29.002  29.518 0.0000000000
110405  -46.395  28.285  28.910 0.0000000000
111156  -46.545  29.450  28.085 0.0000000000
110416  -46.970  28.717  28.238 0.0000000000
159148  -47.388  27.823  29.273 0.0000000000
109603  -48.613  27.730  29.539 0.0000000000
109604  -49.614  27.813  29.698 0.0000000000
110406  -50.257  28.122  29.029 0.0000000000
111181  -46.753  30.006  25.345 0.0000000000
111182  -47.771  29.893  25.624 0.0000000000
111171  -49.027  29.911  26.529 0.0000000000
110447  -50.388  29.086  25.133 0.0000000000
111184  -49.671  29.571  25.862 0.0000000000
111172  -49.881  29.571  26.488 0.0000000000
111163  -50.587  28.785  27.694 0.0000000000
110419  -50.945  28.485  28.343 0.0000000000
110407  -50.571  27.994  29.819 0.0000000000
137108  -51.699  28.232  29.869 0.0000000000
138815  -52.869  28.456  29.793 0.0000000000
110397  -53.899  28.497  30.128 0.0000000000
110432  -54.126  28.098  27.666 0.0000000000
110410  -54.675  28.135  29.618 0.0000000000
110398  -54.830  28.244  30.597 0.0000000000
109582  -54.995  27.937  31.512 0.0000000000
108689  -54.345  27.340  31.708 0.0000000000
135539  -53.078  26.548  31.941 0.0000000000
108695  -52.412  26.054  31.320 0.0000000000
146046  -51.488  25.640  29.942 0.0000000000
107890  -52.025  26.210  28.804 0.0000000000
107889  -51.015  25.736  29.006 0.0000000000
107888  -49.835  25.463  28.888 0.0000000000
155050  -49.240  25.258  29.148 0.0000000000
139699  -51.274  26.258  22.055 0.0000000000
108768  -50.040  26.336  23.901 0.0000000000
136308  -49.747  26.426  24.939 0.0000000000
107942  -48.838  25.494  22.025 0.0000000000
108767  -49.013  26.275  24.316 0.0000000000
134287  -49.301  26.319  25.826 0.0000000000
137995  -48.527  26.127  25.860 0.0000000000
107912  -48.058  25.826  27.089 0.0000000000
107899  -47.382  25.495  27.700 0.0000000000
107898  -46.503  25.415  27.231 0.0000000000
107926  -45.942  25.146  24.612 0.0000000000
107908  -45.203  24.948  25.925 0.0000000000
111239  -46.714  29.696  17.960 0.0000000000
110514  -46.036  28.495  17.017 0.0000000000
109720  -45.918  27.529  16.482 0.0000000000
160308  -44.974  28.321  16.867 0.0000000000
108864  -45.477  26.982  16.204 0.0000000000
108859  -46.123  26.473  16.339 0.0000000000
107990  -46.039  25.537  17.195 0.0000000000
107207  -46.677  24.794  18.053 0.0000000000
107193  -46.180  24.071  19.083 0.0000000000
110496  -42.357  28.772  20.002 0.0000000000
155724  -42.509  26.558  20.432 0.0000000000
108839  -43.221  26.659  18.903 0.0000000000
107975  -44.821  25.371  18.958 0.0000000000
107192  -45.421  24.353  19.391 0.0000000000
106439  -45.445  22.605  20.038 0.0000000000
105660  -44.742  21.914  20.711 0.0000000000
105652  -44.777  22.262  22.173 0.0000000000
105658  -43.436  21.904  20.611 0.0000000000
105651  -44.178  21.620  21.302 0.0000000000
105647  -44.277  22.338  23.236 0.0000000000
104840  -43.375  21.458  21.547 0.0000000000
104844  -43.570  21.660  20.826 0.0000000000
105650  -42.020  21.903  21.106 0.0000000000
105657  -42.691  21.782  20.904 0.0000000000
105659  -44.047  21.768  20.601 0.0000000000
105666  -44.885  22.176  20.243 0.0000000000
106431  -45.417  22.436  20.427 0.0000000000
106432  -46.145  23.022  20.967 0.0000000000
107015  -53.219  24.914  42.947 0.0000000000
107135  -44.142  23.999  25.867 0.0000000000
107153  -45.763  24.180  23.229 0.0000000000
107196  -49.114  25.183  18.406 0.0000000000
107748  -52.703  25.484  43.137 0.0000000000
107752  -51.222  25.415  42.630 0.0000000000
107767  -52.662  25.311  41.446 0.0000000000
107919  -45.781  25.245  25.476 0.0000000000
107934  -48.365  25.734  23.006 0.0000000000
107963  -50.902  26.118  19.259 0.0000000000
107991  -47.152  25.400  17.118 0.0000000000
107992  -48.109  25.571  17.251 0.0000000000
107993  -48.526  25.918  17.303 0.0000000000
107999  -45.211  26.169  16.780 0.0000000000
108000  -46.651  25.940  16.505 0.0000000000
108549  -53.030  26.576  42.527 0.0000000000
108558  -53.220  26.529  42.073 0.0000000000
108567  -49.243  26.396  40.591 0.0000000000
108587  -51.532  26.116  39.741 0.0000000000
108615  -42.734  27.008  36.914 0.0000000000
108626  -42.413  26.399  36.314 0.0000000000
108643  -47.012  26.900  35.089 0.0000000000
108661  -52.909  27.253  34.307 0.0000000000
108704  -54.046  26.916  30.159 0.0000000000
108713  -54.317  27.610  28.444 0.0000000000
108720  -51.403  26.241  28.129 0.0000000000
108740  -47.894  25.916  26.262 0.0000000000
108741  -48.821  26.070  26.579 0.0000000000
108756  -48.757  26.229  25.174 0.0000000000
108758  -52.627  26.974  24.765 0.0000000000
108779  -50.225  26.087  22.789 0.0000000000
108780  -51.059  26.339  23.088 0.0000000000
108781  -52.517  26.906  22.772 0.0000000000
108782  -52.713  27.347  22.489 0.0000000000
108791  -49.477  25.775  22.374 0.0000000000
108806  -43.187  25.914  20.933 0.0000000000
108807  -48.799  26.947  20.142 0.0000000000
108808  -51.220  25.989  20.513 0.0000000000
108809  -51.780  26.634  20.548 0.0000000000
108825  -48.804  26.598  19.006 0.0000000000
108842  -48.721  26.274  17.910 0.0000000000
108849  -44.050  27.035  16.966 0.0000000000
108851  -47.356  26.379  16.826 0.0000000000
108852  -48.342  26.059  17.185 0.0000000000
108865  -46.175  26.793  16.308 0.0000000000
109414  -52.573  27.053  42.295 0.0000000000
109474  -52.020  27.393  38.524 0.0000000000
109485  -41.922  27.271  37.262 0.0000000000
109503  -47.230  27.459  36.481 0.0000000000
109514  -47.677  27.232  35.058 0.0000000000
109515  -48.203  27.603  35.551 0.0000000000
109532  -54.350  28.555  34.150 0.0000000000
109543  -53.924  27.734  33.782 0.0000000000
109544  -54.444  28.284  33.139 0.0000000000
109561  -48.684  27.659  32.616 0.0000000000
109565  -54.955  28.056  31.670 0.0000000000
109579  -48.575  27.600  31.207 0.0000000000
109580  -49.392  27.733  31.194 0.0000000000
109583  -55.066  28.095  31.141 0.0000000000
109591  -48.144  27.582  30.434 0.0000000000
109594  -54.977  28.033  30.165 0.0000000000
109600  -45.919  28.043  29.632 0.0000000000
109601  -46.859  27.804  29.561 0.0000000000
109602  -47.680  27.678  29.704 0.0000000000
109605  -54.707  27.929  29.142 0.0000000000
109610  -47.189  28.080  28.836 0.0000000000
109611  -47.864  27.852  28.997 0.0000000000
109613  -49.382  28.046  28.894 0.0000000000
109621  -53.845  27.708  26.890 0.0000000000
109622  -54.184  27.900  27.579 0.0000000000
109636  -53.278  27.697  25.045 0.0000000000
109643  -52.999  27.418  24.175 0.0000000000
109654  -49.041  27.979  22.940 0.0000000000
109657  -52.938  27.504  23.339 0.0000000000
109666  -40.707  27.246  21.715 0.0000000000
109670  -48.782  27.634  22.169 0.0000000000
109673  -52.440  27.511  21.958 0.0000000000
109687  -48.761  27.311  21.218 0.0000000000
109689  -51.768  27.194  20.652 0.0000000000
109695  -41.026  27.833  20.193 0.0000000000
109700  -51.417  26.860  20.015 0.0000000000
109718  -44.241  27.707  16.991 0.0000000000
109719  -45.153  27.669  16.507 0.0000000000
109721  -46.549  26.934  16.511 0.0000000000
110323  -46.602  28.378  37.670 0.0000000000
110333  -48.781  28.076  36.079 0.0000000000
110345  -54.264  29.086  35.366 0.0000000000
110359  -49.778  28.124  33.237 0.0000000000
110364  -54.437  28.751  33.107 0.0000000000
110375  -53.893  28.924  32.167 0.0000000000
110376  -54.468  28.548  32.293 0.0000000000
110385  -43.556  28.515  31.179 0.0000000000
110387  -52.605  28.607  31.639 0.0000000000
110390  -54.881  28.156  31.712 0.0000000000
110394  -43.928  28.827  30.599 0.0000000000
110404  -45.550  28.743  29.083 0.0000000000
110418  -48.613  28.668  27.939 0.0000000000
110421  -53.532  28.446  28.359 0.0000000000
110422  -54.427  28.101  28.627 0.0000000000
110430  -49.833  28.826  27.717 0.0000000000
110439  -52.716  28.595  25.989 0.0000000000
110450  -53.272  28.149  25.495 0.0000000000
110459  -49.904  28.789  24.351 0.0000000000
110462  -53.076  28.156  24.519 0.0000000000
110467  -45.795  28.776  22.977 0.0000000000
110481  -45.801  28.536  22.291 0.0000000000
110483  -52.191  28.021  22.384 0.0000000000
110489  -40.704  28.402  20.934 0.0000000000
110491  -45.981  28.335  20.804 0.0000000000
110502  -42.049  28.131  19.212 0.0000000000
110508  -43.496  28.075  17.811 0.0000000000
110510  -46.343  28.278  17.533 0.0000000000
111047  -51.284  29.930  40.684 0.0000000000
111048  -51.972  29.505  40.130 0.0000000000
111070  -50.521  30.679  38.960 0.0000000000
111084  -50.043  29.926  38.280 0.0000000000
111094  -52.892  30.099  36.694 0.0000000000
111102  -52.713  29.688  35.244 0.0000000000
111111  -54.109  29.384  34.547 0.0000000000
111112  -54.217  29.239  35.149 0.0000000000
111118  -52.525  29.424  33.926 0.0000000000
111148  -44.562  29.462  29.698 0.0000000000
111149  -45.084  29.615  29.110 0.0000000000
111162  -50.098  29.391  27.082 0.0000000000
111183  -48.744  29.788  25.778 0.0000000000
111186  -51.649  28.966  25.866 0.0000000000
111194  -46.258  29.533  24.516 0.0000000000
111206  -45.944  29.108  23.750 0.0000000000
111216  -45.618  29.244  22.273 0.0000000000
111237  -43.973  29.209  18.690 0.0000000000
111245  -44.722  29.271  17.864 0.0000000000
111252  -46.034  29.104  17.261 0.0000000000
111742  -47.687  32.199  41.140 0.0000000000
111743  -48.577  32.233  40.967 0.0000000000
111744  -49.268  32.022  40.726 0.0000000000
111747  -51.643  29.894  39.503 0.0000000000
111759  -48.506  32.399  40.486 0.0000000000
111762  -51.286  30.310  39.432 0.0000000000
111772  -51.049  30.531  39.048 0.0000000000
111840  -45.043  30.544  29.079 0.0000000000
111845  -46.247  30.169  28.065 0.0000000000
111864  -46.985  30.967  26.779 0.0000000000
111865  -47.810  30.428  26.784 0.0000000000
111871  -46.459  30.772  25.839 0.0000000000
111873  -48.251  30.177  26.364 0.0000000000
111878  -45.591  30.835  24.348 0.0000000000
111886  -45.566  30.398  23.426 0.0000000000
111909  -44.307  30.761  20.341 0.0000000000
111922  -46.834  30.488  17.634 0.0000000000
112473  -42.854  31.840  33.232 0.0000000000
112481  -43.124  31.563  32.380 0.0000000000
112491  -42.755  30.850  31.855 0.0000000000
112492  -43.413  31.307  31.564 0.0000000000
112493  -44.073  31.685  31.238 0.0000000000
112510  -44.830  31.678  29.778 0.0000000000
112527  -45.911  31.776  27.660 0.0000000000
112541  -45.658  31.798  25.590 0.0000000000
112548  -45.558  31.673  24.883 0.0000000000
112567  -46.385  31.521  21.945 0.0000000000
112583  -47.848  31.294  18.280 0.0000000000
112589  -47.377  31.167  17.624 0.0000000000
113136  -43.423  32.479  33.852 0.0000000000
113141  -44.770  32.522  32.661 0.0000000000
113151  -45.302  32.667  31.967 0.0000000000
113182  -45.681  32.656  26.833 0.0000000000
113211  -45.771  32.273  23.854 0.0000000000
113758  -45.222  33.818  34.469 0.0000000000
113759  -45.962  33.973  34.477 0.0000000000
113768  -44.954  33.324  34.232 0.0000000000
113774  -47.982  34.004  33.711 0.0000000000
113792  -46.709  33.538  31.510 0.0000000000
113822  -45.632  33.509  26.716 0.0000000000
113840  -46.054  33.821  24.952 0.0000000000
113858  -46.951  33.136  22.771 0.0000000000
113867  -51.086  33.799  19.944 0.0000000000
113871  -47.495  33.172  18.822 0.0000000000
113873  -50.412  33.423  19.420 0.0000000000
113877  -48.389  32.744  18.296 0.0000000000
113878  -48.927  32.756  18.425 0.0000000000
113879  -49.690  33.143  18.832 0.0000000000
114368  -45.574  34.504  34.509 0.0000000000
114369  -46.480  34.426  34.460 0.0000000000
114382  -44.015  34.808  34.059 0.0000000000
114383  -44.878  34.945  34.187 0.0000000000
114384  -47.226  34.409  34.361 0.0000000000
114386  -49.103  35.396  34.127 0.0000000000
114390  -49.710  34.933  33.789 0.0000000000
114391  -50.333  35.151  33.363 0.0000000000
114397  -48.930  34.302  33.218 0.0000000000
114399  -50.631  35.015  32.592 0.0000000000
114410  -50.864  35.097  31.781 0.0000000000
114430  -46.325  34.762  28.340 0.0000000000
114439  -45.867  34.332  27.856 0.0000000000
114440  -46.309  34.889  27.483 0.0000000000
114449  -46.360  34.831  26.640 0.0000000000
114458  -46.483  34.664  25.859 0.0000000000
114468  -47.434  34.655  24.589 0.0000000000
114477  -46.733  34.081  24.206 0.0000000000
114502  -51.448  33.870  20.721 0.0000000000
114997  -46.181  34.903  34.456 0.0000000000
115014  -45.217  35.303  33.771 0.0000000000
115026  -45.748  35.572  33.306 0.0000000000
115027  -47.593  35.799  33.504 0.0000000000
115029  -50.058  35.623  33.637 0.0000000000
115031  -51.085  35.942  32.588 0.0000000000
115051  -45.000  35.990  31.066 0.0000000000
115055  -51.444  35.867  31.892 0.0000000000
115065  -49.275  35.302  29.681 0.0000000000
115120  -47.872  35.361  25.774 0.0000000000
115121  -49.146  35.349  25.325 0.0000000000
115150  -50.032  34.664  23.743 0.0000000000
115152  -52.333  34.983  23.408 0.0000000000
115174  -45.845  35.836  21.290 0.0000000000
115175  -46.689  35.756  20.988 0.0000000000
115176  -47.685  35.713  20.690 0.0000000000
115177  -48.902  35.606  20.475 0.0000000000
115693  -50.534  35.995  33.268 0.0000000000
115705  -50.853  36.085  32.665 0.0000000000
115719  -51.321  36.123  31.823 0.0000000000
115734  -46.373  36.591  29.964 0.0000000000
115735  -47.218  36.860  29.858 0.0000000000
115737  -52.139  35.989  30.148 0.0000000000
115751  -52.135  36.306  29.286 0.0000000000
115758  -52.288  36.335  27.171 0.0000000000
115766  -52.415  36.453  25.934 0.0000000000
115774  -52.369  36.461  25.073 0.0000000000
115789  -52.469  35.714  24.444 0.0000000000
115821  -52.251  34.999  22.586 0.0000000000
115833  -50.304  35.825  21.325 0.0000000000
116379  -51.292  37.564  29.796 0.0000000000
116394  -45.064  37.521  28.451 0.0000000000
116395  -47.396  38.068  28.887 0.0000000000
116439  -52.139  36.569  24.547 0.0000000000
117035  -49.552  38.263  29.741 0.0000000000
117038  -51.551  37.898  29.085 0.0000000000
117049  -46.093  38.810  28.106 0.0000000000
117053  -51.151  39.388  28.932 0.0000000000
117054  -51.743  38.107  28.223 0.0000000000
117071  -48.483  39.095  26.202 0.0000000000
117699  -46.822  39.427  28.258 0.0000000000
117718  -51.605  39.588  27.341 0.0000000000
117723  -50.405  39.628  26.537 0.0000000000
117728  -46.793  39.749  25.496 0.0000000000
118375  -48.316  40.524  28.813 0.0000000000
118378  -51.179  40.585  28.379 0.0000000000
118383  -41.141  40.918  27.169 0.0000000000
118386  -44.295  40.727  27.356 0.0000000000
118389  -51.429  40.418  27.548 0.0000000000
118392  -50.114  40.584  26.389 0.0000000000
118396  -46.152  40.138  25.070 0.0000000000
119076  -50.094  41.896  29.034 0.0000000000
119077  -50.758  41.703  28.404 0.0000000000
119084  -45.733  41.726  27.671 0.0000000000
119085  -46.521  41.844  27.994 0.0000000000
119086  -51.067  41.829  27.437 0.0000000000
119092  -50.965  41.503  26.675 0.0000000000
119096  -49.014  41.575  25.352 0.0000000000
119716  -33.557  43.293  30.427 0.0000000000
119730  -36.509  42.584  27.763 0.0000000000
119738  -44.574  42.552  27.422 0.0000000000
119745  -50.814  42.270  26.688 0.0000000000
119755  -50.118  42.733  25.403 0.0000000000
119768  -47.508  42.164  24.357 0.0000000000
119769  -48.618  42.211  24.325 0.0000000000
119771  -49.858  42.866  24.945 0.0000000000
119785  -49.230  42.636  23.932 0.0000000000
120339  -33.323  43.834  30.039 0.0000000000
120340  -33.859  43.684  29.899 0.0000000000
120344  -34.389  43.662  29.464 0.0000000000
120349  -48.376  43.742  28.665 0.0000000000
120353  -36.619  43.532  28.054 0.0000000000
120354  -38.146  43.543  27.675 0.0000000000
120357  -40.907  43.552  27.383 0.0000000000
120358  -41.820  43.985  27.552 0.0000000000
120360  -48.835  44.203  28.428 0.0000000000
120361  -49.486  43.938  28.095 0.0000000000
120363  -49.805  43.744  27.021 0.0000000000
120399  -49.486  43.874  21.644 0.0000000000
120426  -49.759  43.597  18.847 0.0000000000
120892  -31.588  44.481  30.815 0.0000000000
120900  -31.048  45.225  29.379 0.0000000000
120913  -31.707  44.823  28.997 0.0000000000
120916  -34.514  44.674  28.873 0.0000000000
120917  -35.386  44.551  28.849 0.0000000000
120918  -36.220  44.918  28.866 0.0000000000
120920  -38.873  45.088  28.601 0.0000000000
120921  -39.746  45.148  28.472 0.0000000000
120942  -47.965  45.103  28.191 0.0000000000
120943  -49.114  44.407  27.818 0.0000000000
120983  -41.240  44.669  23.921 0.0000000000
121028  -49.953  43.976  19.349 0.0000000000
121073  -47.630  44.894  16.367 0.0000000000
121565  -34.106  45.180  28.232 0.0000000000
121568  -37.645  45.693  28.743 0.0000000000
121583  -31.532  45.699  27.802 0.0000000000
121584  -32.502  45.650  27.566 0.0000000000
121588  -36.415  46.400  27.826 0.0000000000
121592  -44.197  47.051  27.878 0.0000000000
121594  -46.611  45.706  27.980 0.0000000000
121595  -47.348  45.535  27.917 0.0000000000
121604  -37.216  47.130  26.721 0.0000000000
121611  -47.396  45.576  27.068 0.0000000000
121640  -43.303  46.075  24.321 0.0000000000
121705  -48.013  46.373  17.832 0.0000000000
122168  -38.774  46.888  28.452 0.0000000000
122169  -39.564  47.054  28.499 0.0000000000
122170  -40.376  47.272  28.423 0.0000000000
122171  -41.155  47.529  28.298 0.0000000000
122184  -33.998  46.499  26.900 0.0000000000
122188  -42.659  47.980  27.829 0.0000000000
122201  -34.213  46.790  26.251 0.0000000000
122203  -36.388  47.126  26.877 0.0000000000
122206  -39.390  48.214  26.911 0.0000000000
122207  -40.224  48.366  26.870 0.0000000000
122218  -35.142  46.585  25.359 0.0000000000
122222  -43.483  48.256  25.721 0.0000000000
122231  -46.580  48.239  23.987 0.0000000000
122245  -47.229  47.963  22.473 0.0000000000
122263  -45.839  48.168  20.277 0.0000000000
122265  -48.320  46.556  19.748 0.0000000000
122277  -47.164  47.731  18.833 0.0000000000
122285  -46.662  47.412  18.437 0.0000000000
122291  -46.133  46.835  18.121 0.0000000000
122731  -41.240  48.572  27.560 0.0000000000
122736  -37.589  47.575  27.280 0.0000000000
122742  -44.225  49.728  26.846 0.0000000000
122745  -29.577  48.078  26.830 0.0000000000
122746  -30.112  47.471  26.644 0.0000000000
122747  -30.905  47.206  26.344 0.0000000000
122749  -38.502  48.087  27.227 0.0000000000
122750  -39.112  48.508  27.114 0.0000000000
122752  -41.358  49.059  27.098 0.0000000000
122753  -42.726  48.740  27.433 0.0000000000
122754  -43.689  49.612  27.069 0.0000000000
122759  -31.302  47.657  25.731 0.0000000000
122760  -32.224  47.501  25.494 0.0000000000
122761  -33.063  47.373  25.227 0.0000000000
122765  -44.517  49.926  26.038 0.0000000000
122774  -45.644  49.350  24.679 0.0000000000
122783  -45.975  49.279  23.913 0.0000000000
122797  -46.659  48.830  21.845 0.0000000000
122798  -47.042  48.646  21.323 0.0000000000
122802  -46.230  48.626  20.623 0.0000000000
122803  -46.687  48.696  20.548 0.0000000000
122815  -47.030  48.366  19.685 0.0000000000
132777  -51.289  28.285  29.093 0.0000000000
132911  -51.560  29.009  33.695 0.0000000000
133164  -49.533  35.667  27.162 0.0000000000
133617  -50.782  26.539  24.933 0.0000000000
133814  -45.736  38.020  28.270 0.0000000000
133917  -45.066  28.371  29.903 0.0000000000
135055  -45.904  25.286  26.889 0.0000000000
135881  -46.234  25.499  25.827 0.0000000000
136670  -50.065  31.644  40.284 0.0000000000
136755  -50.127  40.407  29.328 0.0000000000
137262  -48.529  44.896  27.604 0.0000000000
137450  -31.024  46.264  27.401 0.0000000000
137598  -45.972  43.432  27.922 0.0000000000
137704  -47.995  35.346  34.218 0.0000000000
137917  -48.492  35.542  26.167 0.0000000000
137974  -44.147  21.735  22.294 0.0000000000
138559  -44.424  28.949  30.019 0.0000000000
139102  -49.340  44.460  21.803 0.0000000000
139219  -51.415  40.091  26.987 0.0000000000
139222  -54.373  29.106  33.836 0.0000000000
139698  -46.257  27.703  16.819 0.0000000000
140030  -45.506  29.072  17.296 0.0000000000
140146  -48.410  28.147  36.806 0.0000000000
140214  -31.872  49.027  24.605 0.0000000000
141066  -42.503  41.637  27.132 0.0000000000
141069  -39.829  41.816  27.196 0.0000000000
141141  -45.518  26.533  16.392 0.0000000000
141469  -46.853  37.450  23.127 0.0000000000
141780  -46.281  34.441  29.185 0.0000000000
141852  -45.584  33.034  27.591 0.0000000000
141961  -52.631  28.646  40.522 0.0000000000
141962  -46.143  33.454  24.368 0.0000000000
141964  -46.567  37.791  28.693 0.0000000000
142811  -45.825  29.817  21.463 0.0000000000
142842  -47.901  27.465  32.700 0.0000000000
143245  -32.182  46.603  26.536 0.0000000000
143436  -49.400  29.764  26.920 0.0000000000
143527  -47.256  25.843  24.832 0.0000000000
144185  -48.121  42.193  28.735 0.0000000000
144624  -45.734  28.757  21.609 0.0000000000
144642  -50.421  28.508  23.586 0.0000000000
144769  -44.605  44.210  27.759 0.0000000000
145704  -49.900  43.972  19.903 0.0000000000
145933  -46.765  46.815  24.545 0.0000000000
146614  -45.395  32.329  28.766 0.0000000000
147932  -45.466  39.949  27.683 0.0000000000
148056  -48.275  45.005  16.478 0.0000000000
148449  -51.094  34.558  20.376 0.0000000000
149530  -45.575  31.661  24.077 0.0000000000
150784  -36.903  41.638  27.565 0.0000000000
150823  -51.179  35.462  26.045 0.0000000000
150931  -45.930  33.318  30.834 0.0000000000
150933  -52.081  35.575  25.698 0.0000000000
151089  -46.198  28.861  28.505 0.0000000000
151198  -51.933  35.805  28.331 0.0000000000
151250  -49.765  39.001  29.547 0.0000000000
151353  -49.275  28.501  28.134 0.0000000000
151535  -49.137  40.500  26.243 0.0000000000
151681  -47.534  39.257  28.573 0.0000000000
151699  -49.738  44.132  17.803 0.0000000000
151798  -50.274  43.189  26.111 0.0000000000
152370  -34.796  46.795  26.103 0.0000000000
152393  -50.058  42.974  28.429 0.0000000000
153236  -43.283  41.548  27.184 0.0000000000
153488  -52.211  36.527  28.230 0.0000000000
153500  -47.126  24.979  22.676 0.0000000000
153878  -41.555  21.806  21.314 0.0000000000
153925  -45.841  49.046  23.520 0.0000000000
154133  -52.047  26.598  22.328 0.0000000000
154189  -49.109  33.605  21.964 0.0000000000
155457  -45.522  32.917  28.352 0.0000000000
155520  -42.439  45.370  28.234 0.0000000000
155591  -32.197  44.427  29.425 0.0000000000
155830  -53.714  28.243  26.973 0.0000000000
156267  -52.488  29.779  35.908 0.0000000000
156470  -47.446  46.469  17.650 0.0000000000
156531  -45.922  26.128  16.472 0.0000000000
157114  -51.682  25.890  29.344 0.0000000000
157123  -48.381  41.621  25.136 0.0000000000
157792  -45.487  30.970  28.617 0.0000000000
158005  -53.003  26.041  43.005 0.0000000000
158276  -46.417  29.078  17.809 0.0000000000
158410  -50.996  29.129  27.052 0.0000000000
158776  -42.635  28.585  19.345 0.0000000000
158801  -49.121  27.824  33.122 0.0000000000
159009  -54.277  27.745  27.976 0.0000000000
159048  -47.266  27.078  35.474 0.0000000000
159135  -45.104  37.024  28.884 0.0000000000
159355  -47.561  28.938  27.877 0.0000000000
159501  -45.760  32.334  27.405 0.0000000000
159679  -45.122  36.480  29.764 0.0000000000
159968  -37.962  48.164  26.967 0.0000000000
160119  -42.846  41.030  27.170 0.0000000000
160392  -50.106  27.904  31.186 0.0000000000
160442  -49.383  26.050  27.137 0.0000000000
