#!ascii label  , from subject sub-v1s5x0050739_ses-1 vox2ras=TkReg
2085
32034  -34.366  -50.879  -8.782 0.5000000000
32027  -33.679  -50.348  -8.455 0.4000000060
32026  -32.740  -50.593  -7.987 0.6000000238
33047  -34.038  -49.480  -8.162 0.6000000238
33048  -35.779  -49.222  -8.728 0.6000000238
33053  -34.644  -50.071  -8.836 0.5000000000
35180  -36.167  -47.498  -8.209 0.6000000238
33046  -33.193  -49.860  -7.508 0.6999999881
32017  -32.524  -50.306  -6.961 0.6999999881
34099  -34.476  -48.524  -7.701 0.6999999881
132736  -35.012  -49.243  -8.659 0.6999999881
34100  -35.627  -48.274  -8.294 0.6999999881
36255  -36.304  -46.888  -8.020 0.5000000000
36254  -36.083  -46.518  -8.205 0.6999999881
35181  -36.420  -47.838  -7.894 0.5000000000
26959  -26.673  -55.400  3.737 0.5000000000
33038  -33.019  -49.644  -6.310 0.6999999881
34092  -33.950  -48.151  -6.399 0.6999999881
35170  -34.703  -47.620  -7.440 0.6999999881
35169  -33.965  -47.382  -6.237 0.6999999881
36246  -34.691  -46.823  -7.408 0.6999999881
36245  -33.748  -46.680  -6.292 0.6999999881
37263  -36.160  -46.049  -8.090 0.6000000238
31031  -31.599  -51.503  -2.126 0.6999999881
31969  -31.427  -50.714  -2.639 0.6999999881
32009  -32.520  -50.257  -5.765 0.6999999881
33030  -32.678  -49.482  -5.255 0.6999999881
151414  -25.933  -55.395  3.221 0.6000000238
25916  -24.736  -56.446  2.500 0.4000000060
33031  -33.294  -48.806  -5.776 0.6999999881
35179  -35.715  -47.111  -8.143 0.6999999881
37274  -35.814  -45.542  -8.249 0.6999999881
37272  -34.448  -45.046  -8.182 0.6999999881
155584  -36.074  -45.127  -7.232 0.6000000238
152867  -32.298  -50.905  -0.949 0.6999999881
31032  -32.001  -51.555  -1.307 0.6999999881
134318  -31.504  -51.048  -3.381 0.6999999881
31952  -31.810  -50.768  -1.729 0.6999999881
28931  -28.131  -53.943  3.704 0.6000000238
31985  -31.340  -50.326  -3.370 0.6999999881
34071  -31.877  -49.370  -4.491 0.6999999881
137529  -31.445  -49.917  -3.891 0.6999999881
134615  -31.148  -49.968  -2.906 0.6999999881
159459  -31.603  -49.894  -2.142 0.6999999881
26987  -24.854  -54.984  2.028 0.5000000000
26973  -25.232  -55.644  2.678 0.5000000000
35161  -33.372  -47.361  -5.630 0.6999999881
34084  -33.382  -47.960  -5.572 0.6999999881
32997  -31.044  -49.336  -2.820 0.6999999881
26972  -24.465  -55.763  1.962 0.4000000060
140443  -34.560  -46.009  -7.742 0.6999999881
35160  -32.672  -47.829  -5.177 0.6999999881
34070  -30.773  -49.051  -4.025 0.6999999881
142211  -30.699  -48.899  -3.341 0.6999999881
25929  -23.443  -56.573  1.376 0.4000000060
36235  -32.773  -47.031  -5.446 0.6999999881
34057  -30.469  -48.613  -3.882 0.6999999881
34056  -30.488  -48.179  -3.562 0.6999999881
36252  -35.296  -45.463  -8.340 0.6999999881
37261  -33.544  -45.732  -7.049 0.6999999881
35157  -29.637  -46.882  -5.450 0.6999999881
35147  -29.867  -47.527  -4.628 0.6999999881
37273  -35.313  -44.824  -8.457 0.6999999881
36233  -30.179  -46.603  -5.909 0.6999999881
38207  -35.765  -44.578  -7.769 0.6000000238
159329  -34.796  -44.363  -8.576 0.6999999881
38214  -33.057  -44.008  -7.812 0.6999999881
40174  -34.574  -41.957  -6.790 0.5000000000
40193  -34.894  -42.693  -6.709 0.5000000000
40146  -36.206  -42.458  -3.371 0.4000000060
144777  -35.629  -42.785  -4.541 0.5000000000
32959  -32.765  -49.652  -0.767 0.6999999881
29968  -28.329  -52.510  3.054 0.6000000238
27945  -25.635  -54.715  2.567 0.5000000000
34021  -31.660  -48.943  -2.171 0.6999999881
36244  -32.600  -46.177  -6.113 0.6999999881
35159  -31.515  -47.591  -5.104 0.6999999881
37271  -33.260  -44.846  -7.602 0.6999999881
36242  -30.044  -46.120  -6.329 0.6999999881
41189  -33.467  -41.512  -7.826 0.6999999881
38216  -35.141  -44.172  -8.486 0.6999999881
40202  -34.359  -42.619  -8.210 0.6999999881
39172  -34.388  -43.118  -8.510 0.6999999881
41180  -34.083  -41.644  -7.550 0.6999999881
30960  -32.269  -51.343  3.760 0.6999999881
30961  -33.044  -50.963  3.407 0.6999999881
30971  -33.367  -51.268  2.715 0.8000000119
32922  -34.068  -49.858  1.680 0.8000000119
144847  -30.775  -52.033  3.817 0.6000000238
140775  -31.261  -51.291  3.948 0.6000000238
31880  -32.549  -50.476  3.855 0.6000000238
143254  -33.720  -50.389  1.178 0.8000000119
30959  -30.377  -51.236  3.765 0.6000000238
31930  -33.225  -49.920  -0.135 0.6999999881
30957  -29.247  -52.384  3.467 0.6000000238
145413  -30.001  -51.953  3.681 0.6000000238
29967  -27.574  -52.669  2.557 0.6000000238
30968  -27.922  -51.923  2.315 0.6000000238
34022  -32.413  -48.441  -1.648 0.6999999881
28942  -25.800  -53.836  2.091 0.5000000000
29966  -26.875  -52.864  2.097 0.6000000238
34003  -32.891  -48.849  -0.965 0.6999999881
35120  -31.270  -47.650  -2.903 0.6999999881
37260  -32.410  -45.404  -6.769 0.6999999881
36234  -31.464  -46.754  -5.613 0.6999999881
35135  -29.965  -47.471  -4.143 0.6999999881
144615  -32.626  -42.768  -7.848 0.8000000119
39165  -33.846  -43.323  -8.492 0.6999999881
36243  -31.168  -45.962  -6.313 0.6999999881
35134  -29.585  -47.091  -4.709 0.6999999881
41188  -32.699  -41.492  -7.663 0.8000000119
38206  -32.239  -44.619  -7.173 0.6999999881
153837  -30.487  -45.346  -6.558 0.6999999881
40175  -34.986  -41.965  -5.826 0.5000000000
160261  -35.808  -41.970  -4.124 0.5000000000
149720  -35.689  -41.043  -4.393 0.5000000000
41129  -36.375  -41.579  -3.168 0.4000000060
31879  -31.736  -50.529  4.081 0.6000000238
31891  -33.554  -50.469  2.999 0.6999999881
33948  -34.077  -49.221  2.893 0.8000000119
32912  -33.976  -49.871  2.582 0.8999999762
31878  -30.853  -50.443  4.000 0.6000000238
32939  -34.249  -49.088  1.312 0.8000000119
33981  -33.968  -48.817  0.376 0.8000000119
30958  -29.438  -51.276  3.324 0.6000000238
147258  -28.773  -50.983  2.708 0.6000000238
34004  -33.571  -48.439  -0.460 0.8000000119
28957  -26.202  -53.102  1.658 0.6000000238
29978  -27.255  -52.162  1.798 0.6000000238
30980  -28.201  -51.163  2.154 0.6000000238
34023  -33.136  -48.018  -1.194 0.6999999881
27958  -25.178  -54.246  1.755 0.5000000000
35121  -32.163  -46.991  -2.523 0.6999999881
36191  -32.954  -46.698  -1.999 0.6999999881
26999  -23.784  -55.102  0.888 0.5000000000
28955  -24.793  -53.982  1.145 0.5000000000
36205  -31.515  -46.843  -3.100 0.6999999881
36204  -30.705  -47.217  -3.488 0.6999999881
40199  -31.447  -42.178  -7.175 0.8000000119
38213  -32.099  -43.691  -7.411 0.8000000119
38205  -31.278  -44.501  -6.844 0.6999999881
37258  -29.002  -45.299  -6.270 0.6999999881
36227  -29.277  -46.502  -5.135 0.6999999881
39155  -31.005  -43.681  -6.871 0.6999999881
40160  -35.431  -42.233  -4.963 0.5000000000
32899  -31.423  -49.658  4.148 0.6999999881
33918  -32.295  -48.518  4.225 0.6999999881
32900  -32.819  -49.743  3.902 0.6999999881
33936  -33.907  -48.709  3.321 0.8000000119
33949  -34.328  -48.600  2.676 0.8000000119
32898  -30.538  -49.633  3.803 0.6999999881
33935  -33.118  -48.835  3.956 0.8000000119
35045  -34.746  -47.732  1.610 0.8000000119
31877  -29.939  -50.311  3.512 0.6000000238
33982  -34.457  -48.305  1.003 0.8000000119
31890  -29.142  -50.399  2.862 0.6000000238
35084  -34.342  -47.198  -0.088 0.6999999881
29977  -26.605  -52.379  1.378 0.6000000238
30978  -26.917  -51.703  1.096 0.6000000238
36192  -33.598  -46.345  -1.532 0.8000000119
36172  -33.974  -46.767  -0.832 0.6999999881
29976  -25.979  -52.530  0.900 0.6000000238
37212  -33.826  -45.525  -1.671 0.8000000119
27972  -24.218  -54.397  0.808 0.4000000060
36217  -30.206  -46.618  -4.070 0.6999999881
36218  -31.174  -46.292  -3.558 0.6999999881
36206  -32.669  -46.228  -2.527 0.6999999881
25964  -21.924  -56.117  -0.146 0.4000000060
37234  -30.770  -45.546  -4.122 0.6999999881
37222  -32.102  -46.062  -3.135 0.6999999881
39163  -31.669  -42.862  -7.290 0.8000000119
38204  -30.293  -44.505  -6.655 0.8000000119
37244  -29.244  -45.787  -4.981 0.6999999881
37250  -28.901  -45.661  -5.674 0.6999999881
42104  -32.983  -41.026  -7.406 0.8000000119
41179  -33.584  -41.160  -7.344 0.6999999881
42098  -33.965  -40.886  -6.764 0.5000000000
42056  -36.047  -40.686  -3.754 0.5000000000
41154  -35.380  -41.440  -5.015 0.5000000000
41130  -37.000  -41.155  -2.342 0.4000000060
33934  -31.581  -48.753  4.156 0.6000000238
35011  -32.746  -47.910  4.165 0.6999999881
33937  -34.312  -47.986  3.092 0.8000000119
148269  -34.605  -47.413  2.850 0.8000000119
32897  -29.936  -49.508  3.380 0.6999999881
32911  -29.438  -49.685  2.940 0.6999999881
145824  -34.944  -46.961  1.250 0.8000000119
32910  -28.826  -49.712  2.334 0.6000000238
36136  -34.921  -47.069  2.237 0.8000000119
31897  -27.775  -50.533  1.412 0.6000000238
140462  -34.712  -46.858  0.467 0.8000000119
36173  -34.554  -46.309  -0.206 0.8000000119
29990  -26.395  -51.953  0.778 0.6000000238
30994  -27.144  -51.027  0.830 0.6000000238
36207  -33.255  -45.913  -2.175 0.8999999762
36193  -34.212  -45.949  -1.047 0.8000000119
38169  -32.291  -45.063  -3.433 0.8000000119
38170  -33.028  -44.497  -3.062 0.8000000119
28969  -24.663  -53.400  0.386 0.5000000000
147927  -31.357  -43.136  -4.319 0.8000000119
37235  -31.608  -45.489  -3.655 0.6999999881
28968  -23.901  -53.892  -0.016 0.4000000060
41186  -30.856  -41.770  -6.839 0.8000000119
139369  -29.943  -43.740  -6.616 0.8000000119
38202  -28.481  -44.577  -6.043 0.8000000119
38180  -29.582  -44.713  -4.811 0.6999999881
41187  -31.809  -41.559  -7.245 0.8000000119
38203  -29.300  -44.561  -6.459 0.8000000119
37243  -28.860  -44.822  -5.489 0.6999999881
151643  -28.506  -44.087  -6.118 0.8000000119
42095  -31.577  -40.662  -6.603 0.8000000119
40190  -28.764  -42.517  -6.237 0.8000000119
42082  -34.503  -40.557  -5.808 0.6000000238
42069  -35.612  -40.390  -4.399 0.5000000000
33933  -30.941  -48.255  3.769 0.6000000238
35012  -33.717  -47.886  3.692 0.6999999881
134928  -29.667  -49.099  3.003 0.6000000238
146089  -33.891  -47.086  3.763 0.6999999881
36117  -35.040  -46.334  2.526 0.6999999881
33946  -29.183  -49.029  2.455 0.6000000238
35024  -30.282  -47.789  2.966 0.6000000238
35009  -31.042  -47.382  3.490 0.6000000238
33962  -29.029  -48.193  1.892 0.6000000238
36157  -34.999  -46.248  0.687 0.8000000119
32921  -28.253  -49.736  1.619 0.6000000238
36137  -35.198  -46.169  1.692 0.6999999881
30993  -26.544  -51.384  0.460 0.5000000000
37198  -34.585  -45.536  -0.557 0.8000000119
159062  -25.377  -52.063  -0.260 0.3000000119
38171  -33.667  -44.229  -2.316 0.8000000119
38155  -34.010  -44.687  -1.725 0.8000000119
152603  -32.334  -44.292  -3.634 0.8000000119
40144  -30.602  -42.641  -4.390 0.8000000119
141479  -29.390  -43.074  -6.483 0.8000000119
38197  -28.520  -44.706  -5.909 0.8000000119
39127  -30.328  -43.664  -4.576 0.8000000119
38181  -30.627  -44.609  -4.436 0.6999999881
39139  -28.470  -43.703  -5.546 0.8000000119
40173  -28.048  -42.874  -5.354 0.8000000119
42096  -32.453  -40.633  -6.782 0.6999999881
133986  -34.359  -39.875  -5.387 0.6000000238
43878  -37.023  -38.838  -2.678 0.3000000119
136286  -31.704  -46.901  3.796 0.6000000238
36097  -32.471  -46.312  4.040 0.6999999881
36098  -33.519  -46.483  4.023 0.6999999881
132586  -34.328  -46.435  3.565 0.6999999881
35081  -26.521  -47.275  -0.978 0.5000000000
33947  -29.656  -48.445  2.675 0.6000000238
143495  -30.604  -46.983  2.818 0.6000000238
37155  -35.269  -45.574  2.462 0.6999999881
31911  -27.190  -50.288  0.602 0.5000000000
33960  -28.041  -48.954  1.178 0.5000000000
154470  -29.612  -47.711  2.278 0.6000000238
37166  -35.427  -45.303  1.676 0.6999999881
31927  -25.774  -50.716  -0.846 0.3000000119
31910  -26.682  -50.722  0.223 0.5000000000
37185  -35.276  -45.520  0.898 0.8000000119
141042  -34.936  -43.937  -0.510 0.8000000119
38140  -34.843  -44.782  -0.407 0.8000000119
39113  -32.705  -43.623  -3.483 0.8999999762
39099  -33.890  -43.468  -2.146 0.8999999762
141315  -34.119  -43.997  -1.740 0.8000000119
159290  -34.686  -43.694  -0.932 0.8000000119
29989  -24.855  -52.551  -0.310 0.4000000060
40145  -31.418  -42.243  -4.074 0.8999999762
39112  -31.952  -43.712  -4.029 0.8999999762
149105  -33.069  -42.898  -3.209 0.8999999762
42093  -30.149  -41.173  -6.487 0.8000000119
40191  -29.801  -42.123  -6.563 0.8000000119
39125  -28.488  -43.254  -4.989 0.8000000119
39126  -29.112  -43.896  -5.045 0.8000000119
42094  -30.774  -40.705  -6.417 0.8000000119
43017  -31.875  -40.160  -6.124 0.6999999881
42081  -33.682  -40.263  -5.966 0.6000000238
135088  -35.576  -39.115  -4.080 0.6000000238
42981  -35.833  -39.873  -3.976 0.6000000238
36096  -31.653  -46.121  3.499 0.6000000238
36082  -33.142  -45.997  4.143 0.6999999881
37139  -33.770  -45.694  4.030 0.6999999881
35023  -29.968  -46.878  2.136 0.6000000238
156404  -34.933  -45.010  3.420 0.8000000119
149907  -27.434  -48.227  0.201 0.6000000238
33980  -27.974  -48.074  0.694 0.5000000000
35044  -29.245  -47.221  1.587 0.6000000238
37141  -35.116  -45.248  3.132 0.6999999881
38107  -35.609  -44.631  1.816 0.8000000119
32957  -26.551  -49.461  -0.441 0.4000000060
38129  -35.478  -44.761  1.001 0.6999999881
31009  -26.170  -51.099  -0.186 0.4000000060
38141  -35.286  -44.282  0.244 0.8000000119
40114  -33.396  -42.306  -2.690 0.8000000119
39085  -34.879  -43.274  -0.726 0.8000000119
41142  -30.639  -41.765  -4.029 0.8999999762
40129  -32.785  -42.117  -3.260 0.8000000119
39100  -34.420  -43.394  -1.396 0.8000000119
41143  -31.297  -41.376  -3.610 0.8000000119
40188  -27.632  -42.221  -5.315 0.8000000119
140264  -28.157  -41.760  -4.155 0.8000000119
40143  -29.437  -42.912  -4.622 0.6999999881
42092  -28.447  -41.084  -5.958 0.8000000119
40142  -28.355  -42.521  -4.623 0.8000000119
40159  -27.916  -42.770  -5.073 0.8000000119
43016  -30.950  -40.248  -6.025 0.8000000119
41164  -27.588  -41.418  -5.453 0.8000000119
136736  -33.111  -39.739  -5.565 0.6999999881
43006  -33.743  -39.512  -5.242 0.6999999881
44955  -33.703  -37.664  -4.304 0.6000000238
44956  -34.694  -37.401  -4.033 0.6000000238
44937  -35.546  -37.492  -3.695 0.6000000238
36114  -30.568  -46.193  2.397 0.6000000238
39029  -32.965  -43.828  3.893 0.8000000119
38078  -33.333  -44.792  4.081 0.6999999881
145535  -27.227  -44.838  -0.496 0.5000000000
36134  -29.424  -46.274  1.331 0.5000000000
144996  -35.568  -44.094  2.924 0.8000000119
38094  -35.455  -44.753  2.629 0.6999999881
142912  -27.503  -46.158  -0.280 0.5000000000
35043  -28.592  -47.575  1.141 0.5000000000
38080  -35.185  -44.522  3.334 0.8000000119
39043  -35.854  -43.396  2.786 0.8000000119
35082  -27.020  -46.775  -0.589 0.5000000000
137354  -35.740  -44.021  2.236 0.8000000119
152049  -35.707  -43.778  1.147 0.8000000119
40070  -36.057  -42.813  1.452 0.8000000119
150705  -35.339  -43.448  0.004 0.8000000119
40104  -35.205  -42.631  -0.356 0.8000000119
40088  -35.708  -42.767  0.533 0.8000000119
40115  -34.041  -42.579  -1.974 0.8000000119
152139  -31.856  -41.075  -3.244 0.8000000119
41115  -34.332  -41.727  -1.484 0.8000000119
41163  -27.093  -41.626  -4.988 0.8000000119
41141  -29.804  -41.428  -3.842 0.8000000119
41140  -28.883  -41.256  -3.743 0.8999999762
42080  -29.959  -40.369  -6.034 0.8000000119
138069  -27.833  -40.439  -5.461 0.8000000119
43005  -32.259  -39.540  -5.372 0.6999999881
43004  -31.244  -39.616  -5.409 0.6999999881
43906  -33.698  -38.669  -4.631 0.6999999881
43918  -31.530  -38.947  -4.711 0.6999999881
146358  -32.286  -38.830  -4.681 0.6999999881
43904  -31.872  -38.184  -4.400 0.6999999881
44954  -32.973  -37.355  -4.328 0.6999999881
39027  -31.484  -42.426  2.662 0.8000000119
152576  -31.482  -44.589  2.686 0.6000000238
141743  -32.293  -43.516  3.355 0.6000000238
37153  -27.763  -44.774  2.131 0.6000000238
38104  -27.519  -43.151  1.029 0.5000000000
156240  -30.527  -45.198  1.914 0.6000000238
37154  -30.915  -44.408  2.105 0.6000000238
38067  -33.922  -44.135  4.170 0.8000000119
35022  -27.335  -47.811  3.115 0.6000000238
36113  -28.210  -46.044  3.023 0.6000000238
38127  -28.150  -42.885  0.792 0.5000000000
37183  -29.141  -44.467  0.578 0.5000000000
37120  -26.371  -46.173  5.294 0.5000000000
34998  -27.695  -47.580  4.658 0.5000000000
36081  -28.667  -46.860  4.700 0.6000000238
37135  -28.518  -45.046  2.890 0.6000000238
149635  -29.280  -43.638  0.682 0.5000000000
140441  -35.658  -42.932  3.455 0.8000000119
39044  -36.167  -42.788  2.308 0.8000000119
36069  -28.105  -46.776  5.432 0.5000000000
36156  -28.923  -45.448  0.622 0.5000000000
37119  -25.624  -45.558  4.842 0.4000000060
36133  -28.769  -46.550  0.850 0.5000000000
40071  -36.361  -42.139  1.849 0.6999999881
42012  -34.616  -40.902  -1.029 0.8000000119
141490  -35.571  -41.902  0.057 0.8000000119
40089  -36.190  -41.949  0.937 0.6999999881
42040  -31.194  -40.515  -3.013 0.8000000119
41127  -32.514  -41.310  -3.017 0.8000000119
148529  -35.326  -41.042  -0.326 0.8000000119
134851  -33.891  -40.888  -1.700 0.8000000119
42023  -33.431  -40.081  -1.676 0.8000000119
43001  -27.751  -39.457  -5.092 0.8999999762
42078  -26.981  -40.873  -5.041 0.8999999762
150392  -28.067  -41.163  -3.749 0.8000000119
42055  -30.493  -40.965  -3.487 0.8000000119
41139  -27.281  -41.359  -4.097 1.0000000000
42053  -28.527  -40.588  -3.397 0.8000000119
43003  -30.289  -39.648  -5.443 0.8000000119
43917  -30.623  -38.977  -4.736 0.6999999881
40044  -31.368  -41.204  3.060 0.8000000119
39028  -32.399  -42.580  3.462 0.8000000119
39016  -33.330  -42.998  4.067 0.8000000119
37136  -29.308  -45.405  3.854 0.6000000238
39042  -30.430  -42.111  2.040 0.6000000238
38093  -31.192  -43.436  2.253 0.6000000238
40029  -33.676  -42.228  4.275 0.8000000119
34986  -28.212  -47.169  5.006 0.5000000000
140559  -28.743  -46.059  3.621 0.6000000238
38073  -28.785  -44.106  2.787 0.6000000238
39041  -29.710  -42.213  1.556 0.6000000238
39017  -34.256  -43.222  4.228 0.8000000119
39018  -35.061  -43.142  3.934 0.8000000119
40045  -36.011  -42.208  3.439 0.6999999881
36070  -28.743  -46.659  5.185 0.5000000000
39025  -29.342  -42.272  2.526 0.6000000238
38092  -30.465  -43.163  1.599 0.6000000238
138974  -26.122  -45.286  5.186 0.4000000060
38046  -27.717  -45.213  6.064 0.4000000060
153915  -28.431  -45.699  6.064 0.4000000060
37090  -29.219  -45.646  5.962 0.4000000060
40058  -36.330  -42.170  2.711 0.6999999881
38045  -26.960  -44.375  5.705 0.4000000060
38027  -28.573  -44.961  6.368 0.4000000060
38066  -30.477  -43.933  4.514 0.4000000060
41073  -36.474  -41.513  1.554 0.6999999881
147295  -27.869  -43.326  6.477 0.4000000060
38982  -29.815  -44.021  6.792 0.5000000000
41089  -35.944  -41.123  0.424 0.6999999881
38996  -26.798  -43.435  5.588 0.3000000119
38981  -28.724  -43.498  6.881 0.5000000000
38029  -30.318  -44.596  6.197 0.5000000000
148990  -32.110  -40.507  -2.688 0.8000000119
41128  -33.069  -40.786  -2.362 0.8000000119
42024  -34.145  -40.233  -1.262 0.8000000119
41995  -35.653  -40.280  0.015 0.8000000119
42013  -34.982  -40.287  -0.579 0.8000000119
43000  -27.014  -39.996  -4.879 0.8000000119
42067  -26.478  -40.415  -4.133 1.0000000000
42037  -28.017  -39.995  -3.171 0.8000000119
42038  -28.932  -39.881  -2.954 0.8000000119
42054  -29.564  -40.577  -3.310 0.8000000119
42969  -31.491  -39.752  -2.355 0.8000000119
42041  -32.473  -39.706  -1.966 0.8000000119
42990  -26.288  -39.643  -4.114 1.0000000000
147887  -30.902  -39.227  -2.071 0.8000000119
43002  -29.333  -39.681  -5.472 0.8000000119
42965  -27.442  -39.440  -3.131 0.8000000119
42039  -29.826  -39.787  -2.716 0.8000000119
132804  -29.660  -38.945  -4.821 0.8999999762
43902  -30.130  -38.140  -4.509 0.6999999881
43903  -31.013  -38.225  -4.422 0.6999999881
44952  -31.376  -37.407  -4.419 0.6999999881
44953  -32.253  -37.369  -4.363 0.6999999881
148287  -33.356  -36.945  -4.282 0.6999999881
153011  -35.239  -36.776  -3.814 0.6000000238
150128  -33.430  -36.366  -4.396 0.6999999881
46049  -31.726  -36.464  -4.625 0.6999999881
46053  -35.435  -36.023  -3.894 0.6000000238
46052  -34.699  -36.365  -4.087 0.6000000238
39015  -32.502  -41.424  3.751 0.8000000119
41055  -30.362  -41.026  2.858 0.8000000119
41041  -31.209  -40.267  3.778 0.8000000119
41057  -31.322  -40.581  3.549 0.8000000119
141926  -33.096  -41.129  4.235 0.8000000119
36071  -29.308  -46.253  4.868 0.5000000000
38074  -29.319  -43.796  3.216 0.6000000238
40056  -30.530  -41.260  2.666 0.8000000119
40030  -34.573  -42.403  4.310 0.6999999881
38047  -30.174  -45.080  5.714 0.5000000000
40027  -30.350  -41.294  3.458 0.6999999881
40043  -29.901  -41.494  2.578 0.6999999881
149018  -33.953  -41.509  4.483 0.6999999881
40031  -35.384  -42.309  3.987 0.6999999881
41045  -35.935  -41.412  4.017 0.6999999881
38997  -27.412  -43.715  6.099 0.3000000119
40046  -36.449  -41.530  3.192 0.6999999881
41974  -36.818  -40.843  2.716 0.6999999881
39989  -29.715  -42.633  7.534 0.5000000000
154451  -36.381  -40.323  0.775 0.6999999881
40003  -28.053  -42.675  6.693 0.4000000060
39988  -28.854  -42.661  7.252 0.4000000060
42956  -33.808  -39.646  -1.219 0.8000000119
42954  -32.398  -38.780  -1.339 0.8000000119
43868  -33.058  -38.531  -0.938 0.6999999881
42966  -28.360  -39.316  -2.712 0.8000000119
42953  -31.522  -38.942  -1.671 0.8000000119
43914  -26.889  -38.945  -4.616 0.8999999762
43915  -27.841  -38.461  -4.913 0.8999999762
43901  -26.214  -38.875  -4.140 0.8999999762
43889  -26.051  -38.749  -3.996 0.8000000119
43875  -26.620  -38.828  -3.499 0.8000000119
43863  -28.385  -37.976  -2.423 0.8000000119
44973  -27.831  -37.376  -4.972 0.8999999762
44972  -27.033  -38.009  -4.782 0.8000000119
43916  -28.998  -38.012  -4.703 0.8999999762
46047  -29.868  -37.098  -4.660 0.8000000119
44938  -36.428  -37.445  -3.262 0.4000000060
44951  -30.639  -37.504  -4.476 0.8000000119
46048  -30.807  -36.737  -4.648 0.6999999881
46050  -32.741  -36.581  -4.446 0.6999999881
48326  -34.886  -34.497  -5.681 0.5000000000
41042  -32.002  -40.189  3.950 0.8000000119
40014  -31.716  -41.167  5.388 0.6999999881
41955  -33.244  -39.948  4.810 0.6999999881
147389  -28.992  -44.331  6.683 0.4000000060
38967  -31.538  -42.710  7.021 0.6000000238
41953  -31.726  -39.978  4.331 0.6999999881
41044  -34.887  -41.434  4.495 0.6999999881
41956  -35.478  -40.657  4.607 0.6999999881
41957  -36.262  -40.490  4.228 0.6999999881
41058  -36.595  -40.773  3.540 0.6999999881
39990  -30.588  -42.591  7.601 0.5000000000
41967  -37.080  -40.168  3.079 0.6999999881
41007  -29.085  -41.902  7.640 0.4000000060
41975  -37.106  -40.109  2.252 0.6999999881
41914  -28.540  -40.501  7.673 0.3000000119
149805  -28.631  -41.233  7.530 0.3000000119
40996  -30.308  -41.196  8.412 0.5000000000
42955  -33.174  -39.276  -1.358 0.6999999881
42946  -35.145  -39.522  -0.309 0.6999999881
42918  -36.871  -39.886  1.448 0.6999999881
41915  -29.301  -41.045  8.091 0.4000000060
42944  -33.773  -39.015  -0.880 0.6999999881
42926  -35.887  -39.360  0.275 0.6999999881
43854  -34.487  -38.764  -0.423 0.6999999881
43867  -32.443  -38.156  -0.964 0.6999999881
153975  -27.771  -38.714  -2.731 0.8000000119
43877  -29.544  -38.645  -2.171 0.8000000119
134822  -30.172  -38.315  -1.820 0.8000000119
151961  -30.739  -38.719  -1.799 0.8000000119
43864  -29.338  -38.175  -2.106 0.8000000119
44950  -25.905  -37.973  -3.986 0.8000000119
143334  -26.644  -37.229  -4.742 0.8000000119
44971  -26.310  -38.027  -4.381 0.8999999762
44974  -28.894  -37.033  -4.912 0.8999999762
46065  -29.359  -36.248  -5.225 0.8000000119
47182  -29.903  -35.414  -5.769 0.8000000119
47185  -33.492  -35.083  -5.070 0.6999999881
139938  -34.936  -35.473  -4.385 0.6000000238
47183  -30.777  -35.486  -5.569 0.6999999881
47165  -31.669  -35.521  -5.280 0.6999999881
48342  -30.547  -34.161  -6.835 0.6999999881
41954  -32.274  -39.895  4.536 0.6999999881
41011  -32.417  -41.255  7.442 0.6000000238
142509  -32.764  -40.504  6.497 0.6000000238
41931  -32.573  -39.819  5.346 0.6999999881
41933  -33.801  -39.683  5.341 0.6999999881
139345  -34.460  -40.366  4.880 0.6999999881
38966  -31.021  -43.078  7.143 0.5000000000
40004  -31.856  -42.356  6.446 0.6000000238
41945  -35.059  -39.965  5.169 0.6999999881
39992  -32.082  -42.073  7.123 0.6000000238
41930  -28.075  -40.900  7.059 0.3000000119
41009  -30.888  -41.908  8.059 0.5000000000
41010  -31.735  -41.684  7.836 0.5000000000
41916  -32.886  -40.441  7.727 0.6000000238
42902  -36.838  -40.013  3.819 0.6999999881
41898  -29.838  -40.347  8.628 0.4000000060
41899  -30.770  -40.528  8.815 0.5000000000
41901  -32.195  -40.222  8.722 0.6000000238
42903  -37.234  -39.559  3.412 0.6999999881
43829  -36.757  -38.458  1.115 0.6999999881
42919  -37.249  -39.344  1.898 0.6999999881
43840  -36.370  -38.784  0.715 0.6999999881
43756  -29.645  -38.436  8.950 0.3000000119
43838  -34.857  -38.247  -0.025 0.6999999881
44909  -30.634  -37.704  -1.646 0.8000000119
44910  -31.473  -37.491  -1.394 0.8000000119
44911  -32.271  -37.577  -1.021 0.6999999881
44899  -32.948  -37.827  -0.691 0.6999999881
148028  -34.212  -37.094  -0.128 0.6999999881
143239  -27.718  -37.276  -2.792 0.8000000119
144468  -30.984  -37.167  -1.730 0.8000000119
46046  -25.845  -36.418  -4.125 0.8000000119
138488  -26.229  -37.954  -3.640 0.8000000119
44923  -26.631  -37.279  -3.340 0.8000000119
44924  -28.747  -37.214  -2.483 0.8000000119
46063  -27.145  -36.410  -5.162 0.8000000119
48274  -27.163  -34.970  -3.698 0.8000000119
48275  -28.298  -35.256  -3.435 0.8000000119
47156  -29.180  -35.164  -3.345 0.8000000119
49281  -29.217  -33.735  -4.071 0.8000000119
48325  -33.957  -34.607  -5.769 0.6000000238
48324  -33.039  -34.693  -5.874 0.6999999881
47200  -30.167  -34.704  -6.407 0.8000000119
47201  -31.299  -34.999  -6.134 0.6000000238
49327  -30.033  -33.557  -6.798 0.6999999881
49331  -30.877  -33.461  -7.062 0.6000000238
48343  -31.800  -34.564  -6.768 0.6000000238
41917  -33.183  -39.914  6.430 0.6000000238
42878  -34.780  -39.320  5.635 0.6999999881
42879  -35.830  -39.442  5.224 0.6999999881
152682  -33.368  -39.825  7.465 0.6000000238
43804  -36.162  -38.815  5.446 0.6999999881
42891  -36.481  -39.732  4.505 0.6999999881
42834  -30.401  -39.739  9.081 0.4000000060
42835  -31.336  -39.951  9.136 0.4000000060
42850  -33.599  -39.319  7.974 0.5000000000
42864  -35.457  -38.867  5.753 0.6999999881
42892  -37.137  -39.191  4.126 0.6999999881
41902  -32.938  -39.733  8.454 0.5000000000
149169  -33.047  -38.906  8.937 0.5000000000
43819  -37.550  -38.791  3.285 0.6999999881
42911  -37.346  -39.475  2.694 0.6999999881
146703  -30.167  -38.997  9.196 0.3000000119
43757  -30.462  -38.289  9.279 0.3000000119
144236  -30.980  -39.112  9.339 0.4000000060
44901  -34.248  -37.873  -0.199 0.6999999881
43824  -37.503  -38.718  2.310 0.6999999881
44803  -29.918  -37.590  8.909 0.3000000119
44804  -30.809  -37.455  9.187 0.3000000119
44886  -36.289  -37.927  0.803 0.6999999881
44876  -36.963  -37.836  1.296 0.6999999881
44884  -34.858  -37.564  0.144 0.6999999881
45986  -36.424  -36.940  0.957 0.6999999881
46007  -30.356  -37.173  -1.985 0.8000000119
45997  -32.901  -37.094  -0.773 0.6999999881
44900  -33.575  -37.451  -0.441 0.6999999881
47109  -36.394  -36.002  0.685 0.6999999881
133870  -33.631  -36.731  -0.578 0.6999999881
45999  -35.144  -36.091  -0.097 0.6999999881
46020  -26.119  -36.538  -3.707 0.8000000119
46022  -28.240  -36.561  -2.867 0.8000000119
46009  -32.219  -36.819  -1.336 0.6999999881
47120  -34.706  -35.800  -0.795 0.6999999881
150934  -35.042  -35.284  -1.303 0.6999999881
46033  -25.726  -36.502  -4.023 0.8000000119
47142  -27.732  -35.846  -3.280 0.8000000119
46024  -30.082  -36.533  -2.452 0.8000000119
46025  -30.973  -36.530  -2.164 0.8000000119
47134  -33.427  -35.806  -1.633 0.8000000119
48262  -34.920  -34.812  -1.927 0.6999999881
47164  -25.944  -35.714  -4.210 0.8000000119
47144  -29.668  -35.839  -2.898 0.8000000119
47158  -30.985  -35.079  -3.108 0.8000000119
48277  -32.643  -34.870  -2.747 0.8000000119
47178  -26.054  -35.520  -4.516 0.8000000119
145201  -25.999  -34.929  -4.544 0.8000000119
48290  -28.413  -34.428  -3.785 0.8000000119
47157  -30.110  -35.139  -3.235 0.8000000119
48294  -32.270  -34.281  -3.279 0.8000000119
47180  -27.684  -35.564  -5.556 0.8000000119
49279  -26.815  -33.097  -4.629 0.8000000119
134902  -30.041  -33.857  -3.857 0.8000000119
48292  -30.514  -34.405  -3.531 0.8000000119
49300  -31.867  -33.582  -3.718 0.8000000119
48339  -27.115  -33.702  -5.768 0.8000000119
50199  -29.938  -33.138  -4.224 0.8000000119
48340  -28.017  -34.163  -6.088 0.8000000119
48346  -34.465  -34.476  -6.716 0.5000000000
48344  -32.659  -34.531  -6.821 0.6000000238
49325  -27.825  -33.407  -6.211 0.8000000119
49326  -28.728  -33.863  -6.451 0.8000000119
48345  -33.563  -34.518  -6.798 0.6000000238
133971  -33.304  -34.291  -7.500 0.6000000238
48357  -31.523  -34.120  -7.151 0.6000000238
48358  -32.425  -34.239  -7.294 0.6000000238
42862  -33.781  -39.422  6.734 0.6999999881
42863  -34.061  -39.235  5.952 0.6999999881
43787  -35.270  -38.485  6.332 0.6999999881
134793  -36.012  -38.365  5.959 0.6999999881
42880  -36.619  -39.015  4.892 0.6999999881
42851  -34.076  -38.937  7.533 0.5000000000
146537  -35.791  -37.863  6.621 0.6999999881
43758  -31.426  -38.290  9.416 0.4000000060
44806  -32.713  -37.453  9.209 0.4000000060
43760  -33.147  -38.115  9.162 0.5000000000
43812  -37.548  -38.334  4.128 0.6999999881
44869  -37.752  -38.027  2.691 0.6999999881
45901  -31.172  -36.713  8.730 0.3000000119
45902  -32.112  -36.692  8.816 0.3000000119
44807  -33.572  -37.493  8.835 0.5000000000
44855  -37.846  -37.500  4.176 0.6999999881
45900  -30.263  -36.833  8.569 0.3000000119
47030  -31.966  -35.540  7.475 0.3000000119
45973  -37.774  -37.177  2.272 0.6999999881
47110  -37.218  -35.486  0.843 0.6999999881
47132  -31.842  -36.295  -2.013 0.8000000119
46011  -33.899  -36.117  -0.984 0.6999999881
47108  -35.842  -35.835  0.146 0.6999999881
47133  -32.635  -36.074  -1.786 0.6999999881
47135  -34.277  -35.444  -1.604 0.6999999881
142747  -35.624  -34.774  -1.427 0.6999999881
47145  -30.552  -35.807  -2.730 0.8000000119
47147  -33.028  -35.435  -2.243 0.6999999881
47148  -34.179  -34.831  -2.299 0.8000000119
154661  -26.207  -35.207  -3.957 0.8000000119
48278  -33.941  -34.267  -2.868 0.8000000119
48273  -26.227  -34.493  -4.368 0.8000000119
48293  -31.393  -34.320  -3.431 0.8000000119
49283  -32.754  -33.611  -3.546 0.8000000119
49297  -25.992  -33.352  -4.933 0.8000000119
49314  -26.007  -33.439  -5.043 0.8000000119
49280  -28.103  -33.467  -4.295 0.8000000119
49298  -30.647  -32.718  -4.306 0.8000000119
50216  -32.417  -32.879  -3.976 0.8000000119
49324  -27.029  -33.068  -5.882 0.8000000119
50229  -26.288  -32.804  -5.026 0.8000000119
50198  -28.948  -32.931  -4.397 0.8000000119
50213  -29.623  -32.452  -4.459 0.8000000119
51133  -32.596  -31.881  -4.426 0.8000000119
50247  -29.414  -32.891  -6.670 0.8000000119
43786  -34.517  -38.781  6.720 0.6000000238
43759  -32.395  -38.257  9.379 0.5000000000
43773  -35.155  -38.093  7.128 0.6000000238
44816  -34.392  -37.563  8.437 0.5000000000
44827  -36.201  -37.140  6.868 0.6999999881
43788  -36.461  -37.649  6.189 0.6999999881
141984  -37.452  -37.811  4.874 0.6999999881
145786  -34.826  -36.959  8.328 0.6000000238
44828  -36.677  -36.939  6.489 0.6999999881
44844  -37.183  -37.160  5.783 0.6999999881
45958  -37.809  -36.815  4.897 0.6999999881
47029  -31.069  -35.631  7.255 0.3000000119
149792  -33.349  -36.116  8.375 0.3000000119
45933  -36.936  -36.237  6.487 0.6999999881
47028  -30.178  -35.736  7.212 0.3000000119
138750  -33.916  -34.345  6.729 0.3000000119
45959  -38.215  -36.168  4.417 0.6999999881
45967  -38.305  -36.345  3.554 0.6999999881
49218  -31.393  -33.770  4.458 0.3000000119
49193  -31.865  -33.931  4.918 0.3000000119
48194  -32.500  -34.092  5.515 0.3000000119
136651  -33.851  -33.519  5.508 0.3000000119
49236  -31.364  -33.385  3.911 0.3000000119
47122  -36.571  -35.253  0.035 0.6999999881
48279  -34.719  -34.254  -2.557 0.8000000119
49284  -33.694  -33.576  -3.401 0.8000000119
50201  -33.798  -32.798  -3.786 0.8000000119
152739  -26.621  -32.742  -4.915 0.8000000119
50197  -27.744  -32.496  -4.681 0.8000000119
51113  -27.247  -31.913  -5.266 0.8000000119
51115  -28.777  -32.104  -4.627 0.8000000119
133890  -30.369  -31.376  -4.706 0.8000000119
50215  -31.140  -31.969  -4.492 0.8000000119
140189  -31.929  -31.474  -4.618 0.8000000119
50245  -27.599  -32.534  -6.225 0.8000000119
52190  -29.506  -30.813  -5.001 0.8000000119
50246  -28.521  -32.241  -6.515 0.8000000119
50258  -29.425  -31.946  -6.722 0.6999999881
50259  -30.259  -32.668  -6.868 0.6000000238
44818  -35.613  -37.322  7.332 0.6000000238
45932  -36.385  -36.085  7.125 0.6000000238
45946  -37.571  -36.144  5.720 0.6999999881
47050  -34.454  -34.985  7.428 0.4000000060
47051  -36.683  -35.539  6.692 0.6000000238
45947  -38.009  -35.972  5.094 0.6999999881
48198  -36.855  -34.237  6.192 0.4000000060
47076  -38.438  -35.561  3.987 0.6999999881
47086  -38.459  -35.585  3.212 0.6999999881
45980  -38.039  -36.344  2.301 0.6999999881
50122  -34.398  -32.413  4.300 0.3000000119
152465  -37.374  -33.883  5.630 0.4000000060
48214  -38.446  -34.761  4.304 0.6000000238
48238  -38.349  -34.839  1.984 0.6999999881
47102  -37.830  -35.712  1.659 0.6999999881
144198  -37.455  -34.719  0.348 0.6999999881
48244  -38.147  -34.020  0.630 0.6999999881
48253  -37.090  -34.572  -0.320 0.6999999881
48264  -37.208  -34.067  -0.832 0.6999999881
143289  -33.431  -34.813  -2.563 0.8000000119
48295  -33.126  -34.252  -3.107 0.8000000119
49272  -34.432  -33.783  -3.068 0.8000000119
49299  -31.501  -32.841  -4.168 0.8000000119
158401  -34.390  -32.469  -3.832 0.8000000119
157927  -30.126  -32.620  -4.380 0.8000000119
52192  -32.680  -31.115  -4.710 0.8000000119
51145  -27.222  -31.134  -5.918 0.8000000119
152956  -28.444  -30.627  -5.315 0.8000000119
53230  -29.990  -30.075  -5.311 0.8000000119
152800  -30.453  -30.700  -4.986 0.8000000119
53229  -28.838  -29.987  -5.477 0.8000000119
49332  -31.693  -33.309  -7.369 0.6000000238
51157  -28.490  -31.418  -6.601 0.8000000119
51172  -30.385  -31.543  -7.057 0.6000000238
51171  -29.065  -30.841  -6.938 0.6999999881
53274  -29.495  -29.509  -7.705 0.6999999881
45922  -35.349  -36.709  7.845 0.6000000238
47035  -36.153  -35.619  7.190 0.6000000238
47052  -37.306  -35.421  6.166 0.6000000238
48197  -35.487  -33.996  6.443 0.3000000119
47065  -38.259  -35.394  4.767 0.6000000238
49196  -34.474  -33.296  5.473 0.3000000119
145868  -36.193  -33.714  6.077 0.3000000119
49199  -37.895  -33.873  5.201 0.5000000000
50124  -36.890  -32.726  5.115 0.3000000119
49221  -37.494  -33.286  5.172 0.5000000000
48232  -38.556  -34.732  2.907 0.6999999881
50148  -34.003  -32.051  3.615 0.3000000119
51034  -34.846  -31.837  3.821 0.3000000119
50150  -38.511  -32.747  3.317 0.4000000060
48245  -38.448  -34.018  1.518 0.6999999881
51077  -33.398  -31.151  2.363 0.3000000119
49256  -38.557  -33.198  1.043 0.6000000238
49264  -37.291  -33.519  -1.384 0.6000000238
151583  -38.208  -32.783  -0.653 0.6000000238
49263  -36.583  -33.659  -2.003 0.8000000119
50180  -37.870  -32.853  -1.269 0.6000000238
49273  -35.160  -33.610  -2.886 0.8000000119
49274  -36.747  -32.994  -2.470 0.6999999881
49275  -37.347  -32.942  -1.945 0.6999999881
49285  -34.592  -33.103  -3.453 0.8000000119
50202  -35.544  -32.909  -3.242 0.8000000119
50203  -35.949  -32.170  -3.506 0.6999999881
50188  -36.421  -32.630  -2.998 0.6999999881
50189  -37.312  -32.261  -2.547 0.6999999881
148274  -33.095  -32.404  -4.107 0.8000000119
51116  -35.080  -32.384  -3.681 0.8000000119
51117  -35.438  -31.684  -3.948 0.6999999881
51103  -36.819  -31.856  -3.227 0.6999999881
51134  -33.311  -31.640  -4.448 0.8000000119
51135  -34.100  -31.410  -4.437 0.8000000119
52195  -35.740  -30.937  -4.220 0.6999999881
51118  -36.303  -31.376  -3.736 0.6999999881
50212  -26.960  -32.209  -5.303 0.8000000119
51131  -27.650  -31.052  -5.480 0.8000000119
156147  -31.947  -30.690  -4.972 0.8000000119
52193  -33.513  -30.855  -4.748 0.8000000119
53228  -27.797  -30.147  -5.799 0.8000000119
52205  -31.104  -30.232  -5.238 0.8000000119
50244  -27.140  -32.068  -6.012 0.8000000119
53241  -27.723  -29.924  -6.191 0.8000000119
53245  -31.512  -29.544  -5.629 0.8000000119
51169  -27.526  -30.588  -6.205 0.8000000119
52228  -27.818  -30.071  -6.472 0.8000000119
53272  -28.108  -29.281  -6.909 0.6999999881
51173  -31.439  -31.635  -7.367 0.6000000238
52232  -31.874  -30.864  -7.693 0.6000000238
51170  -27.989  -30.611  -6.523 0.8000000119
53273  -28.466  -29.152  -7.375 0.6999999881
49200  -38.355  -33.844  4.440 0.5000000000
48224  -38.583  -34.260  3.678 0.5000000000
50106  -35.039  -32.736  5.095 0.3000000119
51037  -37.669  -32.635  4.504 0.4000000060
49238  -38.548  -33.476  3.601 0.5000000000
132891  -38.592  -33.996  2.378 0.6000000238
51035  -35.866  -31.705  4.092 0.3000000119
49251  -38.655  -33.232  1.956 0.5000000000
52122  -35.703  -30.537  2.839 0.3000000119
52124  -37.268  -31.271  3.503 0.3000000119
50172  -38.716  -32.348  1.516 0.6000000238
50174  -38.632  -32.409  0.593 0.6000000238
52138  -33.506  -30.568  1.921 0.3000000119
139026  -34.922  -30.379  2.399 0.3000000119
52141  -37.977  -30.583  2.559 0.3000000119
52139  -34.165  -30.606  2.244 0.3000000119
50177  -38.504  -32.296  -0.223 0.6000000238
52153  -33.242  -30.177  1.552 0.3000000119
51099  -37.944  -32.224  -1.765 0.6999999881
51104  -37.474  -31.501  -2.874 0.6999999881
52206  -32.814  -30.268  -5.160 0.8000000119
52208  -34.696  -30.105  -4.914 0.6999999881
146761  -35.172  -30.487  -4.588 0.6999999881
52207  -33.896  -30.072  -5.143 0.6999999881
53246  -32.401  -29.535  -5.601 0.8000000119
54169  -32.882  -28.928  -5.937 0.6999999881
53243  -29.376  -29.336  -5.785 0.8000000119
54167  -30.041  -28.697  -6.258 0.6999999881
53244  -30.537  -29.481  -5.659 0.8000000119
54168  -31.907  -28.909  -6.077 0.6000000238
52251  -33.303  -30.774  -8.392 0.6000000238
53260  -28.112  -29.341  -6.664 0.6999999881
54178  -28.351  -28.596  -7.187 0.6999999881
54179  -28.608  -28.071  -7.342 0.6999999881
53285  -29.992  -29.010  -8.283 0.6999999881
53286  -31.176  -29.284  -8.368 0.6999999881
58355  -31.045  -24.765  -10.229 0.5000000000
57299  -30.913  -24.990  -10.375 0.5000000000
159412  -38.739  -31.823  0.897 0.6000000238
151405  -38.686  -31.682  0.249 0.6000000238
52168  -38.663  -30.658  -0.900 0.6000000238
51105  -37.986  -31.507  -2.243 0.6999999881
52170  -38.404  -30.743  -1.901 0.6999999881
51119  -37.126  -31.059  -3.400 0.6999999881
149665  -30.513  -28.323  0.464 0.3000000119
158552  -35.834  -30.273  -4.421 0.6999999881
52180  -37.880  -30.741  -2.793 0.6999999881
52179  -36.549  -30.480  -3.991 0.6999999881
54181  -31.667  -28.217  -6.539 0.6999999881
53248  -34.611  -29.536  -5.234 0.6999999881
53231  -35.374  -29.723  -4.821 0.6000000238
145062  -34.004  -29.397  -5.481 0.6999999881
53242  -28.329  -29.182  -5.929 0.6999999881
54166  -28.885  -28.281  -6.854 0.6999999881
54180  -30.704  -28.131  -6.657 0.6999999881
55124  -31.206  -27.591  -7.003 0.6000000238
55122  -29.034  -27.707  -7.420 0.6999999881
52249  -31.680  -30.048  -8.021 0.6000000238
52250  -32.496  -30.390  -8.195 0.5000000000
54202  -29.266  -28.022  -8.534 0.6999999881
55151  -28.966  -27.085  -8.672 0.6999999881
54221  -29.642  -27.519  -9.021 0.6999999881
55167  -30.628  -26.627  -9.855 0.6000000238
51095  -38.732  -31.206  0.718 0.5000000000
52163  -38.698  -30.408  0.647 0.4000000060
143250  -38.763  -30.928  -0.002 0.6000000238
52165  -38.719  -30.090  -0.145 0.5000000000
141226  -38.684  -29.814  -0.801 0.6000000238
53211  -38.512  -29.256  -2.079 0.6000000238
149351  -30.656  -27.659  0.196 0.3000000119
54120  -31.789  -28.508  0.517 0.3000000119
147682  -37.399  -30.242  -3.479 0.6999999881
53219  -36.982  -29.631  -4.021 0.6000000238
53220  -37.663  -29.454  -3.491 0.6000000238
52196  -36.214  -29.695  -4.442 0.6000000238
54183  -33.415  -28.342  -6.181 0.6000000238
53249  -35.150  -28.958  -5.277 0.6000000238
153702  -29.788  -28.070  -6.846 0.6999999881
54182  -32.570  -28.310  -6.385 0.6000000238
54170  -33.678  -28.913  -5.783 0.6000000238
56173  -31.749  -27.002  -7.370 0.6000000238
55165  -29.144  -26.367  -8.817 0.6999999881
54222  -30.853  -27.680  -9.366 0.6999999881
53287  -32.170  -29.543  -8.496 0.6000000238
53305  -33.643  -29.253  -9.035 0.5000000000
54204  -31.669  -28.686  -8.850 0.6000000238
53304  -32.707  -28.967  -8.920 0.6000000238
54224  -33.227  -28.422  -9.404 0.5000000000
56215  -29.641  -25.540  -9.384 0.6000000238
142931  -31.769  -27.328  -9.797 0.5000000000
55166  -29.524  -26.522  -9.337 0.5000000000
55185  -31.444  -26.590  -10.142 0.5000000000
55187  -33.246  -27.107  -10.206 0.5000000000
56229  -31.683  -26.005  -10.455 0.5000000000
57313  -32.446  -24.842  -11.058 0.5000000000
54108  -38.428  -28.949  0.642 0.4000000060
53201  -38.605  -29.635  0.412 0.4000000060
54124  -38.409  -28.184  0.203 0.4000000060
55049  -36.384  -28.064  1.099 0.4000000060
53208  -38.635  -29.212  -1.209 0.6000000238
55062  -31.929  -27.768  0.187 0.3000000119
55079  -32.874  -27.107  -0.226 0.3000000119
56097  -33.618  -27.111  -0.108 0.3000000119
57188  -31.708  -25.314  -1.420 0.3000000119
53233  -37.278  -28.810  -4.010 0.6000000238
54172  -35.650  -28.329  -5.227 0.5000000000
53232  -36.568  -28.962  -4.464 0.6000000238
55127  -34.081  -27.713  -6.252 0.6000000238
55126  -33.158  -27.695  -6.601 0.6000000238
54171  -34.840  -28.157  -5.676 0.6000000238
55125  -32.238  -27.668  -6.845 0.6000000238
134833  -33.711  -27.036  -6.723 0.6000000238
56171  -29.247  -26.991  -7.903 0.6999999881
56189  -32.326  -26.333  -7.702 0.6000000238
56203  -29.296  -25.877  -8.992 0.6999999881
56227  -29.955  -24.993  -10.020 0.5000000000
56228  -30.622  -25.755  -10.203 0.5000000000
58365  -32.536  -24.437  -10.962 0.5000000000
55050  -37.406  -27.942  0.967 0.4000000060
53205  -38.611  -29.058  -0.258 0.4000000060
55067  -37.994  -27.478  0.502 0.4000000060
56101  -37.518  -26.718  0.350 0.4000000060
155273  -38.622  -28.559  -0.962 0.4000000060
53221  -38.223  -29.321  -2.882 0.5000000000
56114  -32.499  -26.513  -0.553 0.3000000119
57172  -33.829  -25.850  -0.643 0.3000000119
145523  -33.955  -26.570  -0.320 0.4000000060
144657  -38.115  -27.929  -3.270 0.4000000060
57190  -33.325  -25.234  -1.170 0.3000000119
57173  -34.722  -25.484  -0.555 0.4000000060
54156  -36.827  -28.127  -4.521 0.5000000000
54148  -37.939  -28.659  -3.413 0.6000000238
54173  -36.212  -27.801  -5.052 0.5000000000
56162  -35.586  -26.755  -5.770 0.5000000000
160515  -34.404  -26.990  -6.425 0.6000000238
56163  -36.215  -26.312  -5.498 0.5000000000
56174  -32.823  -27.024  -7.092 0.6000000238
56190  -33.515  -26.265  -7.227 0.6000000238
57257  -31.601  -25.569  -8.554 0.6000000238
57258  -32.973  -25.655  -7.981 0.6000000238
57271  -30.292  -25.047  -9.540 0.5000000000
57286  -29.917  -24.959  -9.924 0.5000000000
57287  -30.475  -24.755  -10.111 0.5000000000
58356  -32.041  -24.594  -10.573 0.5000000000
59452  -33.705  -23.653  -11.134 0.5000000000
58366  -33.269  -24.097  -11.181 0.5000000000
54131  -38.550  -28.057  -0.527 0.4000000060
55080  -38.385  -27.391  -0.205 0.4000000060
143556  -38.577  -27.889  -1.280 0.4000000060
147405  -38.521  -27.867  -1.995 0.4000000060
142146  -38.342  -26.619  -0.525 0.4000000060
56141  -38.496  -26.454  -2.206 0.4000000060
137268  -38.391  -27.369  -2.654 0.4000000060
57189  -32.517  -25.310  -1.323 0.3000000119
146376  -37.441  -27.183  -4.271 0.4000000060
55100  -37.986  -27.232  -3.587 0.5000000000
58246  -32.198  -24.189  -2.044 0.3000000119
56164  -36.798  -25.959  -5.150 0.4000000060
57231  -35.691  -25.931  -5.988 0.5000000000
57232  -36.338  -25.529  -5.619 0.4000000060
56191  -34.419  -25.843  -6.881 0.6000000238
56176  -34.944  -26.408  -6.353 0.5000000000
57244  -35.846  -25.066  -6.131 0.5000000000
58300  -34.651  -25.003  -7.034 0.5000000000
57243  -35.161  -25.482  -6.513 0.5000000000
58329  -31.446  -24.872  -9.507 0.5000000000
58315  -33.481  -24.934  -8.151 0.6000000238
57259  -33.907  -25.389  -7.478 0.6000000238
57272  -32.573  -25.095  -8.772 0.6000000238
58343  -31.518  -24.587  -10.155 0.5000000000
59442  -33.555  -23.691  -10.608 0.5000000000
58367  -34.115  -23.871  -11.466 0.5000000000
133975  -32.280  -24.626  -9.598 0.5000000000
61682  -31.271  -21.809  -3.713 0.3000000119
61683  -32.494  -21.463  -3.426 0.4000000060
62747  -32.670  -20.778  -3.659 0.4000000060
59419  -34.472  -23.789  -7.810 0.5000000000
62763  -30.608  -20.421  -4.711 0.4000000060
58331  -33.907  -24.257  -8.414 0.5000000000
60578  -35.302  -22.619  -7.474 0.5000000000
60579  -35.974  -22.211  -7.045 0.5000000000
59443  -34.263  -23.267  -9.640 0.5000000000
60577  -34.994  -22.261  -8.087 0.5000000000
58344  -32.653  -24.292  -10.272 0.5000000000
59467  -35.240  -23.018  -12.027 0.5000000000
60610  -34.799  -22.738  -11.454 0.5000000000
60611  -35.269  -22.468  -11.852 0.6000000238
60621  -35.830  -22.491  -12.431 0.4000000060
62765  -32.193  -20.422  -4.100 0.4000000060
61685  -34.057  -20.930  -2.840 0.4000000060
59430  -34.309  -23.541  -8.612 0.5000000000
61762  -35.129  -21.735  -9.441 0.5000000000
60598  -34.797  -22.476  -9.727 0.5000000000
61763  -35.343  -21.090  -9.853 0.5000000000
61755  -34.991  -21.981  -8.766 0.5000000000
59453  -34.329  -23.041  -10.787 0.5000000000
60604  -34.839  -22.454  -10.704 0.5000000000
61790  -36.545  -21.476  -13.455 0.4000000060
60605  -35.152  -22.136  -11.153 0.5000000000
61789  -35.876  -21.721  -12.670 0.5000000000
63737  -33.760  -18.976  -3.897 0.4000000060
64690  -31.707  -18.997  -5.017 0.4000000060
61744  -36.158  -21.411  -7.289 0.4000000060
61769  -35.359  -21.442  -10.839 0.4000000060
62836  -35.569  -20.995  -11.643 0.4000000060
62849  -35.834  -20.896  -12.827 0.5000000000
62850  -36.437  -20.622  -13.579 0.3000000119
62816  -35.623  -20.517  -8.485 0.4000000060
154020  -35.454  -20.768  -10.626 0.4000000060
141793  -35.854  -20.160  -13.016 0.5000000000
63810  -36.315  -19.702  -13.642 0.4000000060
63809  -35.726  -19.346  -12.618 0.4000000060
141350  -35.527  -20.148  -10.982 0.4000000060
64778  -38.068  -18.289  -13.749 0.4000000060
63799  -35.671  -20.178  -12.044 0.4000000060
156066  -36.036  -18.928  -13.390 0.4000000060
153627  -35.835  -18.084  -11.166 0.4000000060
64776  -36.704  -17.962  -14.302 0.4000000060
64777  -37.505  -18.078  -14.238 0.4000000060
66941  -38.423  -17.061  -13.234 0.4000000060
65816  -38.412  -17.755  -13.078 0.4000000060
64758  -35.709  -18.616  -11.769 0.4000000060
64767  -35.829  -18.455  -12.767 0.3000000119
64768  -36.156  -18.242  -13.659 0.4000000060
141978  -36.098  -17.293  -12.193 0.4000000060
136895  -36.160  -17.326  -11.039 0.4000000060
65826  -36.225  -17.439  -13.932 0.3000000119
64783  -37.160  -17.155  -14.588 0.4000000060
65833  -37.675  -16.693  -14.448 0.4000000060
66942  -38.639  -16.285  -12.895 0.4000000060
65815  -35.961  -17.715  -13.003 0.3000000119
66961  -36.713  -16.432  -14.668 0.4000000060
66963  -37.800  -16.001  -14.502 0.5000000000
66940  -36.145  -16.839  -13.119 0.4000000060
66954  -36.346  -16.639  -14.191 0.4000000060
34083  -32.626  -48.622  -5.070 0.6999999881
31913  -33.319  -50.462  0.387 0.6999999881
151572  -26.210  -54.182  2.708 0.6000000238
31881  -33.144  -50.270  3.538 0.6999999881
35083  -33.770  -47.605  -0.656 0.8000000119
138350  -32.345  -47.215  4.127 0.6000000238
132806  -33.166  -47.167  4.111 0.6999999881
37213  -34.363  -45.105  -1.122 0.8000000119
32981  -26.037  -48.905  -1.287 0.4000000060
41177  -28.183  -41.975  -5.855 0.8000000119
38077  -32.530  -44.512  3.669 0.6000000238
37181  -27.325  -43.939  -0.191 0.5000000000
39055  -35.980  -43.382  1.988 0.8000000119
41106  -34.952  -41.799  -0.722 0.8000000119
39030  -34.801  -43.950  3.866 0.8000000119
37100  -26.918  -45.496  5.612 0.4000000060
40055  -29.836  -41.619  2.278 0.6000000238
37103  -29.717  -45.635  5.444 0.5000000000
39013  -30.580  -42.696  4.283 0.6000000238
150361  -33.999  -40.738  4.680 0.6999999881
43866  -31.814  -38.185  -1.233 0.6999999881
42890  -35.874  -40.085  4.753 0.6999999881
49282  -30.851  -33.553  -3.897 0.8000000119
43805  -36.760  -38.240  5.416 0.6999999881
48252  -36.430  -34.641  -0.867 0.6999999881
48263  -36.196  -34.290  -1.609 0.6999999881
48200  -38.151  -34.574  5.077 0.6000000238
49255  -37.724  -34.020  -0.169 0.6000000238
47034  -35.587  -35.650  7.493 0.6000000238
50125  -38.339  -32.989  4.124 0.5000000000
159391  -38.672  -30.886  1.199 0.4000000060
54155  -35.870  -29.024  -4.865 0.6000000238
56102  -38.182  -26.857  0.023 0.4000000060
59461  -34.500  -23.328  -11.511 0.5000000000
141949  -38.537  -27.194  -1.703 0.4000000060
62826  -35.455  -20.192  -10.058 0.4000000060
33054  -35.353  -49.819  -8.925 0.5000000000
33049  -36.138  -49.293  -8.561 0.5000000000
31099  -31.458  -51.348  -6.960 0.6999999881
36247  -36.403  -46.368  -7.480 0.5000000000
26960  -28.062  -55.282  4.209 0.5000000000
38217  -35.579  -44.747  -8.268 0.6999999881
32982  -32.239  -49.316  -1.477 0.6999999881
34082  -31.390  -48.465  -4.604 0.6999999881
34069  -30.223  -48.063  -4.353 0.6999999881
36241  -29.443  -46.353  -6.001 0.6999999881
34081  -30.453  -47.821  -4.840 0.6999999881
39156  -34.959  -43.091  -7.877 0.6999999881
39148  -35.334  -43.033  -5.509 0.5000000000
40192  -34.539  -42.373  -7.510 0.6000000238
41166  -34.954  -41.107  -5.646 0.5000000000
30969  -28.652  -51.697  2.867 0.6000000238
35100  -31.887  -48.015  -2.294 0.6999999881
40201  -33.940  -42.579  -8.430 0.6999999881
32938  -33.748  -49.699  0.631 0.8000000119
35101  -32.654  -47.542  -1.832 0.6999999881
33963  -34.542  -48.503  1.901 0.8000000119
31889  -28.488  -50.422  2.181 0.6000000238
30979  -27.539  -51.416  1.576 0.6000000238
138182  -30.611  -42.767  -6.790 0.8000000119
133780  -30.912  -49.018  3.970 0.6999999881
35067  -34.613  -47.530  0.719 0.6999999881
28970  -25.364  -52.613  0.338 0.5000000000
37224  -33.469  -45.081  -2.328 0.8000000119
42083  -35.226  -40.585  -5.077 0.5000000000
36099  -34.311  -47.281  3.331 0.6999999881
32920  -27.644  -49.666  0.926 0.6000000238
37184  -34.924  -45.559  0.105 0.8000000119
38182  -31.595  -44.638  -4.019 0.8000000119
43018  -32.786  -40.174  -6.155 0.6999999881
142960  -35.283  -39.817  -4.662 0.6000000238
37140  -34.902  -46.002  3.083 0.6999999881
154740  -28.442  -48.368  1.341 0.6000000238
151653  -29.975  -42.144  -4.271 0.8999999762
40172  -27.383  -42.248  -4.980 0.8000000119
42991  -34.367  -39.233  -4.846 0.6000000238
43891  -36.549  -38.324  -3.109 0.4000000060
34020  -26.011  -47.706  -1.552 0.3000000119
33979  -27.534  -48.885  0.542 0.5000000000
32937  -27.103  -49.542  0.285 0.5000000000
32936  -26.753  -50.091  0.069 0.5000000000
31951  -25.954  -49.900  -1.077 0.4000000060
40128  -32.250  -42.779  -3.825 0.8999999762
42079  -28.902  -40.344  -5.858 0.8000000119
37137  -31.972  -45.248  3.461 0.6000000238
36115  -31.199  -45.527  2.730 0.6000000238
37138  -32.820  -45.432  4.036 0.6000000238
38079  -34.641  -44.714  3.726 0.8000000119
36135  -30.021  -45.830  1.648 0.5000000000
32958  -27.032  -48.760  -0.053 0.4000000060
34002  -27.061  -47.869  -0.337 0.5000000000
35066  -28.114  -46.927  0.420 0.5000000000
41114  -33.675  -41.636  -2.198 0.8000000119
43919  -32.998  -39.129  -4.926 0.6999999881
46051  -33.971  -36.755  -4.224 0.6000000238
46034  -35.930  -36.641  -3.595 0.4000000060
37197  -26.566  -44.241  -0.513 0.5000000000
142171  -29.504  -45.397  1.083 0.5000000000
36155  -28.062  -45.438  0.082 0.5000000000
40057  -36.082  -42.728  2.988 0.6999999881
38089  -27.367  -43.733  1.351 0.5000000000
39052  -27.979  -42.737  1.076 0.6000000238
39051  -27.640  -43.206  0.692 0.5000000000
38090  -27.993  -43.391  1.784 0.6000000238
38125  -26.824  -43.739  0.060 0.5000000000
37165  -30.397  -44.170  1.493 0.5000000000
34999  -28.194  -47.300  4.517 0.6000000238
36092  -27.856  -47.004  3.214 0.6000000238
38126  -27.710  -43.375  0.315 0.5000000000
39054  -29.177  -42.363  1.221 0.6000000238
39040  -28.919  -42.130  1.798 0.6000000238
37182  -28.280  -44.189  0.154 0.5000000000
38106  -29.736  -43.202  1.089 0.5000000000
38064  -26.300  -44.676  5.282 0.4000000060
41065  -36.588  -41.515  2.303 0.6999999881
41090  -36.402  -41.158  1.060 0.6999999881
132540  -30.662  -39.762  -2.550 0.8000000119
42036  -27.176  -40.116  -3.492 0.8999999762
38065  -29.939  -44.681  4.227 0.5000000000
38075  -29.819  -43.413  3.606 0.6000000238
38091  -28.694  -42.813  2.194 0.6000000238
40069  -29.217  -42.071  1.728 0.6000000238
39026  -29.989  -42.275  3.386 0.6000000238
38028  -29.552  -44.874  6.371 0.4000000060
37091  -29.840  -45.220  5.994 0.4000000060
38998  -31.008  -43.643  5.214 0.5000000000
38048  -30.612  -44.509  5.539 0.5000000000
135712  -36.749  -40.794  1.722 0.6999999881
38965  -30.320  -43.295  7.175 0.5000000000
38983  -30.685  -43.749  6.631 0.5000000000
42945  -34.422  -39.677  -0.805 0.6999999881
42980  -26.293  -39.635  -3.941 0.8000000119
144410  -32.615  -35.294  -5.238 0.6999999881
41043  -33.058  -40.439  4.478 0.6999999881
40028  -31.001  -40.796  4.320 0.6999999881
41029  -31.470  -40.221  4.420 0.6999999881
39014  -30.993  -42.245  4.699 0.6000000238
41008  -29.963  -41.921  7.978 0.5000000000
42927  -36.529  -39.508  0.855 0.6999999881
41020  -28.243  -41.819  7.039 0.4000000060
46066  -30.272  -36.108  -5.086 0.8000000119
41021  -32.020  -40.211  5.290 0.6000000238
40005  -32.206  -41.580  6.296 0.6000000238
41944  -32.688  -39.691  4.952 0.6999999881
38999  -31.333  -43.308  5.708 0.6000000238
38984  -31.331  -43.224  6.491 0.5000000000
41897  -29.021  -40.057  8.244 0.3000000119
43855  -35.215  -38.822  -0.077 0.6999999881
43830  -37.204  -38.590  1.602 0.6999999881
42833  -29.495  -39.376  8.737 0.3000000119
46064  -28.316  -36.380  -5.303 0.8999999762
47181  -28.842  -35.574  -5.687 0.8000000119
156282  -30.615  -35.017  -6.180 0.6000000238
47184  -32.124  -34.867  -6.008 0.6000000238
146518  -31.000  -34.597  -6.646 0.6000000238
48341  -29.582  -34.205  -6.582 0.8000000119
40998  -32.094  -40.983  8.239 0.6000000238
41932  -33.265  -39.600  5.652 0.6999999881
157930  -34.761  -38.908  6.045 0.6999999881
40997  -31.267  -41.205  8.438 0.5000000000
42836  -32.085  -39.259  9.311 0.4000000060
43839  -35.568  -38.269  0.330 0.6999999881
46008  -31.492  -36.865  -1.679 0.8000000119
45998  -34.379  -36.423  -0.362 0.6999999881
47179  -26.489  -35.470  -5.112 0.8000000119
155764  -28.820  -34.422  -6.304 0.8000000119
43771  -33.807  -38.436  8.458 0.5000000000
44863  -37.828  -37.907  3.471 0.6999999881
44877  -37.485  -37.929  1.890 0.6999999881
45917  -30.654  -36.178  7.948 0.3000000119
44885  -35.578  -37.293  0.501 0.6999999881
45978  -37.280  -37.114  1.548 0.6999999881
138499  -35.672  -36.462  0.433 0.6999999881
45987  -37.124  -36.282  1.240 0.6999999881
47121  -35.627  -35.408  -0.608 0.6999999881
47146  -31.412  -35.714  -2.560 0.8000000119
136875  -32.240  -35.574  -2.396 0.8000000119
48276  -31.825  -34.968  -2.926 0.8000000119
155575  -37.147  -38.547  4.686 0.6999999881
44805  -31.777  -37.421  9.294 0.3000000119
45903  -33.048  -36.721  8.786 0.5000000000
44870  -37.990  -37.447  2.953 0.6999999881
45918  -31.541  -36.064  8.116 0.3000000119
45920  -34.095  -36.697  8.533 0.5000000000
152126  -38.153  -36.798  2.883 0.6999999881
45979  -37.630  -36.529  1.795 0.6999999881
47101  -37.937  -34.821  1.148 0.6999999881
45931  -35.991  -36.625  7.330 0.6000000238
48174  -34.910  -34.413  6.894 0.3000000119
48196  -34.465  -33.782  6.157 0.3000000119
45974  -38.319  -36.162  2.850 0.6999999881
49195  -33.169  -33.574  5.193 0.3000000119
52230  -29.982  -30.437  -7.390 0.6999999881
48176  -36.366  -34.963  6.729 0.6000000238
48177  -36.975  -34.911  6.368 0.6000000238
48199  -37.504  -34.566  5.767 0.6000000238
142969  -36.176  -34.330  6.509 0.4000000060
144728  -38.533  -34.990  3.618 0.6999999881
47094  -38.311  -35.588  2.455 0.6999999881
150850  -34.630  -31.896  -4.086 0.8000000119
159430  -31.964  -30.052  -5.314 0.8000000119
52248  -30.739  -29.898  -7.781 0.6000000238
152832  -31.360  -30.388  -7.720 0.6000000238
49197  -35.303  -33.422  5.797 0.3000000119
48175  -35.718  -34.675  6.879 0.5000000000
50107  -36.080  -33.047  5.473 0.3000000119
49222  -38.002  -33.299  4.715 0.5000000000
49245  -38.639  -33.310  2.805 0.5000000000
51055  -33.668  -31.656  2.989 0.3000000119
51057  -35.291  -31.249  3.357 0.3000000119
50164  -38.639  -32.561  2.474 0.5000000000
49260  -38.317  -33.172  0.054 0.6000000238
142415  -36.026  -33.365  -2.682 0.8000000119
50181  -38.334  -32.217  -1.013 0.6000000238
51136  -34.925  -31.191  -4.363 0.6999999881
54203  -30.477  -28.404  -8.755 0.6999999881
51058  -36.781  -31.580  3.945 0.3000000119
52121  -34.758  -30.919  2.762 0.3000000119
158709  -37.775  -31.016  3.091 0.3000000119
52154  -33.903  -30.106  1.715 0.3000000119
53187  -35.187  -29.300  1.635 0.3000000119
51097  -38.599  -31.537  -0.543 0.6000000238
51100  -38.395  -31.490  -1.415 0.6000000238
54201  -28.665  -27.732  -8.122 0.6999999881
55136  -28.722  -27.375  -7.975 0.6999999881
137935  -38.596  -29.970  -1.548 0.6000000238
155177  -37.991  -29.978  -3.053 0.6999999881
140067  -34.413  -28.897  -5.574 0.6000000238
56202  -29.049  -26.670  -8.557 0.6999999881
53190  -38.450  -29.650  1.160 0.4000000060
56188  -31.003  -26.252  -8.017 0.6000000238
55168  -32.786  -27.655  -9.794 0.6000000238
56230  -32.709  -26.282  -10.526 0.4000000060
140594  -38.135  -28.930  1.229 0.4000000060
56099  -35.382  -27.215  0.433 0.4000000060
57170  -32.108  -25.906  -0.960 0.3000000119
57171  -32.917  -25.886  -0.850 0.3000000119
55108  -37.547  -27.945  -3.955 0.5000000000
134841  -36.175  -27.054  -5.294 0.5000000000
55128  -34.928  -27.275  -6.024 0.5000000000
56187  -29.601  -26.205  -8.468 0.5000000000
54149  -38.376  -28.419  -2.598 0.4000000060
57191  -34.135  -25.036  -0.969 0.4000000060
55107  -36.805  -27.267  -4.767 0.5000000000
56155  -37.220  -26.454  -4.634 0.4000000060
59429  -33.679  -23.952  -9.459 0.6000000238
60532  -31.968  -21.984  -3.409 0.3000000119
62748  -33.531  -20.343  -3.426 0.4000000060
158728  -34.697  -22.988  -7.934 0.5000000000
63722  -33.416  -19.628  -3.777 0.4000000060
148123  -35.596  -19.385  -11.401 0.4000000060
66955  -38.157  -16.622  -13.960 0.4000000060
67984  -38.645  -15.397  -13.342 0.3000000119
28032  -28.618  -54.680  -3.632 0.5000000000
29045  -28.732  -53.855  -5.219 0.5000000000
25965  -28.842  -56.282  -0.475 0.4000000060
27015  -28.732  -55.856  -1.099 0.5000000000
27030  -28.337  -55.799  -1.708 0.5000000000
28012  -28.951  -54.830  -2.878 0.5000000000
28033  -29.401  -54.371  -3.419 0.6000000238
29034  -29.874  -53.929  -3.977 0.6000000238
27016  -29.376  -55.684  -0.662 0.5000000000
27000  -29.571  -56.168  0.181 0.5000000000
27032  -30.019  -55.134  -1.004 0.5000000000
27996  -29.881  -54.727  -1.792 0.5000000000
25948  -30.302  -56.058  0.893 0.5000000000
28013  -30.646  -53.777  -2.804 0.6000000238
29035  -30.715  -53.450  -3.720 0.6000000238
141932  -30.132  -54.026  -3.302 0.6000000238
30051  -31.008  -52.943  -4.616 0.6000000238
30052  -31.303  -52.641  -3.804 0.6000000238
30083  -31.223  -52.401  -5.484 0.6000000238
31088  -31.691  -51.645  -5.803 0.6000000238
158058  -31.594  -52.024  -5.172 0.6000000238
27017  -30.311  -55.485  0.009 0.5000000000
137657  -30.612  -54.487  -1.242 0.5000000000
155645  -30.546  -54.117  -2.034 0.6000000238
25932  -30.350  -56.372  1.758 0.5000000000
27001  -30.996  -55.535  0.933 0.5000000000
28999  -31.110  -53.457  -2.181 0.6000000238
25908  -29.874  -56.138  3.371 0.5000000000
26975  -30.782  -55.885  2.285 0.5000000000
29019  -31.254  -53.008  -2.925 0.6000000238
30064  -31.477  -52.266  -4.608 0.6000000238
32008  -32.110  -50.906  -6.376 0.6000000238
27986  -30.726  -54.867  -0.504 0.5000000000
27997  -31.153  -53.827  -1.440 0.5000000000
26989  -31.297  -55.498  1.806 0.5000000000
27002  -31.690  -54.992  1.232 0.5000000000
27973  -31.238  -54.933  0.276 0.5000000000
136804  -31.376  -54.240  -0.497 0.5000000000
29000  -31.501  -53.128  -1.589 0.6000000238
26963  -30.554  -55.687  3.072 0.5000000000
26976  -31.211  -55.311  2.626 0.5000000000
151578  -31.421  -52.839  -2.185 0.6000000238
146283  -29.329  -55.808  3.815 0.5000000000
26962  -29.949  -55.191  3.666 0.5000000000
31051  -31.487  -51.565  -2.919 0.6000000238
31063  -31.595  -51.772  -3.831 0.6000000238
139693  -32.123  -50.957  -5.244 0.6000000238
31997  -32.176  -50.169  -4.713 0.6000000238
27959  -31.817  -54.933  2.151 0.5000000000
28972  -32.422  -53.322  0.537 0.5000000000
28986  -32.110  -53.024  -0.419 0.6000000238
29991  -32.491  -52.453  0.052 0.6000000238
27946  -31.588  -54.653  2.904 0.5000000000
28985  -31.651  -53.451  -0.873 0.6000000238
30002  -32.099  -52.297  -0.824 0.6000000238
140002  -28.974  -55.016  4.082 0.5000000000
27932  -27.360  -54.644  3.775 0.5000000000
137092  -31.755  -50.884  -4.142 0.6000000238
28935  -32.350  -53.448  2.923 0.5000000000
27960  -32.576  -53.746  2.088 0.5000000000
28958  -32.743  -53.212  1.517 0.5000000000
143819  -32.928  -51.833  0.537 0.6000000238
27934  -30.354  -54.311  3.629 0.5000000000
147963  -29.592  -54.430  3.818 0.5000000000
28932  -29.845  -53.694  3.732 0.6000000238
29960  -32.685  -52.583  3.038 0.6000000238
28945  -32.815  -52.988  2.350 0.5000000000
30981  -33.222  -52.010  1.496 0.5000000000
31912  -32.925  -51.084  0.092 0.6000000238
28933  -30.722  -53.527  3.641 0.6000000238
29959  -32.066  -52.795  3.456 0.6000000238
160313  -32.595  -50.995  -0.451 0.6000000238
29957  -28.695  -53.246  3.543 0.5000000000
141764  -29.395  -53.234  3.662 0.5000000000
135131  -30.169  -52.799  3.714 0.6000000238
28929  -26.805  -54.033  3.133 0.4000000060
29958  -31.179  -52.788  3.692 0.6000000238
143903  -32.363  -52.146  3.459 0.6000000238
151700  -33.158  -52.142  2.442 0.5000000000
30995  -33.411  -51.161  1.121 0.6000000238
31929  -32.755  -50.451  -0.459 0.6000000238
30982  -33.503  -51.493  2.000 0.6999999881
43907  -34.476  -38.406  -4.391 0.5000000000
43772  -34.542  -38.279  7.748 0.5000000000
48280  -35.624  -34.161  -2.215 0.6000000238
50260  -31.121  -32.530  -7.173 0.5000000000
50261  -31.929  -32.439  -7.483 0.5000000000
143066  -38.285  -15.971  -13.846 0.4000000060
69029  -39.143  -14.605  -12.810 0.3000000119
70082  -39.700  -13.737  -12.297 0.3000000119
70071  -40.154  -13.162  -11.723 0.3000000119
24944  -28.375  -57.026  -0.394 0.4000000060
25982  -27.736  -56.398  -1.862 0.5000000000
27048  -27.909  -55.732  -2.429 0.5000000000
25946  -29.047  -56.813  0.296 0.4000000060
152434  -29.534  -53.812  -4.690 0.6000000238
29046  -30.279  -53.476  -4.648 0.6000000238
29059  -29.681  -53.420  -5.478 0.5000000000
30102  -31.090  -52.033  -6.515 0.5000000000
24930  -29.259  -57.313  0.953 0.4000000060
25931  -29.895  -56.905  2.143 0.5000000000
24874  -29.212  -57.456  3.216 0.5000000000
25919  -30.245  -56.349  2.668 0.5000000000
25907  -29.152  -56.663  3.650 0.3000000119
141796  -26.969  -56.087  4.112 0.4000000060
25917  -25.421  -56.338  3.110 0.4000000060
43890  -35.909  -38.324  -3.607 0.4000000060
43908  -35.207  -38.324  -4.063 0.4000000060
45921  -34.813  -36.322  8.166 0.5000000000
48159  -35.297  -35.085  7.353 0.4000000060
140400  -32.337  -33.108  -7.654 0.5000000000
50269  -32.738  -32.329  -7.848 0.5000000000
51187  -32.691  -31.276  -7.958 0.5000000000
51091  -38.701  -31.495  1.404 0.4000000060
69045  -39.118  -13.825  -13.435 0.3000000119
146665  -40.329  -11.656  -11.527 0.3000000119
24929  -28.810  -57.552  0.447 0.4000000060
30016  -31.692  -52.335  -1.666 0.6000000238
29956  -27.900  -53.260  3.251 0.5000000000
27933  -28.295  -54.589  4.014 0.5000000000
146211  -28.981  -54.021  3.899 0.6000000238
49334  -32.905  -34.039  -7.714 0.5000000000
26961  -28.617  -55.937  4.110 0.4000000060
28047  -29.071  -54.238  -4.221 0.6000000238
25983  -28.271  -56.353  -1.119 0.4000000060
27050  -29.270  -54.944  -2.239 0.5000000000
28034  -29.838  -54.421  -2.637 0.6000000238
25947  -29.711  -56.729  1.103 0.5000000000
27974  -32.002  -54.257  0.600 0.5000000000
154533  -32.451  -53.819  1.286 0.5000000000
26964  -30.856  -54.921  3.318 0.5000000000
27935  -31.184  -54.161  3.408 0.5000000000
69044  -38.526  -14.602  -14.147 0.4000000060
24907  -29.495  -57.405  1.704 0.4000000060
30081  -29.925  -52.854  -6.313 0.4000000060
31098  -30.902  -51.881  -7.356 0.4000000060
24886  -29.499  -57.450  2.563 0.4000000060
37195  -25.489  -44.616  -0.974 0.4000000060
36170  -25.960  -45.273  -1.433 0.3000000119
146937  -26.482  -46.199  -1.171 0.4000000060
34001  -26.547  -48.386  -0.725 0.4000000060
37162  -26.037  -44.266  0.215 0.4000000060
38124  -26.183  -44.056  -0.122 0.4000000060
33945  -26.746  -48.584  3.101 0.4000000060
35021  -26.823  -47.138  2.152 0.4000000060
36131  -26.166  -45.102  0.850 0.4000000060
37152  -27.042  -44.552  1.479 0.4000000060
31864  -25.423  -49.666  4.169 0.3000000119
33930  -26.477  -49.033  3.888 0.3000000119
137608  -25.315  -48.297  4.622 0.4000000060
141332  -27.321  -46.804  2.475 0.4000000060
32885  -26.097  -49.218  4.158 0.4000000060
33931  -27.111  -48.412  3.911 0.5000000000
140217  -26.258  -48.181  4.739 0.4000000060
154517  -26.610  -47.275  5.134 0.4000000060
35008  -27.812  -47.726  4.030 0.5000000000
36080  -25.696  -46.529  4.909 0.4000000060
47032  -34.068  -35.674  8.108 0.3000000119
51060  -38.478  -32.010  3.020 0.3000000119
51059  -37.522  -31.884  3.970 0.3000000119
50149  -38.145  -32.277  3.761 0.3000000119
51079  -38.316  -31.311  2.713 0.3000000119
52142  -38.541  -30.922  1.920 0.3000000119
58316  -34.226  -24.580  -7.643 0.4000000060
53189  -37.785  -29.379  1.722 0.3000000119
54106  -37.327  -28.627  1.433 0.3000000119
58317  -34.865  -24.194  -7.210 0.4000000060
59420  -35.076  -23.409  -7.337 0.4000000060
145904  -36.082  -27.452  0.688 0.3000000119
137464  -34.716  -27.746  0.539 0.3000000119
56116  -34.582  -26.233  -0.296 0.3000000119
58302  -36.016  -24.099  -6.272 0.4000000060
60566  -35.802  -23.135  -6.759 0.3000000119
59407  -35.407  -23.875  -6.841 0.4000000060
61756  -35.289  -21.159  -8.803 0.4000000060
62821  -35.481  -20.349  -9.181 0.3000000119
55066  -36.972  -27.348  0.747 0.3000000119
56119  -37.998  -26.168  -0.089 0.3000000119
56117  -35.322  -26.478  0.079 0.3000000119
56100  -36.349  -26.698  0.411 0.3000000119
57160  -37.131  -25.965  0.159 0.3000000119
57176  -37.658  -25.424  -0.294 0.3000000119
56128  -38.500  -26.431  -1.271 0.3000000119
57175  -36.748  -25.247  -0.198 0.3000000119
58205  -38.040  -24.962  -0.716 0.3000000119
57192  -38.473  -25.524  -1.760 0.3000000119
56147  -38.271  -26.520  -3.139 0.3000000119
57174  -35.699  -25.168  -0.427 0.3000000119
56146  -37.811  -26.519  -3.961 0.3000000119
58219  -34.403  -24.269  -1.258 0.3000000119
153639  -37.656  -25.946  -4.239 0.3000000119
59339  -33.646  -23.822  -1.681 0.3000000119
146165  -33.424  -22.529  -2.462 0.3000000119
57233  -36.964  -25.175  -5.208 0.3000000119
58285  -37.173  -24.339  -5.235 0.3000000119
59396  -36.702  -23.970  -5.726 0.3000000119
62746  -31.862  -21.149  -3.830 0.3000000119
58284  -36.505  -24.702  -5.703 0.3000000119
59408  -36.568  -23.313  -6.064 0.3000000119
63735  -32.110  -19.654  -4.492 0.3000000119
63734  -31.214  -19.673  -4.873 0.3000000119
62809  -35.623  -21.034  -7.948 0.3000000119
63788  -35.567  -19.412  -10.410 0.3000000119
58221  -38.278  -24.886  -1.234 0.3000000119
58203  -36.522  -24.516  -0.519 0.3000000119
153929  -37.401  -24.693  -0.523 0.3000000119
156316  -38.390  -24.736  -1.858 0.3000000119
57208  -38.378  -25.709  -2.786 0.3000000119
57214  -38.070  -25.845  -3.636 0.3000000119
58201  -34.971  -24.708  -0.778 0.3000000119
58202  -35.738  -24.419  -0.683 0.3000000119
59326  -36.263  -23.811  -0.813 0.3000000119
58204  -37.901  -24.317  -0.942 0.3000000119
144582  -38.313  -24.155  -2.340 0.3000000119
58264  -38.284  -24.351  -3.159 0.3000000119
57215  -38.216  -25.114  -3.397 0.3000000119
58263  -38.034  -24.570  -3.959 0.3000000119
155798  -34.724  -23.333  -1.504 0.3000000119
60496  -35.412  -22.535  -1.595 0.3000000119
59340  -36.891  -23.123  -1.146 0.3000000119
58276  -37.528  -24.830  -4.641 0.3000000119
60511  -32.738  -22.799  -2.608 0.3000000119
59366  -33.948  -22.949  -1.953 0.3000000119
151348  -34.648  -22.594  -1.821 0.3000000119
59397  -37.310  -23.371  -5.344 0.3000000119
146658  -33.693  -21.748  -2.667 0.3000000119
59409  -37.075  -22.717  -5.813 0.3000000119
62766  -32.796  -20.020  -3.959 0.3000000119
63736  -32.962  -19.265  -4.248 0.3000000119
64692  -33.281  -18.496  -4.434 0.3000000119
60567  -36.550  -22.533  -6.404 0.3000000119
65728  -32.864  -18.106  -4.869 0.3000000119
62817  -35.947  -20.352  -8.026 0.3000000119
63775  -35.935  -19.766  -8.561 0.3000000119
64748  -35.691  -18.670  -10.813 0.3000000119
63781  -35.661  -19.528  -9.509 0.3000000119
59342  -38.179  -24.179  -1.598 0.3000000119
139542  -37.550  -22.962  -1.640 0.3000000119
59367  -38.061  -23.350  -2.083 0.3000000119
60533  -38.012  -22.717  -2.766 0.3000000119
59383  -38.222  -23.547  -2.932 0.3000000119
60513  -35.046  -21.966  -1.985 0.3000000119
60498  -37.133  -22.406  -1.659 0.3000000119
61654  -37.321  -21.944  -2.106 0.3000000119
60514  -37.673  -22.522  -2.126 0.3000000119
157986  -38.157  -23.869  -3.668 0.3000000119
60512  -34.233  -22.237  -2.256 0.3000000119
61666  -34.590  -21.481  -2.423 0.3000000119
61667  -35.512  -21.234  -2.227 0.3000000119
145268  -37.799  -22.968  -4.588 0.3000000119
61717  -37.584  -21.343  -5.453 0.3000000119
60553  -37.615  -22.297  -5.170 0.3000000119
63723  -34.160  -19.567  -3.469 0.3000000119
61732  -37.262  -21.207  -6.226 0.3000000119
64693  -34.180  -18.224  -4.161 0.3000000119
61731  -36.688  -21.737  -6.659 0.3000000119
65729  -33.542  -17.691  -4.703 0.3000000119
66850  -33.895  -17.052  -4.910 0.3000000119
62801  -36.827  -20.972  -6.869 0.3000000119
62810  -36.342  -20.642  -7.486 0.3000000119
64742  -35.800  -18.736  -9.932 0.3000000119
143202  -37.919  -22.100  -3.340 0.3000000119
62735  -35.960  -20.374  -2.484 0.3000000119
62736  -36.809  -20.447  -2.612 0.3000000119
135037  -37.634  -21.299  -3.171 0.3000000119
59382  -38.078  -23.030  -3.708 0.3000000119
62734  -35.012  -20.682  -2.574 0.3000000119
63726  -37.362  -19.840  -3.682 0.3000000119
158439  -37.819  -21.508  -3.793 0.3000000119
60547  -37.910  -22.214  -4.177 0.3000000119
139020  -35.091  -19.475  -3.162 0.3000000119
63724  -35.900  -19.584  -2.848 0.3000000119
64679  -34.720  -18.801  -3.594 0.3000000119
65730  -34.597  -17.377  -4.472 0.3000000119
67888  -35.277  -16.159  -5.048 0.3000000119
63761  -37.460  -19.818  -6.265 0.3000000119
62802  -37.272  -20.557  -6.435 0.3000000119
66861  -33.718  -16.529  -5.307 0.3000000119
66851  -34.487  -16.626  -4.925 0.3000000119
63770  -37.249  -19.275  -7.151 0.3000000119
63769  -36.505  -19.867  -7.718 0.3000000119
64727  -36.633  -19.041  -8.116 0.3000000119
63782  -36.127  -18.866  -9.050 0.3000000119
64749  -36.020  -18.062  -10.404 0.3000000119
61669  -37.211  -21.239  -2.448 0.3000000119
63725  -36.538  -19.307  -3.151 0.3000000119
139624  -37.662  -20.672  -3.901 0.3000000119
61700  -37.795  -21.412  -4.549 0.3000000119
64680  -35.817  -18.763  -3.359 0.3000000119
64681  -36.712  -18.672  -3.656 0.3000000119
154753  -37.082  -19.307  -3.523 0.3000000119
65720  -35.214  -18.018  -3.873 0.3000000119
66852  -35.910  -16.696  -4.667 0.3000000119
147313  -37.596  -19.211  -5.721 0.3000000119
68951  -33.637  -14.527  -6.498 0.3000000119
155207  -35.208  -16.807  -4.634 0.3000000119
67904  -33.504  -15.894  -5.737 0.3000000119
68940  -34.209  -15.184  -5.851 0.3000000119
147789  -34.975  -15.521  -5.440 0.3000000119
67906  -35.713  -15.526  -5.447 0.3000000119
64728  -37.212  -18.387  -7.655 0.3000000119
65787  -36.711  -17.582  -9.242 0.3000000119
64743  -36.313  -18.138  -9.551 0.3000000119
63738  -37.566  -19.796  -4.470 0.3000000119
143375  -37.713  -20.568  -4.877 0.3000000119
64694  -36.955  -18.040  -4.256 0.3000000119
147993  -37.408  -18.223  -4.931 0.3000000119
136578  -37.582  -19.039  -5.029 0.3000000119
65732  -36.440  -17.342  -4.457 0.3000000119
65733  -37.093  -17.418  -4.896 0.3000000119
64705  -37.562  -18.418  -5.762 0.3000000119
68952  -34.641  -14.356  -6.210 0.3000000119
67889  -36.145  -16.135  -5.137 0.3000000119
146636  -37.509  -17.657  -7.236 0.3000000119
68953  -35.512  -14.284  -6.193 0.3000000119
67907  -36.431  -15.635  -5.634 0.3000000119
66862  -36.729  -16.248  -5.416 0.3000000119
152276  -37.249  -17.698  -7.992 0.3000000119
65777  -37.138  -17.309  -8.614 0.3000000119
65788  -36.955  -16.849  -9.390 0.3000000119
146371  -36.586  -16.851  -10.231 0.3000000119
135289  -36.252  -16.141  -13.735 0.3000000119
136785  -36.424  -15.886  -12.487 0.3000000119
66926  -36.360  -16.622  -11.818 0.3000000119
65746  -37.406  -17.541  -5.567 0.3000000119
70004  -34.160  -13.808  -6.679 0.3000000119
66863  -37.152  -16.783  -5.466 0.3000000119
145768  -37.430  -16.828  -6.146 0.3000000119
65757  -37.550  -17.613  -6.355 0.3000000119
70005  -35.048  -13.630  -6.541 0.3000000119
70006  -35.817  -13.710  -6.660 0.3000000119
68954  -36.259  -14.405  -6.417 0.3000000119
67918  -37.162  -15.492  -6.658 0.3000000119
66873  -37.410  -16.156  -6.756 0.3000000119
138860  -37.453  -17.036  -7.791 0.3000000119
66897  -37.361  -16.515  -8.457 0.3000000119
67950  -37.209  -15.383  -9.692 0.3000000119
66910  -37.297  -15.970  -9.107 0.3000000119
67972  -36.723  -15.201  -11.485 0.3000000119
67963  -36.890  -15.563  -10.620 0.3000000119
66917  -36.575  -16.416  -10.822 0.3000000119
133886  -36.539  -15.096  -12.461 0.3000000119
147607  -36.604  -15.940  -11.408 0.3000000119
71064  -34.047  -12.602  -7.504 0.3000000119
71065  -34.897  -12.421  -7.404 0.3000000119
70018  -35.471  -12.962  -7.069 0.3000000119
134141  -36.468  -13.989  -6.965 0.3000000119
68965  -36.984  -13.971  -7.718 0.3000000119
67931  -37.362  -15.511  -7.337 0.3000000119
67941  -37.455  -15.698  -8.195 0.3000000119
70042  -36.901  -12.959  -8.771 0.3000000119
140623  -37.392  -15.152  -8.789 0.3000000119
158499  -37.123  -14.219  -10.361 0.3000000119
67964  -37.128  -14.759  -10.229 0.3000000119
70070  -36.899  -13.759  -11.485 0.3000000119
159680  -36.939  -14.999  -10.807 0.3000000119
67983  -36.374  -15.360  -13.608 0.3000000119
70080  -36.716  -13.877  -12.511 0.3000000119
68003  -36.909  -15.668  -14.938 0.3000000119
157798  -36.481  -15.279  -14.521 0.3000000119
68005  -37.746  -15.467  -14.763 0.3000000119
72095  -35.177  -11.857  -7.854 0.3000000119
71066  -35.509  -12.357  -7.592 0.3000000119
71067  -36.087  -12.631  -7.644 0.3000000119
71078  -36.471  -12.456  -8.372 0.3000000119
70032  -37.194  -13.717  -8.772 0.3000000119
69005  -37.099  -13.613  -10.469 0.3000000119
134971  -37.326  -14.577  -9.311 0.3000000119
69028  -36.534  -14.574  -13.052 0.3000000119
70112  -37.166  -14.432  -15.188 0.3000000119
69054  -37.790  -14.920  -14.950 0.3000000119
71077  -35.865  -11.956  -8.094 0.3000000119
32016  -32.034  -50.931  -7.414 0.4000000060
32896  -25.848  -49.643  3.722 0.3000000119
36132  -26.752  -45.737  1.631 0.4000000060
38102  -26.475  -43.877  0.223 0.4000000060
160502  -26.883  -47.935  2.584 0.4000000060
34985  -27.547  -47.298  5.139 0.4000000060
34997  -27.052  -47.891  4.767 0.4000000060
153522  -35.259  -25.871  -0.265 0.3000000119
55086  -38.527  -27.243  -0.886 0.3000000119
57177  -38.309  -25.684  -0.798 0.3000000119
58301  -35.321  -24.611  -6.655 0.4000000060
61665  -32.787  -22.073  -2.954 0.3000000119
62764  -31.505  -20.428  -4.388 0.3000000119
157445  -31.992  -18.554  -5.142 0.3000000119
58247  -38.393  -24.915  -2.545 0.3000000119
32909  -26.295  -49.278  3.282 0.4000000060
33944  -26.184  -48.950  2.431 0.4000000060
35042  -25.582  -47.109  0.996 0.4000000060
139177  -26.096  -46.307  1.215 0.4000000060
157811  -24.767  -48.571  4.526 0.3000000119
33916  -26.616  -48.570  4.302 0.4000000060
56118  -36.071  -25.898  -0.018 0.3000000119
59327  -37.158  -23.931  -0.744 0.3000000119
58220  -35.300  -23.949  -1.028 0.3000000119
60497  -36.352  -22.435  -1.494 0.3000000119
59390  -37.797  -23.874  -4.495 0.3000000119
61652  -35.940  -21.782  -1.767 0.3000000119
142632  -32.887  -17.636  -5.152 0.3000000119
65744  -32.227  -18.006  -5.311 0.3000000119
132618  -37.652  -21.947  -2.628 0.3000000119
61668  -36.397  -21.115  -2.178 0.3000000119
61653  -36.767  -21.779  -1.871 0.3000000119
62750  -35.327  -20.033  -2.760 0.3000000119
62786  -37.537  -20.547  -5.763 0.3000000119
63751  -37.626  -19.811  -5.325 0.3000000119
63714  -37.042  -19.836  -3.066 0.3000000119
64682  -37.320  -18.976  -4.209 0.3000000119
147312  -37.540  -19.040  -6.340 0.3000000119
65721  -36.169  -17.949  -3.856 0.3000000119
66887  -37.493  -16.280  -7.570 0.3000000119
67917  -36.687  -15.161  -6.233 0.3000000119
66909  -36.942  -16.181  -9.979 0.3000000119
68955  -36.968  -14.719  -6.994 0.3000000119
70031  -36.695  -13.137  -8.041 0.3000000119
68966  -37.344  -14.876  -7.898 0.3000000119
69043  -36.478  -14.743  -14.285 0.3000000119
70043  -37.124  -13.224  -9.513 0.3000000119
70057  -37.087  -12.776  -10.118 0.3000000119
31888  -25.513  -50.182  3.239 0.4000000060
42982  -36.264  -39.184  -3.399 0.4000000060
26998  -23.277  -55.468  0.540 0.3000000119
25945  -23.068  -56.232  0.839 0.3000000119
27014  -22.929  -55.061  -0.107 0.3000000119
26986  -24.270  -55.110  1.423 0.3000000119
34995  -24.897  -47.478  4.567 0.3000000119
34996  -25.649  -47.472  4.804 0.3000000119
36079  -24.951  -46.702  4.552 0.3000000119
35064  -24.959  -46.358  0.141 0.3000000119
33958  -25.667  -48.328  1.470 0.3000000119
36130  -25.457  -46.012  0.513 0.3000000119
33959  -26.329  -47.834  1.974 0.3000000119
37180  -25.618  -44.483  -0.383 0.3000000119
36154  -25.656  -45.082  0.353 0.3000000119
32935  -25.121  -48.832  0.949 0.3000000119
42042  -36.599  -40.594  -2.943 0.3000000119
25888  -27.780  -56.046  4.252 0.4000000060
25905  -26.608  -56.828  3.946 0.4000000060
25918  -29.729  -56.877  3.023 0.5000000000
26958  -26.129  -56.100  3.606 0.4000000060
26974  -26.405  -54.722  3.240 0.4000000060
26985  -23.753  -55.836  1.264 0.3000000119
26988  -30.771  -55.898  1.528 0.5000000000
26997  -22.626  -55.812  0.205 0.4000000060
27031  -29.142  -55.347  -1.552 0.5000000000
27049  -28.600  -55.317  -2.313 0.5000000000
27076  -28.160  -55.217  -3.115 0.5000000000
27936  -31.850  -54.028  3.111 0.5000000000
27947  -32.149  -54.241  2.511 0.5000000000
27957  -24.651  -54.549  1.451 0.5000000000
27971  -23.536  -54.700  0.286 0.4000000060
27975  -32.221  -54.394  1.660 0.5000000000
28930  -27.476  -53.846  3.394 0.5000000000
28934  -31.597  -53.471  3.435 0.6000000238
28943  -26.494  -53.565  2.431 0.6000000238
28944  -27.175  -53.371  2.825 0.6000000238
28956  -25.414  -53.385  1.184 0.6000000238
28971  -31.960  -53.686  -0.154 0.6000000238
29979  -32.863  -52.608  0.984 0.5000000000
30035  -31.509  -52.248  -2.501 0.6000000238
30082  -30.510  -52.985  -5.459 0.6000000238
30101  -30.273  -52.254  -6.948 0.4000000060
30970  -32.907  -51.780  3.207 0.6000000238
30992  -25.915  -51.853  0.198 0.5000000000
31075  -31.777  -51.629  -4.800 0.6000000238
31898  -33.799  -50.690  2.067 0.6999999881
31928  -26.341  -50.367  -0.394 0.5000000000
31953  -32.234  -50.156  -1.261 0.6999999881
32886  -32.235  -49.251  4.181 0.6999999881
32901  -33.560  -49.607  3.366 0.8000000119
32908  -25.899  -49.714  2.878 0.4000000060
32923  -34.283  -49.213  2.203 0.8000000119
32960  -33.381  -49.245  -0.257 0.8000000119
33013  -30.964  -49.423  -3.467 0.6999999881
33039  -33.627  -49.039  -6.940 0.6999999881
33914  -25.100  -49.082  4.498 0.3000000119
33915  -25.890  -48.937  4.457 0.4000000060
33917  -27.278  -48.071  4.352 0.4000000060
33932  -30.250  -48.818  3.410 0.6000000238
33961  -28.612  -49.008  1.819 0.6000000238
34005  -34.200  -48.015  0.111 0.6999999881
34040  -31.071  -48.556  -2.810 0.6999999881
34101  -36.191  -48.497  -8.354 0.6000000238
35010  -31.767  -47.830  4.094 0.6000000238
35025  -34.615  -47.898  2.430 0.8000000119
35065  -27.541  -47.396  0.047 0.5000000000
35102  -33.341  -47.159  -1.352 0.8000000119
35146  -29.487  -47.053  -5.080 0.6999999881
35158  -29.879  -47.537  -5.032 0.6999999881
36068  -27.257  -46.580  5.481 0.4000000060
36093  -28.479  -46.935  3.934 0.6000000238
36094  -28.961  -46.403  4.229 0.6000000238
36095  -31.123  -46.545  3.142 0.6000000238
36112  -27.510  -45.865  2.318 0.6000000238
36116  -34.756  -46.784  2.994 0.6999999881
36153  -25.116  -45.209  -0.217 0.3000000119
36171  -26.703  -45.351  -0.860 0.4000000060
36216  -29.582  -46.570  -4.623 0.6999999881
36232  -29.276  -46.362  -5.553 0.6999999881
36253  -35.572  -46.166  -8.200 0.6999999881
37101  -27.848  -46.065  5.821 0.5000000000
37102  -28.639  -46.238  5.669 0.4000000060
37104  -30.292  -45.068  5.031 0.5000000000
37121  -29.809  -45.543  4.733 0.5000000000
37163  -26.487  -44.320  0.775 0.4000000060
37164  -29.855  -44.620  1.185 0.5000000000
37196  -25.926  -44.519  -1.017 0.3000000119
37223  -32.827  -45.483  -2.800 0.8000000119
37233  -30.002  -45.328  -4.543 0.6999999881
37257  -28.641  -45.207  -6.029 0.6999999881
37259  -29.493  -45.787  -6.307 0.6999999881
37262  -36.056  -45.288  -8.081 0.6999999881
37270  -28.695  -44.858  -6.200 0.8000000119
38030  -31.023  -44.016  6.078 0.5000000000
38076  -31.881  -43.990  2.996 0.6000000238
38103  -27.005  -43.596  0.679 0.4000000060
38105  -28.873  -42.800  0.828 0.6000000238
38128  -35.177  -44.976  0.351 0.8000000119
38139  -26.063  -44.295  -0.518 0.5000000000
38156  -34.496  -44.213  -1.123 0.8000000119
38215  -34.021  -44.227  -8.397 0.6999999881
38222  -34.603  -43.737  -8.573 0.6999999881
38964  -29.505  -43.267  7.197 0.5000000000
38980  -28.189  -44.050  6.502 0.4000000060
39031  -35.389  -43.696  3.421 0.8000000119
39039  -28.451  -42.567  1.504 0.6000000238
39053  -28.672  -42.464  1.277 0.6000000238
39114  -33.354  -43.618  -2.837 0.8999999762
39128  -35.914  -42.990  -3.837 0.5000000000
39147  -28.359  -43.811  -5.852 0.8000000119
39154  -28.988  -43.896  -6.383 0.8000000119
39164  -33.002  -43.293  -7.999 0.6999999881
39166  -34.841  -43.450  -8.401 0.6999999881
39167  -35.330  -43.951  -8.152 0.6000000238
39991  -31.355  -42.407  7.472 0.5000000000
40042  -29.401  -41.833  2.085 0.6000000238
40103  -34.656  -42.566  -1.120 0.8000000119
40141  -27.541  -42.068  -4.637 0.8000000119
40189  -28.214  -42.846  -5.719 0.8000000119
40200  -32.265  -42.106  -7.633 0.8000000119
41040  -30.704  -40.709  3.424 0.8000000119
41056  -30.765  -40.723  3.213 0.8000000119
41125  -27.619  -40.684  -3.587 0.8000000119
41126  -32.057  -41.807  -3.586 0.8000000119
41153  -27.077  -41.577  -4.611 1.0000000000
41165  -34.469  -41.283  -6.418 0.5000000000
41178  -29.072  -41.593  -6.297 0.8000000119
41900  -31.555  -40.600  8.708 0.5000000000
41943  -32.118  -39.802  4.739 0.6999999881
42035  -26.558  -40.161  -3.831 0.8000000119
42052  -26.821  -40.705  -3.881 0.8999999762
42057  -36.310  -40.021  -3.413 0.4000000060
42068  -26.716  -41.036  -4.589 0.8000000119
42077  -26.588  -40.318  -4.504 0.8999999762
42097  -33.293  -40.693  -6.833 0.6000000238
42103  -32.156  -41.046  -7.167 0.8000000119
42967  -29.259  -39.216  -2.451 0.8000000119
42968  -30.147  -39.079  -2.168 0.8000000119
42970  -36.801  -39.739  -2.802 0.3000000119
42992  -34.991  -39.096  -4.555 0.6000000238
42999  -26.515  -39.620  -4.408 1.0000000000
43007  -34.874  -40.067  -5.240 0.5000000000
43853  -33.660  -38.243  -0.545 0.6999999881
43865  -31.030  -38.225  -1.508 0.8000000119
43876  -28.786  -38.658  -2.383 0.8000000119
43905  -32.816  -38.184  -4.428 0.6999999881
44817  -35.035  -37.480  7.935 0.5000000000
44856  -38.103  -36.816  4.116 0.6999999881
44864  -38.075  -37.156  3.519 0.6999999881
44908  -29.873  -37.747  -1.909 0.8000000119
44925  -29.596  -37.186  -2.258 0.8000000119
44936  -25.814  -37.241  -3.905 0.8000000119
45904  -35.308  -36.130  7.777 0.5000000000
45919  -32.469  -36.055  8.294 0.3000000119
45923  -35.810  -36.137  7.491 0.6000000238
45985  -34.913  -36.780  0.162 0.6999999881
46010  -33.098  -36.450  -1.138 0.6999999881
46021  -27.139  -36.567  -3.213 0.8000000119
46023  -29.206  -36.540  -2.643 0.8000000119
46062  -26.237  -36.359  -4.621 0.8000000119
46067  -31.023  -36.001  -4.965 0.6999999881
47033  -34.944  -35.642  7.766 0.4000000060
47064  -37.847  -35.340  5.461 0.6999999881
47141  -26.608  -35.803  -3.569 0.8000000119
47143  -28.761  -35.878  -3.085 0.8000000119
47155  -25.881  -35.801  -4.006 0.8000000119
47166  -32.361  -35.894  -4.748 0.6999999881
47167  -33.092  -35.789  -4.639 0.6999999881
47168  -34.414  -34.875  -4.934 0.6000000238
47198  -28.307  -34.883  -5.951 0.8000000119
47199  -29.287  -34.883  -6.170 0.8000000119
48160  -35.864  -35.222  7.188 0.6000000238
48288  -26.097  -33.600  -4.757 0.8000000119
48289  -27.085  -33.991  -4.211 0.8000000119
48291  -29.606  -34.455  -3.630 0.8000000119
48322  -26.373  -33.846  -5.364 0.8000000119
48323  -27.090  -34.586  -5.577 0.8000000119
49198  -36.862  -33.483  5.625 0.3000000119
49259  -37.805  -33.408  -0.726 0.6000000238
49323  -26.481  -33.295  -5.459 0.8000000119
49333  -32.318  -33.796  -7.562 0.5000000000
49339  -32.998  -33.429  -7.937 0.5000000000
50105  -33.890  -33.049  4.876 0.3000000119
50123  -35.984  -32.405  4.784 0.3000000119
50200  -33.145  -33.050  -3.743 0.8000000119
50214  -30.261  -32.136  -4.496 0.8000000119
50217  -33.887  -32.126  -4.149 0.8000000119
50230  -26.979  -32.186  -5.532 0.8000000119
50243  -26.536  -32.805  -5.390 0.8000000119
51080  -38.629  -31.766  2.194 0.3000000119
51114  -27.993  -31.746  -4.950 0.8000000119
51130  -27.186  -31.500  -5.685 0.8000000119
51132  -29.559  -31.697  -4.653 0.8000000119
51156  -27.553  -31.435  -6.244 0.8000000119
51174  -32.160  -31.695  -7.621 0.6000000238
52155  -38.546  -30.400  1.346 0.4000000060
52178  -28.655  -31.320  -4.925 0.8000000119
52181  -38.350  -30.019  -2.404 0.6000000238
52191  -31.170  -31.050  -4.803 0.8000000119
52194  -34.368  -30.687  -4.700 0.6999999881
52204  -27.378  -30.588  -5.930 0.8000000119
52216  -27.548  -30.287  -6.129 0.8000000119
52229  -28.176  -30.060  -7.190 0.8000000119
52231  -31.006  -30.781  -7.457 0.6000000238
53173  -35.448  -29.909  2.212 0.3000000119
53247  -33.282  -29.519  -5.528 0.8000000119
53259  -27.879  -29.801  -6.420 0.8000000119
53283  -28.488  -28.428  -7.485 0.6999999881
53284  -29.020  -28.629  -7.998 0.6999999881
54107  -38.074  -28.318  0.874 0.4000000060
54119  -31.127  -28.664  0.563 0.3000000119
54134  -38.559  -28.526  -1.691 0.4000000060
54165  -28.325  -28.707  -6.837 0.6999999881
54190  -28.599  -27.854  -7.761 0.6999999881
54223  -32.218  -28.166  -9.373 0.6000000238
55061  -31.225  -27.996  0.344 0.3000000119
55114  -35.567  -27.559  -5.509 0.5000000000
55123  -30.108  -27.557  -7.194 0.6999999881
55150  -28.884  -27.141  -8.338 0.6999999881
55169  -33.699  -27.812  -9.787 0.5000000000
55186  -32.322  -26.900  -10.190 0.5000000000
56098  -34.489  -27.008  0.091 0.3000000119
56154  -36.644  -26.615  -5.085 0.4000000060
56172  -30.478  -26.896  -7.586 0.6000000238
56175  -34.225  -26.506  -6.714 0.6000000238
56216  -29.846  -25.710  -9.818 0.5000000000
57223  -37.336  -25.618  -4.689 0.4000000060
57255  -29.436  -25.677  -8.972 0.6999999881
57256  -30.150  -25.611  -8.800 0.5000000000
57270  -29.648  -25.440  -9.365 0.6999999881
57300  -32.051  -25.307  -10.791 0.5000000000
57312  -31.825  -24.758  -10.653 0.5000000000
57314  -33.145  -24.771  -11.224 0.5000000000
58330  -33.162  -24.575  -9.099 0.6000000238
58357  -32.882  -24.115  -10.910 0.5000000000
59341  -37.699  -23.605  -1.312 0.3000000119
59365  -33.151  -23.258  -2.242 0.3000000119
60568  -37.221  -21.996  -6.005 0.3000000119
60589  -34.669  -22.751  -8.709 0.5000000000
61684  -33.207  -21.250  -3.208 0.3000000119
61768  -35.183  -21.922  -10.257 0.4000000060
61776  -35.439  -21.841  -11.814 0.5000000000
62737  -37.367  -20.520  -3.101 0.3000000119
62749  -34.514  -20.167  -3.025 0.3000000119
62811  -37.013  -20.205  -7.011 0.3000000119
63713  -36.475  -19.878  -2.779 0.3000000119
63817  -36.551  -18.884  -13.983 0.4000000060
64691  -32.431  -18.718  -4.769 0.3000000119
64704  -31.583  -18.443  -5.400 0.4000000060
64717  -37.530  -18.406  -6.745 0.3000000119
64736  -36.776  -18.144  -8.621 0.3000000119
65731  -35.614  -17.336  -4.289 0.3000000119
65745  -33.252  -17.118  -5.233 0.3000000119
65767  -37.556  -16.905  -6.942 0.3000000119
65793  -36.419  -17.464  -9.972 0.3000000119
65803  -35.884  -17.900  -11.971 0.4000000060
65827  -38.005  -17.417  -14.040 0.4000000060
65832  -36.567  -17.103  -14.418 0.3000000119
66853  -36.610  -16.743  -4.958 0.3000000119
66962  -37.246  -16.247  -14.765 0.4000000060
67905  -34.344  -15.978  -5.370 0.3000000119
67908  -37.116  -16.012  -6.014 0.3000000119
67996  -36.503  -15.809  -14.514 0.4000000060
67997  -38.162  -15.433  -14.386 0.4000000060
68004  -37.432  -15.526  -14.894 0.3000000119
68941  -35.219  -14.913  -5.753 0.3000000119
68942  -36.010  -14.915  -5.839 0.3000000119
68977  -37.327  -14.429  -8.482 0.3000000119
68989  -37.228  -14.019  -9.782 0.3000000119
69004  -36.962  -14.441  -10.953 0.3000000119
69018  -36.715  -14.487  -11.939 0.3000000119
69052  -36.717  -15.044  -14.977 0.3000000119
69053  -37.268  -14.957  -15.100 0.3000000119
70017  -34.532  -13.101  -7.009 0.3000000119
70019  -36.289  -13.340  -7.270 0.3000000119
70096  -36.769  -14.224  -14.897 0.3000000119
71090  -36.788  -12.357  -9.270 0.3000000119
71119  -40.290  -12.455  -11.655 0.3000000119
72106  -34.757  -11.379  -8.253 0.3000000119
72108  -36.323  -11.894  -8.683 0.3000000119
132977  -34.121  -45.006  3.982 0.8000000119
133499  -28.961  -45.863  -6.010 0.6999999881
133616  -32.023  -32.241  -4.336 0.8000000119
135109  -29.131  -41.991  -4.234 0.8999999762
135408  -29.174  -46.161  5.431 0.4000000060
135564  -34.606  -45.473  3.551 0.8000000119
137149  -32.141  -49.935  4.132 0.6000000238
137190  -25.008  -45.793  4.481 0.3000000119
137587  -28.679  -39.042  -5.008 0.8999999762
137788  -33.867  -42.047  -8.177 0.6999999881
137790  -29.000  -29.976  -7.333 0.6999999881
137806  -25.963  -35.054  -4.389 0.8000000119
138064  -32.479  -51.585  -0.429 0.6000000238
138187  -31.563  -42.372  5.570 0.6000000238
138225  -30.656  -52.532  -6.170 0.5000000000
138556  -25.965  -37.194  -4.240 0.8000000119
138725  -28.569  -43.425  -6.151 0.8000000119
138887  -31.233  -43.910  -4.359 0.8000000119
139075  -38.111  -14.191  -15.101 0.3000000119
139291  -25.977  -34.479  -4.987 0.8000000119
140041  -30.343  -47.284  -5.327 0.6999999881
141635  -27.170  -38.014  -2.968 0.8000000119
141825  -35.816  -23.180  -1.224 0.3000000119
142700  -33.266  -42.068  -8.195 0.6999999881
143288  -27.727  -44.475  6.229 0.3000000119
143817  -30.084  -48.006  -4.144 0.6999999881
144261  -31.040  -29.049  -5.971 0.8000000119
144311  -36.594  -13.964  -13.781 0.3000000119
145100  -35.206  -32.219  4.390 0.3000000119
145177  -33.989  -35.766  -4.465 0.6999999881
145283  -28.596  -33.115  -6.479 0.8000000119
145331  -31.655  -52.078  3.742 0.6999999881
145492  -31.241  -41.111  -6.805 0.8000000119
146096  -37.826  -25.323  -4.127 0.3000000119
146734  -25.747  -37.198  -3.992 0.8000000119
147171  -25.853  -37.916  -4.004 0.8000000119
147615  -31.100  -28.600  -6.277 0.6999999881
148082  -29.688  -45.128  -6.510 0.6999999881
148429  -29.206  -37.690  -2.204 0.8000000119
148738  -36.450  -36.563  6.907 0.6999999881
148970  -28.569  -43.468  0.470 0.5000000000
149389  -33.564  -42.976  -2.582 0.8999999762
149721  -32.436  -41.284  6.651 0.6000000238
150091  -36.247  -45.712  -7.646 0.5000000000
150716  -36.875  -39.115  1.255 0.6999999881
151236  -36.758  -34.060  -1.356 0.6999999881
151301  -33.117  -41.621  -2.751 0.8000000119
151454  -29.307  -40.864  -6.207 0.8000000119
151801  -28.495  -39.774  -5.439 0.8999999762
153418  -36.221  -28.447  -4.838 0.5000000000
153592  -30.357  -40.300  -3.015 0.8000000119
153727  -35.249  -21.638  -8.236 0.4000000060
153785  -38.641  -33.929  3.082 0.5000000000
153924  -31.519  -45.176  -6.712 0.6999999881
154174  -26.759  -39.656  -3.577 0.8000000119
154262  -37.996  -31.592  3.391 0.3000000119
155662  -27.350  -55.485  4.095 0.5000000000
155753  -33.410  -42.736  -8.291 0.6999999881
155837  -35.496  -21.841  -7.673 0.5000000000
155971  -34.794  -39.639  -4.966 0.6000000238
155994  -29.880  -46.006  -4.441 0.6999999881
156224  -26.780  -41.062  -4.251 1.0000000000
156557  -35.969  -41.312  -3.862 0.5000000000
156642  -31.441  -52.260  -3.188 0.6000000238
156678  -26.114  -32.999  -4.930 0.8000000119
156884  -33.034  -52.629  1.782 0.5000000000
156913  -28.824  -28.819  -6.377 0.6999999881
157194  -29.822  -46.914  -4.315 0.6999999881
157225  -35.879  -23.014  -12.404 0.5000000000
157264  -34.081  -28.408  -5.915 0.6000000238
157416  -37.161  -27.634  -4.409 0.5000000000
157493  -32.533  -32.367  -4.221 0.8000000119
157557  -31.805  -52.838  -1.083 0.6000000238
157584  -34.551  -40.298  -0.928 0.6999999881
158416  -25.906  -34.136  -4.819 0.8000000119
158690  -25.663  -55.858  3.195 0.4000000060
158840  -28.703  -44.421  -6.241 0.8000000119
159250  -30.604  -41.001  3.870 0.6999999881
159306  -26.026  -38.367  -3.899 0.8000000119
159604  -35.471  -45.077  2.169 0.6999999881
159853  -33.690  -35.299  -2.113 0.8000000119
159984  -29.313  -33.584  -6.629 0.8000000119
160505  -30.283  -24.797  -10.085 0.5000000000
