#!ascii label  , from subject sub-v1s5x0050739_ses-1 vox2ras=TkReg
716
14179  -51.536  -69.097  5.926 0.0000000000
13350  -43.830  -68.900  1.228 0.0000000000
18901  -57.011  -63.602  9.908 0.0000000000
13302  -47.011  -69.269  5.126 0.0000000000
19846  -49.514  -62.703  9.161 0.0000000000
135879  -54.219  -68.219  14.883 0.0000000000
20790  -51.940  -61.453  11.282 0.0000000000
22822  -44.969  -59.878  12.154 0.0000000000
148145  -59.429  -59.086  10.988 0.0000000000
19871  -53.576  -62.057  9.023 0.0000000000
155333  -54.590  -59.209  8.865 0.0000000000
17872  -53.755  -65.007  13.669 0.0000000000
18831  -49.884  -63.910  13.195 0.0000000000
26850  -43.689  -55.675  11.997 0.0000000000
25809  -46.773  -56.395  10.376 0.0000000000
9874  -47.347  -74.215  5.665 0.0000000000
13316  -44.479  -69.581  3.821 0.0000000000
10774  -47.272  -72.288  0.748 0.0000000000
154038  -48.259  -69.913  -1.369 0.0000000000
15109  -54.133  -66.620  8.604 0.0000000000
149096  -51.054  -69.048  3.933 0.0000000000
16065  -48.070  -66.171  8.347 0.0000000000
15148  -44.508  -67.499  7.786 0.0000000000
16925  -56.635  -65.668  12.653 0.0000000000
20793  -56.415  -62.134  11.656 0.0000000000
157452  -54.936  -58.417  11.057 0.0000000000
19791  -46.196  -62.752  14.019 0.0000000000
21835  -48.647  -60.428  11.571 0.0000000000
24775  -50.064  -57.857  10.676 0.0000000000
26853  -52.939  -54.495  11.663 0.0000000000
9890  -45.734  -73.660  2.828 0.0000000000
14214  -39.461  -68.243  4.332 0.0000000000
147765  -42.067  -69.379  -1.042 0.0000000000
15289  -44.496  -67.463  -5.901 0.0000000000
24761  -59.826  -57.258  11.014 0.0000000000
23835  -57.559  -59.330  9.701 0.0000000000
11663  -50.688  -71.821  5.690 0.0000000000
13340  -44.106  -69.660  2.273 0.0000000000
12570  -45.504  -70.075  0.651 0.0000000000
154308  -46.309  -69.514  -0.753 0.0000000000
13399  -46.889  -69.524  -2.301 0.0000000000
158710  -45.166  -69.436  -2.010 0.0000000000
17932  -56.239  -64.891  9.855 0.0000000000
17930  -54.495  -64.731  9.299 0.0000000000
19848  -51.287  -62.866  9.284 0.0000000000
17927  -51.347  -64.659  9.341 0.0000000000
17925  -49.265  -64.602  9.471 0.0000000000
16078  -46.670  -66.791  8.004 0.0000000000
16989  -46.720  -65.580  9.187 0.0000000000
15080  -54.424  -67.272  11.822 0.0000000000
15052  -55.636  -67.513  13.803 0.0000000000
18861  -53.138  -62.887  11.771 0.0000000000
151741  -55.024  -63.346  12.102 0.0000000000
20791  -54.110  -61.428  11.167 0.0000000000
136564  -56.142  -60.106  11.280 0.0000000000
21853  -53.233  -59.933  10.714 0.0000000000
20769  -45.624  -61.723  13.264 0.0000000000
19805  -47.425  -62.207  12.868 0.0000000000
21834  -46.339  -60.332  11.980 0.0000000000
26869  -48.009  -55.241  10.432 0.0000000000
24773  -48.444  -57.213  10.521 0.0000000000
25812  -49.709  -56.032  10.517 0.0000000000
146695  -51.565  -56.380  10.748 0.0000000000
13303  -48.184  -69.063  4.929 0.0000000000
11661  -47.338  -71.266  5.780 0.0000000000
11659  -45.645  -71.572  5.145 0.0000000000
9917  -49.153  -73.532  -0.194 0.0000000000
15199  -38.056  -67.901  3.166 0.0000000000
14258  -40.609  -68.847  1.471 0.0000000000
15267  -42.066  -67.659  -4.103 0.0000000000
20823  -58.329  -61.261  10.139 0.0000000000
149588  -55.440  -62.891  9.364 0.0000000000
21870  -57.001  -60.725  9.423 0.0000000000
145481  -54.113  -60.815  8.658 0.0000000000
21895  -52.313  -60.835  8.457 0.0000000000
16899  -55.417  -66.571  14.800 0.0000000000
17870  -51.567  -64.562  13.344 0.0000000000
18859  -51.152  -62.929  11.939 0.0000000000
24754  -43.553  -57.513  11.677 0.0000000000
24755  -45.378  -58.478  11.254 0.0000000000
25807  -45.009  -56.220  10.620 0.0000000000
27854  -46.022  -54.299  10.887 0.0000000000
29859  -48.300  -52.117  13.199 0.0000000000
13317  -45.370  -69.608  4.600 0.0000000000
146656  -44.702  -71.766  3.687 0.0000000000
11703  -45.333  -71.500  1.680 0.0000000000
12572  -47.945  -70.715  -0.409 0.0000000000
11775  -49.699  -71.074  -2.149 0.0000000000
13416  -48.846  -69.953  -4.075 0.0000000000
149566  -48.343  -69.627  -5.455 0.0000000000
14332  -47.313  -68.519  -6.182 0.0000000000
15132  -53.137  -67.076  7.057 0.0000000000
13306  -52.084  -68.885  4.035 0.0000000000
16095  -51.700  -66.650  5.380 0.0000000000
15169  -49.910  -67.253  5.320 0.0000000000
17928  -52.360  -64.618  9.278 0.0000000000
17007  -50.208  -65.929  7.516 0.0000000000
150338  -48.099  -67.470  6.276 0.0000000000
14189  -46.360  -68.305  5.919 0.0000000000
14201  -44.368  -68.610  5.110 0.0000000000
14218  -43.521  -68.624  4.182 0.0000000000
157274  -53.541  -67.085  10.073 0.0000000000
16031  -55.890  -66.095  10.578 0.0000000000
17908  -57.206  -64.450  11.068 0.0000000000
17889  -55.811  -64.952  13.257 0.0000000000
18864  -57.153  -64.007  12.156 0.0000000000
19821  -57.749  -62.451  11.368 0.0000000000
21843  -58.299  -60.626  11.461 0.0000000000
23807  -57.067  -58.694  11.564 0.0000000000
25797  -56.654  -56.443  11.629 0.0000000000
18829  -48.477  -63.643  13.659 0.0000000000
138494  -49.292  -62.606  12.446 0.0000000000
21837  -50.531  -60.790  11.348 0.0000000000
23803  -47.480  -58.736  11.013 0.0000000000
22845  -49.164  -58.925  10.973 0.0000000000
136808  -51.123  -59.692  10.919 0.0000000000
147977  -52.423  -58.073  10.632 0.0000000000
25795  -53.841  -56.249  11.116 0.0000000000
142432  -48.389  -71.620  6.062 0.0000000000
158174  -45.729  -73.664  4.953 0.0000000000
146045  -46.754  -73.292  1.716 0.0000000000
9077  -47.944  -74.744  1.205 0.0000000000
16041  -45.023  -65.848  9.086 0.0000000000
15147  -43.043  -67.641  7.714 0.0000000000
14229  -42.332  -68.495  3.349 0.0000000000
14244  -41.570  -68.496  2.728 0.0000000000
13359  -42.892  -68.927  0.442 0.0000000000
13397  -44.494  -69.464  -2.615 0.0000000000
13452  -45.290  -68.816  -5.192 0.0000000000
25799  -59.233  -55.929  11.378 0.0000000000
24781  -59.848  -57.118  10.940 0.0000000000
11665  -51.504  -71.294  5.661 0.0000000000
12527  -51.607  -70.450  5.198 0.0000000000
13339  -43.784  -69.054  1.926 0.0000000000
13362  -45.165  -69.370  0.281 0.0000000000
140706  -44.833  -69.025  -0.029 0.0000000000
13382  -45.549  -69.280  -1.187 0.0000000000
13370  -44.244  -68.916  -0.054 0.0000000000
143559  -56.356  -64.119  9.686 0.0000000000
17931  -55.511  -64.652  9.478 0.0000000000
18899  -55.793  -63.695  9.440 0.0000000000
19847  -50.396  -62.786  9.206 0.0000000000
18894  -49.863  -63.702  9.454 0.0000000000
16967  -48.326  -65.016  9.420 0.0000000000
17924  -48.362  -64.190  9.543 0.0000000000
14137  -52.328  -68.148  14.715 0.0000000000
135674  -53.627  -67.770  13.458 0.0000000000
15064  -54.625  -67.620  13.044 0.0000000000
15051  -55.011  -68.005  14.344 0.0000000000
151208  -52.520  -62.131  11.483 0.0000000000
19817  -53.545  -62.109  11.434 0.0000000000
137103  -52.976  -61.302  11.118 0.0000000000
133615  -53.702  -60.637  10.865 0.0000000000
141433  -52.914  -60.546  10.842 0.0000000000
22821  -43.559  -59.022  12.386 0.0000000000
21820  -43.284  -59.630  12.999 0.0000000000
21821  -44.145  -59.952  12.598 0.0000000000
20775  -44.515  -60.759  13.057 0.0000000000
137733  -44.878  -60.463  12.577 0.0000000000
134804  -46.155  -61.001  12.451 0.0000000000
22829  -45.731  -59.812  11.848 0.0000000000
27857  -48.746  -54.385  10.893 0.0000000000
26870  -49.086  -55.236  10.551 0.0000000000
154957  -50.382  -54.480  11.230 0.0000000000
27837  -50.275  -53.575  11.920 0.0000000000
151711  -46.859  -70.167  5.259 0.0000000000
14287  -40.039  -68.615  -1.159 0.0000000000
142915  -41.600  -68.148  -3.439 0.0000000000
15266  -41.560  -67.228  -3.635 0.0000000000
21872  -58.771  -60.531  10.498 0.0000000000
20822  -57.512  -61.410  9.622 0.0000000000
21871  -58.084  -60.678  9.852 0.0000000000
23834  -56.265  -58.912  9.410 0.0000000000
22862  -56.557  -59.901  9.388 0.0000000000
22884  -54.569  -60.097  8.790 0.0000000000
21896  -53.211  -60.815  8.510 0.0000000000
22883  -53.579  -60.113  8.541 0.0000000000
18845  -51.639  -63.573  12.240 0.0000000000
18844  -50.351  -63.748  12.783 0.0000000000
24748  -42.917  -57.117  12.154 0.0000000000
152278  -43.429  -56.767  11.696 0.0000000000
146803  -43.925  -56.862  11.246 0.0000000000
25794  -44.322  -56.126  11.056 0.0000000000
28836  -47.219  -53.082  12.231 0.0000000000
9058  -45.939  -75.252  4.493 0.0000000000
151738  -44.842  -69.410  4.300 0.0000000000
11684  -44.562  -71.414  3.144 0.0000000000
11693  -44.675  -71.119  2.213 0.0000000000
138049  -47.020  -70.041  -0.474 0.0000000000
159769  -47.117  -70.732  0.009 0.0000000000
12581  -48.173  -70.122  -0.902 0.0000000000
134584  -49.464  -70.592  -1.897 0.0000000000
12600  -49.449  -70.523  -2.670 0.0000000000
136493  -46.229  -69.477  -2.983 0.0000000000
13415  -47.937  -69.604  -3.767 0.0000000000
13431  -47.651  -69.466  -4.765 0.0000000000
13453  -47.722  -69.151  -5.675 0.0000000000
142222  -46.791  -69.271  -4.918 0.0000000000
15133  -53.558  -66.881  7.849 0.0000000000
15153  -52.618  -67.233  6.232 0.0000000000
15170  -51.199  -67.196  4.834 0.0000000000
16082  -50.964  -66.184  6.346 0.0000000000
19851  -54.401  -62.981  9.408 0.0000000000
18898  -53.847  -63.810  9.465 0.0000000000
18897  -52.772  -63.772  9.492 0.0000000000
16992  -50.594  -65.563  8.386 0.0000000000
16066  -49.081  -66.103  7.979 0.0000000000
15152  -48.455  -67.104  6.577 0.0000000000
15151  -47.813  -67.139  6.933 0.0000000000
15167  -47.471  -67.670  6.364 0.0000000000
15149  -45.462  -67.441  7.636 0.0000000000
14177  -45.107  -67.989  7.075 0.0000000000
156561  -43.772  -68.589  4.780 0.0000000000
14187  -44.069  -68.386  6.228 0.0000000000
15066  -55.914  -66.862  12.131 0.0000000000
16018  -55.597  -66.564  11.075 0.0000000000
16019  -56.225  -66.291  11.609 0.0000000000
16949  -56.479  -65.675  11.046 0.0000000000
16938  -56.921  -65.103  11.486 0.0000000000
16912  -54.372  -65.765  14.638 0.0000000000
17873  -55.181  -65.540  13.987 0.0000000000
17888  -54.493  -64.614  13.060 0.0000000000
19818  -55.456  -62.652  11.771 0.0000000000
18863  -56.306  -63.559  12.236 0.0000000000
19819  -56.675  -62.891  11.915 0.0000000000
18865  -57.397  -63.246  11.666 0.0000000000
19820  -57.383  -62.577  11.644 0.0000000000
135720  -58.170  -61.198  11.447 0.0000000000
21842  -57.363  -60.822  11.487 0.0000000000
133687  -55.663  -59.070  11.213 0.0000000000
156953  -56.569  -59.416  11.417 0.0000000000
23806  -55.763  -58.088  11.357 0.0000000000
24759  -56.851  -57.523  11.585 0.0000000000
18828  -47.644  -63.402  13.879 0.0000000000
20778  -47.545  -61.394  12.312 0.0000000000
19806  -48.380  -62.472  12.705 0.0000000000
20779  -48.768  -61.885  12.229 0.0000000000
19814  -49.414  -61.903  12.026 0.0000000000
21836  -49.638  -60.617  11.475 0.0000000000
23817  -45.972  -57.864  10.780 0.0000000000
23802  -46.503  -58.776  11.180 0.0000000000
23818  -46.955  -57.988  10.746 0.0000000000
24774  -49.333  -57.562  10.612 0.0000000000
23820  -48.774  -58.151  10.719 0.0000000000
23821  -49.956  -58.629  10.867 0.0000000000
22846  -50.523  -59.137  10.930 0.0000000000
149538  -50.726  -58.336  10.743 0.0000000000
23823  -52.131  -58.800  10.664 0.0000000000
144957  -51.589  -58.138  10.661 0.0000000000
26873  -52.188  -55.337  11.153 0.0000000000
25813  -52.468  -56.432  10.840 0.0000000000
26874  -53.170  -55.605  11.193 0.0000000000
147082  -54.609  -55.749  11.388 0.0000000000
13305  -51.860  -69.326  4.055 0.0000000000
12533  -50.753  -70.753  5.016 0.0000000000
12532  -49.531  -70.489  5.276 0.0000000000
159176  -45.830  -72.325  5.294 0.0000000000
10718  -46.401  -72.976  5.505 0.0000000000
9884  -45.322  -73.621  3.715 0.0000000000
9065  -45.605  -74.507  3.332 0.0000000000
9066  -46.181  -74.469  2.513 0.0000000000
136224  -45.740  -72.196  1.819 0.0000000000
10742  -45.924  -72.895  2.245 0.0000000000
10752  -46.540  -72.634  1.492 0.0000000000
9125  -49.023  -74.077  -0.590 0.0000000000
9104  -48.838  -74.354  0.098 0.0000000000
16965  -46.569  -64.878  9.487 0.0000000000
17922  -45.778  -64.745  9.489 0.0000000000
14185  -42.179  -68.256  6.473 0.0000000000
14199  -42.589  -68.456  5.663 0.0000000000
14216  -42.042  -68.480  4.900 0.0000000000
13357  -40.972  -69.248  0.061 0.0000000000
151540  -40.899  -68.608  2.216 0.0000000000
13358  -41.932  -69.166  0.292 0.0000000000
13348  -42.329  -68.824  1.061 0.0000000000
13368  -42.511  -69.239  -0.305 0.0000000000
13380  -43.353  -69.393  -1.624 0.0000000000
14329  -43.895  -68.080  -5.360 0.0000000000
13451  -44.297  -68.719  -4.974 0.0000000000
14330  -44.872  -68.249  -5.612 0.0000000000
23810  -59.654  -58.023  10.960 0.0000000000
22864  -58.627  -59.777  10.169 0.0000000000
23825  -59.477  -57.890  10.666 0.0000000000
135290  -57.402  -58.311  9.785 0.0000000000
27825  -44.890  -54.670  11.885 0.0000000000
140247  -45.302  -54.224  12.628 0.0000000000
10706  -48.869  -73.248  6.242 0.0000000000
13329  -44.099  -69.639  3.067 0.0000000000
12564  -44.449  -70.224  1.867 0.0000000000
12569  -44.814  -69.729  1.068 0.0000000000
12580  -45.957  -69.676  -0.083 0.0000000000
13372  -47.375  -69.707  -1.057 0.0000000000
13384  -47.670  -69.656  -1.736 0.0000000000
13383  -46.627  -69.499  -1.438 0.0000000000
138333  -45.963  -69.447  -2.076 0.0000000000
13398  -45.339  -69.486  -2.808 0.0000000000
16973  -54.908  -65.927  9.070 0.0000000000
144730  -54.837  -65.468  9.153 0.0000000000
16972  -54.049  -65.507  8.622 0.0000000000
16971  -53.070  -65.228  8.704 0.0000000000
19849  -52.200  -62.885  9.341 0.0000000000
18896  -51.777  -63.764  9.477 0.0000000000
18895  -50.830  -63.747  9.455 0.0000000000
17926  -50.354  -64.655  9.416 0.0000000000
16991  -48.615  -65.632  8.965 0.0000000000
16079  -47.519  -66.715  7.758 0.0000000000
16064  -47.150  -66.191  8.574 0.0000000000
16063  -46.278  -66.260  8.666 0.0000000000
16062  -45.452  -66.349  8.689 0.0000000000
15065  -55.426  -67.308  12.584 0.0000000000
15053  -56.047  -67.125  13.057 0.0000000000
17887  -53.168  -64.383  12.774 0.0000000000
18847  -53.958  -63.708  12.234 0.0000000000
137522  -54.479  -62.139  11.471 0.0000000000
20792  -55.224  -61.712  11.380 0.0000000000
21841  -56.212  -61.204  11.397 0.0000000000
21840  -54.906  -60.683  11.026 0.0000000000
22834  -54.137  -59.867  10.781 0.0000000000
23805  -54.542  -59.082  10.853 0.0000000000
19797  -45.534  -62.173  13.795 0.0000000000
136046  -46.351  -62.152  13.279 0.0000000000
19798  -47.058  -62.833  13.590 0.0000000000
139167  -46.024  -61.555  12.871 0.0000000000
21823  -46.941  -60.860  12.132 0.0000000000
134725  -47.110  -60.151  11.696 0.0000000000
146668  -47.046  -55.548  10.381 0.0000000000
24772  -47.378  -57.215  10.495 0.0000000000
25811  -48.700  -56.166  10.409 0.0000000000
146978  -49.237  -56.827  10.505 0.0000000000
146856  -49.985  -57.008  10.574 0.0000000000
24776  -50.926  -57.341  10.641 0.0000000000
145865  -50.649  -56.300  10.645 0.0000000000
150810  -51.268  -55.480  10.932 0.0000000000
26872  -51.711  -54.674  11.437 0.0000000000
13304  -49.465  -69.011  4.531 0.0000000000
145878  -48.867  -69.775  5.055 0.0000000000
12531  -47.750  -69.951  5.282 0.0000000000
142425  -46.366  -71.940  5.559 0.0000000000
10724  -45.335  -72.258  4.853 0.0000000000
10776  -49.081  -73.013  0.051 0.0000000000
14256  -38.628  -68.309  1.326 0.0000000000
140128  -39.044  -68.539  2.061 0.0000000000
14242  -39.564  -68.507  2.684 0.0000000000
14257  -39.536  -68.734  1.209 0.0000000000
152927  -40.750  -69.206  -0.766 0.0000000000
13378  -41.534  -69.207  -1.700 0.0000000000
13395  -42.625  -69.278  -2.491 0.0000000000
14309  -42.394  -68.490  -3.889 0.0000000000
15277  -43.150  -67.653  -5.026 0.0000000000
159994  -57.822  -62.393  10.239 0.0000000000
18900  -56.447  -63.382  9.559 0.0000000000
139456  -57.092  -62.020  9.481 0.0000000000
20821  -56.356  -62.152  9.304 0.0000000000
20844  -55.612  -61.494  9.118 0.0000000000
22863  -57.610  -60.113  9.643 0.0000000000
21869  -55.751  -60.628  9.144 0.0000000000
20842  -53.835  -61.419  8.760 0.0000000000
20841  -52.892  -61.411  8.634 0.0000000000
20840  -52.009  -61.454  8.612 0.0000000000
19869  -50.897  -62.081  8.799 0.0000000000
15986  -55.481  -67.476  15.207 0.0000000000
16911  -53.086  -65.234  14.204 0.0000000000
16910  -52.118  -64.940  13.907 0.0000000000
17871  -52.556  -64.740  13.372 0.0000000000
18846  -52.644  -63.648  12.177 0.0000000000
18860  -52.091  -62.910  11.792 0.0000000000
19816  -51.548  -62.191  11.601 0.0000000000
23792  -43.144  -58.113  12.199 0.0000000000
23800  -43.868  -58.397  11.816 0.0000000000
145266  -45.135  -59.246  11.684 0.0000000000
137424  -44.386  -57.784  11.285 0.0000000000
24770  -45.151  -57.629  10.894 0.0000000000
25808  -45.844  -56.332  10.412 0.0000000000
27834  -44.925  -54.942  11.316 0.0000000000
26867  -45.460  -55.561  10.587 0.0000000000
26868  -46.215  -55.614  10.413 0.0000000000
154637  -47.190  -54.816  10.511 0.0000000000
28851  -47.506  -53.608  11.454 0.0000000000
28837  -48.471  -52.707  12.604 0.0000000000
12530  -46.147  -69.804  4.915 0.0000000000
12529  -45.497  -70.603  4.794 0.0000000000
11672  -44.627  -71.316  3.964 0.0000000000
11704  -46.169  -71.830  1.202 0.0000000000
149769  -47.664  -71.468  0.128 0.0000000000
10803  -49.663  -71.724  -1.691 0.0000000000
13400  -47.882  -69.635  -2.654 0.0000000000
13432  -48.516  -69.802  -4.754 0.0000000000
13455  -48.788  -70.083  -5.592 0.0000000000
13454  -48.469  -69.637  -6.239 0.0000000000
13472  -48.338  -68.906  -6.719 0.0000000000
14168  -51.633  -67.891  7.071 0.0000000000
13297  -51.947  -69.249  4.971 0.0000000000
14180  -51.839  -67.990  5.865 0.0000000000
15171  -52.245  -67.378  5.114 0.0000000000
14208  -52.047  -68.132  4.227 0.0000000000
16096  -52.365  -66.830  5.469 0.0000000000
15184  -51.724  -67.924  4.151 0.0000000000
15183  -50.624  -67.749  4.440 0.0000000000
15182  -49.325  -67.833  4.931 0.0000000000
14205  -48.783  -68.473  4.894 0.0000000000
145312  -54.889  -63.883  9.442 0.0000000000
17929  -53.423  -64.657  9.251 0.0000000000
16970  -51.984  -65.133  8.895 0.0000000000
16081  -49.727  -66.374  6.871 0.0000000000
15168  -48.809  -67.436  5.860 0.0000000000
14204  -47.644  -68.665  5.227 0.0000000000
14203  -46.687  -68.744  5.312 0.0000000000
14202  -45.846  -68.699  5.347 0.0000000000
13300  -45.136  -68.937  4.771 0.0000000000
157201  -46.493  -67.623  7.074 0.0000000000
14188  -45.549  -68.306  6.210 0.0000000000
14219  -44.322  -68.867  4.307 0.0000000000
13315  -43.923  -68.932  3.611 0.0000000000
13328  -43.555  -68.900  2.999 0.0000000000
14246  -43.254  -68.762  2.324 0.0000000000
15131  -51.932  -67.589  7.852 0.0000000000
15108  -52.911  -67.274  8.244 0.0000000000
158639  -53.723  -67.063  8.873 0.0000000000
15094  -54.403  -66.970  10.743 0.0000000000
154392  -55.036  -66.738  10.567 0.0000000000
16044  -54.779  -66.307  9.216 0.0000000000
16974  -56.114  -65.559  10.143 0.0000000000
17933  -56.854  -64.317  10.218 0.0000000000
17934  -57.401  -63.768  10.688 0.0000000000
15995  -55.872  -67.299  14.496 0.0000000000
16913  -56.008  -66.439  14.128 0.0000000000
17890  -56.530  -65.367  13.080 0.0000000000
18848  -55.349  -64.096  12.600 0.0000000000
18849  -56.513  -64.527  12.661 0.0000000000
17891  -56.855  -64.869  12.453 0.0000000000
17900  -57.156  -64.536  11.899 0.0000000000
18876  -57.660  -63.140  11.162 0.0000000000
135529  -57.566  -63.048  10.389 0.0000000000
20802  -58.363  -61.719  10.603 0.0000000000
21844  -58.829  -60.601  11.200 0.0000000000
22837  -58.777  -60.041  11.339 0.0000000000
22836  -57.655  -59.851  11.535 0.0000000000
140860  -58.635  -58.974  11.485 0.0000000000
23808  -58.349  -57.863  11.622 0.0000000000
24760  -58.042  -56.723  11.681 0.0000000000
19799  -47.953  -62.981  13.268 0.0000000000
18842  -48.812  -63.183  13.010 0.0000000000
18843  -49.621  -63.396  12.832 0.0000000000
19807  -50.226  -62.999  12.275 0.0000000000
133897  -50.621  -62.241  11.800 0.0000000000
20789  -51.005  -61.505  11.462 0.0000000000
155804  -45.855  -59.213  11.498 0.0000000000
22831  -47.237  -59.423  11.359 0.0000000000
136237  -47.867  -59.912  11.486 0.0000000000
23819  -47.901  -58.047  10.689 0.0000000000
23804  -48.298  -58.793  10.962 0.0000000000
22832  -48.529  -59.524  11.244 0.0000000000
133535  -49.327  -59.792  11.241 0.0000000000
159703  -50.999  -60.309  11.087 0.0000000000
21851  -51.691  -60.203  10.931 0.0000000000
21852  -52.447  -60.061  10.775 0.0000000000
22849  -53.523  -59.059  10.688 0.0000000000
24779  -54.114  -58.262  10.828 0.0000000000
24777  -51.965  -57.297  10.657 0.0000000000
24756  -53.775  -57.282  10.888 0.0000000000
24757  -54.796  -57.574  11.136 0.0000000000
156611  -55.065  -56.949  11.296 0.0000000000
25796  -55.458  -56.218  11.472 0.0000000000
12534  -51.540  -70.312  4.784 0.0000000000
11662  -49.540  -71.500  5.799 0.0000000000
11655  -48.060  -72.400  6.194 0.0000000000
143387  -48.519  -70.724  5.623 0.0000000000
10719  -47.213  -72.708  5.889 0.0000000000
149366  -46.286  -73.876  5.289 0.0000000000
9063  -45.451  -74.574  4.053 0.0000000000
10723  -44.853  -72.130  4.140 0.0000000000
10741  -45.294  -72.834  3.071 0.0000000000
9891  -46.520  -73.778  2.139 0.0000000000
9916  -48.804  -73.769  0.381 0.0000000000
9896  -47.359  -73.923  1.550 0.0000000000
9076  -46.978  -74.585  1.829 0.0000000000
24792  -57.421  -57.208  9.897 0.0000000000
22882  -52.692  -60.167  8.436 0.0000000000
21894  -51.383  -60.901  8.437 0.0000000000
19868  -50.034  -61.907  8.718 0.0000000000
159297  -48.269  -63.608  9.477 0.0000000000
17923  -47.078  -64.304  9.541 0.0000000000
16042  -45.808  -65.769  9.103 0.0000000000
15128  -45.046  -66.936  8.271 0.0000000000
156493  -43.797  -66.363  8.756 0.0000000000
15127  -43.588  -67.164  8.202 0.0000000000
153772  -43.770  -67.723  7.596 0.0000000000
14186  -43.066  -68.350  6.375 0.0000000000
14217  -42.693  -68.511  4.139 0.0000000000
14261  -43.379  -68.806  1.658 0.0000000000
14243  -40.508  -68.475  2.958 0.0000000000
14227  -40.415  -68.423  3.943 0.0000000000
133266  -41.201  -68.446  4.448 0.0000000000
14260  -42.750  -68.660  1.736 0.0000000000
13360  -43.717  -68.853  0.544 0.0000000000
139484  -43.922  -69.144  -0.780 0.0000000000
13381  -44.439  -69.334  -1.564 0.0000000000
13413  -45.577  -69.405  -3.735 0.0000000000
13429  -44.882  -69.167  -4.434 0.0000000000
13430  -45.859  -69.216  -4.655 0.0000000000
14331  -45.998  -68.363  -5.829 0.0000000000
9103  -48.373  -75.084  0.452 0.0000000000
9872  -46.125  -74.586  4.973 0.0000000000
9882  -45.044  -72.777  3.749 0.0000000000
9883  -45.304  -73.060  4.467 0.0000000000
9897  -48.195  -73.901  1.014 0.0000000000
10705  -48.122  -73.683  6.097 0.0000000000
10717  -45.733  -73.012  5.142 0.0000000000
10740  -44.857  -72.173  3.388 0.0000000000
10751  -45.117  -72.031  2.514 0.0000000000
10753  -47.436  -73.214  1.210 0.0000000000
10775  -48.277  -73.123  0.623 0.0000000000
11656  -48.870  -72.272  6.210 0.0000000000
11660  -46.238  -70.893  5.315 0.0000000000
11664  -51.285  -71.404  5.542 0.0000000000
11673  -45.075  -71.406  4.558 0.0000000000
11702  -45.019  -70.640  1.406 0.0000000000
11721  -48.635  -71.527  -0.339 0.0000000000
11738  -48.949  -70.799  -0.806 0.0000000000
11776  -49.611  -71.612  -2.384 0.0000000000
11786  -49.559  -71.289  -3.178 0.0000000000
12542  -44.866  -70.391  4.247 0.0000000000
12551  -44.442  -70.523  3.520 0.0000000000
12559  -44.338  -70.504  2.674 0.0000000000
12571  -46.336  -70.391  0.255 0.0000000000
12590  -49.007  -70.353  -1.373 0.0000000000
12610  -49.364  -70.520  -3.866 0.0000000000
12626  -48.726  -70.614  -5.907 0.0000000000
13301  -46.028  -69.130  4.993 0.0000000000
13318  -51.933  -68.594  3.912 0.0000000000
13347  -41.298  -69.036  0.889 0.0000000000
13349  -43.195  -68.748  1.115 0.0000000000
13351  -44.226  -69.363  1.492 0.0000000000
13361  -44.427  -69.087  0.643 0.0000000000
13367  -41.604  -69.328  -0.481 0.0000000000
13369  -43.428  -69.025  -0.165 0.0000000000
13371  -45.411  -69.274  -0.390 0.0000000000
13379  -42.382  -69.348  -1.709 0.0000000000
13396  -43.596  -69.418  -2.482 0.0000000000
13412  -44.642  -69.391  -3.550 0.0000000000
13414  -46.680  -69.431  -3.998 0.0000000000
13428  -43.935  -69.097  -4.239 0.0000000000
13473  -48.410  -69.610  -6.886 0.0000000000
13474  -48.607  -70.029  -6.254 0.0000000000
14175  -42.617  -68.026  7.127 0.0000000000
14176  -43.463  -68.104  7.069 0.0000000000
14178  -46.000  -67.879  6.894 0.0000000000
14190  -47.171  -68.219  5.710 0.0000000000
14191  -48.134  -67.993  5.515 0.0000000000
14192  -52.079  -68.412  4.622 0.0000000000
14200  -43.496  -68.499  5.509 0.0000000000
14206  -50.092  -68.365  4.412 0.0000000000
14207  -51.263  -68.301  3.955 0.0000000000
14226  -39.562  -68.398  3.427 0.0000000000
14228  -41.348  -68.456  3.585 0.0000000000
14230  -42.975  -68.589  2.930 0.0000000000
14245  -42.450  -68.557  2.475 0.0000000000
14259  -41.721  -68.673  1.801 0.0000000000
14271  -40.317  -69.020  0.613 0.0000000000
14279  -40.127  -69.015  -0.243 0.0000000000
14320  -42.648  -68.017  -4.498 0.0000000000
14321  -43.366  -68.496  -4.654 0.0000000000
15035  -55.219  -68.028  15.279 0.0000000000
15036  -55.518  -67.789  14.736 0.0000000000
15081  -55.201  -66.998  11.474 0.0000000000
15110  -54.496  -66.737  9.662 0.0000000000
15129  -45.862  -66.860  8.146 0.0000000000
15166  -46.745  -67.844  6.532 0.0000000000
15185  -52.008  -67.418  4.809 0.0000000000
15210  -38.147  -68.055  2.198 0.0000000000
15288  -43.680  -67.169  -5.539 0.0000000000
15996  -56.169  -66.998  13.650 0.0000000000
16030  -55.251  -66.404  10.083 0.0000000000
16040  -44.338  -65.890  9.065 0.0000000000
16045  -55.457  -65.975  9.716 0.0000000000
16061  -44.649  -66.371  8.734 0.0000000000
16080  -48.521  -66.625  7.276 0.0000000000
16093  -49.261  -66.897  6.327 0.0000000000
16094  -50.465  -66.651  5.774 0.0000000000
16914  -56.400  -66.209  13.355 0.0000000000
16926  -56.938  -65.189  12.145 0.0000000000
16937  -56.691  -65.782  11.986 0.0000000000
16950  -56.690  -65.021  10.579 0.0000000000
16963  -44.561  -65.354  9.313 0.0000000000
16964  -45.353  -65.304  9.335 0.0000000000
16966  -47.381  -65.027  9.455 0.0000000000
16969  -50.926  -65.190  9.083 0.0000000000
16990  -47.705  -65.596  9.116 0.0000000000
17869  -50.561  -64.327  13.416 0.0000000000
17874  -56.080  -65.713  13.635 0.0000000000
17885  -51.136  -64.070  12.747 0.0000000000
17886  -52.063  -64.234  12.699 0.0000000000
17901  -57.379  -63.827  11.531 0.0000000000
18862  -54.235  -62.810  11.748 0.0000000000
18893  -48.885  -63.508  9.441 0.0000000000
19815  -49.897  -62.262  12.025 0.0000000000
19822  -58.261  -61.727  11.204 0.0000000000
19828  -58.037  -62.452  10.872 0.0000000000
19845  -48.787  -62.626  9.135 0.0000000000
19850  -53.210  -62.913  9.392 0.0000000000
19852  -56.208  -62.786  9.377 0.0000000000
19853  -57.100  -62.728  9.658 0.0000000000
19854  -57.803  -61.983  9.852 0.0000000000
19870  -52.581  -62.077  8.929 0.0000000000
19872  -54.603  -62.088  9.130 0.0000000000
20776  -45.362  -61.109  12.840 0.0000000000
20777  -46.726  -61.557  12.640 0.0000000000
20786  -47.747  -60.661  11.849 0.0000000000
20787  -48.325  -61.233  12.017 0.0000000000
20788  -50.022  -61.503  11.701 0.0000000000
20794  -57.368  -61.685  11.566 0.0000000000
20795  -58.014  -61.816  11.459 0.0000000000
20796  -58.464  -61.161  11.307 0.0000000000
20803  -58.745  -61.092  11.076 0.0000000000
20820  -55.519  -62.136  9.199 0.0000000000
20839  -50.717  -61.385  8.539 0.0000000000
20843  -54.747  -61.462  8.953 0.0000000000
21822  -45.576  -60.448  12.306 0.0000000000
21838  -51.398  -60.840  11.172 0.0000000000
21839  -52.228  -60.743  10.979 0.0000000000
21854  -59.062  -60.517  10.968 0.0000000000
21897  -54.922  -60.920  8.893 0.0000000000
22828  -44.333  -59.217  12.011 0.0000000000
22830  -46.475  -59.633  11.579 0.0000000000
22833  -50.256  -59.959  11.128 0.0000000000
22835  -55.033  -59.760  10.973 0.0000000000
22838  -59.135  -59.865  11.060 0.0000000000
22847  -51.910  -59.520  10.772 0.0000000000
22848  -52.677  -59.360  10.671 0.0000000000
22850  -59.326  -58.899  10.755 0.0000000000
22851  -59.163  -59.796  10.842 0.0000000000
22861  -55.404  -59.572  9.147 0.0000000000
23801  -44.576  -58.642  11.593 0.0000000000
23809  -59.354  -58.041  11.299 0.0000000000
23822  -51.343  -58.941  10.778 0.0000000000
23824  -52.793  -58.693  10.629 0.0000000000
23836  -58.679  -58.727  10.208 0.0000000000
24758  -55.688  -57.166  11.441 0.0000000000
24762  -59.877  -57.241  10.915 0.0000000000
24769  -44.636  -56.931  10.832 0.0000000000
24771  -46.391  -57.164  10.482 0.0000000000
24778  -52.835  -57.319  10.722 0.0000000000
24780  -59.484  -56.871  10.551 0.0000000000
25793  -43.752  -56.128  11.569 0.0000000000
25800  -59.915  -56.737  10.915 0.0000000000
25810  -47.727  -56.323  10.368 0.0000000000
25814  -53.200  -56.605  10.907 0.0000000000
26844  -44.143  -55.302  12.230 0.0000000000
26851  -44.316  -55.431  11.586 0.0000000000
26852  -52.292  -54.151  11.859 0.0000000000
26866  -44.802  -55.457  10.936 0.0000000000
26871  -50.481  -55.367  10.791 0.0000000000
27836  -46.648  -53.791  11.268 0.0000000000
27839  -51.691  -53.752  12.009 0.0000000000
27853  -45.343  -54.873  10.889 0.0000000000
27855  -46.857  -54.225  10.798 0.0000000000
27856  -47.763  -54.289  10.817 0.0000000000
28852  -48.590  -53.547  11.676 0.0000000000
133320  -57.152  -63.326  11.930 0.0000000000
133866  -48.088  -61.838  12.423 0.0000000000
134060  -49.130  -61.255  11.816 0.0000000000
134273  -45.601  -74.046  4.492 0.0000000000
134438  -44.770  -69.102  -0.604 0.0000000000
134680  -43.036  -68.514  4.852 0.0000000000
135021  -45.006  -68.520  5.641 0.0000000000
135667  -46.245  -67.337  7.517 0.0000000000
135837  -44.860  -61.496  13.542 0.0000000000
137154  -48.317  -68.786  -7.370 0.0000000000
137511  -47.892  -59.283  11.221 0.0000000000
138584  -48.184  -63.039  9.319 0.0000000000
139449  -55.523  -65.446  9.586 0.0000000000
140265  -50.177  -69.806  4.574 0.0000000000
140772  -42.843  -68.494  -4.278 0.0000000000
141493  -46.409  -68.888  -5.399 0.0000000000
141619  -46.488  -54.889  10.521 0.0000000000
141707  -42.977  -69.334  -0.915 0.0000000000
143293  -39.997  -68.703  2.101 0.0000000000
143602  -50.979  -69.887  4.329 0.0000000000
143964  -43.174  -68.610  3.526 0.0000000000
144629  -51.692  -62.115  8.880 0.0000000000
146274  -54.446  -65.900  8.571 0.0000000000
146461  -59.297  -59.029  11.129 0.0000000000
146700  -56.369  -66.499  12.712 0.0000000000
146744  -59.268  -57.056  11.439 0.0000000000
147179  -50.872  -63.495  12.392 0.0000000000
147622  -45.455  -57.027  10.561 0.0000000000
147947  -53.233  -58.124  10.695 0.0000000000
148162  -47.089  -69.526  -3.122 0.0000000000
148230  -48.511  -74.387  0.653 0.0000000000
148590  -56.536  -61.459  9.314 0.0000000000
150245  -44.807  -68.282  6.485 0.0000000000
150336  -44.284  -68.072  7.087 0.0000000000
152094  -49.462  -58.233  10.753 0.0000000000
152504  -44.192  -60.988  13.580 0.0000000000
152677  -41.940  -68.470  4.078 0.0000000000
153231  -51.326  -61.565  8.611 0.0000000000
153291  -51.759  -69.568  4.349 0.0000000000
154620  -59.812  -56.570  11.083 0.0000000000
154817  -38.948  -68.412  0.628 0.0000000000
155020  -48.433  -74.643  -1.072 0.0000000000
156390  -43.812  -69.150  2.536 0.0000000000
156419  -54.545  -56.704  11.196 0.0000000000
157197  -45.846  -54.999  10.592 0.0000000000
157375  -55.187  -63.383  9.424 0.0000000000
157596  -41.594  -68.605  -2.984 0.0000000000
157869  -46.069  -65.266  9.362 0.0000000000
158255  -44.302  -66.883  8.389 0.0000000000
158599  -56.050  -63.224  9.406 0.0000000000
158727  -49.833  -55.129  10.701 0.0000000000
158971  -41.326  -69.309  -1.130 0.0000000000
159364  -47.766  -64.482  9.524 0.0000000000
159576  -49.829  -59.286  11.055 0.0000000000
159715  -58.586  -60.754  11.343 0.0000000000
159740  -49.132  -65.252  9.264 0.0000000000
159887  -45.523  -53.963  13.152 0.0000000000
160265  -58.758  -61.012  10.716 0.0000000000
