#!ascii label  , from subject sub-v1s5x0050739_ses-1 vox2ras=TkReg
1347
61715  -27.202  -21.110  -5.256 0.4285714328
63759  -27.100  -19.517  -6.831 0.2857142985
62800  -27.189  -20.021  -6.255 0.4285714328
136660  -27.902  -19.356  -6.487 0.4285714328
64715  -29.106  -18.374  -6.539 0.4285714328
64726  -27.505  -18.342  -7.803 0.2857142985
64714  -28.196  -18.490  -7.007 0.4285714328
147989  -28.583  -17.315  -7.713 0.4285714328
65786  -27.815  -17.078  -9.446 0.4285714328
66895  -28.432  -16.602  -9.013 0.4285714328
66907  -28.132  -16.482  -10.060 0.4285714328
67962  -28.962  -15.552  -11.417 0.4285714328
148256  -28.298  -14.894  -11.709 0.5714285970
67970  -28.779  -15.461  -11.647 0.5714285970
69002  -29.569  -15.122  -11.907 0.4285714328
145944  -30.390  -14.470  -12.974 0.2857142985
69026  -29.806  -14.758  -13.088 0.7142857313
70079  -30.187  -14.419  -13.387 0.7142857313
151261  -31.039  -12.690  -14.876 0.7142857313
72176  -31.266  -12.170  -14.614 0.4285714328
70095  -30.330  -13.584  -13.998 0.7142857313
71127  -30.656  -13.672  -13.694 0.5714285970
74341  -31.564  -10.370  -15.492 0.5714285970
72182  -30.367  -12.135  -15.177 0.5714285970
72193  -31.085  -11.649  -15.723 0.5714285970
74349  -31.096  -10.529  -16.232 0.5714285970
151991  -31.796  -9.653  -15.691 0.5714285970
73267  -30.430  -11.388  -15.567 0.5714285970
75372  -32.054  -8.636  -15.027 0.4285714328
76397  -31.910  -8.774  -16.900 0.5714285970
77397  -32.383  -7.195  -17.058 0.5714285970
144038  -30.132  -9.394  -15.832 0.7142857313
76410  -31.931  -7.944  -17.329 0.7142857313
77408  -32.107  -7.183  -17.887 0.7142857313
78494  -32.673  -6.340  -17.361 0.5714285970
75382  -30.699  -9.171  -16.721 0.5714285970
152774  -29.670  -9.119  -13.777 0.5714285970
76419  -31.137  -7.900  -17.433 0.8571428657
78505  -32.443  -6.413  -18.242 0.7142857313
79567  -33.746  -4.882  -17.987 0.5714285970
76396  -30.312  -8.143  -16.544 0.7142857313
77372  -30.223  -7.081  -14.792 0.5714285970
79585  -32.962  -5.568  -19.231 0.7142857313
148896  -34.366  -4.651  -18.663 0.5714285970
77406  -30.827  -7.129  -17.566 0.7142857313
78522  -32.341  -6.144  -18.774 0.7142857313
79604  -33.184  -5.011  -19.898 0.5714285970
77407  -31.391  -6.762  -18.092 0.7142857313
79605  -34.294  -4.600  -20.227 0.5714285970
78493  -30.678  -6.266  -17.611 0.5714285970
78504  -30.855  -5.835  -18.251 0.7142857313
160563  -32.269  -4.811  -19.944 0.7142857313
80689  -33.476  -3.754  -21.069 0.7142857313
79582  -30.700  -4.780  -18.899 0.7142857313
79603  -31.504  -4.736  -19.728 0.7142857313
80688  -32.261  -3.738  -20.888 0.7142857313
81787  -32.800  -2.643  -21.822 0.7142857313
80700  -33.671  -2.954  -21.778 0.5714285970
80668  -30.949  -4.125  -20.142 0.7142857313
79555  -30.476  -5.196  -17.395 0.5714285970
82862  -33.574  -1.418  -22.499 0.5714285970
83952  -33.397  -0.171  -22.528 0.5714285970
80667  -30.536  -3.568  -19.629 0.8571428657
80654  -30.468  -4.078  -18.843 0.8571428657
82877  -32.674  -1.131  -22.588 0.7142857313
82859  -31.027  -1.603  -21.642 0.7142857313
81769  -30.994  -2.946  -20.852 0.8571428657
82845  -31.362  -2.338  -21.400 0.7142857313
85020  -30.353  -0.047  -22.069 0.8571428657
140786  -32.277  0.185  -22.872 0.5714285970
83933  -30.737  -0.814  -21.888 0.8571428657
82829  -29.878  -1.355  -20.528 0.8571428657
156412  -30.483  -2.116  -20.908 0.8571428657
85011  -29.118  0.886  -21.689 0.8571428657
86126  -28.824  1.758  -22.519 0.8571428657
87112  -27.609  2.380  -22.201 0.8571428657
83932  -29.997  -0.525  -21.495 0.8571428657
86109  -28.607  1.244  -21.093 0.8571428657
87102  -28.441  2.362  -19.788 1.0000000000
87108  -28.237  2.038  -20.713 1.0000000000
85012  -29.107  0.504  -21.058 0.8571428657
88003  -28.044  2.895  -20.377 1.0000000000
86100  -28.648  1.514  -20.131 1.0000000000
87994  -27.918  3.781  -20.104 1.0000000000
89865  -28.184  5.156  -18.144 0.7142857313
87989  -28.460  3.547  -18.632 1.0000000000
88935  -27.711  4.739  -19.940 1.0000000000
92862  -27.160  8.321  -19.129 1.0000000000
92838  -27.459  8.613  -17.632 0.8571428657
94900  -27.233  10.353  -17.813 0.8571428657
93877  -27.261  9.492  -18.174 1.0000000000
97787  -25.629  13.500  -19.989 0.8571428657
96819  -26.479  12.413  -18.594 0.8571428657
95877  -26.515  11.573  -19.065 1.0000000000
99655  -25.182  15.277  -19.827 0.8571428657
98734  -25.110  14.390  -20.503 0.8571428657
140430  -24.707  15.997  -20.009 0.7142857313
99631  -25.141  15.157  -17.822 0.5714285970
101503  -24.068  16.996  -19.391 0.7142857313
100567  -24.295  16.544  -20.235 0.5714285970
100521  -22.043  16.245  -17.935 0.5714285970
100523  -24.141  16.214  -17.906 0.5714285970
100540  -20.942  16.529  -18.254 0.4285714328
139510  -20.904  17.417  -18.625 0.4285714328
156927  -21.450  18.427  -19.546 0.4285714328
101480  -18.584  17.223  -17.311 0.2857142985
101470  -18.592  17.729  -16.316 0.2857142985
101481  -18.849  17.122  -18.053 0.2857142985
63768  -27.330  -18.991  -7.266 0.2857142985
75383  -31.529  -9.376  -16.613 0.5714285970
158741  -33.504  -5.217  -18.928 0.5714285970
85031  -32.715  0.382  -22.748 0.5714285970
81786  -32.121  -2.356  -21.704 0.7142857313
82860  -31.913  -1.766  -21.962 0.7142857313
83949  -31.345  -0.185  -22.516 0.8571428657
86128  -30.728  1.153  -22.922 0.8571428657
86127  -29.806  1.624  -22.876 0.8571428657
155032  -28.178  1.887  -22.178 0.8571428657
89864  -27.863  5.781  -18.652 0.8571428657
102393  -21.285  18.335  -15.406 0.1428571492
63767  -26.502  -19.417  -7.410 0.2857142985
64741  -26.410  -18.431  -8.577 0.2857142985
65775  -27.640  -17.861  -8.316 0.2857142985
65776  -28.117  -17.320  -8.496 0.4285714328
138377  -29.243  -15.473  -9.404 0.4285714328
134114  -27.203  -17.262  -9.672 0.2857142985
67961  -28.252  -16.030  -10.895 0.4285714328
65785  -27.423  -17.643  -9.028 0.4285714328
68987  -29.417  -15.140  -10.564 0.4285714328
69001  -27.534  -15.695  -10.759 0.5714285970
69015  -29.194  -14.997  -12.404 0.5714285970
151767  -28.500  -13.499  -12.320 0.2857142985
70078  -29.753  -14.140  -13.586 0.7142857313
71135  -30.401  -12.824  -14.631 0.7142857313
72184  -31.087  -12.175  -15.324 0.4285714328
73259  -29.835  -11.389  -14.870 0.5714285970
77373  -32.798  -6.689  -14.778 0.4285714328
74339  -29.926  -10.682  -15.195 0.7142857313
75361  -29.816  -9.732  -14.925 0.7142857313
75371  -31.874  -9.297  -16.297 0.7142857313
76398  -32.233  -7.870  -16.596 0.5714285970
77385  -32.582  -6.841  -15.891 0.4285714328
76420  -31.652  -7.399  -17.733 0.7142857313
77423  -31.975  -6.764  -18.339 0.7142857313
75362  -29.883  -8.531  -14.403 0.5714285970
76386  -30.082  -8.204  -15.589 0.5714285970
156159  -35.337  -3.560  -21.162 0.5714285970
77384  -30.228  -7.329  -15.866 0.5714285970
79586  -35.114  -4.475  -19.696 0.5714285970
79583  -31.251  -5.199  -19.190 0.7142857313
79584  -32.230  -5.505  -19.360 0.7142857313
80690  -34.588  -3.299  -21.500 0.5714285970
140516  -30.431  -5.632  -16.841 0.8571428657
80687  -31.358  -3.625  -20.657 0.7142857313
86129  -31.523  0.687  -22.898 0.5714285970
83917  -29.747  -0.825  -20.959 1.0000000000
87107  -27.767  2.557  -21.295 1.0000000000
86092  -28.779  1.776  -19.181 1.0000000000
90849  -27.743  6.723  -17.465 0.7142857313
90863  -27.753  6.417  -18.305 1.0000000000
90878  -27.243  6.243  -20.079 1.0000000000
140738  -27.434  7.896  -18.470 0.7142857313
91862  -27.060  7.104  -19.952 1.0000000000
91819  -27.585  7.465  -16.766 0.7142857313
93888  -27.033  9.134  -18.983 0.8571428657
97765  -26.264  13.232  -18.322 0.8571428657
94899  -26.903  10.926  -18.418 1.0000000000
94912  -26.533  10.525  -19.334 1.0000000000
99640  -25.267  15.256  -18.501 0.7142857313
99630  -24.494  15.517  -17.511 0.5714285970
100542  -23.715  16.695  -18.304 0.7142857313
101494  -23.557  17.199  -18.911 0.7142857313
142857  -21.596  15.413  -17.585 0.4285714328
101490  -18.369  18.052  -17.936 0.2857142985
101492  -19.792  17.574  -18.736 0.4285714328
101501  -22.838  17.699  -19.394 0.4285714328
102429  -20.632  18.249  -19.158 0.4285714328
102410  -18.436  18.867  -16.314 0.2857142985
101491  -18.874  17.728  -18.524 0.4285714328
72164  -29.240  -12.346  -13.431 0.4285714328
158969  -29.316  -11.684  -13.515 0.4285714328
100539  -19.979  16.774  -18.433 0.4285714328
142846  -21.899  17.078  -18.441 0.7142857313
100538  -19.287  17.087  -18.399 0.2857142985
141604  -18.267  18.100  -17.047 0.2857142985
62782  -26.773  -20.670  -5.804 0.4285714328
152714  -28.003  -19.947  -5.910 0.4285714328
149825  -26.602  -19.851  -6.776 0.2857142985
62799  -26.322  -20.361  -6.416 0.2857142985
135696  -28.693  -18.951  -6.354 0.4285714328
64725  -26.793  -18.769  -8.007 0.2857142985
65765  -28.114  -17.814  -7.707 0.4285714328
66906  -27.595  -16.803  -9.986 0.2857142985
66908  -28.696  -16.065  -9.482 0.4285714328
67949  -28.668  -15.837  -10.407 0.4285714328
66916  -27.754  -16.463  -10.376 0.4285714328
69014  -27.946  -15.431  -11.241 0.4285714328
70068  -28.424  -14.183  -12.104 0.2857142985
69016  -29.757  -14.947  -12.578 0.4285714328
71126  -29.738  -13.254  -14.075 0.5714285970
72174  -29.721  -12.252  -14.417 0.5714285970
74340  -30.433  -10.499  -15.912 0.5714285970
148171  -30.732  -9.945  -16.367 0.5714285970
141952  -32.423  -7.474  -15.629 0.4285714328
76409  -31.570  -8.495  -17.205 0.7142857313
78484  -32.837  -6.063  -16.215 0.5714285970
77396  -30.419  -7.453  -16.857 0.5714285970
136323  -33.838  -4.937  -19.530 0.5714285970
79612  -32.751  -4.381  -20.445 0.7142857313
133892  -30.425  -6.443  -16.854 0.7142857313
78520  -30.914  -5.381  -18.731 0.8571428657
80699  -32.760  -3.238  -21.390 0.7142857313
79566  -30.526  -4.720  -18.193 0.8571428657
83950  -32.226  -0.503  -22.721 0.8571428657
146521  -29.477  -0.192  -20.992 0.8571428657
85029  -29.885  0.756  -22.302 0.8571428657
82830  -30.007  -2.008  -19.963 0.8571428657
86110  -28.891  0.849  -20.467 1.0000000000
88929  -28.331  4.397  -18.425 1.0000000000
89854  -27.979  5.876  -17.789 0.8571428657
97775  -25.940  13.849  -18.965 0.8571428657
98717  -25.600  14.623  -18.675 0.8571428657
99639  -24.774  15.793  -18.262 0.7142857313
100556  -24.431  16.529  -19.566 0.7142857313
100543  -24.332  16.556  -18.743 0.5714285970
100541  -22.875  16.845  -18.330 0.5714285970
100522  -23.238  16.298  -17.801 0.5714285970
149827  -20.992  15.861  -17.915 0.4285714328
100520  -20.038  15.933  -18.103 0.4285714328
146763  -21.843  17.872  -18.987 0.4285714328
148487  -18.668  16.960  -16.049 0.2857142985
100519  -19.329  16.478  -18.133 0.2857142985
102391  -19.123  18.229  -15.702 0.2857142985
102392  -20.410  18.512  -15.500 0.1428571492
65784  -26.687  -17.805  -9.178 0.2857142985
71125  -29.007  -13.287  -13.111 0.2857142985
91845  -27.586  7.125  -18.404 1.0000000000
101493  -22.642  17.388  -18.760 0.5714285970
104349  -17.976  21.347  -20.763 0.2857142985
105987  -17.675  23.145  -20.190 0.1428571492
103405  -18.789  19.680  -19.738 0.2857142985
103414  -18.913  20.378  -20.707 0.2857142985
105171  -17.955  22.153  -18.928 0.1428571492
105988  -18.024  23.433  -19.680 0.1428571492
103396  -17.819  19.501  -18.482 0.1428571492
103397  -18.026  19.477  -19.092 0.2857142985
104334  -17.712  20.391  -18.032 0.1428571492
140256  -21.064  18.807  -21.821 0.2857142985
103406  -19.888  19.521  -20.209 0.2857142985
99679  -20.501  15.783  -23.818 0.2857142985
101534  -21.057  17.348  -23.305 0.2857142985
105972  -18.347  22.828  -18.979 0.1428571492
102439  -20.753  18.905  -19.814 0.2857142985
100581  -23.103  16.300  -22.127 0.2857142985
102454  -21.255  18.943  -21.169 0.2857142985
153232  -22.110  13.748  -22.869 0.1428571492
100580  -22.416  16.200  -22.674 0.2857142985
151722  -22.108  17.754  -22.083 0.2857142985
101510  -22.790  17.782  -20.932 0.2857142985
102449  -21.533  18.726  -20.287 0.2857142985
95911  -19.886  10.731  -23.767 0.1428571492
96853  -20.987  11.994  -23.361 0.1428571492
98760  -21.728  14.580  -23.172 0.4285714328
101528  -23.254  16.939  -21.610 0.2857142985
94928  -23.655  10.658  -22.074 0.2857142985
154082  -23.936  13.813  -21.646 0.4285714328
99669  -23.481  15.527  -21.960 0.2857142985
102440  -22.225  18.251  -19.817 0.2857142985
93927  -23.025  9.086  -22.894 0.1428571492
155383  -22.931  11.640  -22.338 0.2857142985
98740  -23.712  14.656  -21.811 0.4285714328
96836  -24.680  12.503  -21.179 0.5714285970
98741  -24.437  14.620  -21.220 0.7142857313
92888  -23.975  7.989  -22.763 0.1428571492
94945  -23.788  9.818  -22.243 0.1428571492
97794  -24.574  13.842  -21.164 0.7142857313
100575  -24.327  16.142  -20.786 0.4285714328
158192  -24.190  11.061  -21.631 0.4285714328
90899  -23.949  6.118  -24.092 0.2857142985
92889  -24.782  7.793  -22.318 0.7142857313
96828  -25.288  12.652  -20.589 0.7142857313
93887  -26.606  9.618  -19.564 0.8571428657
93902  -25.693  9.660  -20.796 0.8571428657
95887  -25.534  11.405  -20.514 0.5714285970
159870  -25.285  5.711  -24.847 0.2857142985
89895  -24.544  5.677  -24.185 0.2857142985
95895  -24.929  11.009  -21.205 0.7142857313
96785  -26.277  12.726  -16.889 0.5714285970
94911  -26.065  11.009  -19.938 0.8571428657
90908  -26.016  5.873  -25.098 0.1428571492
91868  -25.490  7.509  -21.859 0.7142857313
143064  -26.499  5.310  -24.824 0.1428571492
86067  -29.524  1.550  -15.639 0.5714285970
87089  -28.765  2.960  -18.007 0.8571428657
145767  -28.591  3.858  -17.760 0.8571428657
87080  -28.901  3.075  -16.520 0.4285714328
88921  -28.482  4.411  -17.228 0.5714285970
91855  -27.310  7.504  -19.187 0.8571428657
89882  -26.647  5.303  -21.598 0.8571428657
91854  -26.871  7.949  -19.862 0.8571428657
139013  -26.508  4.779  -24.703 0.2857142985
90886  -26.272  6.121  -21.685 0.8571428657
92878  -25.975  7.988  -21.145 0.8571428657
90910  -28.073  5.803  -24.338 0.4285714328
88950  -25.456  4.642  -23.491 0.7142857313
90885  -25.603  6.638  -22.172 0.7142857313
86057  -29.471  1.476  -14.637 0.2857142985
87090  -29.089  2.383  -17.221 0.5714285970
87081  -29.221  2.316  -16.102 0.5714285970
87096  -28.595  2.659  -18.875 0.8571428657
89877  -27.243  4.884  -20.976 0.8571428657
158220  -27.386  5.481  -20.255 0.8571428657
89876  -26.969  5.828  -20.890 0.8571428657
90877  -26.712  6.692  -20.756 0.8571428657
88968  -27.007  4.208  -24.550 0.4285714328
88951  -26.064  4.137  -22.960 0.8571428657
89888  -25.956  5.094  -22.501 0.8571428657
89905  -28.461  5.024  -24.463 0.4285714328
142620  -30.530  -3.230  -15.290 0.7142857313
151330  -30.374  -1.946  -14.298 0.4285714328
80640  -30.536  -3.745  -16.013 0.7142857313
139764  -30.435  -1.981  -17.361 0.8571428657
82767  -30.451  -1.394  -15.795 0.5714285970
84958  -30.097  0.034  -14.772 0.5714285970
84947  -29.371  0.353  -13.372 0.4285714328
83899  -29.863  -0.853  -18.665 0.8571428657
84980  -30.054  0.070  -16.657 0.5714285970
144563  -29.355  0.164  -19.612 0.8571428657
84991  -29.509  0.624  -18.019 0.7142857313
138471  -29.644  0.751  -17.112 0.5714285970
87121  -29.249  2.242  -23.235 0.7142857313
87120  -28.310  2.234  -22.858 0.7142857313
88018  -27.052  3.030  -22.707 0.7142857313
88952  -26.740  3.651  -22.413 0.8571428657
88953  -30.849  4.946  -23.198 0.2857142985
88960  -29.980  4.328  -24.244 0.4285714328
88970  -28.841  4.218  -24.416 0.5714285970
144354  -30.339  -6.529  -15.157 0.4285714328
79521  -30.439  -4.684  -14.209 0.4285714328
80614  -30.239  -3.072  -13.629 0.4285714328
81746  -30.258  -2.585  -19.316 0.7142857313
150873  -30.441  -2.741  -17.877 0.7142857313
143424  -29.569  -0.331  -19.200 0.8571428657
86139  -30.820  1.923  -23.462 0.7142857313
88962  -31.177  3.874  -23.678 0.2857142985
87130  -30.756  2.695  -23.784 0.5714285970
86138  -30.118  2.278  -23.482 0.5714285970
78451  -30.105  -5.729  -13.269 0.5714285970
79545  -30.482  -4.668  -16.261 0.5714285970
80631  -30.534  -3.995  -15.447 0.5714285970
81740  -30.384  -3.137  -18.686 0.7142857313
86130  -32.424  1.162  -22.798 0.4285714328
87122  -32.002  2.399  -23.080 0.4285714328
88019  -31.611  3.711  -23.057 0.4285714328
87131  -31.465  2.342  -23.441 0.4285714328
74328  -29.590  -10.154  -13.956 0.5714285970
80670  -35.736  -3.961  -20.778 0.4285714328
85013  -33.803  0.146  -20.938 0.4285714328
82863  -34.259  -1.721  -22.245 0.4285714328
86112  -33.230  0.969  -20.679 0.4285714328
85021  -32.977  0.731  -22.395 0.4285714328
68988  -30.088  -14.241  -10.009 0.1428571492
81771  -35.268  -2.787  -21.492 0.4285714328
82846  -35.092  -1.946  -21.276 0.4285714328
155436  -34.257  -0.533  -21.123 0.4285714328
71117  -30.665  -13.424  -12.390 0.1428571492
72150  -31.127  -11.783  -12.080 0.1428571492
75364  -32.139  -8.419  -13.659 0.2857142985
136892  -35.769  -4.501  -17.637 0.2857142985
81741  -36.383  -2.442  -17.756 0.2857142985
79588  -37.513  -4.038  -19.450 0.2857142985
79546  -34.062  -4.698  -16.007 0.4285714328
82815  -35.955  -2.217  -18.698 0.2857142985
80672  -36.926  -3.773  -19.835 0.2857142985
159926  -35.577  -4.444  -18.105 0.2857142985
82814  -35.099  -1.486  -18.950 0.2857142985
82832  -35.882  -2.330  -19.782 0.4285714328
71102  -30.642  -12.887  -10.982 0.1428571492
72149  -30.893  -12.329  -11.645 0.1428571492
69003  -29.966  -14.548  -11.221 0.1428571492
153646  -31.449  -10.624  -12.629 0.2857142985
74316  -31.586  -9.916  -12.923 0.2857142985
78453  -33.992  -5.959  -13.716 0.2857142985
79548  -35.581  -4.865  -15.730 0.2857142985
79547  -34.899  -4.668  -15.763 0.2857142985
77374  -33.474  -5.928  -14.395 0.2857142985
79558  -35.972  -4.644  -16.840 0.2857142985
142676  -31.299  -11.497  -11.117 0.1428571492
76343  -33.125  -7.670  -12.028 0.2857142985
73234  -31.460  -10.841  -11.721 0.2857142985
76358  -32.701  -7.571  -12.905 0.2857142985
74317  -32.011  -9.080  -12.169 0.2857142985
72166  -31.229  -11.751  -13.155 0.2857142985
76376  -33.065  -6.968  -13.322 0.2857142985
65753  -28.800  -17.782  -7.129 0.2857142985
67939  -29.832  -15.332  -8.493 0.1428571492
66896  -29.197  -16.023  -8.556 0.2857142985
155766  -30.450  -14.078  -9.202 0.1428571492
61716  -28.110  -20.991  -5.058 0.2857142985
61695  -27.582  -21.698  -4.597 0.2857142985
145214  -26.634  -21.596  -4.939 0.2857142985
66884  -29.596  -16.428  -7.668 0.2857142985
62761  -29.001  -20.858  -4.945 0.1428571492
139807  -26.713  -22.207  -4.425 0.1428571492
74300  -32.368  -9.244  -11.276 0.2857142985
77343  -33.753  -6.501  -13.107 0.2857142985
78469  -34.162  -5.458  -14.396 0.2857142985
79570  -37.948  -4.248  -18.984 0.2857142985
79606  -36.122  -4.118  -20.285 0.4285714328
81747  -36.567  -2.962  -19.595 0.2857142985
83900  -34.510  -0.745  -18.645 0.2857142985
135600  -30.512  -2.251  -15.306 0.7142857313
83909  -34.566  -0.885  -19.529 0.4285714328
83890  -29.850  0.011  -17.544 0.5714285970
140449  -33.944  -0.951  -22.447 0.4285714328
87132  -31.988  1.702  -23.117 0.4285714328
88020  -31.993  3.095  -22.657 0.2857142985
88947  -31.465  4.461  -22.272 0.2857142985
88029  -30.539  3.547  -24.042 0.5714285970
94888  -27.064  11.187  -17.482 0.7142857313
140349  -27.167  3.127  -23.500 0.7142857313
92861  -26.731  8.774  -19.741 0.8571428657
144819  -25.490  14.738  -18.100 0.4285714328
97764  -25.881  14.045  -18.039 0.5714285970
96818  -26.146  12.864  -19.278 0.7142857313
89906  -29.419  5.018  -24.177 0.2857142985
92871  -26.379  8.399  -20.455 0.8571428657
95876  -25.993  11.959  -19.790 0.8571428657
90891  -24.910  6.008  -22.946 0.5714285970
101519  -23.259  17.334  -21.122 0.2857142985
95893  -23.607  11.520  -21.910 0.4285714328
105973  -19.486  22.623  -18.613 0.1428571492
97800  -21.585  12.882  -23.186 0.1428571492
102461  -21.357  18.365  -22.260 0.2857142985
62784  -28.516  -20.356  -5.449 0.1428571492
62798  -25.547  -20.486  -6.569 0.2857142985
64716  -29.891  -18.395  -6.202 0.1428571492
67927  -29.861  -15.827  -7.948 0.1428571492
66883  -28.792  -16.720  -8.060 0.2857142985
70056  -30.383  -13.648  -10.543 0.1428571492
71088  -31.467  -12.221  -9.741 0.1428571492
73217  -31.805  -10.781  -10.669 0.1428571492
74329  -31.602  -10.192  -14.201 0.2857142985
77360  -33.318  -6.456  -13.830 0.2857142985
78486  -36.656  -5.196  -16.483 0.2857142985
76388  -32.411  -7.599  -14.865 0.2857142985
135341  -37.242  -4.632  -18.337 0.2857142985
147912  -30.368  -6.172  -14.257 0.5714285970
78468  -33.065  -5.981  -15.226 0.2857142985
79534  -34.199  -5.012  -15.168 0.2857142985
147781  -29.940  -4.208  -13.027 0.2857142985
159614  -35.259  -1.560  -18.247 0.2857142985
83891  -34.170  -0.251  -18.062 0.2857142985
81714  -30.543  -3.014  -16.166 0.7142857313
81729  -30.506  -2.882  -17.103 0.5714285970
82740  -29.979  -0.942  -13.581 0.4285714328
82754  -30.404  -1.371  -14.864 0.5714285970
83908  -34.058  -0.210  -18.952 0.4285714328
87047  -28.636  1.923  -13.659 0.2857142985
84957  -29.712  0.665  -14.219 0.5714285970
83919  -34.064  -0.219  -20.046 0.2857142985
155445  -34.817  -2.074  -21.910 0.4285714328
133754  -30.229  -0.714  -17.179 0.7142857313
87071  -29.225  2.244  -15.068 0.2857142985
86103  -33.163  1.061  -19.576 0.1428571492
87109  -32.439  2.432  -20.388 0.4285714328
86119  -32.629  1.646  -22.122 0.4285714328
88005  -32.183  3.085  -20.784 0.1428571492
88940  -27.575  4.174  -20.675 0.8571428657
88004  -31.897  3.737  -21.084 0.1428571492
87129  -29.851  2.859  -23.857 0.5714285970
134478  -30.243  5.126  -23.630 0.2857142985
88035  -27.863  3.812  -24.380 0.5714285970
88958  -25.857  4.083  -23.800 0.7142857313
93903  -26.257  9.234  -20.299 0.8571428657
90901  -27.762  6.611  -24.149 0.2857142985
91896  -26.825  6.700  -24.572 0.1428571492
102426  -17.920  18.858  -18.106 0.2857142985
88966  -25.435  4.700  -24.179 0.4285714328
90909  -27.089  5.886  -24.661 0.4285714328
90907  -25.250  6.170  -25.014 0.1428571492
93915  -24.544  9.534  -21.822 0.5714285970
90906  -24.384  6.197  -24.605 0.1428571492
91876  -24.038  7.077  -23.150 0.1428571492
92887  -23.091  8.122  -23.206 0.1428571492
105159  -17.999  21.362  -17.916 0.1428571492
94929  -24.381  10.374  -21.685 0.5714285970
91884  -22.632  6.925  -24.005 0.1428571492
94944  -22.911  10.000  -22.625 0.1428571492
97811  -22.501  14.651  -22.662 0.2857142985
97801  -22.399  12.927  -22.652 0.2857142985
95904  -22.886  10.896  -22.439 0.2857142985
94943  -21.952  10.108  -23.030 0.1428571492
94942  -20.938  10.258  -23.384 0.1428571492
95912  -20.395  10.987  -23.464 0.1428571492
99680  -21.328  15.405  -23.447 0.2857142985
99694  -19.632  15.044  -24.078 0.2857142985
98758  -19.863  14.324  -23.916 0.1428571492
97809  -20.144  13.563  -23.711 0.1428571492
64702  -30.154  -18.995  -5.711 0.1428571492
70028  -31.056  -13.711  -8.737 0.1428571492
80648  -38.121  -4.119  -18.614 0.2857142985
89891  -31.078  5.074  -22.492 0.2857142985
96851  -19.391  11.947  -24.256 0.1428571492
99693  -18.358  14.968  -24.486 0.2857142985
62781  -25.877  -20.960  -5.921 0.2857142985
62783  -27.628  -20.500  -5.613 0.2857142985
63748  -28.820  -19.626  -5.853 0.1428571492
63760  -29.406  -18.981  -6.009 0.1428571492
65754  -29.607  -17.719  -6.704 0.1428571492
65766  -29.237  -17.116  -7.314 0.1428571492
70069  -30.396  -14.067  -11.795 0.1428571492
72175  -31.109  -12.901  -14.187 0.2857142985
146426  -31.374  -11.387  -15.234 0.4285714328
73250  -31.430  -11.001  -13.782 0.2857142985
72165  -31.009  -12.780  -12.994 0.1428571492
75363  -31.786  -9.386  -14.545 0.2857142985
79556  -33.906  -4.675  -16.963 0.4285714328
80647  -30.483  -3.945  -16.988 0.5714285970
78483  -30.425  -5.580  -16.001 0.4285714328
85022  -33.462  0.412  -21.750 0.4285714328
141870  -30.427  -3.588  -17.959 0.7142857313
83907  -29.779  -1.126  -19.591 0.7142857313
87119  -27.686  2.700  -23.192 0.7142857313
87097  -29.002  2.089  -18.252 0.8571428657
85004  -29.234  0.275  -20.324 0.8571428657
86093  -29.183  1.211  -18.584 0.8571428657
88002  -27.624  3.384  -20.953 0.8571428657
88928  -28.015  4.991  -18.984 0.8571428657
99660  -24.716  15.353  -20.635 0.5714285970
101502  -23.545  17.389  -19.749 0.2857142985
100574  -23.751  16.262  -21.473 0.2857142985
86140  -31.546  1.502  -23.215 0.4285714328
68975  -29.936  -14.699  -9.163 0.1428571492
73249  -29.416  -11.083  -13.642 0.5714285970
154605  -32.793  -7.013  -14.074 0.2857142985
80691  -35.888  -3.423  -20.886 0.4285714328
86087  -29.323  1.442  -17.642 0.5714285970
91861  -26.533  7.563  -20.603 0.8571428657
94921  -26.160  10.098  -20.137 0.8571428657
102428  -19.296  18.290  -19.079 0.2857142985
102441  -22.898  17.838  -20.197 0.2857142985
102438  -19.780  18.960  -19.531 0.2857142985
102427  -18.299  18.634  -18.670 0.2857142985
82813  -30.055  -1.687  -18.979 0.8571428657
104341  -18.127  20.574  -19.869 0.2857142985
105190  -17.536  22.150  -21.052 0.1428571492
104348  -17.810  21.591  -19.715 0.2857142985
157810  -18.049  20.000  -19.409 0.2857142985
103415  -19.762  19.906  -21.118 0.2857142985
139436  -17.797  21.169  -18.646 0.1428571492
103404  -17.755  20.358  -18.995 0.1428571492
103416  -20.690  19.280  -20.654 0.2857142985
101526  -21.629  17.620  -22.666 0.2857142985
101527  -22.517  17.047  -22.299 0.2857142985
105172  -18.642  22.069  -18.004 0.1428571492
99681  -22.134  15.404  -22.937 0.2857142985
99668  -22.818  15.503  -22.468 0.2857142985
102450  -22.198  18.330  -20.661 0.2857142985
102455  -22.002  18.235  -21.491 0.2857142985
97802  -23.064  13.785  -22.279 0.2857142985
97810  -21.218  13.700  -23.386 0.1428571492
146817  -20.535  12.765  -23.511 0.1428571492
101518  -22.692  17.518  -21.595 0.2857142985
96852  -19.913  11.740  -23.647 0.1428571492
96843  -21.892  12.116  -22.993 0.1428571492
97808  -19.573  12.700  -23.911 0.1428571492
98759  -20.858  14.463  -23.586 0.1428571492
155701  -24.274  13.122  -21.413 0.5714285970
97793  -23.552  13.003  -21.854 0.4285714328
93938  -21.435  8.314  -23.926 0.1428571492
93928  -23.908  8.926  -22.465 0.1428571492
96844  -22.621  12.183  -22.496 0.2857142985
95903  -22.103  11.239  -22.827 0.2857142985
96835  -23.944  12.345  -21.620 0.4285714328
95894  -24.414  11.719  -21.416 0.5714285970
148140  -25.525  12.091  -20.393 0.7142857313
92876  -24.684  8.675  -22.042 0.4285714328
91877  -24.861  6.897  -22.640 0.5714285970
92877  -25.354  8.357  -21.599 0.7142857313
93916  -25.226  9.202  -21.415 0.7142857313
94920  -25.580  10.537  -20.663 0.7142857313
89896  -24.939  5.149  -23.925 0.5714285970
88967  -26.090  4.368  -24.438 0.4285714328
91869  -26.121  7.122  -21.367 0.8571428657
86078  -29.430  1.545  -16.649 0.5714285970
87984  -28.639  3.805  -16.890 0.4285714328
87070  -28.925  2.994  -15.521 0.4285714328
88945  -26.633  4.464  -22.007 0.8571428657
88959  -26.419  3.838  -24.150 0.4285714328
88969  -27.906  4.437  -24.546 0.5714285970
90892  -25.598  5.847  -22.504 0.8571428657
88017  -26.522  3.541  -23.375 0.7142857313
80615  -30.475  -3.747  -14.505 0.5714285970
81698  -30.429  -2.750  -14.417 0.4285714328
138574  -30.519  -2.134  -16.390 0.7142857313
159985  -30.360  -1.326  -17.278 0.7142857313
83858  -30.215  -0.712  -14.394 0.4285714328
83869  -30.322  -0.650  -15.299 0.5714285970
84979  -29.812  0.819  -16.170 0.5714285970
83857  -29.889  -0.151  -13.860 0.4285714328
83845  -29.485  -0.499  -13.099 0.2857142985
83898  -29.673  -0.116  -18.367 0.8571428657
87128  -28.686  2.820  -23.746 0.5714285970
88027  -27.814  3.172  -23.975 0.7142857313
78467  -30.425  -5.628  -14.938 0.5714285970
78452  -30.385  -5.377  -13.940 0.5714285970
156063  -32.273  1.862  -22.815 0.4285714328
88011  -31.821  3.785  -22.024 0.2857142985
79587  -36.484  -4.227  -19.621 0.2857142985
81758  -36.309  -3.248  -20.264 0.4285714328
83936  -34.480  -1.287  -21.839 0.4285714328
160024  -33.558  0.474  -20.065 0.4285714328
86120  -33.034  1.101  -21.628 0.4285714328
82831  -35.200  -1.681  -20.179 0.4285714328
75349  -31.845  -9.170  -13.292 0.2857142985
76375  -32.467  -7.628  -13.906 0.2857142985
79569  -36.715  -4.412  -18.806 0.2857142985
81748  -37.126  -3.265  -19.070 0.2857142985
71087  -30.824  -12.892  -10.015 0.1428571492
157730  -30.992  -12.459  -10.306 0.1428571492
150141  -31.737  -9.885  -11.884 0.2857142985
78470  -34.971  -5.117  -14.806 0.2857142985
75350  -32.384  -8.331  -12.528 0.2857142985
76359  -33.458  -7.048  -12.547 0.2857142985
61696  -28.605  -21.492  -4.545 0.1428571492
62762  -29.793  -20.703  -4.813 0.1428571492
87114  -32.418  2.424  -21.383 0.2857142985
105160  -18.689  21.264  -17.300 0.1428571492
62785  -29.341  -20.220  -5.303 0.1428571492
155026  -30.496  -18.453  -5.880 0.1428571492
104323  -18.123  20.737  -17.216 0.1428571492
95843  -26.458  11.744  -16.339 0.5714285970
93833  -26.917  9.937  -15.887 0.4285714328
94857  -26.487  10.294  -15.573 0.4285714328
95844  -26.939  11.267  -16.770 0.5714285970
92802  -27.157  9.129  -15.909 0.4285714328
94889  -27.248  10.577  -16.946 0.5714285970
95869  -26.780  11.812  -18.058 0.4285714328
90835  -27.662  6.658  -16.364 0.4285714328
134672  -27.533  8.177  -17.172 0.4285714328
91809  -26.851  7.903  -15.010 0.4285714328
134051  -27.409  8.263  -16.281 0.5714285970
154183  -27.390  9.090  -17.697 0.5714285970
93864  -27.382  9.758  -17.297 0.5714285970
89855  -28.279  5.158  -17.247 0.5714285970
81730  -36.122  -2.306  -16.573 0.1428571492
82800  -35.392  -1.646  -17.662 0.1428571492
82783  -34.837  -1.047  -16.937 0.1428571492
69013  -27.370  -14.427  -11.098 0.2857142985
80655  -37.830  -3.983  -19.167 0.1428571492
81685  -35.801  -2.653  -13.807 0.1428571492
81716  -36.652  -2.899  -15.501 0.1428571492
82742  -35.238  -1.996  -13.961 0.1428571492
81715  -35.991  -2.336  -15.602 0.1428571492
141215  -34.724  -1.520  -13.339 0.1428571492
69000  -27.035  -14.945  -10.695 0.2857142985
78496  -38.568  -5.046  -17.928 0.1428571492
80633  -38.236  -3.979  -16.445 0.1428571492
79571  -38.206  -4.593  -18.520 0.1428571492
80632  -37.284  -3.443  -15.383 0.1428571492
80596  -35.885  -3.128  -13.003 0.1428571492
80616  -36.973  -3.567  -14.364 0.1428571492
82682  -34.566  -1.235  -9.527 0.1428571492
81649  -35.075  -2.642  -11.221 0.1428571492
82705  -34.496  -1.531  -10.433 0.1428571492
67959  -26.737  -15.616  -10.351 0.2857142985
67958  -25.742  -15.294  -10.092 0.2857142985
77362  -35.350  -6.158  -13.458 0.1428571492
77375  -36.922  -6.539  -15.048 0.1428571492
78472  -36.862  -5.844  -15.789 0.1428571492
78454  -34.732  -5.688  -13.889 0.1428571492
78487  -38.085  -5.655  -17.219 0.1428571492
79536  -38.927  -4.994  -15.493 0.1428571492
77398  -39.043  -5.711  -17.163 0.1428571492
80598  -37.415  -4.104  -14.027 0.1428571492
79550  -39.194  -5.056  -16.672 0.1428571492
80578  -36.395  -3.788  -12.624 0.1428571492
80541  -35.398  -3.336  -10.657 0.1428571492
81604  -35.032  -2.590  -9.295 0.1428571492
66905  -26.990  -16.604  -10.121 0.2857142985
147040  -25.328  -16.552  -9.326 0.2857142985
65782  -24.914  -16.943  -8.929 0.2857142985
76360  -33.925  -7.246  -11.830 0.1428571492
77346  -35.784  -6.772  -12.945 0.1428571492
77363  -36.266  -6.537  -13.901 0.1428571492
78488  -39.324  -5.454  -16.040 0.1428571492
77386  -37.747  -6.442  -16.237 0.1428571492
78457  -38.157  -5.306  -13.284 0.1428571492
79495  -36.470  -4.527  -11.389 0.1428571492
79509  -37.483  -4.850  -12.731 0.1428571492
82664  -35.411  -1.220  -8.143 0.1428571492
81586  -34.893  -1.777  -8.838 0.1428571492
75333  -32.771  -8.441  -11.579 0.1428571492
77330  -34.682  -7.045  -11.869 0.1428571492
75318  -34.302  -8.329  -10.630 0.1428571492
156840  -37.079  -7.938  -13.483 0.1428571492
76346  -35.863  -7.724  -11.769 0.1428571492
76390  -39.754  -7.633  -15.573 0.1428571492
152312  -37.120  -7.268  -14.411 0.1428571492
77378  -39.699  -6.823  -15.092 0.1428571492
76399  -38.493  -7.662  -16.160 0.1428571492
78458  -38.814  -5.848  -13.901 0.1428571492
79468  -35.659  -3.970  -10.117 0.1428571492
79496  -37.137  -5.031  -11.864 0.1428571492
80506  -35.375  -3.173  -8.626 0.1428571492
148299  -35.519  -3.847  -9.266 0.1428571492
74284  -33.878  -9.107  -10.144 0.1428571492
74283  -32.010  -10.014  -11.010 0.1428571492
74318  -36.812  -8.923  -11.996 0.1428571492
75335  -36.218  -8.322  -11.574 0.1428571492
76334  -34.937  -7.908  -10.832 0.1428571492
75365  -37.645  -8.589  -14.459 0.1428571492
144244  -36.563  -8.139  -12.361 0.1428571492
76345  -35.162  -7.534  -11.388 0.1428571492
76379  -39.802  -7.486  -14.294 0.1428571492
75385  -39.400  -8.549  -15.939 0.1428571492
76363  -39.375  -7.186  -13.291 0.1428571492
77347  -38.107  -6.195  -12.097 0.1428571492
76378  -39.307  -6.603  -13.877 0.1428571492
79486  -36.167  -4.628  -10.491 0.1428571492
78437  -38.421  -5.940  -12.935 0.1428571492
74302  -37.190  -9.845  -12.292 0.1428571492
75321  -36.212  -8.842  -11.032 0.1428571492
74286  -35.528  -8.960  -10.326 0.1428571492
148415  -37.850  -9.929  -14.858 0.1428571492
73251  -37.524  -10.104  -13.639 0.1428571492
75375  -39.955  -8.950  -15.227 0.1428571492
75374  -38.894  -9.326  -16.133 0.1428571492
78422  -37.458  -5.712  -11.522 0.1428571492
76364  -39.127  -7.549  -12.446 0.1428571492
74330  -37.580  -9.206  -13.939 0.1428571492
148478  -36.488  -7.178  -13.422 0.1428571492
75373  -38.302  -8.487  -15.705 0.1428571492
77400  -39.376  -6.520  -16.380 0.1428571492
78471  -35.933  -5.392  -15.193 0.1428571492
81573  -35.602  -2.555  -7.765 0.1428571492
83766  -35.654  -0.268  -8.246 0.1428571492
80521  -35.296  -3.293  -9.713 0.1428571492
80597  -36.663  -3.680  -13.479 0.1428571492
80560  -35.592  -3.337  -11.503 0.1428571492
81742  -37.527  -3.395  -18.353 0.1428571492
82769  -35.394  -1.734  -15.782 0.1428571492
65783  -25.821  -17.273  -9.202 0.2857142985
77322  -37.134  -5.922  -10.622 0.1428571492
79469  -35.866  -4.635  -9.384 0.1428571492
82649  -35.852  -1.714  -7.620 0.1428571492
83767  -36.589  -0.130  -8.022 0.1428571492
89840  -27.959  5.947  -16.877 0.4285714328
83765  -34.925  -0.022  -8.768 0.1428571492
81628  -35.006  -2.711  -10.237 0.1428571492
141655  -34.562  -0.515  -9.290 0.1428571492
82719  -34.470  -1.449  -11.934 0.1428571492
83805  -34.268  -0.643  -10.152 0.1428571492
82768  -34.877  -1.120  -16.028 0.1428571492
83892  -34.349  -0.343  -17.189 0.1428571492
156815  -25.997  13.294  -17.056 0.4285714328
99692  -17.403  15.181  -24.960 0.1428571492
96805  -26.503  12.619  -17.691 0.4285714328
151905  -26.609  -17.147  -9.590 0.2857142985
100592  -19.499  15.923  -24.223 0.1428571492
77361  -34.486  -6.222  -13.153 0.1428571492
75334  -33.636  -7.941  -11.289 0.1428571492
147795  -32.650  -9.516  -10.675 0.1428571492
77344  -34.217  -6.697  -12.444 0.1428571492
79559  -37.736  -5.095  -17.994 0.1428571492
84999  -33.685  0.407  -18.333 0.1428571492
85005  -33.607  0.429  -19.247 0.1428571492
149446  -37.730  -3.473  -17.615 0.1428571492
81731  -36.845  -2.854  -16.491 0.1428571492
82784  -35.451  -1.703  -16.743 0.1428571492
82755  -35.320  -1.815  -14.864 0.1428571492
154471  -36.339  -3.203  -13.827 0.1428571492
80641  -37.581  -3.426  -16.540 0.1428571492
82732  -35.217  -2.266  -12.969 0.1428571492
150204  -34.840  -1.212  -15.136 0.1428571492
83847  -34.263  -0.703  -13.629 0.1428571492
148336  -34.710  -1.694  -12.589 0.1428571492
79549  -38.879  -4.772  -17.335 0.1428571492
80642  -38.376  -4.283  -17.854 0.1428571492
80617  -37.767  -4.001  -15.110 0.1428571492
81669  -35.404  -2.803  -12.146 0.1428571492
80561  -36.169  -3.883  -11.805 0.1428571492
81648  -34.631  -1.873  -11.249 0.1428571492
77345  -34.982  -6.541  -12.556 0.1428571492
157706  -35.827  -6.090  -13.998 0.1428571492
78497  -39.243  -5.721  -16.723 0.1428571492
79535  -38.187  -4.534  -14.711 0.1428571492
77399  -39.111  -6.324  -16.767 0.1428571492
79508  -37.081  -4.259  -13.110 0.1428571492
79522  -37.808  -4.690  -13.657 0.1428571492
77376  -37.673  -7.119  -15.621 0.1428571492
78474  -39.164  -5.593  -15.049 0.1428571492
78475  -39.511  -6.164  -15.787 0.1428571492
78436  -37.785  -5.510  -12.395 0.1428571492
78421  -36.786  -5.210  -10.987 0.1428571492
75317  -33.229  -8.796  -10.750 0.1428571492
75319  -35.040  -8.375  -10.471 0.1428571492
143705  -37.181  -8.650  -12.981 0.1428571492
75320  -35.556  -8.206  -11.011 0.1428571492
76400  -39.005  -7.600  -16.453 0.1428571492
75384  -38.969  -8.280  -16.309 0.1428571492
76389  -37.774  -7.722  -15.341 0.1428571492
74319  -37.317  -9.323  -12.896 0.1428571492
137291  -39.670  -7.760  -13.312 0.1428571492
77348  -38.781  -6.668  -12.805 0.1428571492
77331  -37.734  -6.449  -11.215 0.1428571492
74342  -38.133  -9.344  -15.383 0.1428571492
60542  -24.505  -22.564  -4.438 0.1428571492
61694  -25.967  -21.987  -4.725 0.1428571492
61691  -23.629  -21.643  -4.811 0.1428571492
61693  -25.329  -21.847  -4.986 0.1428571492
61714  -25.880  -21.501  -5.272 0.1428571492
61713  -25.042  -21.409  -5.593 0.1428571492
61730  -25.145  -20.915  -6.205 0.1428571492
62808  -25.229  -20.014  -7.088 0.1428571492
63757  -24.451  -19.800  -6.926 0.1428571492
141150  -24.480  -18.573  -7.832 0.1428571492
63766  -25.670  -19.539  -7.591 0.1428571492
64734  -25.708  -18.502  -8.468 0.1428571492
63756  -23.660  -19.477  -6.670 0.1428571492
64722  -23.754  -18.422  -7.482 0.1428571492
64723  -25.046  -18.383  -8.280 0.1428571492
64733  -25.197  -17.780  -8.654 0.1428571492
65772  -23.666  -16.935  -8.287 0.1428571492
66893  -23.486  -16.149  -8.607 0.1428571492
67946  -24.358  -15.485  -9.519 0.1428571492
66903  -24.651  -16.242  -9.239 0.1428571492
67957  -24.937  -15.101  -9.986 0.2857142985
68999  -26.086  -14.735  -10.416 0.1428571492
70055  -26.415  -14.079  -10.715 0.1428571492
70067  -27.612  -13.819  -11.432 0.1428571492
147039  -25.337  -14.707  -10.288 0.2857142985
71116  -28.256  -12.499  -11.937 0.2857142985
136707  -29.295  -8.194  -12.296 0.4285714328
76374  -30.101  -7.597  -14.336 0.4285714328
77359  -30.186  -6.764  -13.733 0.4285714328
88913  -28.413  4.574  -16.435 0.2857142985
89812  -27.869  5.404  -14.962 0.2857142985
89841  -28.179  5.348  -16.438 0.2857142985
93810  -25.555  9.059  -14.603 0.2857142985
93831  -25.478  9.842  -14.804 0.2857142985
145839  -26.258  11.053  -15.708 0.2857142985
133384  -25.528  11.117  -15.409 0.4285714328
67947  -25.308  -15.851  -9.653 0.1428571492
68998  -24.713  -14.415  -10.250 0.1428571492
70054  -25.378  -13.978  -10.568 0.2857142985
71115  -27.852  -13.136  -11.697 0.1428571492
62780  -24.491  -20.862  -6.011 0.1428571492
63764  -24.058  -19.091  -7.270 0.1428571492
65763  -23.127  -17.188  -7.737 0.1428571492
66902  -24.031  -16.007  -9.080 0.1428571492
67945  -23.639  -15.481  -9.075 0.1428571492
68986  -24.329  -14.809  -9.894 0.1428571492
70064  -24.971  -13.174  -10.817 0.2857142985
71114  -26.818  -12.828  -11.228 0.2857142985
70065  -25.842  -13.154  -10.937 0.2857142985
147954  -27.394  -12.170  -11.466 0.2857142985
72163  -28.616  -11.842  -12.250 0.2857142985
74315  -29.239  -10.099  -12.713 0.4285714328
146900  -28.990  -9.414  -12.080 0.4285714328
75346  -27.785  -8.252  -11.677 0.2857142985
87966  -28.539  3.653  -14.845 0.2857142985
88894  -28.165  4.386  -14.537 0.2857142985
89828  -28.195  5.096  -15.710 0.2857142985
138630  -27.257  5.311  -14.067 0.2857142985
89826  -27.408  6.042  -14.832 0.2857142985
91810  -27.359  7.448  -15.701 0.2857142985
92788  -26.102  8.405  -14.628 0.2857142985
91796  -24.751  7.767  -14.386 0.2857142985
93811  -26.165  9.293  -14.851 0.2857142985
154158  -27.858  4.912  -14.447 0.2857142985
87955  -28.008  3.802  -13.916 0.2857142985
147032  -26.711  6.092  -14.158 0.2857142985
90804  -26.309  6.711  -14.233 0.2857142985
90819  -27.469  6.580  -15.478 0.2857142985
146103  -27.037  6.925  -14.746 0.2857142985
90803  -25.470  6.944  -14.160 0.2857142985
145102  -27.150  8.315  -15.585 0.2857142985
88891  -25.622  4.710  -13.691 0.2857142985
89810  -25.224  5.338  -13.857 0.2857142985
89811  -25.801  6.117  -13.917 0.2857142985
75348  -29.416  -9.093  -12.734 0.4285714328
146610  -29.675  -8.271  -13.068 0.4285714328
64724  -25.319  -18.966  -8.025 0.1428571492
65774  -25.992  -18.022  -8.873 0.1428571492
73248  -29.000  -11.082  -12.631 0.4285714328
92801  -26.724  8.781  -15.189 0.2857142985
91798  -26.282  7.453  -14.480 0.2857142985
70066  -26.820  -13.593  -11.008 0.1428571492
66894  -24.165  -16.601  -8.784 0.1428571492
65773  -24.376  -17.328  -8.478 0.1428571492
61692  -24.531  -21.945  -4.892 0.1428571492
62779  -23.698  -20.614  -5.754 0.1428571492
62796  -24.062  -20.232  -6.371 0.1428571492
63765  -24.859  -19.387  -7.507 0.1428571492
65764  -23.860  -17.764  -7.922 0.1428571492
64721  -23.167  -17.958  -7.347 0.1428571492
70053  -24.488  -13.626  -10.497 0.2857142985
75347  -28.860  -8.640  -11.919 0.4285714328
92787  -25.151  8.434  -14.456 0.2857142985
73233  -28.390  -10.796  -11.825 0.4285714328
89825  -24.256  5.157  -14.156 0.2857142985
77342  -29.086  -6.424  -12.170 0.2857142985
77358  -29.772  -6.570  -12.825 0.2857142985
79520  -30.184  -4.784  -13.408 0.2857142985
102470  -18.955  20.078  -23.537 0.1428571492
149177  -17.882  19.931  -24.369 0.1428571492
102486  -19.301  19.272  -23.489 0.1428571492
101541  -19.466  17.910  -24.064 0.1428571492
154610  -19.337  16.866  -24.323 0.1428571492
103442  -19.440  20.205  -23.265 0.1428571492
101533  -20.188  17.969  -23.544 0.1428571492
102453  -20.230  19.484  -21.934 0.1428571492
106003  -17.903  23.038  -21.974 0.1428571492
78435  -29.458  -5.690  -12.548 0.2857142985
79507  -29.697  -4.848  -12.794 0.2857142985
100591  -18.254  16.047  -24.573 0.1428571492
103453  -16.796  19.967  -24.829 0.1428571492
101540  -18.342  17.590  -24.535 0.1428571492
100584  -21.230  16.380  -23.456 0.1428571492
100583  -20.295  16.873  -23.860 0.1428571492
103431  -19.485  20.115  -22.571 0.1428571492
104355  -18.485  21.453  -22.046 0.1428571492
103420  -19.539  20.237  -22.095 0.1428571492
153624  -18.344  21.237  -21.572 0.1428571492
105999  -17.517  22.798  -21.285 0.1428571492
104350  -19.004  20.702  -21.782 0.1428571492
102472  -20.509  18.556  -22.975 0.1428571492
76373  -29.923  -7.501  -13.382 0.2857142985
152286  -18.579  19.957  -23.781 0.1428571492
104377  -19.698  20.361  -22.809 0.1428571492
102485  -18.513  19.162  -24.030 0.1428571492
102471  -19.512  19.842  -22.995 0.1428571492
104356  -20.167  21.070  -22.286 0.1428571492
102460  -20.262  19.214  -22.414 0.1428571492
102484  -17.476  19.098  -24.506 0.1428571492
87953  -26.249  3.615  -13.517 0.1428571492
88893  -27.547  4.472  -13.908 0.1428571492
88892  -26.519  4.460  -13.614 0.1428571492
89809  -24.602  6.125  -14.121 0.1428571492
89839  -21.922  4.872  -16.378 0.1428571492
89822  -22.065  5.660  -15.802 0.1428571492
158757  -28.405  3.226  -14.026 0.1428571492
146352  -23.558  5.967  -14.432 0.1428571492
90817  -21.627  6.989  -16.179 0.1428571492
92800  -22.723  8.265  -14.903 0.1428571492
92799  -22.016  8.448  -15.743 0.2857142985
81684  -30.081  -1.700  -13.550 0.2857142985
82731  -29.072  -1.981  -12.674 0.1428571492
86043  -27.113  1.444  -13.117 0.1428571492
87046  -27.915  2.121  -13.419 0.1428571492
87057  -26.507  2.874  -13.444 0.1428571492
89897  -28.938  5.696  -23.936 0.1428571492
87952  -25.365  3.842  -13.642 0.1428571492
91795  -23.949  7.553  -14.453 0.1428571492
93830  -24.407  10.139  -14.887 0.1428571492
93829  -23.453  9.757  -15.080 0.1428571492
94853  -22.629  9.977  -15.685 0.2857142985
95827  -23.668  11.638  -15.616 0.2857142985
98694  -21.681  14.061  -16.935 0.2857142985
97742  -20.263  13.128  -16.728 0.2857142985
99627  -20.544  15.252  -17.724 0.2857142985
103387  -17.760  19.527  -17.708 0.1428571492
101440  -19.494  16.812  -14.626 0.1428571492
95828  -25.184  11.668  -15.505 0.2857142985
94854  -23.429  10.667  -15.444 0.2857142985
157485  -24.641  12.570  -15.779 0.2857142985
98697  -24.856  14.839  -17.155 0.2857142985
97745  -23.692  13.720  -16.306 0.2857142985
96781  -22.094  12.653  -16.424 0.2857142985
99617  -23.256  15.086  -16.946 0.2857142985
97743  -21.271  13.263  -16.709 0.2857142985
99628  -22.689  15.622  -17.432 0.2857142985
141682  -19.305  15.879  -17.816 0.1428571492
133774  -19.649  13.684  -16.742 0.2857142985
103354  -20.033  19.221  -15.775 0.1428571492
96779  -19.907  12.460  -16.596 0.1428571492
95840  -20.145  11.700  -16.618 0.1428571492
93853  -21.801  9.344  -16.074 0.2857142985
99626  -19.652  15.280  -17.653 0.1428571492
98705  -19.297  14.771  -17.182 0.2857142985
99616  -18.698  15.502  -16.525 0.1428571492
98682  -18.785  14.837  -16.176 0.1428571492
91818  -21.061  7.214  -16.742 0.2857142985
96756  -18.597  12.906  -14.813 0.1428571492
99598  -19.592  16.221  -14.039 0.1428571492
98672  -18.734  14.935  -15.416 0.1428571492
89821  -19.169  4.952  -15.904 0.1428571492
90902  -28.613  6.438  -23.734 0.1428571492
89884  -31.225  5.154  -21.488 0.1428571492
86044  -28.219  1.388  -13.211 0.1428571492
86055  -26.234  1.936  -13.352 0.1428571492
90903  -29.345  6.211  -23.338 0.1428571492
87056  -25.469  2.391  -13.550 0.1428571492
87951  -24.046  3.452  -14.242 0.1428571492
87965  -23.298  3.650  -14.884 0.1428571492
88905  -23.705  4.336  -14.409 0.1428571492
89823  -22.524  4.973  -15.404 0.1428571492
90801  -23.771  6.751  -14.443 0.1428571492
90834  -21.170  6.430  -16.896 0.1428571492
92785  -23.435  8.089  -14.581 0.1428571492
138755  -20.971  7.901  -16.611 0.2857142985
153734  -22.502  10.635  -15.879 0.1428571492
95826  -22.721  11.306  -15.927 0.1428571492
96767  -22.906  12.133  -16.070 0.2857142985
97722  -18.750  13.742  -14.867 0.1428571492
97731  -18.953  13.212  -15.668 0.2857142985
98683  -18.869  14.186  -15.656 0.1428571492
99608  -18.684  15.503  -15.675 0.1428571492
100518  -18.890  16.386  -17.620 0.1428571492
100484  -19.080  16.220  -14.597 0.1428571492
100496  -18.977  16.783  -15.205 0.1428571492
89890  -30.573  5.506  -22.785 0.1428571492
89898  -29.611  5.608  -23.614 0.1428571492
90893  -29.690  6.579  -22.673 0.1428571492
99618  -24.133  15.113  -16.899 0.2857142985
156654  -18.568  17.066  -16.648 0.1428571492
101453  -18.961  17.471  -15.603 0.1428571492
98707  -21.068  14.628  -17.408 0.2857142985
100495  -18.652  16.210  -15.887 0.1428571492
103353  -19.099  19.183  -15.799 0.1428571492
96784  -25.831  12.487  -16.191 0.2857142985
84946  -28.629  0.646  -12.958 0.1428571492
83844  -28.114  -0.117  -12.605 0.1428571492
98698  -25.210  14.123  -16.849 0.2857142985
137886  -28.799  2.817  -14.564 0.1428571492
153669  -31.437  4.850  -20.755 0.1428571492
96783  -25.134  12.939  -16.023 0.2857142985
93809  -24.653  9.209  -14.602 0.1428571492
137851  -25.198  10.561  -15.075 0.1428571492
146782  -25.668  3.127  -13.553 0.1428571492
88890  -24.692  4.482  -13.928 0.1428571492
87069  -23.986  2.443  -14.553 0.1428571492
86066  -24.585  1.970  -14.005 0.1428571492
89824  -23.335  5.132  -14.584 0.1428571492
143998  -22.724  5.783  -14.906 0.1428571492
144415  -22.254  6.578  -15.306 0.1428571492
91808  -22.943  7.343  -14.651 0.1428571492
87045  -27.106  2.285  -13.348 0.1428571492
91806  -21.491  7.791  -16.217 0.1428571492
93808  -23.578  8.932  -14.717 0.1428571492
96768  -23.852  12.506  -15.822 0.2857142985
96770  -25.242  12.261  -15.740 0.2857142985
94855  -24.571  11.124  -15.298 0.2857142985
98693  -20.495  13.898  -17.077 0.2857142985
98708  -22.192  14.850  -17.174 0.2857142985
136933  -19.670  14.201  -17.084 0.2857142985
159641  -23.754  13.064  -16.056 0.2857142985
97746  -24.773  13.635  -16.327 0.2857142985
138616  -24.439  14.384  -16.624 0.2857142985
97744  -22.445  13.493  -16.527 0.2857142985
98696  -23.718  14.579  -16.628 0.2857142985
96780  -20.899  12.348  -16.572 0.1428571492
98695  -22.844  14.313  -16.721 0.2857142985
99625  -18.931  15.529  -17.278 0.1428571492
98692  -19.136  14.288  -16.592 0.2857142985
103375  -19.517  19.921  -16.089 0.1428571492
98691  -18.908  14.937  -16.811 0.2857142985
94873  -21.879  10.194  -16.216 0.1428571492
95842  -21.906  11.789  -16.327 0.2857142985
99596  -18.824  15.539  -14.885 0.1428571492
70051  -23.068  -13.143  -10.016 0.1428571492
71112  -24.989  -12.504  -11.159 0.1428571492
71113  -25.770  -12.242  -11.260 0.1428571492
71099  -22.828  -12.400  -10.277 0.1428571492
72143  -23.472  -11.325  -11.358 0.1428571492
72160  -23.860  -10.879  -11.834 0.1428571492
72145  -24.936  -11.694  -11.583 0.1428571492
148279  -24.181  -10.463  -12.236 0.1428571492
72162  -25.189  -10.922  -11.990 0.1428571492
72147  -26.868  -11.222  -11.497 0.1428571492
74312  -24.970  -9.589  -12.873 0.1428571492
74297  -26.759  -9.623  -11.748 0.1428571492
74299  -28.182  -10.091  -11.598 0.1428571492
75345  -26.794  -8.446  -11.958 0.1428571492
75331  -27.200  -9.055  -11.699 0.1428571492
74311  -24.177  -9.807  -12.697 0.1428571492
75344  -25.504  -8.960  -12.849 0.1428571492
77341  -27.917  -6.394  -12.094 0.1428571492
79506  -28.512  -4.204  -12.530 0.1428571492
80594  -29.770  -3.397  -12.946 0.1428571492
92821  -21.288  8.536  -16.342 0.1428571492
148870  -25.846  -11.451  -11.555 0.1428571492
72148  -28.002  -11.487  -11.609 0.1428571492
68984  -23.215  -14.063  -9.549 0.1428571492
71086  -22.349  -12.647  -9.727 0.1428571492
71111  -23.766  -12.015  -11.127 0.1428571492
97741  -19.538  13.129  -16.353 0.1428571492
76356  -28.750  -7.769  -11.866 0.1428571492
71101  -24.242  -12.738  -10.859 0.1428571492
70052  -23.756  -13.295  -10.373 0.1428571492
72146  -26.506  -11.966  -11.368 0.1428571492
73232  -27.692  -10.597  -11.532 0.1428571492
147223  -28.669  -7.020  -11.909 0.1428571492
71100  -23.434  -12.547  -10.589 0.1428571492
147620  -24.378  -12.097  -11.301 0.1428571492
72128  -22.317  -11.209  -10.560 0.1428571492
72144  -24.128  -11.536  -11.588 0.1428571492
72161  -24.494  -10.978  -11.942 0.1428571492
73246  -25.369  -10.187  -12.286 0.1428571492
73247  -26.099  -9.912  -11.989 0.1428571492
73230  -25.973  -10.666  -11.786 0.1428571492
74313  -26.255  -9.115  -12.133 0.1428571492
74326  -24.426  -9.102  -13.220 0.1428571492
73231  -26.812  -10.297  -11.633 0.1428571492
73243  -22.981  -9.946  -11.934 0.1428571492
70027  -22.006  -13.796  -8.785 0.1428571492
60543  -25.258  -22.435  -4.537 0.1428571492
62797  -24.827  -20.460  -6.583 0.1428571492
63758  -25.975  -20.012  -7.038 0.2857142985
63774  -26.087  -19.062  -8.139 0.1428571492
64713  -23.323  -18.714  -6.980 0.1428571492
64735  -27.084  -18.236  -8.605 0.2857142985
66904  -26.052  -16.523  -9.592 0.2857142985
67948  -26.174  -15.925  -9.904 0.2857142985
67960  -27.548  -16.166  -10.510 0.4285714328
67971  -29.308  -15.167  -12.046 0.5714285970
68985  -23.762  -14.826  -9.532 0.1428571492
69017  -30.063  -14.831  -12.433 0.4285714328
69027  -30.085  -14.797  -12.978 0.4285714328
70040  -30.645  -13.551  -9.577 0.1428571492
70077  -29.131  -14.315  -12.949 0.2857142985
71136  -30.803  -13.110  -14.540 0.7142857313
71147  -30.855  -12.533  -15.088 0.5714285970
72130  -31.127  -12.090  -10.637 0.1428571492
72183  -30.893  -11.913  -15.565 0.5714285970
73245  -24.721  -10.332  -12.371 0.1428571492
73268  -30.962  -11.282  -15.956 0.5714285970
73269  -31.194  -10.997  -15.960 0.5714285970
74285  -34.733  -8.910  -10.066 0.1428571492
74287  -36.186  -9.430  -10.547 0.1428571492
74298  -27.498  -9.807  -11.579 0.1428571492
74314  -28.716  -10.084  -11.970 0.4285714328
74327  -24.984  -8.816  -13.365 0.1428571492
74350  -31.451  -10.087  -16.227 0.5714285970
74358  -31.211  -9.895  -16.463 0.5714285970
75332  -28.220  -9.295  -11.643 0.1428571492
75360  -26.066  -8.328  -12.530 0.1428571492
76344  -34.470  -7.614  -11.249 0.1428571492
76357  -29.418  -7.376  -12.382 0.1428571492
76361  -35.433  -7.124  -12.129 0.1428571492
76362  -36.225  -7.429  -12.620 0.1428571492
76377  -37.567  -7.990  -14.632 0.1428571492
76387  -32.185  -8.381  -16.024 0.4285714328
76401  -39.288  -7.603  -16.237 0.1428571492
76408  -30.793  -8.439  -17.141 0.7142857313
76411  -39.176  -7.023  -16.451 0.1428571492
77377  -39.378  -6.178  -14.726 0.1428571492
77387  -38.681  -6.206  -16.898 0.1428571492
77388  -38.863  -6.984  -16.547 0.1428571492
77389  -39.625  -6.957  -15.971 0.1428571492
78455  -35.468  -5.694  -14.253 0.1428571492
78456  -36.200  -6.001  -14.611 0.1428571492
78473  -38.523  -5.138  -14.310 0.1428571492
78485  -33.462  -5.323  -15.599 0.2857142985
78495  -33.307  -5.281  -16.539 0.5714285970
78506  -33.178  -5.494  -17.608 0.5714285970
78521  -31.617  -6.040  -18.705 0.7142857313
78523  -32.955  -5.780  -18.607 0.7142857313
79485  -35.845  -3.967  -11.000 0.1428571492
79533  -30.498  -4.706  -15.221 0.5714285970
79557  -34.824  -4.510  -16.668 0.2857142985
79560  -39.024  -5.277  -17.387 0.1428571492
79568  -34.725  -4.488  -17.691 0.2857142985
79602  -30.786  -4.444  -19.437 0.7142857313
79607  -36.971  -3.993  -19.888 0.2857142985
79613  -33.704  -4.432  -20.498 0.5714285970
79614  -34.717  -4.071  -20.889 0.5714285970
80577  -35.857  -3.374  -12.198 0.1428571492
80595  -30.243  -3.955  -13.546 0.2857142985
80669  -31.767  -4.278  -20.333 0.7142857313
80671  -36.394  -3.878  -20.370 0.4285714328
80686  -30.791  -3.469  -20.354 0.8571428657
80701  -34.500  -2.478  -21.976 0.4285714328
81587  -35.223  -2.414  -8.529 0.1428571492
81627  -34.728  -2.028  -9.826 0.1428571492
81668  -34.892  -2.134  -12.022 0.1428571492
81699  -35.865  -2.434  -14.677 0.1428571492
81700  -36.453  -3.036  -14.567 0.1428571492
81757  -30.460  -2.815  -20.210 0.8571428657
81770  -31.896  -3.002  -21.252 0.7142857313
81772  -35.696  -2.600  -20.733 0.4285714328
81788  -33.691  -2.204  -22.250 0.7142857313
82782  -30.427  -1.351  -16.691 0.7142857313
82798  -30.208  -1.321  -17.958 0.7142857313
82799  -34.760  -1.002  -17.913 0.2857142985
82861  -32.798  -1.963  -22.234 0.7142857313
82878  -33.399  -0.764  -22.659 0.5714285970
83881  -30.323  -0.640  -16.223 0.7142857313
83906  -29.549  -0.491  -20.187 1.0000000000
83918  -30.253  -1.261  -21.283 0.8571428657
83920  -34.635  -1.065  -20.667 0.4285714328
83934  -31.635  -1.043  -22.277 0.8571428657
83935  -33.965  -0.406  -21.915 0.4285714328
83951  -32.887  -0.323  -22.814 0.5714285970
84968  -29.823  0.791  -15.207 0.5714285970
84969  -30.156  0.097  -15.725 0.5714285970
84998  -29.379  0.412  -18.879 0.8571428657
85019  -29.637  0.210  -21.625 0.8571428657
85030  -30.746  0.456  -22.544 0.8571428657
85040  -32.161  0.957  -22.975 0.4285714328
86045  -29.166  1.301  -13.659 0.2857142985
86056  -29.050  2.095  -14.186 0.2857142985
86101  -29.043  0.881  -19.578 0.8571428657
86111  -32.730  1.719  -20.997 0.4285714328
86118  -28.586  1.444  -21.868 0.8571428657
87055  -24.789  2.880  -13.823 0.1428571492
87058  -27.696  2.975  -13.583 0.1428571492
87059  -28.508  2.574  -13.857 0.1428571492
87113  -28.126  1.895  -21.585 0.8571428657
87123  -32.282  2.447  -22.355 0.4285714328
87954  -27.122  3.724  -13.576 0.2857142985
87975  -28.632  3.745  -15.972 0.4285714328
87995  -28.142  4.131  -19.256 1.0000000000
88010  -27.237  3.064  -21.831 0.7142857313
88012  -32.138  3.127  -21.723 0.2857142985
88026  -27.096  3.534  -24.102 0.4285714328
88028  -29.453  3.530  -24.230 0.4285714328
88030  -31.263  3.172  -23.690 0.4285714328
88906  -28.376  4.394  -15.444 0.2857142985
88941  -31.599  4.399  -21.343 0.1428571492
88946  -27.204  3.945  -21.465 0.8571428657
88954  -31.234  4.452  -23.128 0.2857142985
88961  -30.759  4.401  -23.783 0.2857142985
89813  -28.176  4.870  -15.021 0.2857142985
89827  -27.836  5.875  -15.840 0.2857142985
89872  -27.633  5.639  -19.499 0.8571428657
89883  -30.745  5.717  -21.939 0.2857142985
89887  -25.129  5.300  -23.227 0.8571428657
89889  -29.989  5.885  -23.056 0.1428571492
89902  -25.053  5.392  -24.452 0.2857142985
89903  -25.778  5.105  -24.771 0.4285714328
89904  -27.362  5.024  -24.702 0.2857142985
90802  -24.600  7.080  -14.309 0.2857142985
90818  -22.996  6.481  -14.632 0.1428571492
90869  -27.532  6.565  -19.169 1.0000000000
90890  -24.181  6.252  -23.538 0.2857142985
90900  -24.545  5.666  -23.732 0.5714285970
91797  -25.479  7.720  -14.376 0.2857142985
91807  -22.126  7.578  -15.442 0.1428571492
91830  -20.604  6.562  -17.059 0.2857142985
91831  -27.587  7.586  -17.691 0.7142857313
91875  -23.096  7.168  -23.571 0.1428571492
91885  -23.328  6.551  -23.882 0.1428571492
91889  -29.071  6.944  -23.097 0.1428571492
91894  -24.954  6.782  -25.048 0.1428571492
91895  -25.861  6.726  -24.974 0.1428571492
92786  -24.258  8.348  -14.497 0.1428571492
92822  -27.436  8.997  -16.885 0.5714285970
92849  -27.331  8.664  -18.327 0.8571428657
92870  -25.828  8.819  -20.956 0.7142857313
92900  -22.289  7.365  -23.894 0.1428571492
93828  -22.675  9.137  -15.331 0.2857142985
93832  -26.625  9.568  -15.398 0.2857142985
93854  -27.222  9.882  -16.478 0.5714285970
93876  -26.926  9.993  -18.738 1.0000000000
93926  -22.027  9.126  -23.332 0.1428571492
94856  -25.887  10.477  -15.251 0.1428571492
94874  -26.852  10.709  -16.213 0.4285714328
94930  -25.084  10.059  -21.281 0.7142857313
95829  -25.833  11.761  -15.754 0.2857142985
95856  -26.735  11.941  -17.141 0.4285714328
95886  -25.091  11.894  -20.939 0.5714285970
95902  -21.305  11.345  -23.211 0.1428571492
96769  -24.540  11.978  -15.563 0.2857142985
96782  -23.127  12.936  -16.170 0.2857142985
96829  -25.737  12.610  -20.028 0.7142857313
96845  -23.284  12.254  -22.078 0.4285714328
97732  -24.321  13.088  -16.005 0.2857142985
97747  -25.620  13.307  -16.632 0.2857142985
97755  -25.739  13.771  -17.269 0.4285714328
97756  -26.144  13.304  -17.512 0.5714285970
97786  -24.960  13.329  -20.845 0.5714285970
98706  -20.093  14.617  -17.439 0.2857142985
98709  -25.420  14.465  -17.535 0.4285714328
98725  -25.535  14.508  -19.510 0.8571428657
98750  -23.133  14.830  -22.281 0.2857142985
99587  -19.662  15.577  -13.515 0.1428571492
99597  -19.075  15.597  -14.142 0.1428571492
99629  -23.709  15.721  -17.322 0.5714285970
99647  -24.976  15.874  -19.121 0.7142857313
99648  -25.373  15.162  -19.105 0.7142857313
99659  -24.151  15.474  -21.356 0.5714285970
100483  -18.802  16.094  -15.159 0.1428571492
100506  -18.616  16.353  -16.848 0.1428571492
100566  -23.825  16.861  -20.837 0.5714285970
100585  -21.849  16.046  -23.136 0.2857142985
101511  -23.437  17.386  -20.497 0.2857142985
101512  -24.026  17.018  -20.046 0.2857142985
101535  -21.856  16.781  -22.968 0.2857142985
102419  -17.959  18.805  -17.330 0.1428571492
102437  -18.784  18.976  -19.240 0.2857142985
103421  -20.289  19.536  -21.389 0.1428571492
105183  -17.641  22.545  -20.147 0.1428571492
105971  -17.890  22.920  -19.534 0.1428571492
136356  -17.791  22.233  -22.111 0.1428571492
136739  -31.631  -11.486  -10.260 0.1428571492
139154  -20.504  15.026  -23.764 0.2857142985
139173  -24.573  -17.967  -8.249 0.1428571492
139395  -36.777  -4.406  -12.247 0.1428571492
140615  -34.882  -0.840  -8.725 0.1428571492
140800  -28.268  3.239  -19.492 1.0000000000
140997  -39.982  -8.223  -15.152 0.1428571492
141608  -28.398  4.612  -17.763 0.5714285970
142350  -26.231  5.364  -13.757 0.2857142985
142521  -38.653  -4.480  -16.017 0.1428571492
144808  -29.970  -0.587  -17.939 0.7142857313
145186  -35.426  -4.407  -18.683 0.2857142985
145951  -25.606  -9.570  -12.452 0.1428571492
146143  -30.331  -6.481  -15.949 0.5714285970
146967  -29.582  -1.383  -13.004 0.1428571492
147049  -28.913  -4.938  -12.422 0.2857142985
147213  -33.151  -9.466  -10.297 0.1428571492
147252  -35.344  -1.931  -8.133 0.1428571492
147381  -30.315  -2.227  -18.349 0.8571428657
147429  -29.384  -4.089  -12.673 0.1428571492
148109  -22.998  12.824  -22.269 0.2857142985
148382  -24.033  9.534  -14.744 0.1428571492
150180  -34.753  -2.190  -10.627 0.1428571492
150430  -28.799  3.208  -17.297 0.4285714328
151092  -39.384  -7.020  -16.278 0.1428571492
151407  -27.496  8.182  -17.894 0.7142857313
151507  -38.297  -6.922  -16.343 0.1428571492
152901  -30.235  -2.354  -13.736 0.4285714328
153521  -35.250  -4.279  -20.472 0.5714285970
153697  -19.199  13.680  -16.219 0.2857142985
153849  -17.837  14.384  -24.842 0.1428571492
154531  -31.459  -8.975  -17.059 0.5714285970
154854  -31.710  2.942  -23.283 0.4285714328
155419  -25.073  7.371  -14.288 0.2857142985
155488  -36.968  -2.874  -17.350 0.1428571492
156049  -23.949  5.583  -14.267 0.1428571492
156248  -26.471  -21.173  -5.451 0.2857142985
156646  -26.340  12.222  -19.185 0.8571428657
156768  -37.392  -8.578  -13.651 0.1428571492
156992  -29.186  1.269  -22.236 0.8571428657
157084  -38.840  -5.450  -17.407 0.1428571492
157152  -28.917  -0.080  -12.781 0.1428571492
157454  -28.535  3.474  -24.224 0.5714285970
157733  -29.170  -4.507  -12.534 0.1428571492
157957  -31.849  -7.120  -18.058 0.7142857313
158643  -30.265  -1.322  -14.107 0.2857142985
159494  -33.642  -5.473  -14.884 0.2857142985
159495  -26.164  9.914  -15.113 0.2857142985
159564  -38.801  -6.267  -13.352 0.1428571492
159705  -37.472  -3.983  -19.494 0.2857142985
