#!ascii label  , from subject sub-v1s5x0050739_ses-1 vox2ras=TkReg
1252
136443  31.904  -33.244  63.567 0.0000000000
144141  41.345  -12.623  45.456 0.0000000000
61613  32.584  -26.922  51.973 0.0000000000
49247  10.732  -38.445  67.363 0.0000000000
153974  24.992  -32.592  63.661 0.0000000000
148555  31.464  -20.039  51.504 0.0000000000
54804  16.491  -33.590  63.124 0.0000000000
49258  14.905  -38.403  66.280 0.0000000000
54802  21.198  -33.502  62.906 0.0000000000
149201  46.049  -13.410  44.628 0.0000000000
59159  27.945  -30.113  64.618 0.0000000000
160545  29.435  -28.314  61.738 0.0000000000
59172  31.608  -29.715  64.643 0.0000000000
137835  44.449  -9.692  43.211 0.0000000000
77591  47.832  -12.914  40.121 0.0000000000
77505  36.817  -11.766  47.961 0.0000000000
72350  39.808  -17.226  47.357 0.0000000000
147751  34.490  -16.988  48.388 0.0000000000
66023  36.047  -23.282  50.789 0.0000000000
153525  30.946  -36.717  66.150 0.0000000000
47051  8.376  -40.795  71.060 0.0000000000
48108  3.494  -39.208  72.708 0.0000000000
48049  -0.010  -39.283  76.560 0.0000000000
53771  29.151  -34.497  63.049 0.0000000000
149759  25.940  -37.195  64.521 0.0000000000
62628  27.886  -26.916  56.881 0.0000000000
59220  34.238  -28.721  59.148 0.0000000000
80759  51.511  -9.161  39.105 0.0000000000
76476  43.863  -13.622  45.143 0.0000000000
74486  44.249  -15.612  46.185 0.0000000000
56947  30.504  -31.119  63.914 0.0000000000
152794  29.675  -30.119  63.770 0.0000000000
56933  32.683  -31.384  63.973 0.0000000000
154613  41.779  -10.734  45.917 0.0000000000
80723  43.753  -9.379  45.858 0.0000000000
78639  42.887  -11.153  44.885 0.0000000000
77577  44.677  -11.786  42.961 0.0000000000
43876  0.653  -43.387  75.759 0.0000000000
75445  35.440  -14.626  47.489 0.0000000000
75421  33.407  -14.633  49.912 0.0000000000
66028  31.821  -23.772  50.643 0.0000000000
138795  33.265  -22.328  49.785 0.0000000000
63829  34.602  -25.238  50.923 0.0000000000
62660  35.745  -26.760  54.175 0.0000000000
48211  13.014  -39.164  66.607 0.0000000000
49219  14.709  -39.002  68.993 0.0000000000
47096  12.182  -40.124  68.527 0.0000000000
47048  11.469  -40.962  71.460 0.0000000000
48154  9.097  -39.915  69.090 0.0000000000
50276  4.958  -37.378  71.888 0.0000000000
49136  1.142  -38.215  74.647 0.0000000000
54782  27.313  -33.997  63.640 0.0000000000
51626  28.114  -36.174  62.421 0.0000000000
52742  25.657  -34.972  61.564 0.0000000000
146054  20.203  -33.812  64.891 0.0000000000
52690  22.370  -34.902  65.703 0.0000000000
158757  31.871  -27.330  62.371 0.0000000000
152110  31.817  -28.369  59.953 0.0000000000
73383  32.851  -16.702  52.628 0.0000000000
67119  31.883  -22.141  53.065 0.0000000000
142196  30.537  -25.277  52.546 0.0000000000
52718  18.000  -35.227  64.142 0.0000000000
51569  17.077  -36.600  66.557 0.0000000000
51604  15.747  -36.592  64.475 0.0000000000
52694  13.745  -36.143  65.512 0.0000000000
51550  12.338  -36.678  67.178 0.0000000000
55881  23.406  -32.233  61.593 0.0000000000
58072  21.084  -30.563  62.272 0.0000000000
54818  18.344  -33.254  62.337 0.0000000000
59193  26.204  -28.810  63.734 0.0000000000
60348  26.952  -28.725  61.298 0.0000000000
59200  27.807  -29.115  62.788 0.0000000000
60305  30.081  -27.957  63.524 0.0000000000
80750  48.626  -9.672  40.556 0.0000000000
78659  46.237  -11.267  41.341 0.0000000000
76524  47.441  -13.348  42.559 0.0000000000
77531  39.162  -12.128  45.742 0.0000000000
74501  40.429  -15.520  45.489 0.0000000000
75477  38.047  -14.753  45.785 0.0000000000
72353  36.559  -17.093  47.740 0.0000000000
148543  36.953  -18.265  49.821 0.0000000000
71240  32.567  -18.461  49.765 0.0000000000
69220  35.422  -20.460  49.821 0.0000000000
52700  32.629  -35.098  64.202 0.0000000000
54779  33.773  -33.260  64.601 0.0000000000
151841  39.560  -9.354  47.673 0.0000000000
50328  8.343  -37.645  69.347 0.0000000000
48156  7.040  -39.017  69.789 0.0000000000
47054  5.823  -40.056  71.803 0.0000000000
47017  5.315  -40.535  73.308 0.0000000000
47020  2.728  -40.158  73.546 0.0000000000
47006  0.616  -40.682  74.318 0.0000000000
45940  -1.270  -41.814  76.639 0.0000000000
45923  -2.072  -41.694  78.247 0.0000000000
53769  30.885  -34.582  63.269 0.0000000000
152023  30.383  -35.996  63.138 0.0000000000
50398  28.578  -37.348  65.228 0.0000000000
154974  23.799  -35.568  63.507 0.0000000000
61555  30.305  -27.732  53.795 0.0000000000
134882  28.873  -28.229  58.519 0.0000000000
59245  31.326  -29.255  57.153 0.0000000000
60437  33.339  -28.744  55.287 0.0000000000
56903  33.975  -31.217  66.251 0.0000000000
136999  51.631  -9.335  37.722 0.0000000000
141731  49.701  -10.861  39.015 0.0000000000
78684  51.446  -11.748  37.661 0.0000000000
76477  42.991  -13.487  45.258 0.0000000000
75472  43.438  -14.254  45.452 0.0000000000
75473  42.523  -14.250  45.396 0.0000000000
56946  31.351  -32.009  63.906 0.0000000000
56945  31.752  -31.792  63.745 0.0000000000
56944  32.472  -32.026  63.699 0.0000000000
137620  41.496  -11.875  45.537 0.0000000000
78629  42.425  -10.895  45.458 0.0000000000
77548  42.003  -12.275  45.428 0.0000000000
76498  43.489  -12.854  44.718 0.0000000000
43867  -0.709  -44.142  76.329 0.0000000000
76407  34.433  -13.575  49.725 0.0000000000
158808  34.167  -14.401  51.723 0.0000000000
63807  32.316  -25.734  50.866 0.0000000000
64912  33.389  -24.554  50.239 0.0000000000
159483  33.436  -26.046  51.067 0.0000000000
62705  35.349  -26.258  52.866 0.0000000000
61593  33.922  -27.212  52.844 0.0000000000
49246  11.542  -38.649  66.884 0.0000000000
48175  12.712  -39.779  67.928 0.0000000000
48194  11.140  -39.243  67.406 0.0000000000
47097  10.843  -40.289  68.901 0.0000000000
135677  9.994  -39.435  68.245 0.0000000000
54801  25.904  -33.299  63.736 0.0000000000
54812  26.601  -33.810  62.165 0.0000000000
152708  25.505  -33.096  61.931 0.0000000000
158240  19.333  -34.492  65.933 0.0000000000
62588  26.244  -26.691  61.098 0.0000000000
60323  32.752  -27.569  62.146 0.0000000000
65975  31.417  -23.657  53.275 0.0000000000
64849  30.985  -24.265  53.768 0.0000000000
141342  16.780  -35.094  63.313 0.0000000000
52704  17.002  -36.050  64.190 0.0000000000
53778  15.800  -34.761  63.615 0.0000000000
52678  13.966  -35.408  65.733 0.0000000000
52679  13.470  -35.856  66.234 0.0000000000
51549  12.925  -36.308  66.706 0.0000000000
58056  22.261  -30.666  63.315 0.0000000000
56951  17.038  -31.898  63.740 0.0000000000
56961  17.880  -31.816  62.553 0.0000000000
54819  17.568  -33.275  62.504 0.0000000000
142547  18.126  -34.397  63.021 0.0000000000
60307  26.869  -29.087  62.943 0.0000000000
59175  28.126  -29.929  63.874 0.0000000000
59173  30.780  -29.216  64.354 0.0000000000
59189  29.605  -28.872  63.620 0.0000000000
155760  30.635  -28.262  64.536 0.0000000000
60286  31.027  -27.615  64.734 0.0000000000
60273  31.453  -27.834  65.420 0.0000000000
80726  43.912  -9.121  44.697 0.0000000000
80734  46.682  -9.103  42.315 0.0000000000
150989  45.363  -10.303  42.276 0.0000000000
76510  45.509  -13.041  43.482 0.0000000000
76526  45.800  -12.882  42.832 0.0000000000
133352  46.900  -13.303  43.405 0.0000000000
78618  38.118  -11.382  46.581 0.0000000000
76454  38.096  -13.137  45.962 0.0000000000
76434  36.883  -12.952  46.836 0.0000000000
73478  34.916  -16.212  47.868 0.0000000000
135166  35.763  -16.054  47.216 0.0000000000
73477  35.765  -16.733  47.663 0.0000000000
72331  36.994  -17.468  48.442 0.0000000000
71250  35.556  -18.028  48.851 0.0000000000
71207  31.718  -18.370  52.016 0.0000000000
73403  31.987  -17.114  51.073 0.0000000000
154765  31.605  -19.314  50.860 0.0000000000
66046  35.084  -22.630  49.952 0.0000000000
68246  34.394  -21.288  49.665 0.0000000000
67157  35.886  -22.332  50.393 0.0000000000
69207  36.205  -20.471  50.244 0.0000000000
51598  31.824  -36.065  64.688 0.0000000000
52687  32.878  -35.204  65.203 0.0000000000
79673  37.426  -10.765  49.303 0.0000000000
157069  38.187  -10.184  47.794 0.0000000000
79700  38.803  -10.814  46.443 0.0000000000
50379  16.159  -37.487  66.359 0.0000000000
50357  15.994  -37.777  67.110 0.0000000000
47049  10.184  -41.016  71.080 0.0000000000
46020  11.124  -41.315  72.232 0.0000000000
46007  9.642  -41.420  72.312 0.0000000000
46023  8.006  -40.939  71.882 0.0000000000
50307  7.378  -37.260  70.195 0.0000000000
49221  7.385  -38.354  69.570 0.0000000000
50308  6.639  -37.630  70.319 0.0000000000
50278  3.746  -37.793  72.455 0.0000000000
49183  5.326  -38.489  71.212 0.0000000000
48124  4.690  -39.263  72.030 0.0000000000
47035  5.588  -40.323  72.572 0.0000000000
48107  4.316  -39.668  72.598 0.0000000000
47019  3.638  -40.459  73.753 0.0000000000
48092  2.844  -39.460  73.098 0.0000000000
49124  0.440  -38.761  75.918 0.0000000000
48079  0.398  -39.817  74.353 0.0000000000
48080  -0.172  -39.855  75.151 0.0000000000
45958  -0.512  -41.243  75.275 0.0000000000
46978  -0.811  -40.484  76.596 0.0000000000
53737  29.576  -34.263  64.720 0.0000000000
54781  30.302  -33.986  64.365 0.0000000000
53770  30.009  -34.655  63.163 0.0000000000
52714  30.959  -35.336  63.212 0.0000000000
53787  29.396  -34.970  62.730 0.0000000000
50427  27.071  -37.072  63.706 0.0000000000
154255  28.572  -36.998  63.781 0.0000000000
50415  27.411  -37.277  64.488 0.0000000000
54830  22.222  -33.095  61.618 0.0000000000
53792  23.623  -34.543  62.058 0.0000000000
53772  22.488  -34.359  63.521 0.0000000000
51567  23.580  -36.067  65.940 0.0000000000
73497  40.126  -16.531  46.141 0.0000000000
73495  41.814  -16.605  46.067 0.0000000000
72348  41.390  -17.347  47.794 0.0000000000
63732  28.274  -25.527  55.504 0.0000000000
62661  29.170  -26.422  54.159 0.0000000000
61541  28.489  -27.459  55.470 0.0000000000
60347  27.834  -28.807  61.152 0.0000000000
60367  27.958  -28.601  60.150 0.0000000000
60366  28.949  -28.570  59.972 0.0000000000
158377  33.193  -28.528  59.774 0.0000000000
60394  31.644  -28.912  58.484 0.0000000000
59230  33.063  -29.003  58.078 0.0000000000
59272  32.050  -29.244  56.016 0.0000000000
59259  34.075  -28.989  57.212 0.0000000000
60417  35.415  -28.341  56.536 0.0000000000
56917  34.093  -31.978  65.536 0.0000000000
81826  51.666  -8.993  38.744 0.0000000000
79745  47.734  -10.900  40.071 0.0000000000
79731  49.362  -9.894  39.964 0.0000000000
78674  48.669  -11.529  39.330 0.0000000000
77607  51.070  -12.842  38.109 0.0000000000
76579  52.536  -13.501  37.800 0.0000000000
55851  16.484  -32.451  64.206 0.0000000000
54786  15.581  -33.763  64.269 0.0000000000
76475  44.727  -13.705  45.107 0.0000000000
75469  45.983  -13.856  45.919 0.0000000000
75470  45.185  -14.122  45.705 0.0000000000
58053  29.516  -30.604  64.000 0.0000000000
58054  28.851  -29.988  63.684 0.0000000000
58052  30.937  -31.012  63.761 0.0000000000
58032  31.275  -30.340  63.961 0.0000000000
58031  32.242  -30.704  64.245 0.0000000000
80710  43.289  -9.505  47.079 0.0000000000
79696  42.688  -10.197  45.946 0.0000000000
79703  42.951  -10.446  45.285 0.0000000000
78646  43.591  -10.801  43.780 0.0000000000
78653  44.649  -11.111  42.760 0.0000000000
77559  43.694  -11.781  43.948 0.0000000000
152163  44.015  -12.549  44.109 0.0000000000
44949  1.159  -42.688  75.330 0.0000000000
78589  36.723  -11.542  48.949 0.0000000000
76419  35.875  -12.875  47.974 0.0000000000
77507  35.670  -12.636  48.781 0.0000000000
75433  34.137  -14.688  48.666 0.0000000000
74465  33.616  -15.473  48.909 0.0000000000
68224  31.587  -21.626  50.992 0.0000000000
69209  31.731  -21.068  50.695 0.0000000000
66027  32.343  -23.250  50.299 0.0000000000
64932  33.989  -23.904  50.014 0.0000000000
64909  35.568  -23.968  50.718 0.0000000000
63804  35.809  -25.182  51.886 0.0000000000
63758  36.684  -25.776  53.807 0.0000000000
50351  29.832  -37.171  67.154 0.0000000000
49259  14.176  -38.626  66.046 0.0000000000
149005  14.783  -38.843  67.792 0.0000000000
48191  14.142  -39.258  67.654 0.0000000000
48153  13.601  -39.690  69.047 0.0000000000
47063  13.050  -40.189  70.130 0.0000000000
47066  10.618  -40.765  70.335 0.0000000000
47068  8.829  -40.597  70.248 0.0000000000
51481  5.720  -36.947  71.805 0.0000000000
51444  4.110  -36.716  73.649 0.0000000000
50261  2.831  -37.483  73.367 0.0000000000
49149  2.187  -38.863  73.218 0.0000000000
50246  1.748  -37.766  74.197 0.0000000000
49123  1.147  -38.139  75.695 0.0000000000
49098  1.051  -38.322  77.441 0.0000000000
141837  28.194  -34.235  63.099 0.0000000000
53788  28.476  -34.777  62.547 0.0000000000
53789  27.653  -34.782  62.131 0.0000000000
52730  26.698  -35.725  61.861 0.0000000000
51616  25.792  -36.681  63.113 0.0000000000
53774  20.526  -33.613  63.550 0.0000000000
53757  21.910  -34.162  64.435 0.0000000000
145782  21.490  -34.067  65.112 0.0000000000
72329  39.529  -17.415  48.925 0.0000000000
62621  27.764  -26.604  58.234 0.0000000000
149330  30.505  -27.693  62.067 0.0000000000
134467  30.475  -28.242  60.596 0.0000000000
60344  32.096  -27.692  61.520 0.0000000000
60363  33.490  -28.382  60.494 0.0000000000
80747  51.618  -8.901  39.839 0.0000000000
43854  -2.525  -43.974  77.512 0.0000000000
147231  32.555  -17.965  53.186 0.0000000000
70200  32.005  -19.647  53.292 0.0000000000
68214  31.656  -21.474  52.629 0.0000000000
147457  31.496  -23.115  51.719 0.0000000000
156567  31.187  -24.635  51.424 0.0000000000
62709  31.177  -26.267  51.921 0.0000000000
52691  18.702  -34.948  65.839 0.0000000000
52676  18.463  -35.339  66.756 0.0000000000
52692  17.863  -35.710  65.539 0.0000000000
155017  16.425  -36.978  65.372 0.0000000000
50404  15.292  -37.542  65.330 0.0000000000
53762  14.699  -35.241  64.627 0.0000000000
51589  14.563  -36.510  64.799 0.0000000000
49277  14.066  -38.071  65.482 0.0000000000
50381  12.964  -37.720  65.884 0.0000000000
50382  12.325  -37.854  66.360 0.0000000000
50360  11.226  -37.731  67.162 0.0000000000
55872  24.562  -32.307  62.179 0.0000000000
56957  23.354  -31.291  62.510 0.0000000000
56968  22.320  -31.216  61.713 0.0000000000
141890  20.862  -32.274  61.479 0.0000000000
154537  18.949  -30.658  63.341 0.0000000000
55885  19.403  -32.005  61.691 0.0000000000
137099  20.070  -33.165  62.163 0.0000000000
147643  19.560  -33.851  63.585 0.0000000000
53760  18.595  -34.727  64.278 0.0000000000
138372  25.348  -27.411  63.743 0.0000000000
61474  25.786  -27.802  61.743 0.0000000000
60329  26.010  -28.637  62.743 0.0000000000
144507  27.350  -28.935  62.060 0.0000000000
60326  29.074  -28.491  62.346 0.0000000000
59190  28.981  -29.159  63.356 0.0000000000
60306  29.445  -28.359  63.048 0.0000000000
133207  29.821  -27.982  62.438 0.0000000000
61453  30.659  -27.421  63.569 0.0000000000
61451  32.328  -26.942  63.879 0.0000000000
80733  47.624  -8.988  41.925 0.0000000000
79724  47.132  -10.157  40.983 0.0000000000
78666  46.811  -11.666  40.767 0.0000000000
137617  45.189  -11.746  42.480 0.0000000000
77585  46.332  -12.056  41.423 0.0000000000
77549  40.550  -12.757  45.493 0.0000000000
159716  41.089  -14.217  45.414 0.0000000000
134358  39.328  -13.605  45.535 0.0000000000
74502  39.529  -15.220  45.502 0.0000000000
74488  38.397  -16.106  45.959 0.0000000000
75458  36.585  -14.592  46.636 0.0000000000
73500  36.982  -16.096  46.604 0.0000000000
73475  37.987  -16.932  47.030 0.0000000000
142757  37.771  -17.387  48.352 0.0000000000
71235  37.544  -17.871  49.828 0.0000000000
74432  32.671  -15.874  51.093 0.0000000000
142468  32.533  -16.777  49.824 0.0000000000
72334  33.525  -17.760  49.135 0.0000000000
69223  32.829  -20.025  49.724 0.0000000000
154376  33.906  -19.671  49.456 0.0000000000
71238  34.460  -18.918  49.269 0.0000000000
70239  35.946  -19.187  49.724 0.0000000000
53752  32.302  -34.291  63.556 0.0000000000
54795  33.403  -33.238  63.967 0.0000000000
52699  33.207  -34.418  64.391 0.0000000000
53720  33.660  -34.179  66.225 0.0000000000
79682  41.072  -9.765  46.759 0.0000000000
78616  40.508  -11.058  45.873 0.0000000000
50344  10.114  -37.514  68.152 0.0000000000
51532  9.713  -37.293  68.863 0.0000000000
50345  9.407  -37.792  68.463 0.0000000000
49236  8.703  -38.640  68.708 0.0000000000
47084  7.761  -39.649  69.651 0.0000000000
47069  7.826  -40.314  70.295 0.0000000000
49203  5.784  -38.307  70.780 0.0000000000
48122  6.180  -39.719  71.076 0.0000000000
47052  7.461  -40.576  71.184 0.0000000000
47034  6.367  -40.522  72.300 0.0000000000
47016  6.143  -40.699  73.158 0.0000000000
45975  2.436  -41.295  74.511 0.0000000000
48093  1.585  -39.455  73.607 0.0000000000
47005  1.351  -40.683  74.062 0.0000000000
44964  1.677  -41.883  74.820 0.0000000000
44966  -0.039  -42.164  75.068 0.0000000000
44951  -0.567  -42.546  75.612 0.0000000000
44952  -1.256  -42.520  76.368 0.0000000000
46964  -0.992  -40.428  77.702 0.0000000000
138599  -1.577  -41.670  77.561 0.0000000000
136638  -1.841  -42.407  77.474 0.0000000000
55863  31.499  -32.951  63.845 0.0000000000
54780  30.892  -33.509  63.978 0.0000000000
54797  31.268  -33.803  63.602 0.0000000000
53768  31.601  -34.776  63.390 0.0000000000
51610  31.476  -36.060  63.946 0.0000000000
51599  30.422  -36.753  64.619 0.0000000000
51625  28.980  -36.279  62.790 0.0000000000
50412  29.778  -36.999  64.673 0.0000000000
50396  30.053  -37.045  65.386 0.0000000000
53809  24.782  -34.033  61.514 0.0000000000
52732  24.920  -35.462  61.941 0.0000000000
51617  24.982  -36.471  63.369 0.0000000000
52701  23.302  -35.399  64.430 0.0000000000
51585  24.463  -36.523  65.050 0.0000000000
50402  24.931  -36.904  65.479 0.0000000000
73515  42.651  -15.694  45.649 0.0000000000
63742  29.796  -25.339  53.831 0.0000000000
62686  30.280  -26.657  52.998 0.0000000000
61578  31.365  -27.600  53.012 0.0000000000
61487  26.759  -27.608  60.236 0.0000000000
61499  27.630  -27.328  59.029 0.0000000000
135885  28.802  -28.076  57.835 0.0000000000
60385  30.194  -28.583  59.069 0.0000000000
133063  30.215  -28.735  58.111 0.0000000000
60422  29.099  -28.386  56.545 0.0000000000
60420  30.284  -28.955  55.884 0.0000000000
60456  32.014  -28.698  54.475 0.0000000000
143122  32.853  -27.968  53.415 0.0000000000
61539  34.721  -27.845  54.855 0.0000000000
55847  33.645  -32.591  64.299 0.0000000000
58030  33.158  -31.124  64.604 0.0000000000
58010  32.481  -30.184  65.026 0.0000000000
59141  33.036  -29.860  66.518 0.0000000000
59157  31.750  -28.993  65.564 0.0000000000
82909  50.528  -7.600  38.028 0.0000000000
80761  50.363  -9.522  39.994 0.0000000000
159582  50.833  -9.943  39.065 0.0000000000
76568  49.669  -12.805  38.811 0.0000000000
79752  50.985  -10.869  38.196 0.0000000000
79751  51.461  -10.594  37.813 0.0000000000
79759  51.815  -10.415  37.354 0.0000000000
79768  52.711  -10.377  36.407 0.0000000000
76478  42.031  -13.306  45.375 0.0000000000
141255  41.637  -14.237  45.400 0.0000000000
55862  31.908  -32.459  63.647 0.0000000000
55861  32.492  -32.854  63.592 0.0000000000
77547  42.698  -12.632  45.167 0.0000000000
43878  -1.088  -43.334  76.212 0.0000000000
62730  32.367  -26.359  51.393 0.0000000000
62744  32.843  -26.127  51.036 0.0000000000
62729  33.084  -26.492  51.498 0.0000000000
62706  34.194  -26.666  52.307 0.0000000000
62707  33.426  -26.895  52.140 0.0000000000
48177  10.773  -39.762  68.140 0.0000000000
48195  10.313  -39.028  67.725 0.0000000000
54813  25.912  -33.246  62.566 0.0000000000
55864  25.363  -32.813  63.264 0.0000000000
53728  19.261  -34.722  66.650 0.0000000000
53727  19.811  -34.296  66.387 0.0000000000
145766  26.154  -26.261  61.921 0.0000000000
53777  16.466  -34.442  63.215 0.0000000000
154301  16.248  -35.080  63.451 0.0000000000
54805  15.884  -34.014  63.564 0.0000000000
149671  16.727  -32.673  63.226 0.0000000000
55874  17.346  -32.580  62.618 0.0000000000
53797  17.051  -33.880  62.747 0.0000000000
59176  27.434  -29.696  64.173 0.0000000000
59158  31.097  -28.544  64.948 0.0000000000
80730  44.390  -9.071  43.839 0.0000000000
81795  44.737  -8.617  44.607 0.0000000000
139547  45.061  -9.138  43.248 0.0000000000
80735  45.183  -9.700  42.667 0.0000000000
136340  46.086  -13.244  43.894 0.0000000000
76494  47.575  -13.290  44.132 0.0000000000
45957  2.699  -41.776  75.163 0.0000000000
78601  37.453  -11.351  47.401 0.0000000000
77532  37.539  -12.638  46.468 0.0000000000
77516  37.097  -12.163  47.117 0.0000000000
73458  35.193  -17.014  48.092 0.0000000000
72354  35.821  -17.392  48.245 0.0000000000
72332  34.992  -17.578  48.503 0.0000000000
70210  31.522  -19.159  51.789 0.0000000000
71215  31.619  -18.481  51.296 0.0000000000
66024  35.358  -23.271  50.293 0.0000000000
51583  31.477  -36.402  65.599 0.0000000000
51563  31.937  -36.134  66.184 0.0000000000
51564  31.404  -36.448  66.557 0.0000000000
78596  37.188  -11.126  48.508 0.0000000000
79672  37.905  -10.250  48.715 0.0000000000
79685  37.632  -10.662  48.030 0.0000000000
78600  38.113  -10.653  47.153 0.0000000000
50380  15.510  -37.910  66.141 0.0000000000
137497  15.321  -38.293  66.816 0.0000000000
47050  9.274  -40.923  71.014 0.0000000000
46021  9.657  -41.205  71.622 0.0000000000
46022  8.907  -41.183  71.868 0.0000000000
49166  3.325  -38.432  72.613 0.0000000000
49165  4.058  -38.733  72.228 0.0000000000
48091  3.574  -39.885  73.136 0.0000000000
48109  2.879  -38.839  72.852 0.0000000000
156268  -0.029  -39.356  75.683 0.0000000000
48065  -0.418  -39.855  76.051 0.0000000000
53754  28.896  -34.313  63.921 0.0000000000
53753  29.779  -34.302  63.735 0.0000000000
50428  26.233  -37.035  63.791 0.0000000000
50416  26.604  -37.263  64.504 0.0000000000
50400  26.919  -37.411  65.253 0.0000000000
154266  26.123  -37.360  65.201 0.0000000000
54815  21.665  -33.379  62.143 0.0000000000
54814  22.349  -33.639  62.071 0.0000000000
53794  22.022  -33.789  62.831 0.0000000000
72371  39.705  -16.870  46.658 0.0000000000
72369  41.390  -17.118  46.828 0.0000000000
72370  40.436  -17.003  46.755 0.0000000000
62637  27.678  -25.890  56.989 0.0000000000
63724  27.947  -25.048  56.444 0.0000000000
62636  27.813  -26.161  56.137 0.0000000000
62648  28.227  -26.541  55.358 0.0000000000
153262  27.972  -27.031  56.000 0.0000000000
154316  28.734  -28.630  61.462 0.0000000000
159860  28.555  -28.665  60.656 0.0000000000
134132  29.465  -28.487  60.805 0.0000000000
59221  33.315  -28.739  59.052 0.0000000000
153089  33.790  -28.820  58.522 0.0000000000
59243  33.345  -29.150  57.300 0.0000000000
59229  34.438  -28.761  58.492 0.0000000000
59228  35.086  -28.713  58.418 0.0000000000
81822  51.805  -8.534  39.676 0.0000000000
82900  51.757  -8.464  39.287 0.0000000000
78675  47.807  -11.609  39.833 0.0000000000
79744  48.273  -10.947  39.700 0.0000000000
77598  48.038  -12.432  39.729 0.0000000000
55838  16.401  -32.309  65.207 0.0000000000
55839  15.781  -32.817  65.672 0.0000000000
55821  16.288  -32.179  66.162 0.0000000000
56940  17.005  -31.776  64.732 0.0000000000
75471  44.329  -14.241  45.562 0.0000000000
74497  43.902  -14.969  45.731 0.0000000000
75456  44.844  -14.838  46.073 0.0000000000
58051  31.889  -31.285  63.798 0.0000000000
79681  42.027  -9.837  46.765 0.0000000000
79697  42.585  -9.905  46.515 0.0000000000
147187  42.013  -10.289  46.285 0.0000000000
79707  43.278  -10.509  44.496 0.0000000000
150042  43.306  -11.234  44.334 0.0000000000
158305  43.583  -12.302  44.347 0.0000000000
76497  44.313  -13.188  44.518 0.0000000000
77497  36.283  -12.062  49.985 0.0000000000
77498  35.661  -12.546  49.601 0.0000000000
75409  33.873  -14.091  50.201 0.0000000000
75420  33.905  -14.208  49.443 0.0000000000
74455  33.088  -15.369  49.683 0.0000000000
136914  31.711  -23.011  50.866 0.0000000000
67158  32.046  -22.538  50.514 0.0000000000
63830  33.682  -25.387  50.638 0.0000000000
64911  34.284  -24.645  50.418 0.0000000000
66025  34.836  -23.976  50.289 0.0000000000
64910  35.071  -24.604  50.752 0.0000000000
64889  35.723  -24.553  51.248 0.0000000000
152840  35.254  -25.059  51.249 0.0000000000
62684  35.268  -26.797  53.623 0.0000000000
62683  35.940  -26.300  53.618 0.0000000000
62659  36.313  -26.451  54.387 0.0000000000
62647  36.564  -26.720  55.161 0.0000000000
141044  37.086  -11.201  49.783 0.0000000000
159439  13.468  -38.819  66.204 0.0000000000
48210  13.814  -39.109  66.730 0.0000000000
47095  12.943  -39.938  68.745 0.0000000000
47078  13.153  -39.994  69.441 0.0000000000
47079  12.470  -40.259  69.429 0.0000000000
47064  12.373  -40.454  70.350 0.0000000000
149272  11.655  -40.359  69.106 0.0000000000
47098  9.913  -40.038  68.792 0.0000000000
47081  10.242  -40.481  69.547 0.0000000000
47067  9.732  -40.719  70.259 0.0000000000
47082  9.374  -40.348  69.554 0.0000000000
51445  3.241  -36.948  73.705 0.0000000000
50260  3.563  -37.228  73.088 0.0000000000
160296  2.805  -37.151  73.774 0.0000000000
147112  2.395  -37.383  73.902 0.0000000000
50245  2.293  -37.268  74.657 0.0000000000
49112  0.947  -38.396  76.555 0.0000000000
54783  26.513  -33.782  64.251 0.0000000000
53755  27.965  -34.246  64.243 0.0000000000
160566  27.931  -34.430  62.535 0.0000000000
54799  27.382  -34.097  62.572 0.0000000000
53807  26.326  -34.413  61.687 0.0000000000
52740  26.960  -34.987  61.772 0.0000000000
52741  26.326  -35.167  61.648 0.0000000000
51628  26.256  -36.300  62.329 0.0000000000
52731  25.847  -35.721  61.859 0.0000000000
53759  20.129  -33.746  64.252 0.0000000000
53758  20.945  -33.745  64.540 0.0000000000
53743  20.756  -33.886  65.491 0.0000000000
63707  27.778  -25.754  58.556 0.0000000000
62609  27.560  -26.576  59.102 0.0000000000
60324  31.174  -27.462  62.189 0.0000000000
60345  31.083  -27.833  61.269 0.0000000000
140107  33.857  -28.075  62.000 0.0000000000
60343  33.174  -28.006  61.331 0.0000000000
136754  34.034  -28.348  61.151 0.0000000000
43855  -3.126  -43.676  77.808 0.0000000000
71197  32.293  -18.682  53.267 0.0000000000
67120  31.617  -22.383  52.324 0.0000000000
64870  30.804  -24.470  52.810 0.0000000000
65991  31.194  -23.946  52.118 0.0000000000
154994  30.848  -24.743  52.091 0.0000000000
63784  31.001  -25.491  51.759 0.0000000000
52702  18.306  -35.167  64.879 0.0000000000
52703  17.632  -35.672  64.502 0.0000000000
51619  16.262  -36.161  64.084 0.0000000000
51603  16.553  -36.584  64.747 0.0000000000
50419  15.894  -37.118  64.975 0.0000000000
50420  15.129  -36.970  64.764 0.0000000000
54769  15.351  -33.547  65.174 0.0000000000
53746  15.010  -34.423  64.668 0.0000000000
52693  14.233  -35.846  64.958 0.0000000000
51590  13.934  -36.712  65.211 0.0000000000
150114  14.422  -37.363  65.170 0.0000000000
50405  13.653  -37.518  65.485 0.0000000000
51571  13.255  -36.784  65.797 0.0000000000
51572  12.583  -37.123  66.391 0.0000000000
50359  11.958  -37.390  66.857 0.0000000000
50383  11.765  -37.987  66.669 0.0000000000
51551  11.689  -36.969  67.586 0.0000000000
56949  23.678  -31.520  63.450 0.0000000000
56937  23.244  -31.391  64.271 0.0000000000
58057  21.472  -30.472  63.140 0.0000000000
58071  22.047  -30.694  62.301 0.0000000000
58085  21.458  -30.990  61.685 0.0000000000
141486  21.797  -31.637  61.470 0.0000000000
56969  20.893  -31.581  61.446 0.0000000000
55873  18.079  -32.601  62.250 0.0000000000
55886  18.618  -31.941  62.014 0.0000000000
54834  18.882  -32.604  62.023 0.0000000000
54833  19.699  -32.629  61.836 0.0000000000
54817  19.226  -33.204  62.242 0.0000000000
54803  19.769  -33.539  62.826 0.0000000000
53795  18.774  -33.841  62.794 0.0000000000
53775  18.039  -34.854  63.577 0.0000000000
53745  19.016  -34.542  65.168 0.0000000000
60288  25.596  -28.066  64.198 0.0000000000
60308  25.561  -28.165  63.301 0.0000000000
60327  28.225  -28.827  62.140 0.0000000000
59174  30.225  -28.547  64.065 0.0000000000
157542  29.915  -27.895  63.041 0.0000000000
60325  30.419  -27.564  62.894 0.0000000000
61452  31.279  -27.084  63.950 0.0000000000
81784  44.449  -9.012  46.499 0.0000000000
156430  48.079  -8.409  42.596 0.0000000000
79725  46.397  -10.413  41.428 0.0000000000
80743  46.857  -9.650  41.645 0.0000000000
79734  46.677  -10.883  40.941 0.0000000000
76525  46.512  -13.089  42.499 0.0000000000
77576  45.866  -12.394  42.212 0.0000000000
76537  46.637  -12.731  41.664 0.0000000000
152217  39.692  -12.839  45.559 0.0000000000
76480  40.175  -13.548  45.459 0.0000000000
76482  38.020  -13.966  45.826 0.0000000000
75476  38.834  -14.398  45.577 0.0000000000
73520  39.067  -15.907  45.682 0.0000000000
74489  37.651  -15.551  46.064 0.0000000000
76436  35.609  -13.703  47.695 0.0000000000
135906  36.269  -13.303  47.267 0.0000000000
75444  36.085  -14.179  47.057 0.0000000000
148456  36.412  -16.441  47.139 0.0000000000
159102  36.357  -15.897  46.797 0.0000000000
73476  37.166  -16.698  47.070 0.0000000000
73499  37.723  -16.365  46.459 0.0000000000
72352  37.447  -17.171  47.703 0.0000000000
72351  38.305  -17.276  47.768 0.0000000000
72314  36.940  -17.859  49.280 0.0000000000
73401  33.211  -15.464  51.698 0.0000000000
73402  32.746  -16.220  51.870 0.0000000000
71226  32.048  -18.093  50.279 0.0000000000
73418  32.380  -16.437  50.547 0.0000000000
72316  32.487  -17.606  49.817 0.0000000000
72315  33.036  -17.219  49.371 0.0000000000
136671  32.950  -17.877  49.480 0.0000000000
68248  32.691  -21.611  49.940 0.0000000000
69208  32.199  -20.777  50.192 0.0000000000
136093  32.933  -20.908  49.767 0.0000000000
69221  34.596  -20.451  49.614 0.0000000000
69222  33.685  -20.636  49.612 0.0000000000
136096  33.741  -18.888  49.343 0.0000000000
70240  35.079  -19.622  49.549 0.0000000000
71237  35.342  -18.741  49.280 0.0000000000
70228  35.827  -19.873  49.901 0.0000000000
150985  32.699  -34.536  63.833 0.0000000000
142978  33.149  -34.931  66.355 0.0000000000
80712  41.627  -9.332  47.318 0.0000000000
79683  40.040  -9.727  46.837 0.0000000000
78617  39.490  -11.310  45.940 0.0000000000
79699  39.711  -10.468  46.356 0.0000000000
78633  40.053  -11.998  45.623 0.0000000000
52677  17.610  -36.054  66.447 0.0000000000
139586  17.834  -35.885  67.272 0.0000000000
157697  17.412  -36.260  66.933 0.0000000000
49234  14.579  -39.050  68.279 0.0000000000
46019  12.004  -41.025  72.089 0.0000000000
50343  10.899  -37.214  67.890 0.0000000000
51514  8.680  -37.312  69.672 0.0000000000
51513  9.359  -37.223  69.686 0.0000000000
50327  8.975  -37.486  69.042 0.0000000000
50346  8.736  -37.987  68.768 0.0000000000
49235  9.254  -38.425  68.356 0.0000000000
140901  7.693  -38.966  69.382 0.0000000000
48137  7.178  -39.750  70.096 0.0000000000
50292  5.501  -37.714  71.200 0.0000000000
48123  5.360  -39.301  71.516 0.0000000000
48138  5.862  -38.977  70.791 0.0000000000
47070  6.924  -40.086  70.673 0.0000000000
47053  6.629  -40.326  71.460 0.0000000000
47033  7.185  -40.733  72.027 0.0000000000
154368  3.722  -40.863  74.378 0.0000000000
47003  3.001  -40.799  74.137 0.0000000000
45974  3.293  -41.253  74.769 0.0000000000
47004  2.170  -40.728  74.004 0.0000000000
49150  1.403  -38.622  73.804 0.0000000000
47022  1.070  -40.048  73.869 0.0000000000
136463  1.723  -41.211  74.327 0.0000000000
45976  0.971  -41.373  74.416 0.0000000000
44965  0.650  -42.088  74.870 0.0000000000
45977  0.135  -41.466  74.758 0.0000000000
45939  -0.938  -41.155  76.073 0.0000000000
44967  -0.375  -41.875  75.226 0.0000000000
45959  -0.876  -41.837  75.782 0.0000000000
46953  -1.272  -40.238  78.543 0.0000000000
46965  -1.490  -41.059  78.068 0.0000000000
157383  -2.385  -42.263  78.147 0.0000000000
55848  31.123  -32.779  64.359 0.0000000000
54798  30.535  -34.153  63.606 0.0000000000
54796  31.735  -34.035  63.438 0.0000000000
153233  31.069  -35.890  63.465 0.0000000000
138208  31.153  -36.460  64.661 0.0000000000
51611  30.796  -36.366  63.837 0.0000000000
149923  28.140  -35.351  62.233 0.0000000000
52728  28.817  -35.548  62.478 0.0000000000
50414  28.228  -37.240  64.460 0.0000000000
50413  29.101  -37.104  64.347 0.0000000000
50397  29.349  -37.232  65.290 0.0000000000
50373  29.616  -37.247  66.122 0.0000000000
147898  28.886  -37.391  66.019 0.0000000000
55880  24.209  -32.549  61.654 0.0000000000
55879  24.952  -32.818  61.766 0.0000000000
54828  24.491  -33.286  61.541 0.0000000000
52733  24.062  -35.246  62.446 0.0000000000
52716  24.529  -35.953  62.841 0.0000000000
51618  24.392  -36.137  63.688 0.0000000000
53741  22.154  -34.552  65.122 0.0000000000
53756  22.646  -34.769  64.420 0.0000000000
52689  22.797  -35.166  65.125 0.0000000000
51566  24.302  -36.589  65.919 0.0000000000
51586  23.936  -36.242  65.323 0.0000000000
148239  41.050  -14.863  45.417 0.0000000000
74499  42.028  -15.162  45.452 0.0000000000
74500  41.258  -15.735  45.519 0.0000000000
64836  30.404  -24.617  54.184 0.0000000000
64837  29.751  -24.809  54.664 0.0000000000
61556  29.499  -27.286  54.101 0.0000000000
62687  29.711  -26.561  53.577 0.0000000000
61580  30.022  -27.134  53.480 0.0000000000
61579  30.647  -27.358  53.177 0.0000000000
60475  31.025  -27.931  53.528 0.0000000000
60349  26.255  -28.318  61.415 0.0000000000
61473  26.189  -27.490  60.967 0.0000000000
60369  26.701  -28.253  60.719 0.0000000000
60387  28.485  -28.315  59.333 0.0000000000
60388  27.724  -28.122  59.491 0.0000000000
60396  28.137  -27.865  58.748 0.0000000000
61508  28.360  -27.709  58.079 0.0000000000
160097  31.254  -28.167  60.444 0.0000000000
133673  30.921  -28.449  59.713 0.0000000000
59232  31.121  -29.024  57.934 0.0000000000
59246  30.531  -29.031  57.243 0.0000000000
143753  29.674  -28.692  57.121 0.0000000000
154353  30.144  -28.963  56.590 0.0000000000
60421  29.596  -28.689  56.185 0.0000000000
59263  30.786  -29.175  56.524 0.0000000000
59271  32.996  -29.085  55.969 0.0000000000
60439  31.578  -28.938  55.148 0.0000000000
60438  32.462  -28.918  55.223 0.0000000000
60473  32.424  -28.352  53.858 0.0000000000
60454  33.673  -28.343  54.693 0.0000000000
61554  34.109  -27.884  54.246 0.0000000000
60453  34.219  -28.387  55.360 0.0000000000
156833  35.933  -28.055  56.471 0.0000000000
55860  33.132  -32.629  63.768 0.0000000000
55834  33.758  -31.908  64.738 0.0000000000
56918  33.722  -31.364  65.316 0.0000000000
58009  33.278  -30.585  65.654 0.0000000000
59156  32.554  -29.746  65.817 0.0000000000
60272  31.882  -28.125  66.132 0.0000000000
81830  51.186  -8.506  37.925 0.0000000000
81843  51.847  -9.350  36.873 0.0000000000
80741  48.268  -9.253  41.270 0.0000000000
147838  49.088  -10.543  39.538 0.0000000000
79743  50.175  -10.090  39.406 0.0000000000
80760  51.113  -9.508  39.434 0.0000000000
79753  50.581  -10.430  38.795 0.0000000000
76580  51.903  -12.864  37.642 0.0000000000
78685  50.814  -11.787  38.106 0.0000000000
78694  51.907  -11.229  37.274 0.0000000000
74498  43.007  -15.028  45.547 0.0000000000
78631  41.335  -11.210  45.733 0.0000000000
78630  41.949  -11.344  45.602 0.0000000000
141111  42.503  -11.761  45.225 0.0000000000
77560  43.160  -11.976  44.658 0.0000000000
43877  -0.248  -43.422  75.783 0.0000000000
76396  35.095  -13.031  50.099 0.0000000000
76390  35.363  -13.154  51.067 0.0000000000
76397  34.544  -13.641  50.610 0.0000000000
75410  33.493  -14.657  50.603 0.0000000000
64914  31.673  -24.492  50.783 0.0000000000
64913  32.427  -24.301  50.360 0.0000000000
63831  32.805  -25.178  50.484 0.0000000000
63806  34.186  -25.860  51.237 0.0000000000
63805  34.991  -25.632  51.635 0.0000000000
62728  34.504  -26.186  51.887 0.0000000000
62685  34.684  -26.780  52.975 0.0000000000
48212  12.289  -39.004  66.670 0.0000000000
48193  12.487  -39.451  67.183 0.0000000000
159792  11.839  -39.308  67.105 0.0000000000
48176  11.800  -39.768  67.763 0.0000000000
150131  11.456  -40.123  68.452 0.0000000000
51415  2.936  -36.882  75.013 0.0000000000
54800  26.651  -33.619  63.105 0.0000000000
54826  25.908  -33.633  61.794 0.0000000000
53744  19.793  -34.029  65.521 0.0000000000
137023  20.311  -34.028  66.107 0.0000000000
62596  27.187  -26.527  59.891 0.0000000000
159353  32.774  -27.092  63.288 0.0000000000
60322  33.196  -27.420  62.780 0.0000000000
67105  31.820  -22.876  53.154 0.0000000000
52719  17.375  -35.398  63.718 0.0000000000
52720  16.602  -35.611  63.686 0.0000000000
52705  15.458  -35.963  64.149 0.0000000000
53747  14.435  -34.925  65.223 0.0000000000
53729  14.268  -34.579  66.137 0.0000000000
58058  20.665  -30.411  63.100 0.0000000000
56939  17.552  -31.304  64.248 0.0000000000
58060  18.138  -30.919  63.815 0.0000000000
55866  17.227  -32.018  63.008 0.0000000000
53796  17.797  -33.909  62.642 0.0000000000
53776  17.347  -34.634  63.059 0.0000000000
157135  26.962  -29.326  63.742 0.0000000000
59192  27.582  -29.438  63.478 0.0000000000
59191  28.281  -29.423  63.312 0.0000000000
59188  30.266  -29.777  63.849 0.0000000000
60304  30.543  -27.690  64.149 0.0000000000
80729  45.801  -9.061  42.792 0.0000000000
79716  45.929  -9.803  42.039 0.0000000000
79717  45.750  -10.732  41.801 0.0000000000
76511  44.750  -12.816  43.795 0.0000000000
77567  45.143  -12.455  42.994 0.0000000000
133435  46.129  -13.173  43.176 0.0000000000
145939  38.748  -11.551  46.103 0.0000000000
77550  38.848  -12.927  45.697 0.0000000000
141922  38.276  -12.233  46.118 0.0000000000
76455  37.415  -13.490  46.297 0.0000000000
74477  34.771  -15.126  47.912 0.0000000000
74476  35.361  -15.481  47.441 0.0000000000
158753  36.409  -17.427  48.271 0.0000000000
71249  36.311  -17.767  48.758 0.0000000000
71236  36.247  -18.396  49.406 0.0000000000
72278  32.014  -17.767  52.152 0.0000000000
72288  32.264  -17.061  51.889 0.0000000000
72289  31.835  -17.763  51.539 0.0000000000
72301  31.768  -17.838  50.877 0.0000000000
70230  32.024  -18.905  50.259 0.0000000000
67176  34.267  -22.293  49.732 0.0000000000
68247  33.534  -21.501  49.694 0.0000000000
67175  35.117  -21.838  49.838 0.0000000000
68245  35.069  -21.061  49.738 0.0000000000
68234  35.704  -21.270  50.083 0.0000000000
51597  32.343  -35.599  64.686 0.0000000000
51582  32.186  -35.888  65.435 0.0000000000
52673  32.480  -35.629  66.213 0.0000000000
79669  37.948  -10.272  49.766 0.0000000000
80680  38.472  -9.695  49.191 0.0000000000
80698  38.628  -9.671  48.133 0.0000000000
79684  38.911  -9.951  47.057 0.0000000000
51588  16.568  -37.045  66.062 0.0000000000
51570  16.613  -37.117  66.884 0.0000000000
159907  10.934  -40.935  70.992 0.0000000000
157190  10.811  -41.137  71.527 0.0000000000
148243  10.295  -41.315  71.896 0.0000000000
46008  8.363  -41.269  72.594 0.0000000000
50306  8.103  -37.217  69.976 0.0000000000
50329  7.687  -37.711  69.628 0.0000000000
50330  7.131  -37.815  69.841 0.0000000000
49222  6.857  -38.270  69.883 0.0000000000
50277  4.363  -37.893  71.956 0.0000000000
50293  4.905  -37.990  71.512 0.0000000000
49184  4.755  -38.606  71.721 0.0000000000
48106  5.098  -39.822  72.201 0.0000000000
47036  4.929  -40.167  72.779 0.0000000000
47018  4.441  -40.337  73.351 0.0000000000
144952  0.661  -38.594  75.069 0.0000000000
49137  0.717  -38.941  74.361 0.0000000000
48064  0.227  -39.167  75.004 0.0000000000
47007  -0.104  -40.599  74.781 0.0000000000
46989  -0.537  -40.517  75.586 0.0000000000
44889  -2.720  -41.949  78.420 0.0000000000
52727  30.225  -35.178  62.914 0.0000000000
51614  27.581  -36.764  62.922 0.0000000000
51613  28.406  -36.723  63.088 0.0000000000
50426  27.895  -37.066  63.705 0.0000000000
50399  27.750  -37.399  65.251 0.0000000000
141894  28.098  -37.451  66.013 0.0000000000
144653  22.863  -32.656  61.469 0.0000000000
54829  23.687  -33.009  61.464 0.0000000000
53811  23.057  -33.509  61.646 0.0000000000
53793  22.854  -34.164  62.367 0.0000000000
52734  23.302  -34.862  62.923 0.0000000000
52674  22.923  -35.470  65.863 0.0000000000
51568  23.100  -35.756  66.640 0.0000000000
73518  40.658  -16.182  45.706 0.0000000000
73517  41.343  -16.275  45.751 0.0000000000
73496  40.965  -16.658  46.117 0.0000000000
63731  28.900  -25.170  54.987 0.0000000000
63743  29.226  -25.638  54.301 0.0000000000
63744  28.648  -26.040  54.746 0.0000000000
62662  28.710  -26.968  54.674 0.0000000000
61540  29.117  -27.830  54.897 0.0000000000
133330  27.329  -28.590  60.680 0.0000000000
60386  29.360  -28.453  59.227 0.0000000000
60383  32.504  -28.583  59.465 0.0000000000
60384  31.705  -28.662  59.185 0.0000000000
59222  32.381  -28.852  58.676 0.0000000000
59231  32.032  -29.169  57.800 0.0000000000
59262  31.461  -29.292  56.477 0.0000000000
59244  32.660  -29.251  57.355 0.0000000000
135942  32.771  -29.270  56.687 0.0000000000
159935  34.184  -28.879  56.642 0.0000000000
60418  34.596  -28.576  56.221 0.0000000000
60403  34.811  -28.758  57.073 0.0000000000
54764  33.980  -33.458  65.593 0.0000000000
55833  34.057  -32.635  65.030 0.0000000000
154050  34.195  -32.626  65.766 0.0000000000
55817  34.252  -32.133  66.368 0.0000000000
136555  47.796  -10.268  40.488 0.0000000000
79732  48.446  -10.342  40.022 0.0000000000
76566  51.802  -13.644  38.209 0.0000000000
160377  52.418  -12.915  37.430 0.0000000000
77617  52.254  -12.215  37.237 0.0000000000
77616  52.943  -12.891  37.204 0.0000000000
54785  16.120  -33.231  63.791 0.0000000000
55852  15.906  -32.998  64.690 0.0000000000
58040  18.014  -30.886  64.601 0.0000000000
76474  45.629  -13.651  45.193 0.0000000000
136908  46.573  -13.393  45.266 0.0000000000
58034  28.676  -30.406  64.238 0.0000000000
80720  43.221  -9.718  46.441 0.0000000000
79704  42.182  -10.509  45.943 0.0000000000
138340  43.156  -9.923  45.763 0.0000000000
80724  43.353  -9.796  44.953 0.0000000000
153280  43.695  -9.790  43.912 0.0000000000
79711  44.140  -10.460  43.206 0.0000000000
78645  44.142  -11.348  43.300 0.0000000000
77568  44.384  -12.157  43.482 0.0000000000
76496  45.258  -13.324  44.366 0.0000000000
44948  2.110  -42.411  75.598 0.0000000000
76435  36.509  -12.504  47.563 0.0000000000
77506  36.270  -12.187  48.380 0.0000000000
76420  35.241  -13.328  48.429 0.0000000000
76406  35.051  -13.090  49.228 0.0000000000
76421  34.529  -13.768  48.895 0.0000000000
75432  34.903  -14.158  48.133 0.0000000000
74464  34.257  -15.562  48.344 0.0000000000
139760  33.984  -16.284  48.524 0.0000000000
69196  31.492  -20.884  51.256 0.0000000000
141626  31.677  -20.311  50.724 0.0000000000
68235  32.026  -21.756  50.466 0.0000000000
155296  32.970  -22.979  49.913 0.0000000000
66026  33.115  -23.707  49.988 0.0000000000
67177  33.695  -23.098  49.813 0.0000000000
66047  34.568  -23.232  49.939 0.0000000000
136895  36.209  -23.932  51.257 0.0000000000
63781  36.543  -24.951  52.415 0.0000000000
63757  36.775  -25.232  53.089 0.0000000000
63783  35.476  -25.760  52.283 0.0000000000
63782  36.114  -25.658  52.843 0.0000000000
51565  30.736  -36.784  66.882 0.0000000000
154056  37.088  -11.145  49.164 0.0000000000
49245  14.675  -38.779  66.957 0.0000000000
48192  13.293  -39.444  67.341 0.0000000000
48174  13.492  -39.611  68.199 0.0000000000
48173  14.136  -39.367  68.586 0.0000000000
47065  11.542  -40.717  70.563 0.0000000000
145121  11.119  -40.552  69.690 0.0000000000
51462  5.254  -36.771  72.610 0.0000000000
50259  4.369  -37.083  72.657 0.0000000000
50279  3.189  -37.769  72.833 0.0000000000
49167  2.695  -38.177  72.980 0.0000000000
50262  2.122  -37.977  73.484 0.0000000000
50227  2.351  -37.257  75.585 0.0000000000
50228  1.691  -37.636  75.108 0.0000000000
49113  0.513  -38.797  77.051 0.0000000000
53790  27.016  -34.392  61.966 0.0000000000
52729  27.495  -35.579  61.994 0.0000000000
51627  27.164  -36.285  62.294 0.0000000000
51615  26.688  -36.759  62.936 0.0000000000
53773  21.539  -33.795  63.688 0.0000000000
53742  21.619  -34.354  65.856 0.0000000000
157478  39.904  -17.403  48.169 0.0000000000
72349  40.623  -17.344  47.750 0.0000000000
63717  27.717  -25.748  57.757 0.0000000000
62629  27.758  -26.455  57.516 0.0000000000
60346  30.136  -28.072  61.480 0.0000000000
157713  31.923  -28.007  60.677 0.0000000000
134392  32.664  -28.071  60.824 0.0000000000
60364  32.603  -28.322  60.184 0.0000000000
60382  33.963  -28.629  59.798 0.0000000000
76546  48.159  -13.391  40.440 0.0000000000
76556  48.379  -13.245  39.830 0.0000000000
73382  33.390  -16.470  53.222 0.0000000000
72277  32.448  -17.481  52.664 0.0000000000
71206  32.090  -18.195  52.653 0.0000000000
70209  31.757  -18.966  52.594 0.0000000000
139851  31.551  -19.848  52.398 0.0000000000
69187  31.739  -20.603  52.956 0.0000000000
69188  31.458  -20.725  52.107 0.0000000000
68215  31.504  -21.557  51.776 0.0000000000
67139  31.574  -22.317  51.382 0.0000000000
152231  31.530  -23.220  52.523 0.0000000000
66010  31.393  -23.826  51.150 0.0000000000
63808  31.601  -25.278  51.039 0.0000000000
62731  31.647  -26.024  51.378 0.0000000000
62708  31.760  -26.674  51.872 0.0000000000
51587  17.074  -36.519  65.609 0.0000000000
51602  17.237  -36.179  64.848 0.0000000000
50403  16.002  -37.419  65.655 0.0000000000
156282  15.455  -34.412  64.002 0.0000000000
53761  15.222  -35.156  64.096 0.0000000000
52706  14.835  -35.846  64.472 0.0000000000
51605  15.095  -36.369  64.486 0.0000000000
49276  14.734  -38.077  65.651 0.0000000000
49260  13.492  -38.285  65.767 0.0000000000
49261  12.807  -38.527  66.220 0.0000000000
49262  12.140  -38.424  66.526 0.0000000000
55865  24.771  -32.321  63.041 0.0000000000
149271  24.256  -31.964  63.488 0.0000000000
56948  24.122  -31.818  62.677 0.0000000000
56956  23.858  -31.861  61.966 0.0000000000
58055  22.992  -31.017  63.414 0.0000000000
56958  22.760  -30.993  62.098 0.0000000000
56967  23.100  -31.496  61.787 0.0000000000
149850  22.613  -31.893  61.500 0.0000000000
55882  22.056  -32.346  61.435 0.0000000000
54831  21.367  -32.755  61.645 0.0000000000
58073  20.252  -30.606  62.397 0.0000000000
58075  18.841  -30.964  62.559 0.0000000000
58074  19.478  -30.753  62.513 0.0000000000
58087  19.888  -30.924  61.947 0.0000000000
55884  20.198  -32.116  61.522 0.0000000000
54832  20.501  -32.695  61.746 0.0000000000
54816  20.877  -33.196  62.165 0.0000000000
154985  20.493  -33.421  62.735 0.0000000000
146289  18.741  -34.340  63.564 0.0000000000
137827  19.427  -34.105  64.482 0.0000000000
62579  25.612  -26.758  62.420 0.0000000000
61467  25.556  -27.411  62.209 0.0000000000
60350  25.928  -28.407  62.052 0.0000000000
60328  26.490  -28.758  62.054 0.0000000000
59199  28.640  -28.857  62.830 0.0000000000
61466  31.199  -27.189  63.029 0.0000000000
61465  32.173  -27.053  63.038 0.0000000000
81813  48.805  -8.659  41.901 0.0000000000
80742  47.526  -9.542  41.336 0.0000000000
80751  47.837  -9.750  40.900 0.0000000000
79733  47.176  -10.877  40.518 0.0000000000
151552  47.334  -11.480  40.263 0.0000000000
77592  47.409  -12.261  40.277 0.0000000000
79718  44.786  -10.347  42.687 0.0000000000
157572  45.217  -10.985  42.276 0.0000000000
78660  45.718  -11.576  41.878 0.0000000000
77584  46.942  -12.490  40.944 0.0000000000
76547  47.518  -12.965  40.608 0.0000000000
76479  41.065  -13.560  45.417 0.0000000000
141158  40.580  -14.215  45.425 0.0000000000
75474  40.276  -14.828  45.422 0.0000000000
75475  39.788  -14.298  45.451 0.0000000000
73519  39.814  -16.037  45.677 0.0000000000
73498  39.195  -16.467  46.168 0.0000000000
76456  36.746  -13.814  46.683 0.0000000000
75457  37.309  -14.491  46.213 0.0000000000
74475  36.014  -15.197  46.924 0.0000000000
74490  36.803  -15.334  46.488 0.0000000000
143788  38.427  -16.601  46.497 0.0000000000
72372  38.944  -17.081  47.002 0.0000000000
135036  39.171  -17.393  47.964 0.0000000000
72330  38.534  -17.421  48.783 0.0000000000
72313  37.672  -17.553  49.097 0.0000000000
75400  33.626  -14.801  51.380 0.0000000000
74446  33.090  -15.220  50.890 0.0000000000
154275  32.355  -16.521  51.282 0.0000000000
74447  32.760  -15.641  50.353 0.0000000000
73440  33.165  -16.292  49.251 0.0000000000
73459  33.698  -17.058  48.823 0.0000000000
70229  32.046  -19.770  50.214 0.0000000000
70242  32.469  -19.256  49.873 0.0000000000
70241  33.102  -19.118  49.539 0.0000000000
71239  33.297  -18.402  49.385 0.0000000000
71252  33.979  -18.329  49.084 0.0000000000
71251  34.744  -18.230  48.928 0.0000000000
71225  36.656  -18.855  50.030 0.0000000000
70227  36.408  -19.613  50.161 0.0000000000
137692  37.034  -19.353  50.459 0.0000000000
142559  32.435  -33.576  63.559 0.0000000000
157578  32.968  -33.245  63.653 0.0000000000
53767  33.014  -33.879  63.752 0.0000000000
146979  33.448  -33.730  64.239 0.0000000000
141341  33.643  -33.856  64.796 0.0000000000
53736  33.491  -34.371  65.399 0.0000000000
78615  41.376  -10.440  46.197 0.0000000000
79698  40.581  -10.278  46.365 0.0000000000
78632  40.890  -11.921  45.588 0.0000000000
149451  17.212  -36.511  67.434 0.0000000000
50358  15.383  -38.356  67.683 0.0000000000
50361  10.518  -37.792  67.611 0.0000000000
49248  9.945  -38.207  67.882 0.0000000000
48196  9.709  -38.891  68.081 0.0000000000
48178  9.256  -39.310  68.544 0.0000000000
49220  8.092  -38.350  69.162 0.0000000000
48155  8.408  -39.342  69.084 0.0000000000
47083  8.528  -40.136  69.592 0.0000000000
50291  6.204  -37.226  71.064 0.0000000000
50309  6.035  -37.860  70.657 0.0000000000
49202  6.353  -38.502  70.303 0.0000000000
48157  6.557  -39.383  70.402 0.0000000000
46009  7.680  -41.028  72.549 0.0000000000
46010  6.994  -40.874  72.872 0.0000000000
47002  4.375  -40.746  74.184 0.0000000000
149461  2.223  -39.631  73.386 0.0000000000
47021  1.813  -40.122  73.681 0.0000000000
48094  0.975  -39.400  73.884 0.0000000000
44950  0.243  -42.754  75.321 0.0000000000
144452  -1.828  -43.271  77.022 0.0000000000
48036  -0.057  -39.217  77.613 0.0000000000
48050  -0.484  -39.829  77.156 0.0000000000
46979  -1.221  -41.120  77.091 0.0000000000
52712  32.195  -34.987  63.649 0.0000000000
52713  31.581  -35.467  63.556 0.0000000000
144966  32.060  -35.599  64.030 0.0000000000
51584  30.732  -36.752  65.442 0.0000000000
52715  29.607  -35.730  62.758 0.0000000000
51612  29.637  -36.310  63.094 0.0000000000
50425  29.124  -36.715  63.431 0.0000000000
51600  29.929  -36.678  63.806 0.0000000000
50372  30.327  -36.986  66.195 0.0000000000
55871  25.211  -32.731  62.382 0.0000000000
54827  25.223  -33.472  61.637 0.0000000000
53808  25.513  -34.182  61.566 0.0000000000
53810  23.941  -33.865  61.575 0.0000000000
53791  24.388  -34.679  61.761 0.0000000000
51629  25.345  -36.188  62.505 0.0000000000
50417  25.413  -36.878  64.103 0.0000000000
52717  23.127  -34.994  63.775 0.0000000000
52688  23.433  -35.751  65.205 0.0000000000
51601  23.992  -36.053  64.498 0.0000000000
50418  24.686  -36.505  64.247 0.0000000000
156661  24.977  -36.798  64.783 0.0000000000
50401  25.472  -37.105  65.005 0.0000000000
146514  25.569  -37.276  65.904 0.0000000000
74487  43.406  -15.716  45.863 0.0000000000
73516  41.987  -16.036  45.640 0.0000000000
73494  42.740  -16.355  46.036 0.0000000000
64835  31.186  -24.101  54.673 0.0000000000
64850  30.327  -24.972  53.323 0.0000000000
63760  29.531  -25.990  53.756 0.0000000000
63759  30.023  -25.854  53.132 0.0000000000
62710  30.595  -26.089  52.403 0.0000000000
61596  31.037  -26.904  52.460 0.0000000000
61595  31.935  -27.349  52.452 0.0000000000
62589  25.752  -27.035  61.639 0.0000000000
62597  26.588  -26.972  60.375 0.0000000000
62610  27.075  -27.145  59.698 0.0000000000
60368  27.235  -28.261  60.129 0.0000000000
61486  27.245  -27.721  59.712 0.0000000000
61509  27.940  -27.316  58.321 0.0000000000
61517  27.961  -27.124  57.723 0.0000000000
61516  28.390  -27.677  57.383 0.0000000000
60365  29.916  -28.457  59.898 0.0000000000
133013  30.971  -28.777  58.779 0.0000000000
151278  29.613  -28.497  58.583 0.0000000000
60395  29.363  -28.417  57.911 0.0000000000
60404  28.947  -28.235  57.229 0.0000000000
61527  28.466  -27.776  56.464 0.0000000000
60441  28.967  -28.226  55.755 0.0000000000
60440  29.696  -28.504  55.329 0.0000000000
60458  29.938  -28.163  54.473 0.0000000000
59273  31.110  -29.161  55.811 0.0000000000
146959  30.637  -28.762  54.995 0.0000000000
60457  30.778  -28.324  54.138 0.0000000000
60474  31.577  -28.319  53.827 0.0000000000
61577  32.083  -27.915  53.204 0.0000000000
61594  32.927  -27.528  52.707 0.0000000000
61576  33.614  -27.721  53.458 0.0000000000
61575  34.524  -27.346  53.681 0.0000000000
61553  35.213  -27.278  54.380 0.0000000000
60436  35.057  -28.132  55.682 0.0000000000
138076  35.488  -27.564  55.220 0.0000000000
61538  36.197  -27.314  55.591 0.0000000000
56932  33.253  -31.893  64.060 0.0000000000
157892  34.084  -31.073  66.956 0.0000000000
157984  33.552  -30.583  66.335 0.0000000000
80749  49.615  -9.424  40.444 0.0000000000
80748  51.155  -9.168  40.059 0.0000000000
77597  48.788  -12.633  39.253 0.0000000000
78673  49.376  -11.822  38.882 0.0000000000
77608  50.407  -12.451  38.394 0.0000000000
78686  50.232  -11.433  38.513 0.0000000000
153944  51.215  -9.919  38.633 0.0000000000
80767  51.542  -9.736  38.108 0.0000000000
80775  51.796  -9.863  37.384 0.0000000000
78693  52.396  -11.548  36.936 0.0000000000
79758  52.258  -10.845  36.852 0.0000000000
80774  52.147  -10.075  36.863 0.0000000000
51431  2.826  -36.973  74.207 0.0000000000
52721  15.869  -35.484  63.744 0.0000000000
52743  25.041  -34.695  61.581 0.0000000000
54820  16.990  -33.237  62.710 0.0000000000
55883  21.398  -32.110  61.393 0.0000000000
56950  17.632  -31.458  63.350 0.0000000000
56959  19.229  -31.303  62.010 0.0000000000
56960  18.558  -31.410  62.389 0.0000000000
56970  20.006  -31.411  61.633 0.0000000000
58037  20.972  -30.463  63.925 0.0000000000
58059  18.263  -31.108  62.932 0.0000000000
58070  22.713  -30.855  62.665 0.0000000000
58086  20.580  -30.913  61.768 0.0000000000
59242  34.576  -28.804  57.795 0.0000000000
59260  33.553  -29.084  56.639 0.0000000000
59261  32.048  -29.363  56.910 0.0000000000
60330  25.588  -28.063  62.478 0.0000000000
60402  35.590  -28.523  57.404 0.0000000000
60416  36.096  -28.224  56.965 0.0000000000
60419  33.831  -28.827  56.020 0.0000000000
60455  32.855  -28.613  54.555 0.0000000000
60472  33.260  -28.191  54.001 0.0000000000
61526  35.759  -27.857  55.984 0.0000000000
61552  35.929  -27.005  54.822 0.0000000000
62727  35.031  -26.056  52.210 0.0000000000
63832  32.119  -25.035  50.623 0.0000000000
67159  31.767  -22.244  50.809 0.0000000000
67178  32.528  -22.417  50.127 0.0000000000
71227  31.749  -18.521  50.694 0.0000000000
72300  32.121  -17.290  50.382 0.0000000000
72333  34.221  -17.675  48.763 0.0000000000
73441  32.662  -16.050  49.892 0.0000000000
74503  38.570  -15.356  45.696 0.0000000000
75434  33.580  -14.843  49.324 0.0000000000
76481  38.620  -13.605  45.678 0.0000000000
78590  36.637  -11.651  49.655 0.0000000000
78619  37.638  -11.921  46.688 0.0000000000
135190  19.874  -30.456  63.181 0.0000000000
137632  36.201  -12.063  49.209 0.0000000000
138726  34.762  -26.391  52.454 0.0000000000
138803  33.085  -15.054  50.268 0.0000000000
141133  33.886  -28.920  57.886 0.0000000000
141510  33.812  -26.390  51.648 0.0000000000
141519  34.047  -14.238  51.012 0.0000000000
156579  31.302  -28.649  54.489 0.0000000000
157184  37.497  -10.710  48.671 0.0000000000
158879  23.367  -34.057  61.828 0.0000000000
158991  34.194  -28.107  54.792 0.0000000000
159175  34.659  -27.586  54.292 0.0000000000
159893  33.012  -25.759  50.729 0.0000000000
160559  31.518  -27.955  53.394 0.0000000000
