#!ascii label  , from subject sub-v1s5x0050739_ses-1 vox2ras=TkReg
815
155792  24.809  -38.132  79.784 0.0000000000
65843  43.885  -23.918  62.153 0.0000000000
138736  46.355  -18.880  58.862 0.0000000000
63578  44.459  -25.463  70.495 0.0000000000
136712  30.713  -39.421  76.262 0.0000000000
137727  29.498  -44.120  76.222 0.0000000000
69081  45.249  -19.612  61.612 0.0000000000
66990  50.458  -21.405  63.791 0.0000000000
64578  37.715  -23.940  75.345 0.0000000000
52541  34.716  -35.276  76.494 0.0000000000
75358  56.410  -14.456  53.887 0.0000000000
73281  49.882  -16.623  59.687 0.0000000000
135650  39.954  -26.426  69.726 0.0000000000
65747  47.160  -22.864  68.453 0.0000000000
46972  28.115  -40.380  77.553 0.0000000000
44875  26.328  -41.954  78.432 0.0000000000
67011  44.658  -22.059  62.239 0.0000000000
69052  47.321  -19.775  63.176 0.0000000000
66972  47.223  -21.869  64.238 0.0000000000
59055  38.602  -28.732  72.010 0.0000000000
46967  33.129  -40.598  76.095 0.0000000000
50195  31.944  -37.038  76.722 0.0000000000
50230  35.490  -38.056  74.988 0.0000000000
77413  54.875  -11.859  56.844 0.0000000000
73343  54.485  -16.376  55.457 0.0000000000
74342  53.940  -15.507  57.292 0.0000000000
72172  45.197  -17.044  60.138 0.0000000000
73308  46.469  -16.119  58.177 0.0000000000
71106  48.296  -17.108  60.044 0.0000000000
148993  49.929  -20.296  58.385 0.0000000000
69123  46.568  -20.910  56.764 0.0000000000
63523  42.136  -24.287  73.627 0.0000000000
63540  39.043  -24.722  72.385 0.0000000000
65715  43.389  -22.962  71.430 0.0000000000
64651  43.794  -24.132  68.650 0.0000000000
63575  46.667  -24.147  69.653 0.0000000000
62539  48.258  -25.599  67.323 0.0000000000
61392  46.102  -26.809  67.339 0.0000000000
46957  30.298  -41.225  77.093 0.0000000000
70135  43.475  -18.918  59.076 0.0000000000
71093  45.597  -18.683  61.123 0.0000000000
68128  46.890  -20.352  61.696 0.0000000000
67008  48.339  -22.239  61.976 0.0000000000
58994  34.781  -29.177  77.543 0.0000000000
137357  36.866  -26.620  75.904 0.0000000000
62431  40.032  -26.219  74.208 0.0000000000
61351  42.977  -28.397  72.027 0.0000000000
59112  45.289  -29.966  69.357 0.0000000000
55672  33.115  -32.328  77.225 0.0000000000
139206  36.376  -32.732  75.797 0.0000000000
74437  56.878  -15.976  50.656 0.0000000000
73324  50.741  -16.452  56.565 0.0000000000
71147  52.739  -18.677  58.775 0.0000000000
70184  49.284  -19.345  55.043 0.0000000000
63623  46.670  -24.431  65.395 0.0000000000
66932  49.586  -22.117  66.459 0.0000000000
157086  50.710  -26.217  64.753 0.0000000000
46949  24.602  -40.366  79.059 0.0000000000
46948  25.329  -40.184  79.372 0.0000000000
45915  25.256  -41.915  78.062 0.0000000000
65857  44.163  -22.886  62.047 0.0000000000
66993  45.920  -22.255  63.351 0.0000000000
65829  45.939  -23.517  63.517 0.0000000000
48052  35.124  -39.510  75.077 0.0000000000
77415  52.788  -11.741  57.035 0.0000000000
74341  54.028  -14.263  57.345 0.0000000000
146085  52.084  -12.835  57.226 0.0000000000
71130  46.206  -17.875  60.241 0.0000000000
72170  46.790  -16.426  60.108 0.0000000000
71129  46.886  -17.916  59.652 0.0000000000
70133  47.194  -19.087  58.494 0.0000000000
63552  43.596  -24.652  72.029 0.0000000000
65690  42.548  -23.192  72.765 0.0000000000
63551  44.496  -23.974  71.603 0.0000000000
65713  44.673  -22.990  70.618 0.0000000000
63577  45.356  -25.011  70.388 0.0000000000
62516  45.971  -25.771  68.800 0.0000000000
62517  44.819  -26.547  68.567 0.0000000000
46958  29.452  -41.520  77.384 0.0000000000
44913  30.111  -42.782  76.887 0.0000000000
44911  32.160  -42.574  76.104 0.0000000000
156945  43.490  -20.909  60.168 0.0000000000
69109  42.811  -20.359  58.954 0.0000000000
69101  43.998  -19.946  60.483 0.0000000000
71095  44.391  -18.872  60.426 0.0000000000
70077  45.659  -19.031  61.376 0.0000000000
69099  46.134  -18.989  61.468 0.0000000000
69080  46.045  -19.257  61.732 0.0000000000
68117  48.613  -20.305  63.463 0.0000000000
67009  48.144  -20.808  62.552 0.0000000000
149074  49.021  -21.569  62.652 0.0000000000
65840  49.205  -24.021  61.928 0.0000000000
65838  50.804  -23.421  63.033 0.0000000000
57890  36.662  -30.108  76.002 0.0000000000
60124  35.598  -28.057  76.882 0.0000000000
59033  37.258  -29.312  74.715 0.0000000000
61338  39.540  -27.552  73.277 0.0000000000
61336  41.599  -27.467  73.047 0.0000000000
51382  33.247  -36.232  76.751 0.0000000000
53562  32.229  -34.496  76.873 0.0000000000
54616  33.123  -33.131  77.327 0.0000000000
143405  35.010  -32.234  77.419 0.0000000000
136883  35.499  -33.614  76.472 0.0000000000
77448  56.199  -12.270  55.075 0.0000000000
156090  56.474  -15.250  52.092 0.0000000000
73361  53.142  -17.105  54.438 0.0000000000
136455  48.439  -16.107  58.645 0.0000000000
133778  46.995  -16.808  57.045 0.0000000000
73306  49.285  -16.822  57.452 0.0000000000
73325  49.700  -16.518  55.955 0.0000000000
73304  51.416  -17.004  58.067 0.0000000000
73303  52.669  -17.162  58.297 0.0000000000
72183  51.563  -17.781  59.704 0.0000000000
69149  48.481  -20.633  56.325 0.0000000000
70162  49.387  -20.376  56.855 0.0000000000
63513  35.373  -25.296  75.383 0.0000000000
63527  36.073  -25.186  73.828 0.0000000000
62482  39.704  -25.625  70.823 0.0000000000
62464  38.105  -26.192  71.078 0.0000000000
64649  45.311  -23.449  68.318 0.0000000000
63601  43.722  -24.706  67.787 0.0000000000
158392  45.602  -23.898  67.328 0.0000000000
63624  45.786  -25.109  65.414 0.0000000000
158139  46.976  -23.615  66.569 0.0000000000
65796  48.485  -22.548  66.192 0.0000000000
65765  48.049  -22.851  68.079 0.0000000000
132769  48.758  -26.467  66.250 0.0000000000
63611  49.926  -25.330  66.133 0.0000000000
62547  50.284  -27.206  65.179 0.0000000000
61444  50.460  -27.659  63.963 0.0000000000
46946  27.047  -41.002  78.644 0.0000000000
43847  27.849  -43.487  77.213 0.0000000000
142553  28.264  -44.488  75.904 0.0000000000
43862  27.013  -43.766  76.861 0.0000000000
68129  44.765  -20.667  61.649 0.0000000000
156703  46.174  -19.535  62.349 0.0000000000
68119  45.905  -20.234  62.639 0.0000000000
157748  47.205  -20.088  63.632 0.0000000000
68090  49.294  -20.573  64.484 0.0000000000
48042  31.373  -39.800  76.752 0.0000000000
50197  31.109  -38.070  76.497 0.0000000000
49102  32.903  -38.731  76.403 0.0000000000
49101  33.862  -38.152  76.063 0.0000000000
51380  35.018  -36.666  75.873 0.0000000000
52552  35.794  -35.143  75.539 0.0000000000
51433  35.849  -36.790  74.109 0.0000000000
76333  55.942  -13.327  55.941 0.0000000000
74391  55.348  -15.263  54.942 0.0000000000
75329  54.933  -14.885  56.342 0.0000000000
73320  54.583  -15.971  56.398 0.0000000000
72238  53.907  -17.209  56.866 0.0000000000
72186  43.973  -17.552  58.427 0.0000000000
158005  45.683  -16.158  59.359 0.0000000000
73267  47.441  -16.121  60.057 0.0000000000
72168  49.530  -17.395  60.100 0.0000000000
70111  51.042  -18.800  59.823 0.0000000000
71127  48.914  -18.446  59.477 0.0000000000
69121  48.555  -20.636  57.416 0.0000000000
139370  39.963  -23.868  74.821 0.0000000000
64606  37.814  -24.523  73.495 0.0000000000
65692  40.808  -23.199  73.680 0.0000000000
64617  40.809  -23.832  72.166 0.0000000000
63566  41.233  -24.884  70.443 0.0000000000
63579  42.071  -25.053  69.252 0.0000000000
64627  43.663  -23.031  70.678 0.0000000000
65730  45.640  -22.925  69.745 0.0000000000
65748  46.681  -22.916  68.954 0.0000000000
64665  48.129  -23.361  68.472 0.0000000000
63587  47.656  -24.034  68.909 0.0000000000
156063  47.525  -26.315  67.066 0.0000000000
60252  47.934  -28.599  66.404 0.0000000000
48056  28.396  -40.192  75.734 0.0000000000
46982  29.925  -40.518  76.562 0.0000000000
46981  30.510  -40.501  76.893 0.0000000000
46968  32.463  -41.109  76.358 0.0000000000
44933  33.363  -42.197  75.319 0.0000000000
71132  43.940  -17.986  59.435 0.0000000000
71110  44.938  -17.753  60.464 0.0000000000
143288  46.016  -18.444  60.460 0.0000000000
69106  46.092  -19.582  60.465 0.0000000000
68142  46.068  -20.168  60.854 0.0000000000
67032  46.236  -22.255  60.795 0.0000000000
69079  46.791  -19.574  62.239 0.0000000000
137964  47.204  -21.562  61.574 0.0000000000
143130  33.428  -29.851  75.856 0.0000000000
61278  34.240  -27.710  76.664 0.0000000000
62410  35.700  -26.006  76.464 0.0000000000
141778  36.781  -24.965  76.194 0.0000000000
61321  38.116  -27.615  74.097 0.0000000000
61305  38.332  -26.757  74.700 0.0000000000
63510  39.075  -24.815  75.248 0.0000000000
63525  40.902  -25.170  74.333 0.0000000000
138369  42.185  -25.927  73.045 0.0000000000
62480  43.207  -26.554  71.028 0.0000000000
154528  43.530  -27.121  69.631 0.0000000000
60218  43.758  -29.119  70.418 0.0000000000
57875  33.518  -30.493  77.193 0.0000000000
57874  35.707  -30.717  77.130 0.0000000000
133836  36.811  -31.677  75.306 0.0000000000
153223  36.447  -33.911  75.152 0.0000000000
138202  36.917  -32.771  74.371 0.0000000000
74436  58.053  -16.137  50.216 0.0000000000
75310  50.463  -13.788  56.136 0.0000000000
74358  52.319  -15.213  57.056 0.0000000000
72198  53.653  -17.243  57.643 0.0000000000
72220  53.037  -18.134  57.138 0.0000000000
70143  51.400  -19.715  58.851 0.0000000000
71160  51.468  -19.274  57.323 0.0000000000
138739  50.566  -18.482  54.949 0.0000000000
152234  37.075  -25.896  71.956 0.0000000000
63643  44.901  -25.737  63.840 0.0000000000
64722  45.887  -24.525  63.775 0.0000000000
65814  47.298  -22.980  64.479 0.0000000000
66951  48.820  -21.967  65.639 0.0000000000
66948  50.755  -21.626  65.546 0.0000000000
64664  48.767  -23.077  67.969 0.0000000000
64679  50.786  -23.896  65.877 0.0000000000
65811  51.667  -23.391  64.029 0.0000000000
63641  50.936  -25.640  63.777 0.0000000000
60240  44.898  -28.559  67.864 0.0000000000
59140  46.617  -29.305  67.325 0.0000000000
48013  24.655  -39.300  79.715 0.0000000000
48025  24.212  -38.882  79.639 0.0000000000
49074  24.454  -38.454  79.807 0.0000000000
49073  25.017  -38.841  79.834 0.0000000000
46937  24.825  -39.984  79.491 0.0000000000
65842  44.626  -23.531  62.589 0.0000000000
65841  45.250  -23.007  63.005 0.0000000000
64731  45.250  -24.084  63.162 0.0000000000
76292  52.764  -12.200  57.364 0.0000000000
63565  43.933  -25.305  71.206 0.0000000000
63564  44.927  -24.466  70.946 0.0000000000
63590  45.510  -25.520  69.521 0.0000000000
62498  44.389  -26.164  69.593 0.0000000000
44914  29.354  -43.115  77.050 0.0000000000
45912  29.355  -42.343  77.341 0.0000000000
43860  29.801  -43.567  76.592 0.0000000000
43869  30.334  -43.855  76.065 0.0000000000
69082  44.258  -20.539  61.032 0.0000000000
69100  44.828  -19.404  61.191 0.0000000000
68116  49.602  -21.071  63.419 0.0000000000
67007  50.069  -22.345  62.875 0.0000000000
67006  50.964  -22.401  63.458 0.0000000000
57889  36.983  -30.206  75.217 0.0000000000
59023  36.803  -29.324  75.665 0.0000000000
52542  33.939  -35.696  76.713 0.0000000000
52530  32.414  -35.079  76.960 0.0000000000
149577  32.802  -34.617  77.180 0.0000000000
53550  32.961  -33.910  77.292 0.0000000000
53549  33.779  -33.700  77.375 0.0000000000
54623  34.669  -33.371  77.147 0.0000000000
53560  34.817  -34.308  76.726 0.0000000000
76349  56.683  -13.057  54.806 0.0000000000
76348  57.047  -12.453  54.217 0.0000000000
75344  56.989  -13.601  54.122 0.0000000000
75356  57.033  -14.277  53.175 0.0000000000
75357  56.223  -14.932  53.030 0.0000000000
140236  49.349  -16.334  58.965 0.0000000000
73305  50.315  -16.893  58.369 0.0000000000
73280  51.084  -17.188  59.394 0.0000000000
69150  47.744  -20.944  55.918 0.0000000000
63512  36.067  -24.740  75.179 0.0000000000
63528  35.329  -25.517  74.246 0.0000000000
64592  36.634  -24.574  74.533 0.0000000000
62481  40.015  -25.936  70.262 0.0000000000
62501  39.374  -26.790  69.609 0.0000000000
65766  46.295  -22.996  68.447 0.0000000000
157517  44.991  -24.060  67.557 0.0000000000
64683  46.169  -24.287  66.356 0.0000000000
64666  46.652  -23.249  67.566 0.0000000000
65781  47.611  -22.860  67.606 0.0000000000
61408  49.614  -28.433  65.683 0.0000000000
61424  49.531  -27.348  65.651 0.0000000000
61423  50.176  -28.039  65.224 0.0000000000
61422  50.437  -27.969  64.782 0.0000000000
46947  26.139  -40.441  79.006 0.0000000000
154729  26.879  -40.309  78.706 0.0000000000
44874  26.849  -41.667  78.526 0.0000000000
138872  27.861  -42.335  77.876 0.0000000000
44893  27.070  -42.348  78.126 0.0000000000
43848  27.004  -43.069  77.573 0.0000000000
44894  26.339  -42.544  77.926 0.0000000000
135919  43.604  -22.762  61.407 0.0000000000
67034  42.780  -22.371  60.247 0.0000000000
67021  44.248  -21.823  61.646 0.0000000000
156920  44.166  -21.263  61.268 0.0000000000
68120  45.055  -21.019  62.196 0.0000000000
66992  46.686  -21.179  63.689 0.0000000000
66991  47.543  -20.613  64.136 0.0000000000
68091  48.440  -20.363  64.335 0.0000000000
48041  32.140  -40.003  76.598 0.0000000000
136589  32.256  -39.189  76.600 0.0000000000
48040  33.002  -39.650  76.245 0.0000000000
49126  35.348  -38.847  75.000 0.0000000000
49115  34.754  -38.849  75.490 0.0000000000
50214  34.774  -38.026  75.653 0.0000000000
50193  34.489  -37.341  75.940 0.0000000000
143425  35.567  -37.323  75.032 0.0000000000
51417  35.769  -36.719  74.840 0.0000000000
137864  54.348  -11.654  56.764 0.0000000000
77437  55.207  -11.924  56.182 0.0000000000
77436  55.664  -11.947  56.005 0.0000000000
76311  55.392  -12.614  56.351 0.0000000000
75306  55.344  -13.640  56.507 0.0000000000
76312  54.990  -12.647  57.137 0.0000000000
74357  54.386  -15.274  56.911 0.0000000000
73321  54.117  -16.427  57.107 0.0000000000
146661  54.250  -16.689  56.395 0.0000000000
72185  44.651  -16.840  59.074 0.0000000000
73285  45.244  -16.426  58.667 0.0000000000
72184  45.437  -16.510  59.658 0.0000000000
71107  47.195  -16.928  60.090 0.0000000000
72169  47.752  -16.418  60.130 0.0000000000
73266  48.263  -16.241  60.043 0.0000000000
70147  46.833  -20.048  57.621 0.0000000000
70146  48.075  -20.339  57.783 0.0000000000
69122  47.639  -20.836  57.095 0.0000000000
64575  40.715  -24.001  74.571 0.0000000000
65682  40.189  -23.364  74.230 0.0000000000
135321  41.475  -23.219  73.556 0.0000000000
65703  42.978  -22.992  72.120 0.0000000000
65704  42.264  -23.032  72.507 0.0000000000
64615  42.598  -23.084  71.753 0.0000000000
64630  41.043  -24.388  71.272 0.0000000000
64628  42.801  -23.401  70.889 0.0000000000
64637  45.857  -23.238  70.131 0.0000000000
65731  45.021  -22.834  70.012 0.0000000000
65729  45.974  -22.863  69.149 0.0000000000
64636  46.330  -23.085  69.632 0.0000000000
64648  47.036  -23.565  69.292 0.0000000000
62515  46.467  -26.048  68.037 0.0000000000
62540  46.822  -26.575  67.211 0.0000000000
160245  47.365  -27.437  66.540 0.0000000000
61410  46.419  -27.587  66.857 0.0000000000
48057  27.852  -39.845  76.539 0.0000000000
46984  28.532  -40.282  76.725 0.0000000000
46971  29.706  -40.861  77.098 0.0000000000
46970  30.790  -40.696  76.899 0.0000000000
46969  31.451  -40.631  76.751 0.0000000000
136181  31.056  -41.383  76.865 0.0000000000
70115  43.275  -19.738  59.175 0.0000000000
149734  43.522  -18.314  58.494 0.0000000000
71094  45.013  -18.414  60.970 0.0000000000
147170  45.586  -18.296  60.780 0.0000000000
70112  45.914  -18.640  61.170 0.0000000000
69098  46.420  -19.517  61.733 0.0000000000
68141  46.439  -20.843  61.133 0.0000000000
135879  45.891  -21.631  60.608 0.0000000000
68118  46.638  -19.616  62.543 0.0000000000
132998  46.326  -19.428  62.194 0.0000000000
154278  47.138  -19.618  62.671 0.0000000000
158880  47.750  -21.528  61.917 0.0000000000
67019  47.627  -22.673  61.507 0.0000000000
67020  46.849  -22.807  61.056 0.0000000000
60126  33.816  -28.916  77.035 0.0000000000
157635  33.863  -28.355  76.609 0.0000000000
152924  34.208  -28.305  77.125 0.0000000000
61275  36.064  -27.162  76.485 0.0000000000
158708  35.503  -27.315  76.773 0.0000000000
62409  36.160  -25.858  76.395 0.0000000000
152614  37.015  -25.645  76.073 0.0000000000
60169  37.993  -28.269  73.615 0.0000000000
60187  38.243  -28.510  72.917 0.0000000000
61319  40.079  -26.916  73.795 0.0000000000
61320  38.951  -27.166  73.916 0.0000000000
62432  39.300  -26.408  74.444 0.0000000000
62421  38.606  -25.666  75.248 0.0000000000
62420  39.586  -25.624  74.750 0.0000000000
62419  40.294  -25.645  74.397 0.0000000000
150254  40.760  -26.325  73.885 0.0000000000
148375  42.158  -27.983  72.772 0.0000000000
62447  41.788  -26.782  73.269 0.0000000000
62446  42.370  -26.842  72.635 0.0000000000
62462  42.969  -25.968  71.813 0.0000000000
61352  42.768  -27.246  71.890 0.0000000000
61362  43.087  -27.684  71.168 0.0000000000
60208  43.390  -28.760  71.300 0.0000000000
142621  31.803  -37.783  76.684 0.0000000000
50215  30.937  -37.399  76.179 0.0000000000
50196  31.377  -37.319  76.548 0.0000000000
55683  32.765  -32.646  76.594 0.0000000000
55698  33.101  -32.356  75.497 0.0000000000
56778  33.044  -31.733  76.494 0.0000000000
57891  33.258  -30.646  76.389 0.0000000000
56765  33.326  -31.392  77.169 0.0000000000
55671  35.684  -32.418  76.818 0.0000000000
56764  35.600  -31.634  77.149 0.0000000000
55670  36.163  -32.194  76.386 0.0000000000
56763  36.319  -31.358  76.504 0.0000000000
55682  36.566  -31.922  75.874 0.0000000000
53573  36.135  -34.460  75.355 0.0000000000
55711  37.020  -32.596  73.356 0.0000000000
74422  57.200  -15.224  51.557 0.0000000000
132948  57.462  -15.799  50.737 0.0000000000
133081  56.931  -16.383  50.019 0.0000000000
74392  54.953  -15.831  54.745 0.0000000000
141904  45.770  -16.357  58.125 0.0000000000
159180  45.404  -17.375  56.636 0.0000000000
72222  46.051  -16.961  57.068 0.0000000000
73345  50.090  -16.047  55.733 0.0000000000
74378  50.504  -15.495  55.993 0.0000000000
74359  51.478  -15.465  56.622 0.0000000000
72199  52.958  -17.993  58.801 0.0000000000
133913  53.229  -17.566  58.166 0.0000000000
71146  53.308  -18.077  58.104 0.0000000000
72219  53.553  -17.663  57.337 0.0000000000
71159  52.662  -18.758  57.915 0.0000000000
70130  50.705  -19.772  59.081 0.0000000000
70129  51.562  -19.333  59.394 0.0000000000
70144  50.413  -20.164  58.352 0.0000000000
70173  49.747  -19.553  55.868 0.0000000000
70172  50.382  -19.814  56.968 0.0000000000
71170  50.729  -18.975  55.941 0.0000000000
71171  49.929  -18.909  54.986 0.0000000000
64605  38.725  -24.168  73.336 0.0000000000
63542  37.381  -25.340  72.627 0.0000000000
63556  37.774  -25.770  71.818 0.0000000000
64652  42.972  -24.534  68.984 0.0000000000
137105  43.956  -25.109  67.015 0.0000000000
63634  45.387  -25.568  64.625 0.0000000000
63633  46.001  -25.079  64.727 0.0000000000
63642  45.690  -25.215  64.097 0.0000000000
64712  46.349  -24.604  64.449 0.0000000000
64721  46.566  -23.839  64.127 0.0000000000
64711  47.172  -23.837  64.824 0.0000000000
65795  49.126  -22.239  66.628 0.0000000000
66950  49.581  -21.610  65.769 0.0000000000
65794  50.228  -22.046  66.293 0.0000000000
63599  48.168  -24.499  68.374 0.0000000000
63598  48.747  -24.245  67.928 0.0000000000
157938  50.689  -25.323  65.314 0.0000000000
141349  50.213  -24.430  66.377 0.0000000000
139502  51.351  -23.729  65.081 0.0000000000
64697  51.240  -24.735  64.735 0.0000000000
150442  51.091  -24.878  63.632 0.0000000000
140357  50.958  -25.989  64.332 0.0000000000
61445  50.041  -27.476  63.467 0.0000000000
60230  43.716  -28.332  69.277 0.0000000000
61378  44.237  -27.814  68.329 0.0000000000
60229  44.500  -29.066  68.720 0.0000000000
48023  25.761  -39.730  79.362 0.0000000000
134408  25.519  -40.802  78.992 0.0000000000
154936  25.852  -42.124  78.183 0.0000000000
45904  24.915  -41.134  78.631 0.0000000000
67010  45.323  -21.779  62.728 0.0000000000
144235  44.766  -22.676  62.511 0.0000000000
65828  46.621  -22.746  63.883 0.0000000000
46980  34.490  -40.705  75.242 0.0000000000
48054  33.843  -40.175  75.709 0.0000000000
48068  35.066  -40.257  74.888 0.0000000000
48067  35.466  -39.611  74.499 0.0000000000
77414  53.910  -11.617  57.135 0.0000000000
76290  54.336  -13.086  57.398 0.0000000000
76291  53.631  -12.539  57.541 0.0000000000
75287  53.113  -13.452  57.505 0.0000000000
149223  53.450  -14.676  57.401 0.0000000000
71109  45.764  -17.529  60.623 0.0000000000
72171  45.970  -16.754  60.300 0.0000000000
71108  46.354  -17.093  60.408 0.0000000000
71128  47.713  -18.121  59.370 0.0000000000
63538  42.532  -24.810  73.135 0.0000000000
64587  42.122  -23.382  73.398 0.0000000000
63537  43.235  -24.141  72.632 0.0000000000
64614  43.874  -23.592  72.032 0.0000000000
65702  43.638  -23.084  71.687 0.0000000000
65714  44.053  -22.844  71.049 0.0000000000
64626  45.020  -23.461  71.000 0.0000000000
63563  45.601  -23.808  70.638 0.0000000000
63576  46.132  -24.161  70.109 0.0000000000
63589  46.391  -25.014  69.597 0.0000000000
62529  45.559  -26.595  67.869 0.0000000000
46959  28.821  -40.922  77.439 0.0000000000
44891  30.008  -41.959  77.238 0.0000000000
45928  30.654  -42.063  76.926 0.0000000000
143429  31.414  -42.279  76.563 0.0000000000
136875  30.981  -42.899  76.550 0.0000000000
68147  42.949  -20.900  59.480 0.0000000000
69108  43.412  -20.266  59.643 0.0000000000
70114  43.821  -19.346  59.968 0.0000000000
71111  44.225  -18.512  60.118 0.0000000000
70095  44.552  -19.140  60.700 0.0000000000
70094  45.230  -18.802  61.210 0.0000000000
159471  46.028  -18.947  61.183 0.0000000000
69051  47.966  -19.908  63.550 0.0000000000
69065  47.718  -19.827  62.992 0.0000000000
134009  49.177  -22.966  62.121 0.0000000000
65854  48.356  -23.643  61.579 0.0000000000
65839  49.957  -23.704  62.401 0.0000000000
64729  50.464  -24.447  62.795 0.0000000000
59009  35.604  -29.777  77.168 0.0000000000
139441  35.395  -28.901  77.196 0.0000000000
59008  36.187  -29.303  76.540 0.0000000000
60140  36.437  -28.334  76.136 0.0000000000
60139  37.054  -28.404  75.252 0.0000000000
60186  39.005  -28.072  72.597 0.0000000000
61337  41.047  -27.101  73.361 0.0000000000
51383  32.557  -36.725  76.725 0.0000000000
51384  31.728  -36.382  76.591 0.0000000000
51368  32.075  -35.690  76.721 0.0000000000
53575  31.931  -34.681  76.393 0.0000000000
134434  32.203  -34.099  76.731 0.0000000000
55673  32.786  -33.153  77.150 0.0000000000
55665  33.006  -32.905  77.242 0.0000000000
158739  33.383  -31.869  77.346 0.0000000000
54615  33.834  -32.868  77.500 0.0000000000
136394  35.287  -32.909  76.930 0.0000000000
54622  35.904  -32.926  76.303 0.0000000000
76376  57.620  -13.763  52.741 0.0000000000
74411  56.824  -14.861  52.385 0.0000000000
74423  56.716  -15.573  51.318 0.0000000000
73360  53.931  -16.735  54.721 0.0000000000
73307  47.391  -16.029  58.311 0.0000000000
73327  48.127  -16.814  56.915 0.0000000000
73326  49.016  -16.809  56.290 0.0000000000
142361  50.016  -16.854  56.977 0.0000000000
140219  51.916  -16.558  57.379 0.0000000000
72200  52.206  -17.625  59.132 0.0000000000
140154  52.383  -18.355  59.310 0.0000000000
69120  49.460  -20.514  57.794 0.0000000000
70161  50.127  -20.350  57.705 0.0000000000
70174  48.943  -19.962  55.664 0.0000000000
157944  34.890  -25.884  75.539 0.0000000000
63554  39.381  -25.222  71.563 0.0000000000
63555  38.566  -25.538  71.693 0.0000000000
62463  38.924  -25.937  70.943 0.0000000000
62483  38.502  -26.567  70.408 0.0000000000
64650  44.557  -23.664  68.582 0.0000000000
157853  44.102  -24.192  68.150 0.0000000000
63600  44.456  -24.266  67.743 0.0000000000
63614  44.737  -24.616  66.977 0.0000000000
141757  44.419  -25.469  66.215 0.0000000000
63613  45.273  -24.908  66.250 0.0000000000
64682  47.705  -23.325  66.044 0.0000000000
65780  48.472  -22.605  67.238 0.0000000000
65779  48.928  -22.597  67.313 0.0000000000
63612  49.131  -25.359  66.811 0.0000000000
62538  49.628  -26.319  65.793 0.0000000000
62554  50.700  -26.909  64.198 0.0000000000
62546  50.612  -26.972  64.602 0.0000000000
48044  27.590  -39.895  77.579 0.0000000000
48032  27.098  -39.763  78.198 0.0000000000
46960  27.992  -41.082  78.136 0.0000000000
45914  27.561  -41.708  78.237 0.0000000000
44892  28.519  -42.881  77.463 0.0000000000
149731  28.863  -43.738  76.818 0.0000000000
155419  28.785  -44.279  76.309 0.0000000000
43861  28.054  -44.124  76.618 0.0000000000
43871  27.418  -44.337  76.036 0.0000000000
44895  25.674  -42.522  77.652 0.0000000000
69066  45.714  -19.717  62.140 0.0000000000
68104  46.604  -20.051  63.193 0.0000000000
68105  46.016  -21.036  63.156 0.0000000000
68103  47.838  -19.972  63.809 0.0000000000
68102  48.582  -20.092  64.011 0.0000000000
68101  49.582  -20.568  64.176 0.0000000000
57909  37.606  -30.186  73.230 0.0000000000
141487  31.159  -39.326  76.726 0.0000000000
49105  31.031  -38.897  76.654 0.0000000000
49104  31.381  -38.415  76.641 0.0000000000
49103  32.011  -38.488  76.706 0.0000000000
50194  32.590  -37.718  76.628 0.0000000000
48039  33.843  -39.228  75.855 0.0000000000
143212  33.501  -37.129  76.424 0.0000000000
51381  34.196  -36.524  76.312 0.0000000000
154770  34.730  -36.014  76.243 0.0000000000
140291  35.375  -35.007  76.112 0.0000000000
52553  35.367  -35.832  75.828 0.0000000000
52564  36.014  -35.934  74.547 0.0000000000
52576  35.860  -35.824  73.417 0.0000000000
152972  56.167  -12.973  55.362 0.0000000000
75328  56.193  -13.788  55.196 0.0000000000
75346  55.881  -14.677  54.589 0.0000000000
74376  55.548  -14.521  55.598 0.0000000000
74377  54.995  -15.556  55.609 0.0000000000
75307  54.740  -13.956  56.949 0.0000000000
73344  53.787  -17.097  55.682 0.0000000000
72239  53.333  -17.623  56.402 0.0000000000
72202  44.524  -17.073  57.958 0.0000000000
73284  46.042  -15.885  59.075 0.0000000000
73268  46.104  -16.164  59.837 0.0000000000
149564  46.768  -15.918  59.758 0.0000000000
140343  46.808  -15.760  59.042 0.0000000000
73283  47.690  -15.832  59.548 0.0000000000
73282  48.839  -16.093  59.723 0.0000000000
73265  49.424  -16.626  60.130 0.0000000000
73264  50.522  -17.177  60.011 0.0000000000
71105  50.476  -17.966  60.096 0.0000000000
71126  50.135  -18.777  59.729 0.0000000000
70131  49.617  -19.756  58.844 0.0000000000
70132  48.411  -19.501  58.578 0.0000000000
70145  49.120  -20.455  58.092 0.0000000000
69135  48.053  -20.912  56.768 0.0000000000
64577  38.539  -23.886  75.278 0.0000000000
64591  37.377  -24.194  74.545 0.0000000000
64590  38.443  -23.784  74.500 0.0000000000
64589  39.441  -23.491  74.022 0.0000000000
64604  39.599  -23.818  73.132 0.0000000000
65691  42.015  -23.006  73.078 0.0000000000
64603  40.479  -23.433  73.039 0.0000000000
64618  39.908  -24.363  72.260 0.0000000000
63553  40.195  -24.826  71.417 0.0000000000
63567  40.459  -25.286  70.657 0.0000000000
63580  41.422  -25.261  69.750 0.0000000000
64641  42.041  -24.464  70.204 0.0000000000
64640  42.871  -23.984  69.926 0.0000000000
64639  43.716  -23.563  69.680 0.0000000000
65732  44.371  -22.950  70.346 0.0000000000
64638  44.502  -23.250  69.467 0.0000000000
65749  45.250  -22.987  69.306 0.0000000000
64647  47.417  -22.970  68.749 0.0000000000
63588  46.998  -24.980  69.165 0.0000000000
62528  47.478  -25.488  68.103 0.0000000000
156871  48.021  -26.694  66.568 0.0000000000
61409  48.563  -27.675  66.101 0.0000000000
48069  30.418  -39.531  75.179 0.0000000000
46994  29.600  -40.392  75.794 0.0000000000
48055  30.285  -40.056  76.039 0.0000000000
48043  30.888  -39.741  76.756 0.0000000000
134682  30.962  -40.066  76.843 0.0000000000
45927  31.889  -41.695  76.504 0.0000000000
45926  32.697  -42.044  75.942 0.0000000000
45944  33.320  -41.490  75.742 0.0000000000
71131  44.452  -17.376  59.563 0.0000000000
70113  45.712  -19.395  59.771 0.0000000000
68127  47.380  -20.231  62.268 0.0000000000
152877  46.718  -21.603  61.222 0.0000000000
59034  33.672  -29.594  74.910 0.0000000000
61291  34.007  -27.408  75.734 0.0000000000
61276  35.152  -27.453  76.926 0.0000000000
61277  34.838  -27.188  76.778 0.0000000000
159859  34.571  -26.455  75.638 0.0000000000
63499  35.613  -25.528  76.163 0.0000000000
149625  35.959  -24.925  76.033 0.0000000000
63498  37.387  -24.388  75.913 0.0000000000
59045  37.684  -29.173  73.640 0.0000000000
60154  37.567  -28.354  74.334 0.0000000000
61306  37.451  -27.361  75.011 0.0000000000
60168  38.608  -27.848  73.364 0.0000000000
62408  37.685  -26.188  75.543 0.0000000000
63511  38.368  -24.779  75.644 0.0000000000
63496  38.470  -24.269  75.513 0.0000000000
64576  39.272  -24.074  75.161 0.0000000000
63509  40.026  -24.680  74.854 0.0000000000
63524  41.562  -24.893  74.031 0.0000000000
62430  41.385  -26.005  73.761 0.0000000000
63539  41.926  -25.512  73.555 0.0000000000
138337  42.792  -25.380  72.573 0.0000000000
135306  43.714  -26.268  70.294 0.0000000000
134712  43.272  -27.087  70.365 0.0000000000
61369  43.342  -28.021  70.257 0.0000000000
60217  44.450  -29.585  69.794 0.0000000000
150177  43.649  -29.755  71.321 0.0000000000
59096  44.223  -30.096  70.593 0.0000000000
49116  30.779  -38.532  75.918 0.0000000000
135589  31.303  -36.419  76.310 0.0000000000
59024  33.511  -29.734  76.751 0.0000000000
57857  34.238  -29.701  77.601 0.0000000000
56753  33.601  -31.280  77.434 0.0000000000
137705  35.007  -30.895  77.591 0.0000000000
149627  34.888  -30.104  77.628 0.0000000000
152489  36.320  -30.425  76.545 0.0000000000
56777  36.726  -31.000  75.799 0.0000000000
56790  37.060  -31.063  74.843 0.0000000000
53574  35.695  -34.375  75.965 0.0000000000
54628  36.125  -33.620  75.726 0.0000000000
153219  36.601  -33.212  75.188 0.0000000000
136402  36.684  -33.687  74.524 0.0000000000
55697  36.730  -32.391  75.239 0.0000000000
154544  24.485  -36.881  79.717 0.0000000000
156522  58.083  -16.584  49.657 0.0000000000
75309  51.578  -13.907  56.826 0.0000000000
75308  52.697  -14.465  57.277 0.0000000000
73322  53.100  -15.727  57.517 0.0000000000
73323  52.605  -16.154  57.444 0.0000000000
73302  53.267  -16.756  57.882 0.0000000000
73301  53.635  -16.301  57.477 0.0000000000
72240  52.374  -17.999  55.872 0.0000000000
71104  51.753  -18.589  59.669 0.0000000000
70128  52.188  -19.147  59.238 0.0000000000
70159  52.056  -19.366  58.528 0.0000000000
70160  50.992  -19.943  58.080 0.0000000000
71169  51.898  -18.547  56.557 0.0000000000
72241  51.322  -18.278  55.365 0.0000000000
72253  50.915  -18.081  54.426 0.0000000000
64733  43.900  -24.984  62.458 0.0000000000
63526  36.927  -24.907  73.575 0.0000000000
63543  36.425  -25.678  72.646 0.0000000000
63625  44.972  -25.645  65.399 0.0000000000
63653  44.455  -25.411  63.102 0.0000000000
64723  45.196  -25.031  63.429 0.0000000000
64732  44.557  -24.523  62.791 0.0000000000
65813  47.920  -22.822  65.243 0.0000000000
66971  48.088  -21.659  64.791 0.0000000000
66970  49.113  -20.989  65.043 0.0000000000
68080  49.848  -20.935  65.148 0.0000000000
66968  51.078  -21.509  64.775 0.0000000000
64663  49.328  -22.963  67.447 0.0000000000
64681  49.484  -24.037  67.263 0.0000000000
64680  49.992  -23.375  66.897 0.0000000000
65778  49.661  -22.518  66.931 0.0000000000
65793  51.017  -22.684  65.707 0.0000000000
135611  51.317  -22.145  65.051 0.0000000000
66989  51.158  -21.874  64.055 0.0000000000
65827  51.389  -23.123  63.638 0.0000000000
64720  51.052  -24.237  63.345 0.0000000000
62571  50.149  -25.959  62.954 0.0000000000
62561  50.742  -26.469  63.890 0.0000000000
62562  50.415  -26.800  63.592 0.0000000000
61379  43.923  -27.105  68.901 0.0000000000
61394  44.871  -27.370  67.813 0.0000000000
61393  45.561  -27.758  67.285 0.0000000000
59127  46.371  -29.863  68.287 0.0000000000
60239  45.750  -29.054  67.567 0.0000000000
60254  46.191  -28.524  67.021 0.0000000000
60253  46.935  -28.556  66.712 0.0000000000
44912  31.653  -42.964  76.192 0.0000000000
44915  26.247  -43.101  77.309 0.0000000000
45902  26.257  -41.247  78.773 0.0000000000
45903  25.674  -41.546  78.560 0.0000000000
48012  25.152  -39.585  79.669 0.0000000000
48024  24.421  -39.696  79.407 0.0000000000
48053  34.602  -39.818  75.379 0.0000000000
50149  24.263  -37.475  79.873 0.0000000000
50213  35.210  -37.487  75.451 0.0000000000
51359  24.324  -36.221  79.424 0.0000000000
51367  32.481  -35.881  76.840 0.0000000000
51398  35.835  -35.929  75.200 0.0000000000
51399  35.491  -36.661  75.342 0.0000000000
52543  33.017  -35.359  77.072 0.0000000000
53551  32.473  -34.251  77.030 0.0000000000
53561  33.668  -34.694  77.143 0.0000000000
53583  36.438  -34.453  74.738 0.0000000000
54614  34.573  -32.705  77.414 0.0000000000
54617  32.758  -33.473  77.137 0.0000000000
54624  32.498  -33.836  77.053 0.0000000000
55663  34.026  -32.108  77.603 0.0000000000
55664  33.310  -32.317  77.344 0.0000000000
56752  34.507  -31.436  77.622 0.0000000000
57858  33.815  -30.316  77.461 0.0000000000
57901  33.594  -30.440  75.057 0.0000000000
59010  33.865  -29.635  77.339 0.0000000000
60125  34.876  -28.322  77.315 0.0000000000
60228  45.469  -29.537  68.477 0.0000000000
61289  36.789  -27.591  75.778 0.0000000000
61290  34.472  -26.963  76.190 0.0000000000
61434  50.507  -27.676  64.356 0.0000000000
62398  35.540  -26.717  76.605 0.0000000000
62399  35.307  -26.739  76.645 0.0000000000
62407  37.722  -25.043  75.968 0.0000000000
62411  35.076  -26.319  76.380 0.0000000000
62422  34.412  -26.408  74.781 0.0000000000
62448  41.329  -26.820  73.451 0.0000000000
62484  37.596  -26.765  70.433 0.0000000000
62500  40.661  -25.771  69.872 0.0000000000
62570  50.625  -26.044  63.530 0.0000000000
63497  37.951  -24.418  75.782 0.0000000000
63508  41.210  -24.448  74.329 0.0000000000
63541  38.211  -25.062  72.526 0.0000000000
63632  51.329  -24.978  64.023 0.0000000000
63650  50.689  -25.225  63.242 0.0000000000
63651  50.138  -25.165  62.681 0.0000000000
64568  37.864  -24.091  75.694 0.0000000000
64569  37.325  -24.125  75.757 0.0000000000
64579  36.953  -24.182  75.397 0.0000000000
64588  41.493  -23.793  74.067 0.0000000000
64600  43.204  -23.358  72.396 0.0000000000
64601  42.738  -23.737  73.088 0.0000000000
64602  41.443  -23.056  72.948 0.0000000000
64613  44.348  -23.171  71.371 0.0000000000
64616  41.731  -23.314  72.014 0.0000000000
64625  45.325  -23.081  70.324 0.0000000000
64629  41.913  -23.878  71.094 0.0000000000
64710  51.556  -24.068  64.313 0.0000000000
64719  51.415  -24.145  63.771 0.0000000000
65672  40.233  -23.578  74.534 0.0000000000
65673  39.473  -23.597  74.731 0.0000000000
65681  40.836  -23.380  74.193 0.0000000000
65693  40.118  -23.347  73.678 0.0000000000
65777  50.353  -22.806  66.495 0.0000000000
65812  51.522  -23.074  64.724 0.0000000000
66949  50.114  -21.469  65.764 0.0000000000
66967  51.497  -22.445  64.307 0.0000000000
66969  50.443  -21.040  65.131 0.0000000000
68088  50.500  -21.063  64.523 0.0000000000
68089  49.969  -20.745  64.710 0.0000000000
72167  50.240  -17.295  60.155 0.0000000000
73346  49.531  -15.940  55.282 0.0000000000
74343  53.440  -15.393  57.425 0.0000000000
75345  56.489  -13.951  54.559 0.0000000000
75374  57.370  -14.570  52.218 0.0000000000
76310  56.161  -12.528  56.034 0.0000000000
77390  54.324  -12.023  57.370 0.0000000000
77391  53.500  -11.841  57.345 0.0000000000
136576  31.629  -39.178  76.703 0.0000000000
138331  35.177  -38.259  75.310 0.0000000000
139552  27.508  -40.437  78.285 0.0000000000
139567  34.609  -27.976  77.099 0.0000000000
140420  33.595  -29.007  76.001 0.0000000000
141299  27.641  -42.844  77.651 0.0000000000
142392  36.159  -25.227  76.307 0.0000000000
145446  50.619  -27.138  64.032 0.0000000000
146434  42.555  -27.991  72.464 0.0000000000
149192  25.015  -40.466  79.200 0.0000000000
150454  36.702  -24.568  75.973 0.0000000000
152164  48.744  -20.699  57.114 0.0000000000
152573  51.006  -17.866  60.051 0.0000000000
153863  34.236  -30.574  77.657 0.0000000000
154619  32.076  -36.337  76.726 0.0000000000
155063  34.335  -28.782  77.400 0.0000000000
155725  37.201  -32.075  73.876 0.0000000000
156506  48.642  -16.598  60.128 0.0000000000
156532  33.842  -40.963  75.591 0.0000000000
156627  50.380  -26.265  65.240 0.0000000000
157447  33.922  -41.988  74.973 0.0000000000
160467  53.776  -13.360  57.500 0.0000000000
