#!ascii label  , from subject sub-v1s5x0050739_ses-1 vox2ras=TkReg
1721
45953  7.318  -41.596  75.087 0.0000000000
70217  38.960  -18.989  51.700 0.0000000000
49212  27.611  -38.045  69.768 0.0000000000
57910  33.832  -30.192  74.045 0.0000000000
53712  19.217  -34.868  67.518 0.0000000000
48062  16.240  -39.099  75.667 0.0000000000
76491  51.836  -13.211  44.357 0.0000000000
76314  51.207  -12.453  56.522 0.0000000000
60285  34.799  -27.815  64.082 0.0000000000
81855  53.455  -8.747  35.656 0.0000000000
49129  26.113  -38.012  74.548 0.0000000000
44940  13.162  -41.907  75.823 0.0000000000
75404  52.883  -13.831  50.629 0.0000000000
73453  46.488  -16.481  48.926 0.0000000000
68180  40.683  -21.864  56.431 0.0000000000
71162  43.648  -18.570  56.684 0.0000000000
62627  38.411  -26.429  57.245 0.0000000000
54728  34.090  -32.885  68.035 0.0000000000
51447  32.024  -35.898  71.815 0.0000000000
52591  21.671  -34.681  72.650 0.0000000000
53568  19.593  -34.805  76.791 0.0000000000
51473  17.585  -36.397  71.241 0.0000000000
48121  13.580  -39.979  70.864 0.0000000000
141909  23.570  -36.366  68.163 0.0000000000
78644  57.975  -11.617  43.767 0.0000000000
78587  58.890  -11.662  49.602 0.0000000000
74406  44.983  -15.426  53.118 0.0000000000
61437  40.638  -27.492  64.369 0.0000000000
60219  33.300  -27.965  69.091 0.0000000000
75518  53.964  -14.333  38.943 0.0000000000
78691  58.229  -10.216  38.196 0.0000000000
81853  60.899  -6.908  35.390 0.0000000000
50198  25.841  -37.278  76.733 0.0000000000
44943  10.152  -42.260  75.556 0.0000000000
44880  12.472  -42.069  78.343 0.0000000000
44883  9.875  -42.413  78.539 0.0000000000
75455  46.232  -14.248  46.626 0.0000000000
65885  42.134  -23.181  59.756 0.0000000000
68148  42.420  -21.141  58.916 0.0000000000
142965  2.114  -43.716  78.374 0.0000000000
132942  37.252  -25.089  53.596 0.0000000000
50352  29.315  -37.333  67.925 0.0000000000
51523  31.486  -36.313  68.694 0.0000000000
50298  30.180  -37.156  70.613 0.0000000000
136660  19.968  -34.389  69.925 0.0000000000
52603  19.202  -34.860  71.392 0.0000000000
52627  18.374  -35.576  69.381 0.0000000000
53709  20.839  -34.375  67.526 0.0000000000
52601  22.284  -35.310  70.487 0.0000000000
51407  17.633  -36.849  75.844 0.0000000000
152723  54.927  -12.764  44.220 0.0000000000
78614  58.353  -11.295  46.839 0.0000000000
156404  55.446  -12.243  46.839 0.0000000000
76366  52.394  -13.402  54.316 0.0000000000
76363  55.527  -12.606  53.172 0.0000000000
72312  39.165  -17.427  49.587 0.0000000000
73438  42.107  -16.430  50.298 0.0000000000
72276  41.411  -16.997  52.570 0.0000000000
60321  34.662  -28.309  62.332 0.0000000000
141262  37.108  -28.543  61.702 0.0000000000
60282  37.796  -28.616  64.650 0.0000000000
55738  33.972  -32.067  71.023 0.0000000000
146868  33.907  -30.618  68.423 0.0000000000
59085  33.717  -28.670  70.827 0.0000000000
75488  50.011  -13.944  41.884 0.0000000000
153806  50.567  -14.068  39.110 0.0000000000
75492  53.430  -14.225  41.508 0.0000000000
76531  56.027  -13.259  41.497 0.0000000000
83928  57.380  -4.886  35.017 0.0000000000
139646  56.507  -8.727  35.338 0.0000000000
79776  59.635  -7.236  35.948 0.0000000000
78715  55.772  -10.925  35.883 0.0000000000
49175  26.572  -38.581  71.530 0.0000000000
48097  29.170  -39.208  72.735 0.0000000000
48072  28.118  -40.080  74.617 0.0000000000
46987  15.438  -40.728  76.097 0.0000000000
46952  17.184  -40.690  79.003 0.0000000000
45906  15.746  -42.029  78.733 0.0000000000
134910  49.360  -12.976  44.895 0.0000000000
139191  52.219  -13.402  47.404 0.0000000000
76433  48.815  -13.435  47.199 0.0000000000
75408  49.618  -14.891  50.217 0.0000000000
75379  49.139  -13.697  52.820 0.0000000000
68205  40.133  -21.347  54.002 0.0000000000
71184  41.846  -18.750  54.100 0.0000000000
69139  41.935  -20.099  56.199 0.0000000000
61441  31.806  -27.164  64.856 0.0000000000
61307  34.166  -26.924  75.185 0.0000000000
45955  5.083  -41.363  75.431 0.0000000000
133497  7.191  -42.473  78.256 0.0000000000
44904  4.517  -42.404  77.588 0.0000000000
68222  37.814  -21.111  51.491 0.0000000000
67103  38.809  -22.810  53.494 0.0000000000
64811  39.479  -24.137  56.543 0.0000000000
63687  41.211  -25.064  59.800 0.0000000000
52657  32.999  -34.994  67.387 0.0000000000
53664  32.976  -34.723  69.972 0.0000000000
143661  33.699  -33.414  72.973 0.0000000000
51419  30.909  -37.043  74.200 0.0000000000
153435  31.966  -34.920  75.520 0.0000000000
52556  23.595  -35.440  75.884 0.0000000000
53553  22.198  -34.286  78.386 0.0000000000
53587  20.401  -34.147  74.190 0.0000000000
51436  18.103  -35.953  73.557 0.0000000000
50256  16.735  -37.671  73.871 0.0000000000
51509  16.569  -37.173  68.791 0.0000000000
49182  15.493  -38.553  71.321 0.0000000000
48089  15.254  -39.421  73.495 0.0000000000
47015  13.558  -40.851  73.816 0.0000000000
136787  11.034  -41.593  73.143 0.0000000000
45992  7.777  -41.301  73.338 0.0000000000
135049  27.105  -37.594  67.538 0.0000000000
51566  24.302  -36.589  65.919 0.0000000000
50321  25.669  -37.716  69.137 0.0000000000
153584  24.419  -37.375  70.860 0.0000000000
50251  24.394  -36.619  73.901 0.0000000000
76427  59.679  -12.971  48.030 0.0000000000
77487  55.856  -12.812  50.386 0.0000000000
72325  43.286  -17.384  47.744 0.0000000000
74429  45.749  -14.460  51.592 0.0000000000
75348  48.140  -13.780  54.141 0.0000000000
141587  44.635  -17.127  54.688 0.0000000000
73347  48.257  -16.772  55.580 0.0000000000
60391  36.960  -28.304  58.545 0.0000000000
134978  39.873  -27.551  61.205 0.0000000000
62575  43.175  -26.400  62.937 0.0000000000
59129  32.595  -28.879  67.042 0.0000000000
144471  33.425  -27.389  67.103 0.0000000000
141448  34.988  -26.512  72.096 0.0000000000
61373  35.937  -27.233  69.085 0.0000000000
60244  37.085  -28.102  66.933 0.0000000000
61396  41.014  -26.955  67.095 0.0000000000
141757  44.419  -25.469  66.215 0.0000000000
78703  53.845  -11.581  36.298 0.0000000000
144778  56.312  -12.576  37.821 0.0000000000
78664  58.456  -10.733  40.895 0.0000000000
48022  26.485  -39.744  78.870 0.0000000000
147115  8.527  -41.932  75.420 0.0000000000
133496  10.037  -42.419  76.939 0.0000000000
151558  7.982  -42.009  76.045 0.0000000000
65859  42.737  -23.722  60.878 0.0000000000
65873  42.961  -22.960  60.755 0.0000000000
42790  0.570  -44.395  76.730 0.0000000000
50317  28.942  -37.578  69.241 0.0000000000
50316  29.814  -37.182  69.068 0.0000000000
50300  28.898  -37.767  70.134 0.0000000000
53692  19.773  -34.572  68.090 0.0000000000
53672  18.950  -35.065  69.265 0.0000000000
52660  18.526  -35.392  67.806 0.0000000000
137023  20.311  -34.028  66.107 0.0000000000
53711  19.791  -34.507  67.251 0.0000000000
53690  20.661  -34.397  68.315 0.0000000000
50202  17.046  -37.650  75.586 0.0000000000
49097  17.437  -38.108  78.259 0.0000000000
143926  53.522  -13.088  44.487 0.0000000000
77528  55.267  -12.250  45.948 0.0000000000
77546  53.861  -12.768  45.879 0.0000000000
76352  51.894  -12.267  55.307 0.0000000000
77450  54.097  -11.977  55.860 0.0000000000
71214  39.216  -18.156  51.371 0.0000000000
159953  40.302  -17.121  50.917 0.0000000000
71204  40.181  -18.018  52.196 0.0000000000
61450  33.367  -27.243  63.557 0.0000000000
60302  34.953  -28.245  63.100 0.0000000000
60301  35.955  -28.600  62.903 0.0000000000
60284  35.646  -28.162  64.420 0.0000000000
56814  34.057  -31.138  72.126 0.0000000000
57931  34.018  -30.595  71.445 0.0000000000
57917  33.977  -30.061  72.220 0.0000000000
150329  50.966  -13.709  42.769 0.0000000000
75486  52.058  -14.124  41.930 0.0000000000
76519  52.308  -13.710  42.796 0.0000000000
133387  54.110  -13.451  43.013 0.0000000000
134564  55.172  -7.489  35.519 0.0000000000
81854  54.424  -8.386  35.518 0.0000000000
80795  55.998  -9.552  35.503 0.0000000000
79780  54.564  -10.259  35.653 0.0000000000
160407  26.427  -38.726  73.131 0.0000000000
48099  27.682  -39.500  72.865 0.0000000000
48073  27.317  -39.429  74.738 0.0000000000
139879  14.320  -41.428  75.652 0.0000000000
45933  15.514  -41.090  76.947 0.0000000000
45922  14.264  -41.854  77.247 0.0000000000
44864  12.890  -41.857  80.224 0.0000000000
45899  14.135  -42.059  79.321 0.0000000000
153539  47.334  -13.157  44.840 0.0000000000
76472  48.863  -12.968  45.659 0.0000000000
76473  47.434  -13.134  45.568 0.0000000000
74473  46.544  -15.270  47.663 0.0000000000
75431  47.896  -14.673  48.335 0.0000000000
74453  48.292  -15.519  49.845 0.0000000000
74425  49.413  -15.109  51.733 0.0000000000
74440  48.152  -15.631  50.808 0.0000000000
68191  40.565  -21.674  55.666 0.0000000000
69153  41.442  -20.589  55.727 0.0000000000
68166  41.113  -21.406  56.892 0.0000000000
135540  47.882  -13.395  43.302 0.0000000000
45937  4.520  -41.870  76.397 0.0000000000
44929  3.354  -42.342  76.702 0.0000000000
67156  36.716  -22.081  50.945 0.0000000000
67117  38.482  -22.446  52.687 0.0000000000
65990  37.704  -23.439  52.436 0.0000000000
135349  37.555  -25.840  55.334 0.0000000000
64824  38.571  -24.509  55.419 0.0000000000
63722  39.161  -24.963  56.800 0.0000000000
64784  40.557  -24.531  58.540 0.0000000000
63705  39.555  -25.658  58.174 0.0000000000
51544  31.983  -36.004  67.032 0.0000000000
51487  31.948  -35.961  70.082 0.0000000000
52624  32.472  -35.437  69.596 0.0000000000
53642  32.925  -34.829  70.907 0.0000000000
53624  33.244  -34.330  71.263 0.0000000000
53606  33.041  -34.774  72.569 0.0000000000
48083  30.048  -39.408  74.092 0.0000000000
49153  30.198  -38.074  72.854 0.0000000000
49127  30.556  -38.722  74.548 0.0000000000
52544  31.832  -35.650  76.567 0.0000000000
54630  32.463  -33.447  76.670 0.0000000000
135542  22.533  -35.116  73.952 0.0000000000
53585  21.752  -34.290  75.051 0.0000000000
53597  20.671  -34.193  73.472 0.0000000000
51472  18.198  -35.805  71.511 0.0000000000
52593  18.636  -35.445  73.045 0.0000000000
51454  17.712  -36.311  72.178 0.0000000000
51423  17.613  -36.570  73.937 0.0000000000
50271  17.099  -36.996  72.622 0.0000000000
51529  16.597  -37.148  67.808 0.0000000000
48135  14.228  -39.464  70.395 0.0000000000
49201  14.792  -38.952  69.917 0.0000000000
48134  14.873  -39.040  70.862 0.0000000000
49164  15.576  -38.653  72.190 0.0000000000
48105  14.421  -39.699  72.215 0.0000000000
47014  14.193  -40.444  73.838 0.0000000000
47031  13.280  -40.495  72.446 0.0000000000
45990  9.604  -41.627  73.196 0.0000000000
141894  28.098  -37.451  66.013 0.0000000000
142026  26.429  -37.459  65.973 0.0000000000
51568  23.100  -35.756  66.640 0.0000000000
51546  24.096  -36.631  67.503 0.0000000000
50356  24.945  -37.179  67.657 0.0000000000
50341  24.414  -37.090  68.994 0.0000000000
50302  24.627  -37.476  70.182 0.0000000000
50323  24.182  -37.041  69.651 0.0000000000
153299  22.289  -35.280  71.349 0.0000000000
51471  22.869  -35.862  71.437 0.0000000000
52589  22.754  -35.573  72.704 0.0000000000
51421  23.943  -36.060  74.508 0.0000000000
53555  20.592  -34.284  77.903 0.0000000000
133503  6.998  -42.611  79.413 0.0000000000
44868  8.475  -42.515  79.456 0.0000000000
78637  59.237  -10.928  45.088 0.0000000000
78599  58.654  -11.316  48.196 0.0000000000
78612  59.891  -11.398  47.271 0.0000000000
77500  59.579  -12.413  48.558 0.0000000000
77492  59.113  -12.616  49.956 0.0000000000
76415  52.515  -13.606  48.912 0.0000000000
76413  54.068  -13.227  48.533 0.0000000000
76395  54.310  -13.492  50.419 0.0000000000
77468  56.917  -12.034  52.801 0.0000000000
74430  43.635  -15.184  51.382 0.0000000000
73414  43.526  -15.714  50.646 0.0000000000
75384  45.200  -14.594  51.751 0.0000000000
75381  47.128  -13.821  52.512 0.0000000000
74404  46.569  -14.846  53.341 0.0000000000
71173  43.014  -18.943  55.298 0.0000000000
71182  43.447  -18.247  54.898 0.0000000000
71161  44.338  -18.152  56.271 0.0000000000
60393  35.628  -28.664  58.997 0.0000000000
136519  38.769  -28.260  63.047 0.0000000000
60338  38.720  -28.136  61.151 0.0000000000
61463  40.351  -27.579  62.561 0.0000000000
62577  41.722  -26.864  62.318 0.0000000000
61435  42.165  -26.977  64.069 0.0000000000
54752  34.211  -32.931  66.464 0.0000000000
56888  34.226  -31.612  67.151 0.0000000000
59113  33.286  -28.723  68.818 0.0000000000
132841  33.214  -29.670  67.415 0.0000000000
59128  32.893  -28.637  67.846 0.0000000000
61404  32.856  -27.700  67.165 0.0000000000
61403  33.246  -27.546  67.786 0.0000000000
135992  34.368  -26.679  73.125 0.0000000000
62502  38.215  -27.058  69.810 0.0000000000
61384  36.636  -27.600  68.408 0.0000000000
61382  38.488  -27.781  68.458 0.0000000000
60241  39.277  -28.093  67.078 0.0000000000
62519  40.642  -26.685  68.601 0.0000000000
75520  52.564  -14.460  39.075 0.0000000000
77615  53.856  -13.117  37.150 0.0000000000
77614  55.086  -12.934  37.102 0.0000000000
76563  55.266  -13.613  38.661 0.0000000000
148974  56.807  -12.562  42.669 0.0000000000
77582  57.159  -12.263  40.880 0.0000000000
150388  57.892  -11.618  42.186 0.0000000000
79715  59.599  -10.210  42.293 0.0000000000
152787  58.890  -6.888  34.678 0.0000000000
144646  59.611  -7.518  36.778 0.0000000000
80765  60.562  -7.334  37.546 0.0000000000
80758  59.702  -8.585  39.046 0.0000000000
49118  26.280  -37.935  75.555 0.0000000000
48058  27.267  -39.276  75.805 0.0000000000
143218  27.138  -39.224  77.093 0.0000000000
44942  11.418  -42.214  75.591 0.0000000000
44899  13.356  -42.001  77.437 0.0000000000
44922  11.750  -42.282  76.586 0.0000000000
44881  11.593  -42.177  78.511 0.0000000000
44866  11.219  -41.902  80.177 0.0000000000
74485  45.568  -15.033  46.701 0.0000000000
73491  45.250  -15.943  46.986 0.0000000000
67065  40.888  -22.514  57.542 0.0000000000
68153  41.778  -21.411  58.248 0.0000000000
67051  42.045  -21.969  59.027 0.0000000000
158752  43.488  -21.819  60.793 0.0000000000
43865  2.097  -43.291  76.932 0.0000000000
42789  1.357  -43.885  76.796 0.0000000000
142667  1.375  -44.409  78.639 0.0000000000
160353  36.862  -24.403  52.201 0.0000000000
62646  37.087  -26.458  55.429 0.0000000000
51545  31.287  -36.478  67.394 0.0000000000
51505  30.663  -36.741  68.749 0.0000000000
154001  30.833  -36.714  70.332 0.0000000000
51468  31.469  -36.369  71.412 0.0000000000
53628  20.973  -34.282  71.135 0.0000000000
53630  19.793  -34.447  71.868 0.0000000000
53649  19.716  -34.535  70.812 0.0000000000
52615  18.665  -35.346  70.121 0.0000000000
51493  17.438  -36.456  70.409 0.0000000000
133948  12.905  -40.348  70.846 0.0000000000
47080  11.843  -40.488  69.820 0.0000000000
52675  22.260  -35.014  66.535 0.0000000000
52641  22.247  -35.318  68.016 0.0000000000
51507  22.991  -36.023  69.362 0.0000000000
52626  21.732  -34.895  69.232 0.0000000000
53669  21.134  -34.407  69.622 0.0000000000
51391  18.371  -36.069  76.576 0.0000000000
77556  56.354  -12.261  44.514 0.0000000000
78628  58.396  -11.321  45.474 0.0000000000
77543  56.625  -11.964  45.383 0.0000000000
77514  56.357  -11.983  47.214 0.0000000000
136020  56.681  -11.986  48.036 0.0000000000
75375  52.927  -13.933  52.065 0.0000000000
76378  54.491  -13.309  52.336 0.0000000000
76365  53.431  -13.422  53.839 0.0000000000
77437  55.207  -11.924  56.182 0.0000000000
72327  41.060  -17.345  48.656 0.0000000000
73417  40.935  -16.950  50.139 0.0000000000
73400  41.578  -16.287  50.995 0.0000000000
73390  43.315  -15.864  52.757 0.0000000000
72201  45.229  -16.941  57.525 0.0000000000
60362  34.473  -28.555  60.546 0.0000000000
60360  36.164  -28.603  60.480 0.0000000000
151141  35.835  -28.626  61.923 0.0000000000
60298  38.025  -28.498  63.233 0.0000000000
60280  39.096  -28.237  64.605 0.0000000000
55771  33.983  -32.091  69.394 0.0000000000
136185  34.150  -31.454  68.064 0.0000000000
56860  34.014  -31.382  69.833 0.0000000000
152532  33.813  -29.745  69.745 0.0000000000
59097  33.549  -28.618  69.789 0.0000000000
75497  48.607  -13.729  41.018 0.0000000000
140097  49.123  -13.591  39.510 0.0000000000
75504  50.254  -14.371  40.372 0.0000000000
136341  52.046  -14.636  40.283 0.0000000000
157195  54.115  -14.398  40.335 0.0000000000
76543  55.437  -13.672  40.378 0.0000000000
76533  54.805  -13.768  41.677 0.0000000000
77575  56.066  -12.932  42.842 0.0000000000
83930  55.289  -5.285  35.643 0.0000000000
82933  56.780  -6.757  35.295 0.0000000000
81867  59.237  -7.393  35.133 0.0000000000
80793  60.743  -6.639  35.852 0.0000000000
80794  57.336  -9.337  35.498 0.0000000000
138060  57.157  -10.183  35.829 0.0000000000
78699  57.540  -10.803  36.869 0.0000000000
49192  27.302  -38.356  70.550 0.0000000000
49173  28.255  -38.595  71.288 0.0000000000
48115  27.905  -39.158  72.043 0.0000000000
48084  29.214  -39.753  73.577 0.0000000000
48070  29.664  -40.098  74.806 0.0000000000
48048  15.874  -39.933  76.122 0.0000000000
137818  16.653  -39.312  77.630 0.0000000000
46977  15.819  -40.499  76.796 0.0000000000
45919  16.492  -41.429  78.584 0.0000000000
44878  14.142  -41.915  78.215 0.0000000000
45898  14.884  -42.224  78.950 0.0000000000
76492  50.901  -13.173  44.241 0.0000000000
76469  52.466  -13.149  45.970 0.0000000000
133723  50.635  -13.098  45.739 0.0000000000
76431  50.895  -13.457  47.200 0.0000000000
76417  50.895  -13.694  48.449 0.0000000000
75454  47.423  -13.914  47.214 0.0000000000
75430  49.337  -14.059  48.531 0.0000000000
133821  50.982  -14.289  50.289 0.0000000000
75393  51.464  -14.477  51.740 0.0000000000
75361  50.354  -13.386  53.635 0.0000000000
76368  49.732  -12.628  54.188 0.0000000000
69185  39.584  -20.369  52.700 0.0000000000
70199  40.708  -19.119  53.194 0.0000000000
69174  41.076  -20.121  54.129 0.0000000000
70178  41.890  -19.962  55.295 0.0000000000
70163  42.943  -18.964  57.169 0.0000000000
69114  42.217  -20.427  58.103 0.0000000000
70151  42.525  -19.577  57.588 0.0000000000
71149  43.493  -18.346  57.672 0.0000000000
61440  32.804  -26.984  64.520 0.0000000000
60155  33.732  -28.691  74.822 0.0000000000
76536  47.281  -13.093  41.277 0.0000000000
76535  48.698  -13.695  41.827 0.0000000000
76508  49.636  -13.446  43.328 0.0000000000
83921  50.899  -6.468  36.723 0.0000000000
82922  51.454  -7.426  36.496 0.0000000000
133283  5.845  -41.294  75.034 0.0000000000
44926  7.309  -42.037  76.564 0.0000000000
45936  5.685  -41.862  76.419 0.0000000000
44903  5.409  -42.339  77.687 0.0000000000
44871  5.427  -42.762  80.009 0.0000000000
43851  3.176  -42.900  77.922 0.0000000000
157110  37.926  -18.537  50.672 0.0000000000
69205  37.253  -20.003  50.798 0.0000000000
69194  38.432  -20.368  51.687 0.0000000000
68212  39.245  -21.173  52.722 0.0000000000
67102  39.519  -22.145  53.928 0.0000000000
67085  39.796  -22.711  55.521 0.0000000000
64847  38.113  -24.110  53.779 0.0000000000
65950  38.913  -23.793  55.187 0.0000000000
65940  39.982  -23.386  56.676 0.0000000000
65906  40.786  -23.689  58.234 0.0000000000
64766  41.472  -24.291  59.558 0.0000000000
64745  42.754  -24.411  61.231 0.0000000000
54741  33.738  -33.796  67.720 0.0000000000
52658  32.406  -35.614  67.840 0.0000000000
52623  32.923  -34.869  69.051 0.0000000000
54729  33.683  -33.593  68.668 0.0000000000
54695  33.541  -33.479  70.277 0.0000000000
55739  33.814  -32.761  71.563 0.0000000000
56804  33.872  -31.703  73.855 0.0000000000
155381  29.288  -38.262  71.619 0.0000000000
50266  30.548  -37.332  72.271 0.0000000000
51448  31.479  -36.383  72.246 0.0000000000
51400  30.962  -36.798  75.432 0.0000000000
51418  31.293  -36.293  74.573 0.0000000000
52577  32.615  -35.236  73.164 0.0000000000
53584  33.203  -34.046  74.149 0.0000000000
54636  33.331  -33.182  74.640 0.0000000000
56792  33.461  -31.424  75.127 0.0000000000
51370  24.777  -36.131  78.371 0.0000000000
53564  22.921  -34.634  77.612 0.0000000000
53566  21.564  -34.039  76.486 0.0000000000
53579  19.865  -34.429  75.702 0.0000000000
53611  19.668  -34.532  72.731 0.0000000000
142127  19.400  -34.707  74.061 0.0000000000
52571  18.565  -35.600  74.865 0.0000000000
51406  18.121  -36.110  75.346 0.0000000000
145212  17.247  -37.202  75.031 0.0000000000
49134  16.385  -38.287  74.295 0.0000000000
52661  17.838  -35.960  68.117 0.0000000000
51528  17.179  -36.569  68.445 0.0000000000
50324  16.890  -36.928  70.222 0.0000000000
50326  15.596  -38.188  68.548 0.0000000000
49217  15.962  -37.854  70.012 0.0000000000
50305  16.540  -37.485  71.347 0.0000000000
49163  16.173  -38.155  72.604 0.0000000000
49147  16.264  -38.224  73.448 0.0000000000
48077  16.034  -38.970  74.739 0.0000000000
46998  15.173  -40.217  74.794 0.0000000000
46999  14.545  -40.603  74.539 0.0000000000
45964  13.367  -41.329  74.483 0.0000000000
46004  12.547  -40.947  72.682 0.0000000000
45987  12.428  -41.281  73.412 0.0000000000
45966  11.605  -41.846  74.338 0.0000000000
45968  9.963  -41.871  74.000 0.0000000000
45969  9.117  -41.749  74.031 0.0000000000
45970  7.507  -41.454  74.279 0.0000000000
45994  5.848  -40.893  74.104 0.0000000000
45972  5.095  -40.964  74.665 0.0000000000
157872  29.146  -37.370  66.694 0.0000000000
50353  28.054  -37.563  67.508 0.0000000000
50338  27.624  -37.683  68.280 0.0000000000
50377  26.019  -37.461  66.682 0.0000000000
137874  26.355  -37.602  67.900 0.0000000000
50320  26.406  -37.906  69.289 0.0000000000
49194  25.754  -38.076  70.472 0.0000000000
149689  25.262  -37.928  71.595 0.0000000000
50267  25.073  -37.708  72.325 0.0000000000
51490  23.315  -36.337  70.831 0.0000000000
50268  23.984  -36.799  72.115 0.0000000000
50233  25.056  -37.088  74.283 0.0000000000
51420  24.601  -36.549  74.840 0.0000000000
51386  24.876  -36.256  76.994 0.0000000000
133498  8.025  -42.404  77.846 0.0000000000
157265  10.028  -42.164  80.074 0.0000000000
134745  60.173  -11.188  46.625 0.0000000000
77515  54.056  -12.808  47.131 0.0000000000
77503  55.450  -12.662  48.677 0.0000000000
77495  56.572  -12.366  49.900 0.0000000000
76377  55.333  -13.001  51.915 0.0000000000
77477  56.804  -12.201  52.074 0.0000000000
78575  58.215  -12.154  50.868 0.0000000000
73493  43.723  -16.391  46.424 0.0000000000
72323  44.957  -17.061  48.011 0.0000000000
73455  42.509  -16.738  49.739 0.0000000000
73435  44.900  -16.857  49.615 0.0000000000
73412  46.150  -16.207  50.345 0.0000000000
75396  47.088  -13.786  52.035 0.0000000000
76356  48.571  -13.082  53.891 0.0000000000
75330  49.546  -13.456  55.399 0.0000000000
160401  41.612  -17.993  53.628 0.0000000000
72266  43.240  -16.922  53.829 0.0000000000
132886  44.740  -16.356  53.772 0.0000000000
159180  45.404  -17.375  56.636 0.0000000000
73348  46.626  -16.892  55.395 0.0000000000
73365  46.582  -16.505  54.435 0.0000000000
73363  48.392  -16.065  54.594 0.0000000000
74379  49.877  -14.994  55.526 0.0000000000
61525  36.426  -27.715  56.432 0.0000000000
133034  37.643  -27.612  57.738 0.0000000000
135662  36.866  -28.467  59.941 0.0000000000
61498  38.170  -28.041  59.827 0.0000000000
134752  39.261  -26.856  59.068 0.0000000000
62595  40.352  -26.650  60.323 0.0000000000
63666  42.057  -25.760  61.278 0.0000000000
63653  44.455  -25.411  63.102 0.0000000000
57970  34.047  -30.942  67.529 0.0000000000
60272  31.882  -28.125  66.132 0.0000000000
61430  32.739  -27.289  65.849 0.0000000000
61429  33.854  -27.183  65.699 0.0000000000
136924  33.788  -28.316  72.804 0.0000000000
61353  33.916  -27.351  71.748 0.0000000000
61374  33.968  -27.503  70.095 0.0000000000
62486  35.470  -26.882  70.431 0.0000000000
62521  34.176  -27.267  69.051 0.0000000000
61385  35.601  -27.342  68.277 0.0000000000
61415  35.102  -27.397  66.660 0.0000000000
60270  35.745  -27.974  65.223 0.0000000000
60268  37.170  -28.525  65.262 0.0000000000
60266  38.894  -28.393  65.495 0.0000000000
61426  40.513  -27.537  65.246 0.0000000000
139243  42.533  -25.621  67.763 0.0000000000
62542  42.644  -26.178  66.551 0.0000000000
62557  41.825  -26.936  65.038 0.0000000000
62555  43.747  -26.506  64.480 0.0000000000
80783  52.445  -9.507  36.350 0.0000000000
79781  53.862  -10.255  35.755 0.0000000000
150327  55.373  -11.461  36.081 0.0000000000
77622  56.235  -11.965  36.686 0.0000000000
78683  57.589  -11.258  38.646 0.0000000000
77596  56.533  -12.737  39.546 0.0000000000
78672  57.656  -11.369  39.558 0.0000000000
78682  58.210  -10.397  39.140 0.0000000000
79729  60.328  -9.197  40.936 0.0000000000
50161  24.979  -37.471  79.600 0.0000000000
147661  25.510  -39.125  79.550 0.0000000000
158193  7.838  -41.791  75.445 0.0000000000
136333  8.831  -42.184  76.110 0.0000000000
65843  43.885  -23.918  62.153 0.0000000000
156881  43.699  -23.312  61.762 0.0000000000
132798  28.022  -37.783  69.049 0.0000000000
50318  28.315  -37.865  69.729 0.0000000000
53693  19.144  -34.941  68.398 0.0000000000
137200  16.800  -38.351  76.308 0.0000000000
49111  17.162  -37.986  77.258 0.0000000000
139520  16.882  -38.630  77.453 0.0000000000
76490  52.717  -13.197  44.502 0.0000000000
76489  54.006  -12.843  45.096 0.0000000000
132879  53.131  -13.033  45.344 0.0000000000
76336  50.975  -12.059  55.777 0.0000000000
77439  52.399  -11.779  56.492 0.0000000000
77416  51.844  -11.938  56.504 0.0000000000
71213  39.798  -17.864  51.634 0.0000000000
71205  39.606  -18.564  51.985 0.0000000000
61439  33.825  -27.272  64.240 0.0000000000
157470  34.246  -27.677  63.544 0.0000000000
144575  35.552  -28.321  63.667 0.0000000000
57918  34.016  -30.854  73.186 0.0000000000
134337  33.911  -29.835  73.187 0.0000000000
155229  51.516  -13.471  43.410 0.0000000000
76506  52.471  -13.397  43.678 0.0000000000
133371  53.167  -13.300  43.898 0.0000000000
80796  54.967  -9.492  35.497 0.0000000000
80797  54.052  -9.522  35.592 0.0000000000
49142  26.053  -38.254  73.548 0.0000000000
146742  26.707  -38.831  73.965 0.0000000000
145927  13.818  -41.734  75.913 0.0000000000
45935  14.346  -41.679  76.401 0.0000000000
44920  13.617  -41.903  76.532 0.0000000000
76495  46.752  -13.292  44.358 0.0000000000
136908  46.573  -13.393  45.266 0.0000000000
74463  46.889  -15.733  48.403 0.0000000000
74462  47.543  -15.355  48.657 0.0000000000
73452  47.169  -16.054  49.147 0.0000000000
73433  47.451  -15.983  49.777 0.0000000000
68179  41.005  -21.205  56.123 0.0000000000
44947  3.019  -42.081  75.961 0.0000000000
155542  36.470  -22.737  50.966 0.0000000000
67138  37.013  -22.655  51.388 0.0000000000
66009  36.648  -23.298  51.344 0.0000000000
62634  37.990  -25.985  56.128 0.0000000000
63723  38.563  -25.458  56.419 0.0000000000
63715  38.792  -25.712  57.058 0.0000000000
63714  39.379  -25.280  57.468 0.0000000000
62626  38.982  -26.078  57.709 0.0000000000
51467  32.013  -35.951  70.958 0.0000000000
52611  32.490  -35.418  70.483 0.0000000000
52600  32.523  -35.404  71.362 0.0000000000
53625  33.009  -34.781  71.777 0.0000000000
52587  32.574  -35.349  72.230 0.0000000000
48069  30.418  -39.531  75.179 0.0000000000
49116  30.779  -38.532  75.918 0.0000000000
52580  22.218  -35.014  73.194 0.0000000000
52569  21.903  -34.575  74.106 0.0000000000
53609  21.034  -34.293  72.644 0.0000000000
50289  17.080  -36.962  71.748 0.0000000000
48120  14.304  -39.576  71.330 0.0000000000
47030  13.969  -40.156  72.557 0.0000000000
47046  13.785  -40.058  71.835 0.0000000000
51547  23.346  -36.086  67.408 0.0000000000
51525  24.293  -36.883  68.319 0.0000000000
51526  23.711  -36.596  69.006 0.0000000000
141472  21.518  -34.615  71.821 0.0000000000
52590  22.284  -35.214  72.222 0.0000000000
142288  20.233  -34.302  76.838 0.0000000000
158580  6.854  -42.633  80.527 0.0000000000
44870  7.496  -42.585  80.367 0.0000000000
78643  58.820  -11.042  43.590 0.0000000000
78642  59.896  -10.569  44.446 0.0000000000
154582  58.743  -11.148  44.275 0.0000000000
78595  58.238  -11.525  49.013 0.0000000000
78594  59.114  -11.478  48.802 0.0000000000
76400  59.384  -12.921  49.231 0.0000000000
77493  59.071  -11.989  49.971 0.0000000000
156187  52.584  -13.758  49.808 0.0000000000
76414  53.334  -13.537  49.196 0.0000000000
76404  53.485  -13.656  50.070 0.0000000000
74417  43.800  -15.206  52.155 0.0000000000
144492  44.431  -14.882  51.566 0.0000000000
74416  44.607  -14.928  52.309 0.0000000000
75366  46.085  -14.302  52.761 0.0000000000
74405  45.765  -15.120  53.203 0.0000000000
71172  43.706  -18.586  55.731 0.0000000000
59219  34.970  -28.712  59.132 0.0000000000
61464  39.589  -27.881  63.057 0.0000000000
60316  39.095  -28.088  62.371 0.0000000000
61448  40.472  -27.555  63.426 0.0000000000
61447  41.137  -27.285  62.857 0.0000000000
138699  41.304  -27.267  63.712 0.0000000000
54740  34.096  -33.159  67.231 0.0000000000
55801  34.248  -32.478  67.178 0.0000000000
60231  32.945  -27.964  68.359 0.0000000000
61387  33.602  -27.503  68.535 0.0000000000
140708  39.340  -26.351  70.247 0.0000000000
61370  38.880  -27.278  69.207 0.0000000000
62520  39.840  -26.976  69.007 0.0000000000
61381  39.352  -27.592  68.380 0.0000000000
139883  40.462  -26.411  69.271 0.0000000000
75519  53.305  -14.370  38.826 0.0000000000
156083  52.340  -14.073  38.424 0.0000000000
76564  53.663  -14.034  38.263 0.0000000000
76578  53.319  -13.588  37.702 0.0000000000
144514  53.954  -13.634  37.722 0.0000000000
76576  55.140  -13.372  37.844 0.0000000000
135201  54.464  -13.824  38.264 0.0000000000
77565  57.294  -12.112  43.252 0.0000000000
155257  57.382  -12.089  42.573 0.0000000000
78652  57.970  -11.616  42.997 0.0000000000
78651  58.747  -10.967  42.707 0.0000000000
81866  60.496  -6.734  35.296 0.0000000000
82946  60.151  -6.179  34.763 0.0000000000
81865  60.635  -6.763  35.139 0.0000000000
80808  60.771  -7.347  35.124 0.0000000000
79757  58.312  -9.810  37.195 0.0000000000
80773  59.904  -7.410  37.475 0.0000000000
136298  58.994  -8.708  37.796 0.0000000000
80766  59.718  -8.083  38.260 0.0000000000
79750  58.894  -9.279  38.715 0.0000000000
50217  25.872  -37.364  75.899 0.0000000000
49117  26.735  -38.479  76.193 0.0000000000
49106  26.519  -38.383  77.265 0.0000000000
156610  10.720  -42.228  75.380 0.0000000000
44923  10.664  -42.337  76.177 0.0000000000
133500  10.341  -42.402  77.768 0.0000000000
133501  11.060  -42.316  77.923 0.0000000000
44882  10.771  -42.281  78.577 0.0000000000
134615  11.370  -42.043  79.360 0.0000000000
134614  10.456  -42.188  79.524 0.0000000000
74486  44.249  -15.612  46.185 0.0000000000
73492  44.564  -16.189  46.680 0.0000000000
67044  41.809  -22.800  59.125 0.0000000000
67052  41.434  -22.387  58.310 0.0000000000
44931  1.560  -43.225  76.098 0.0000000000
42777  1.088  -44.429  77.561 0.0000000000
42772  0.509  -45.053  78.227 0.0000000000
50351  29.832  -37.171  67.154 0.0000000000
51524  30.601  -36.802  67.760 0.0000000000
50335  29.933  -37.128  68.207 0.0000000000
140954  29.622  -37.363  69.891 0.0000000000
51489  30.388  -36.898  69.724 0.0000000000
51469  30.874  -36.767  71.049 0.0000000000
53648  20.433  -34.271  70.580 0.0000000000
52628  17.907  -35.970  69.854 0.0000000000
53726  20.396  -34.248  66.857 0.0000000000
139666  20.869  -34.068  66.216 0.0000000000
53725  21.287  -34.407  66.751 0.0000000000
52659  21.716  -34.847  67.496 0.0000000000
52642  21.585  -34.839  68.383 0.0000000000
159034  21.183  -34.563  67.924 0.0000000000
53670  20.424  -34.347  69.180 0.0000000000
137313  20.590  -34.274  69.941 0.0000000000
53647  21.108  -34.337  70.367 0.0000000000
51376  17.917  -36.780  77.162 0.0000000000
139493  55.619  -12.754  43.747 0.0000000000
77557  55.410  -12.477  44.655 0.0000000000
136280  56.282  -11.968  46.210 0.0000000000
147163  55.668  -12.364  47.876 0.0000000000
75359  52.701  -13.907  53.191 0.0000000000
76379  53.607  -13.610  52.711 0.0000000000
138481  40.125  -17.263  49.701 0.0000000000
72285  41.075  -16.804  51.698 0.0000000000
72296  40.870  -16.798  50.809 0.0000000000
73392  41.764  -16.318  51.833 0.0000000000
73391  42.420  -15.835  51.882 0.0000000000
72275  42.172  -16.548  52.753 0.0000000000
60363  33.490  -28.382  60.494 0.0000000000
138855  34.929  -28.557  61.494 0.0000000000
60342  35.743  -28.633  61.173 0.0000000000
60283  37.073  -28.592  64.285 0.0000000000
60300  37.023  -28.639  63.268 0.0000000000
60299  37.655  -28.581  63.906 0.0000000000
140347  38.365  -28.475  64.071 0.0000000000
55754  33.955  -32.090  70.216 0.0000000000
56844  34.015  -31.489  70.556 0.0000000000
57945  33.916  -29.724  71.199 0.0000000000
150990  33.999  -30.572  70.477 0.0000000000
156290  33.825  -29.478  70.410 0.0000000000
75496  49.367  -13.939  41.479 0.0000000000
75505  49.458  -14.110  40.650 0.0000000000
143371  50.159  -14.256  41.166 0.0000000000
75494  51.837  -14.545  41.004 0.0000000000
75493  52.719  -14.411  41.300 0.0000000000
75502  52.633  -14.599  40.488 0.0000000000
75501  53.402  -14.491  40.762 0.0000000000
75491  54.095  -14.194  41.197 0.0000000000
76504  54.698  -13.104  43.511 0.0000000000
76503  55.365  -13.154  42.961 0.0000000000
77566  56.564  -12.497  43.511 0.0000000000
159799  55.916  -7.914  35.412 0.0000000000
82934  55.871  -6.696  35.523 0.0000000000
134894  56.698  -7.744  35.252 0.0000000000
133870  57.760  -7.465  34.924 0.0000000000
148523  57.734  -8.264  35.146 0.0000000000
79778  56.360  -10.268  35.712 0.0000000000
78713  57.409  -10.450  36.246 0.0000000000
78714  56.567  -10.855  36.052 0.0000000000
160388  26.927  -38.507  70.998 0.0000000000
49174  27.401  -38.700  71.345 0.0000000000
49156  27.172  -39.036  72.192 0.0000000000
48085  28.251  -39.900  73.606 0.0000000000
144753  28.809  -40.208  74.306 0.0000000000
159444  15.438  -40.337  75.467 0.0000000000
45920  15.729  -41.549  77.868 0.0000000000
45905  16.841  -41.604  78.881 0.0000000000
141456  16.025  -42.216  78.784 0.0000000000
151426  12.894  -42.052  77.880 0.0000000000
44879  13.331  -41.941  78.414 0.0000000000
76493  49.964  -13.174  44.164 0.0000000000
133722  50.304  -13.009  44.961 0.0000000000
76450  49.270  -13.136  46.389 0.0000000000
76449  50.083  -13.180  46.361 0.0000000000
138498  49.688  -13.321  47.007 0.0000000000
157970  50.728  -13.575  47.796 0.0000000000
76418  50.125  -13.710  48.148 0.0000000000
152076  46.937  -13.852  46.759 0.0000000000
75419  48.814  -14.746  49.162 0.0000000000
138932  48.495  -14.360  48.440 0.0000000000
75418  49.557  -14.504  49.415 0.0000000000
75429  50.206  -14.006  48.957 0.0000000000
75417  50.286  -14.364  49.811 0.0000000000
75406  51.608  -14.208  50.803 0.0000000000
132796  50.853  -14.603  51.170 0.0000000000
74414  49.722  -14.779  52.292 0.0000000000
75378  50.087  -14.225  52.921 0.0000000000
149131  50.509  -12.580  54.501 0.0000000000
75362  49.454  -13.101  53.495 0.0000000000
69176  39.890  -20.809  53.247 0.0000000000
154346  40.752  -19.801  53.560 0.0000000000
69175  40.496  -20.486  53.713 0.0000000000
70177  42.521  -19.568  55.721 0.0000000000
70164  42.474  -19.587  56.660 0.0000000000
70136  42.844  -19.625  58.465 0.0000000000
70150  42.990  -18.856  58.059 0.0000000000
149734  43.522  -18.314  58.494 0.0000000000
144704  32.446  -27.167  65.255 0.0000000000
156611  47.128  -13.181  41.930 0.0000000000
133053  47.903  -13.447  41.724 0.0000000000
133944  48.299  -13.290  43.932 0.0000000000
76509  48.748  -13.446  43.266 0.0000000000
134155  49.040  -13.231  44.077 0.0000000000
148984  5.794  -41.624  75.797 0.0000000000
141467  5.092  -41.703  76.137 0.0000000000
44928  4.176  -42.172  76.886 0.0000000000
44927  5.053  -42.045  76.881 0.0000000000
44886  5.744  -42.527  78.472 0.0000000000
44887  4.797  -42.620  78.518 0.0000000000
44906  2.877  -42.814  77.184 0.0000000000
43852  2.490  -43.304  77.700 0.0000000000
71224  37.409  -18.527  50.331 0.0000000000
68223  37.096  -21.331  51.005 0.0000000000
69206  36.853  -20.656  50.679 0.0000000000
145705  37.361  -20.661  51.036 0.0000000000
69195  37.809  -20.140  51.230 0.0000000000
69186  39.062  -20.418  52.203 0.0000000000
68213  38.586  -21.169  52.077 0.0000000000
67116  39.072  -21.995  53.117 0.0000000000
67094  39.654  -22.468  54.762 0.0000000000
67095  39.214  -22.806  54.278 0.0000000000
64848  37.187  -24.605  52.839 0.0000000000
65973  37.790  -23.922  52.989 0.0000000000
155728  37.626  -24.517  53.443 0.0000000000
64823  39.080  -24.091  55.844 0.0000000000
65949  39.492  -23.422  55.872 0.0000000000
65927  40.486  -23.327  57.461 0.0000000000
65928  40.000  -23.967  57.204 0.0000000000
64767  40.986  -24.626  59.207 0.0000000000
64757  41.790  -24.657  60.232 0.0000000000
63676  42.224  -25.003  60.901 0.0000000000
142978  33.149  -34.931  66.355 0.0000000000
53704  33.487  -34.361  67.046 0.0000000000
151945  33.316  -34.502  67.785 0.0000000000
141865  31.745  -36.173  67.937 0.0000000000
51522  32.025  -35.946  68.491 0.0000000000
53685  33.352  -34.337  68.465 0.0000000000
53663  33.347  -34.193  69.263 0.0000000000
54713  33.597  -33.487  69.489 0.0000000000
154738  33.360  -34.028  69.913 0.0000000000
139809  33.379  -34.148  71.871 0.0000000000
54681  33.527  -33.598  71.192 0.0000000000
54663  33.644  -33.464  72.123 0.0000000000
55725  33.880  -32.701  72.483 0.0000000000
55712  33.807  -32.684  73.546 0.0000000000
49155  28.759  -38.843  72.034 0.0000000000
49154  29.529  -38.555  72.345 0.0000000000
149957  30.589  -37.892  73.866 0.0000000000
50249  30.774  -37.262  73.130 0.0000000000
50265  31.012  -36.831  72.521 0.0000000000
51434  31.350  -36.478  73.276 0.0000000000
52554  31.542  -35.478  76.207 0.0000000000
135717  31.227  -36.105  75.663 0.0000000000
52566  31.728  -35.582  75.028 0.0000000000
52578  31.946  -35.741  73.810 0.0000000000
52565  32.522  -34.912  74.359 0.0000000000
54629  32.722  -33.076  75.783 0.0000000000
156817  33.592  -32.289  74.472 0.0000000000
52545  24.238  -35.642  77.626 0.0000000000
52533  23.573  -35.009  78.267 0.0000000000
52547  22.954  -34.805  76.411 0.0000000000
53586  21.110  -34.110  74.388 0.0000000000
160218  21.678  -34.140  75.711 0.0000000000
53577  21.159  -33.963  75.605 0.0000000000
154487  20.536  -34.051  75.974 0.0000000000
53578  20.495  -34.096  75.041 0.0000000000
53610  20.263  -34.272  72.693 0.0000000000
52582  19.248  -34.829  73.286 0.0000000000
52583  18.729  -35.326  74.019 0.0000000000
52570  19.198  -34.963  74.952 0.0000000000
51422  18.082  -36.011  74.414 0.0000000000
50255  17.115  -37.071  73.478 0.0000000000
50238  17.178  -37.147  74.298 0.0000000000
50239  16.840  -37.704  74.702 0.0000000000
51508  17.163  -36.621  69.495 0.0000000000
50325  16.508  -37.281  69.702 0.0000000000
49233  15.082  -38.654  68.435 0.0000000000
49200  15.418  -38.448  70.406 0.0000000000
49199  16.003  -37.958  70.906 0.0000000000
49181  16.080  -38.061  71.761 0.0000000000
48104  15.068  -39.283  72.636 0.0000000000
49148  15.691  -38.752  73.041 0.0000000000
49135  15.851  -38.859  73.884 0.0000000000
48078  15.500  -39.563  74.329 0.0000000000
132720  13.775  -40.463  73.170 0.0000000000
47000  13.958  -40.866  74.322 0.0000000000
45949  14.122  -41.125  74.931 0.0000000000
135142  12.978  -41.203  73.830 0.0000000000
47047  12.314  -40.666  71.282 0.0000000000
47032  12.657  -40.694  72.023 0.0000000000
46005  11.811  -41.324  72.867 0.0000000000
45988  11.692  -41.609  73.666 0.0000000000
45967  10.862  -41.870  74.021 0.0000000000
45991  8.716  -41.519  73.300 0.0000000000
139967  8.329  -41.587  74.019 0.0000000000
45993  6.829  -41.077  73.760 0.0000000000
47001  5.028  -40.705  73.948 0.0000000000
50375  27.630  -37.516  66.766 0.0000000000
151982  24.914  -36.999  66.174 0.0000000000
146514  25.569  -37.276  65.904 0.0000000000
50378  25.291  -37.216  66.775 0.0000000000
137004  24.977  -37.355  68.616 0.0000000000
50340  25.663  -37.537  68.225 0.0000000000
50339  26.347  -37.740  68.636 0.0000000000
49214  26.078  -38.016  69.872 0.0000000000
50286  25.093  -37.821  70.824 0.0000000000
50287  24.580  -37.444  71.623 0.0000000000
52612  22.351  -35.416  69.670 0.0000000000
51491  22.875  -35.895  70.180 0.0000000000
51451  23.376  -36.168  72.658 0.0000000000
51470  23.374  -36.346  71.733 0.0000000000
51450  24.127  -36.703  72.990 0.0000000000
140010  24.894  -37.266  73.254 0.0000000000
146687  23.588  -35.615  75.072 0.0000000000
51402  24.146  -35.978  75.380 0.0000000000
52555  24.232  -35.829  76.390 0.0000000000
52521  23.200  -35.007  79.392 0.0000000000
48035  16.744  -39.899  78.299 0.0000000000
49089  17.211  -38.975  78.641 0.0000000000
48028  17.456  -39.758  79.215 0.0000000000
154126  6.690  -42.128  76.974 0.0000000000
44902  7.303  -42.270  77.360 0.0000000000
152013  8.812  -42.386  80.480 0.0000000000
44867  9.442  -42.377  79.553 0.0000000000
44852  9.693  -42.161  80.741 0.0000000000
141204  10.616  -41.946  80.759 0.0000000000
44851  11.131  -41.776  81.954 0.0000000000
143278  58.710  -11.180  46.263 0.0000000000
78613  59.519  -11.067  46.865 0.0000000000
77512  59.918  -12.020  47.788 0.0000000000
158876  52.099  -13.288  46.372 0.0000000000
76468  53.198  -13.000  46.235 0.0000000000
76446  53.368  -13.052  46.974 0.0000000000
76402  54.885  -13.084  49.037 0.0000000000
77496  55.650  -12.754  49.449 0.0000000000
77502  56.328  -12.268  48.857 0.0000000000
77476  57.368  -12.108  51.888 0.0000000000
77485  57.639  -12.052  51.364 0.0000000000
152085  58.269  -12.314  51.399 0.0000000000
140049  58.347  -12.722  51.203 0.0000000000
143325  42.850  -17.198  47.102 0.0000000000
72367  43.077  -16.788  46.586 0.0000000000
72346  43.606  -17.052  46.983 0.0000000000
72345  44.200  -17.198  47.628 0.0000000000
72324  44.408  -17.287  48.385 0.0000000000
73439  41.449  -16.846  50.016 0.0000000000
73456  41.909  -16.952  49.552 0.0000000000
74444  44.203  -15.111  51.034 0.0000000000
73436  43.824  -16.413  49.920 0.0000000000
73413  44.392  -15.789  50.479 0.0000000000
155060  45.350  -16.283  50.224 0.0000000000
74442  46.277  -15.147  50.922 0.0000000000
74428  46.574  -14.279  51.598 0.0000000000
75364  47.872  -13.525  53.333 0.0000000000
159351  47.847  -13.497  52.886 0.0000000000
76355  49.113  -12.813  54.383 0.0000000000
75347  48.860  -13.404  54.688 0.0000000000
70198  41.225  -19.344  53.805 0.0000000000
142314  41.208  -18.516  53.444 0.0000000000
72255  43.764  -17.429  54.458 0.0000000000
72256  42.982  -17.697  54.213 0.0000000000
73367  43.966  -16.656  53.879 0.0000000000
132813  47.357  -16.976  55.975 0.0000000000
72221  46.581  -17.069  56.257 0.0000000000
73364  47.482  -16.554  54.771 0.0000000000
151232  47.680  -15.840  54.190 0.0000000000
60401  36.375  -28.381  57.829 0.0000000000
61515  36.692  -28.001  57.176 0.0000000000
61514  37.281  -27.424  56.926 0.0000000000
60400  37.127  -28.004  57.762 0.0000000000
60340  37.140  -28.455  60.851 0.0000000000
61484  39.342  -27.759  60.864 0.0000000000
61485  38.769  -27.914  60.377 0.0000000000
134861  39.325  -27.503  60.226 0.0000000000
61497  38.892  -27.487  59.551 0.0000000000
62608  39.685  -26.896  59.768 0.0000000000
61483  39.869  -27.286  60.585 0.0000000000
62576  42.499  -26.601  62.663 0.0000000000
62587  41.453  -26.525  61.402 0.0000000000
63655  42.989  -26.024  62.354 0.0000000000
63654  43.727  -25.872  62.828 0.0000000000
59141  33.036  -29.860  66.518 0.0000000000
59142  32.245  -28.928  66.354 0.0000000000
60260  32.277  -28.321  66.674 0.0000000000
61418  32.414  -27.763  66.499 0.0000000000
61417  33.124  -27.362  66.524 0.0000000000
61416  34.051  -27.224  66.553 0.0000000000
61308  33.856  -27.692  74.680 0.0000000000
60170  33.788  -28.443  73.810 0.0000000000
61323  33.862  -27.560  73.512 0.0000000000
62450  34.620  -26.574  72.698 0.0000000000
154011  34.156  -26.952  72.379 0.0000000000
62468  34.149  -27.103  71.503 0.0000000000
149783  33.955  -27.416  70.931 0.0000000000
62487  34.256  -27.179  70.662 0.0000000000
62503  36.982  -27.061  70.012 0.0000000000
62485  36.505  -26.723  70.710 0.0000000000
62504  36.204  -27.058  69.877 0.0000000000
160000  34.584  -27.196  69.533 0.0000000000
144124  34.939  -27.199  68.987 0.0000000000
61386  34.425  -27.214  68.237 0.0000000000
61399  37.236  -27.936  67.728 0.0000000000
61400  36.354  -27.682  67.591 0.0000000000
61414  36.107  -27.731  66.773 0.0000000000
60259  35.876  -27.837  65.991 0.0000000000
60258  36.715  -28.181  66.092 0.0000000000
60269  36.405  -28.228  65.460 0.0000000000
60257  37.570  -28.448  66.144 0.0000000000
153869  40.399  -27.402  67.348 0.0000000000
60255  39.160  -28.264  66.376 0.0000000000
61413  39.935  -27.818  66.697 0.0000000000
61427  39.757  -27.964  65.705 0.0000000000
61412  40.551  -27.507  66.052 0.0000000000
63592  42.395  -25.347  68.431 0.0000000000
63591  43.087  -25.014  68.132 0.0000000000
63602  43.080  -25.550  67.224 0.0000000000
62541  43.430  -25.944  66.214 0.0000000000
62550  42.521  -26.548  65.736 0.0000000000
157050  43.329  -26.433  65.317 0.0000000000
62556  42.784  -26.720  64.764 0.0000000000
62549  44.096  -26.083  65.374 0.0000000000
139384  51.386  -8.575  37.035 0.0000000000
76555  49.906  -13.888  39.267 0.0000000000
76568  49.669  -12.805  38.811 0.0000000000
76567  50.405  -13.362  38.686 0.0000000000
78704  52.944  -11.364  36.537 0.0000000000
79768  52.711  -10.377  36.407 0.0000000000
79767  53.434  -10.715  36.083 0.0000000000
79766  54.213  -10.915  35.886 0.0000000000
78702  54.696  -11.617  36.153 0.0000000000
77613  55.956  -12.512  37.092 0.0000000000
77612  56.819  -11.862  37.241 0.0000000000
77605  57.022  -12.029  38.160 0.0000000000
76542  56.025  -13.274  40.800 0.0000000000
76552  56.002  -13.269  39.967 0.0000000000
77590  56.570  -12.797  40.417 0.0000000000
78658  57.795  -11.591  41.328 0.0000000000
78665  57.733  -11.487  40.440 0.0000000000
78671  58.325  -10.553  40.018 0.0000000000
79730  59.258  -9.714  40.468 0.0000000000
79722  60.388  -9.530  41.791 0.0000000000
84916  56.518  -4.296  35.202 0.0000000000
49094  26.121  -38.286  78.338 0.0000000000
44944  9.423  -42.112  75.334 0.0000000000
44924  9.708  -42.310  76.151 0.0000000000
133495  9.161  -42.332  76.863 0.0000000000
133499  9.489  -42.427  77.648 0.0000000000
65874  42.443  -23.463  60.347 0.0000000000
158385  42.532  -22.897  60.153 0.0000000000
50337  28.593  -37.546  68.283 0.0000000000
50336  29.320  -37.369  68.551 0.0000000000
50299  29.480  -37.618  70.547 0.0000000000
53671  19.694  -34.609  69.026 0.0000000000
52643  18.461  -35.479  68.667 0.0000000000
53710  20.193  -34.368  67.786 0.0000000000
53691  20.097  -34.392  68.457 0.0000000000
50201  17.365  -37.523  76.604 0.0000000000
76488  54.276  -12.949  44.322 0.0000000000
152859  55.131  -12.362  45.277 0.0000000000
77545  54.572  -12.541  45.594 0.0000000000
77529  54.522  -12.531  46.464 0.0000000000
76367  51.383  -12.709  54.681 0.0000000000
76351  53.145  -12.785  54.963 0.0000000000
76334  52.651  -11.841  55.973 0.0000000000
77438  53.343  -11.629  56.696 0.0000000000
71222  38.976  -17.760  50.670 0.0000000000
72298  39.524  -17.347  50.223 0.0000000000
72287  39.764  -17.475  50.966 0.0000000000
72286  40.344  -17.306  51.539 0.0000000000
71203  40.770  -17.486  52.361 0.0000000000
60303  34.084  -27.844  62.863 0.0000000000
60320  35.307  -28.503  62.321 0.0000000000
138990  36.303  -28.503  63.870 0.0000000000
56830  34.019  -31.981  71.881 0.0000000000
56829  34.040  -31.319  71.247 0.0000000000
59072  33.803  -28.792  71.858 0.0000000000
76521  50.237  -13.721  42.607 0.0000000000
75487  50.969  -14.155  41.838 0.0000000000
76520  51.565  -13.825  42.552 0.0000000000
75485  52.958  -13.985  42.128 0.0000000000
76534  53.931  -13.819  42.165 0.0000000000
76518  53.260  -13.551  43.060 0.0000000000
76505  53.842  -13.249  43.722 0.0000000000
141250  55.474  -8.659  35.423 0.0000000000
79779  55.421  -10.279  35.639 0.0000000000
49157  26.497  -38.740  72.440 0.0000000000
48100  26.982  -39.193  72.989 0.0000000000
48086  27.477  -39.616  73.739 0.0000000000
45948  14.965  -41.300  76.207 0.0000000000
45934  15.008  -41.626  77.078 0.0000000000
45921  14.991  -41.882  78.012 0.0000000000
44863  13.137  -41.875  79.311 0.0000000000
137779  48.253  -13.007  44.859 0.0000000000
149760  48.114  -13.016  45.796 0.0000000000
76451  48.447  -13.181  46.431 0.0000000000
158855  46.199  -14.898  47.105 0.0000000000
74472  47.289  -14.746  47.897 0.0000000000
74461  48.149  -15.080  48.945 0.0000000000
153210  49.062  -15.043  49.844 0.0000000000
74439  49.537  -15.228  51.048 0.0000000000
74452  48.930  -15.361  50.529 0.0000000000
74426  48.667  -15.200  51.481 0.0000000000
74415  48.877  -14.517  52.213 0.0000000000
139797  40.429  -21.504  54.863 0.0000000000
69165  40.755  -20.831  54.460 0.0000000000
69154  40.904  -21.028  55.301 0.0000000000
69140  41.477  -20.722  56.601 0.0000000000
68147  42.949  -20.900  59.480 0.0000000000
76494  47.575  -13.290  44.132 0.0000000000
147289  4.403  -41.573  75.802 0.0000000000
45938  3.841  -41.899  76.241 0.0000000000
44905  3.682  -42.535  77.416 0.0000000000
68233  36.414  -21.374  50.556 0.0000000000
140287  37.377  -21.974  51.426 0.0000000000
67136  38.093  -22.015  51.975 0.0000000000
67137  37.539  -22.557  51.774 0.0000000000
67118  37.890  -22.828  52.246 0.0000000000
65989  38.185  -23.186  52.852 0.0000000000
63741  37.358  -25.461  54.408 0.0000000000
64834  37.772  -24.770  54.111 0.0000000000
63730  38.264  -25.276  55.715 0.0000000000
64812  38.856  -24.704  56.140 0.0000000000
134014  39.659  -24.549  57.249 0.0000000000
158292  39.983  -24.336  57.537 0.0000000000
64797  39.936  -24.790  57.905 0.0000000000
63704  40.095  -25.265  58.560 0.0000000000
63688  40.532  -25.350  59.256 0.0000000000
141108  32.620  -35.459  66.981 0.0000000000
51503  31.960  -35.971  69.212 0.0000000000
53641  33.278  -34.186  70.585 0.0000000000
156300  33.234  -34.469  72.223 0.0000000000
53605  33.419  -34.124  72.643 0.0000000000
49141  29.745  -39.010  73.164 0.0000000000
49140  30.250  -38.664  73.633 0.0000000000
53563  31.954  -35.073  76.685 0.0000000000
54637  32.516  -34.041  75.544 0.0000000000
52557  23.018  -35.092  75.356 0.0000000000
52568  22.460  -34.806  74.759 0.0000000000
160622  18.739  -35.308  71.696 0.0000000000
52592  19.086  -34.926  72.318 0.0000000000
52604  18.420  -35.626  72.255 0.0000000000
51453  18.081  -35.952  72.817 0.0000000000
51437  17.613  -36.490  73.098 0.0000000000
50272  16.657  -37.609  73.032 0.0000000000
50342  16.035  -37.734  68.174 0.0000000000
48152  14.190  -39.392  69.464 0.0000000000
49219  14.709  -39.002  68.993 0.0000000000
48119  14.969  -39.164  71.759 0.0000000000
48090  14.503  -39.934  73.133 0.0000000000
46006  10.345  -41.533  72.691 0.0000000000
45989  10.361  -41.713  73.411 0.0000000000
152377  9.051  -41.431  72.650 0.0000000000
141200  27.266  -37.479  66.008 0.0000000000
50376  26.801  -37.511  66.717 0.0000000000
135545  23.829  -36.353  66.696 0.0000000000
135665  24.573  -36.827  66.787 0.0000000000
50301  25.346  -37.809  69.967 0.0000000000
50322  24.861  -37.471  69.412 0.0000000000
50303  23.992  -36.954  70.445 0.0000000000
160522  22.734  -35.750  70.854 0.0000000000
157580  22.589  -35.556  71.773 0.0000000000
51452  22.876  -35.812  72.086 0.0000000000
51435  23.657  -36.124  73.621 0.0000000000
52579  22.964  -35.589  73.401 0.0000000000
52567  23.176  -35.494  74.370 0.0000000000
152993  6.479  -42.538  78.603 0.0000000000
44885  7.887  -42.544  78.795 0.0000000000
44869  7.792  -42.579  79.590 0.0000000000
133565  8.120  -42.520  80.195 0.0000000000
152734  58.024  -11.379  47.525 0.0000000000
148417  59.112  -11.159  47.526 0.0000000000
78598  59.473  -11.452  48.049 0.0000000000
78593  59.555  -11.835  48.491 0.0000000000
76411  59.470  -13.218  48.633 0.0000000000
76412  59.114  -13.977  49.057 0.0000000000
76429  52.343  -13.472  48.110 0.0000000000
152616  53.156  -13.409  48.325 0.0000000000
76403  54.195  -13.413  49.520 0.0000000000
76394  55.008  -13.193  49.927 0.0000000000
77460  56.044  -12.042  54.359 0.0000000000
77459  56.616  -12.043  53.585 0.0000000000
72347  42.067  -17.276  47.374 0.0000000000
73415  42.720  -15.871  50.763 0.0000000000
74445  43.395  -15.401  50.978 0.0000000000
158378  45.509  -14.576  51.684 0.0000000000
75397  46.367  -13.988  51.961 0.0000000000
75382  46.245  -14.062  52.293 0.0000000000
136834  46.559  -13.991  52.770 0.0000000000
75349  47.630  -14.077  53.750 0.0000000000
71183  42.672  -18.517  54.532 0.0000000000
72244  44.216  -17.925  55.288 0.0000000000
73326  49.016  -16.809  56.290 0.0000000000
132869  35.694  -28.634  58.215 0.0000000000
60392  36.274  -28.553  58.746 0.0000000000
60317  38.335  -28.338  62.409 0.0000000000
60339  37.930  -28.389  61.570 0.0000000000
141943  38.699  -28.186  61.828 0.0000000000
61472  39.383  -27.889  61.640 0.0000000000
146819  40.166  -27.579  61.788 0.0000000000
61471  40.541  -27.097  61.134 0.0000000000
61462  40.938  -27.238  61.988 0.0000000000
62566  41.940  -26.988  63.168 0.0000000000
62565  42.783  -26.736  63.400 0.0000000000
57971  33.705  -29.786  69.008 0.0000000000
151532  33.701  -30.324  67.720 0.0000000000
147452  33.461  -29.634  68.223 0.0000000000
60246  32.535  -28.155  67.197 0.0000000000
60245  32.769  -27.933  67.708 0.0000000000
62434  34.359  -26.506  73.851 0.0000000000
63529  34.772  -25.926  74.541 0.0000000000
62449  35.366  -25.962  73.006 0.0000000000
150046  37.553  -27.191  69.746 0.0000000000
61372  37.000  -27.395  69.270 0.0000000000
61371  37.957  -27.517  69.194 0.0000000000
61383  37.583  -27.777  68.463 0.0000000000
61398  38.075  -28.125  67.664 0.0000000000
60243  37.905  -28.348  66.890 0.0000000000
134876  38.944  -28.022  67.720 0.0000000000
61397  39.683  -27.756  67.584 0.0000000000
62532  40.848  -26.905  67.821 0.0000000000
75521  51.790  -14.272  38.868 0.0000000000
75522  51.116  -13.865  38.674 0.0000000000
76566  51.802  -13.644  38.209 0.0000000000
77625  53.458  -12.303  36.730 0.0000000000
77624  54.402  -12.459  36.654 0.0000000000
158802  54.454  -13.022  37.060 0.0000000000
151706  55.656  -12.937  37.605 0.0000000000
76575  55.806  -13.104  38.273 0.0000000000
77574  56.382  -12.955  42.042 0.0000000000
77583  56.554  -12.855  41.253 0.0000000000
77573  57.131  -12.332  41.842 0.0000000000
78657  58.591  -10.881  41.790 0.0000000000
79723  59.393  -10.004  41.376 0.0000000000
82932  57.542  -6.296  34.952 0.0000000000
82947  58.654  -5.851  34.520 0.0000000000
82945  60.355  -5.986  34.462 0.0000000000
151664  61.005  -7.560  37.746 0.0000000000
49128  26.736  -38.622  75.120 0.0000000000
49093  26.638  -39.054  78.178 0.0000000000
44941  12.315  -42.105  75.735 0.0000000000
44921  12.777  -42.102  76.556 0.0000000000
44900  12.485  -42.169  77.394 0.0000000000
133735  10.913  -42.362  77.154 0.0000000000
44901  11.706  -42.266  77.645 0.0000000000
134413  12.254  -41.932  79.336 0.0000000000
44865  12.026  -41.812  80.263 0.0000000000
44849  12.482  -41.836  81.107 0.0000000000
137513  45.561  -14.400  46.241 0.0000000000
74474  45.902  -15.622  47.337 0.0000000000
73471  46.205  -16.164  48.073 0.0000000000
68154  41.260  -21.768  57.585 0.0000000000
67034  42.780  -22.371  60.247 0.0000000000
68143  42.760  -21.676  59.762 0.0000000000
44948  2.110  -42.411  75.598 0.0000000000
43853  1.793  -43.784  77.540 0.0000000000
158200  1.616  -44.102  78.001 0.0000000000
62658  36.933  -26.134  54.744 0.0000000000
62635  37.836  -26.662  56.670 0.0000000000
154760  31.169  -36.508  68.114 0.0000000000
51504  31.264  -36.450  69.631 0.0000000000
51488  31.415  -36.373  70.584 0.0000000000
138502  20.640  -34.277  71.902 0.0000000000
53629  20.303  -34.287  71.263 0.0000000000
52614  19.142  -34.919  70.665 0.0000000000
53650  19.385  -34.773  69.976 0.0000000000
137059  18.698  -35.355  71.009 0.0000000000
51492  18.073  -35.879  70.693 0.0000000000
48153  13.601  -39.690  69.047 0.0000000000
48136  13.633  -39.784  69.892 0.0000000000
47064  12.373  -40.454  70.350 0.0000000000
51548  22.601  -35.484  67.365 0.0000000000
51527  22.882  -35.826  68.068 0.0000000000
143943  23.111  -36.083  68.672 0.0000000000
52625  22.419  -35.507  68.767 0.0000000000
154167  21.125  -34.477  68.944 0.0000000000
52613  21.722  -34.814  70.036 0.0000000000
52602  21.643  -34.720  70.867 0.0000000000
77555  57.230  -11.993  44.077 0.0000000000
78638  58.094  -11.503  44.577 0.0000000000
77542  57.326  -11.796  44.970 0.0000000000
77527  57.518  -11.627  45.975 0.0000000000
77544  55.825  -12.198  45.325 0.0000000000
134325  57.236  -11.683  46.862 0.0000000000
77513  57.139  -11.740  47.538 0.0000000000
134326  57.636  -11.576  48.158 0.0000000000
156200  57.220  -11.833  48.692 0.0000000000
75391  53.086  -13.855  51.295 0.0000000000
137988  53.636  -13.695  50.890 0.0000000000
76388  53.698  -13.678  51.735 0.0000000000
76364  54.404  -13.075  53.395 0.0000000000
156225  55.167  -12.466  54.114 0.0000000000
76350  54.276  -12.719  54.539 0.0000000000
77449  55.086  -11.949  54.936 0.0000000000
72328  40.358  -17.367  48.839 0.0000000000
72311  40.891  -17.201  49.565 0.0000000000
72297  40.277  -17.113  50.416 0.0000000000
73416  41.553  -16.545  50.440 0.0000000000
152035  42.046  -16.162  50.664 0.0000000000
73399  42.219  -15.890  51.154 0.0000000000
74418  43.084  -15.502  51.962 0.0000000000
73379  44.077  -15.762  53.099 0.0000000000
71148  44.112  -17.887  57.309 0.0000000000
60381  34.777  -28.667  59.837 0.0000000000
60380  35.515  -28.650  59.776 0.0000000000
60361  35.292  -28.647  60.559 0.0000000000
60341  36.427  -28.594  61.406 0.0000000000
60319  36.627  -28.620  62.269 0.0000000000
60318  37.493  -28.535  62.406 0.0000000000
60297  39.012  -28.190  63.715 0.0000000000
61449  39.758  -27.816  64.007 0.0000000000
54712  33.882  -32.824  68.995 0.0000000000
155821  34.243  -32.107  67.803 0.0000000000
55786  34.105  -32.123  68.546 0.0000000000
56874  34.016  -31.390  68.948 0.0000000000
57959  33.937  -30.615  69.410 0.0000000000
156718  33.580  -29.217  69.351 0.0000000000
157537  33.633  -27.872  69.701 0.0000000000
76545  48.850  -13.825  40.195 0.0000000000
75511  49.604  -14.167  39.921 0.0000000000
75510  50.401  -14.317  39.704 0.0000000000
75495  50.954  -14.502  40.801 0.0000000000
75509  51.786  -14.554  39.699 0.0000000000
75508  52.469  -14.621  39.853 0.0000000000
140030  53.341  -14.558  39.725 0.0000000000
158639  54.183  -14.369  39.602 0.0000000000
76554  54.685  -14.040  39.133 0.0000000000
152898  54.773  -14.038  39.949 0.0000000000
76544  54.791  -13.974  40.789 0.0000000000
76532  55.484  -13.605  41.218 0.0000000000
76517  54.774  -13.476  42.580 0.0000000000
76516  55.594  -13.369  42.122 0.0000000000
83929  56.403  -5.421  35.455 0.0000000000
136352  55.000  -6.259  35.685 0.0000000000
132931  59.260  -7.594  35.443 0.0000000000
79777  58.126  -9.245  35.794 0.0000000000
79765  58.350  -9.371  36.363 0.0000000000
158613  28.160  -38.193  70.458 0.0000000000
157811  27.779  -38.459  70.907 0.0000000000
48098  28.469  -39.511  72.774 0.0000000000
140971  27.773  -39.827  75.427 0.0000000000
48056  28.396  -40.192  75.734 0.0000000000
46983  29.103  -40.524  76.383 0.0000000000
48071  28.919  -40.416  75.194 0.0000000000
52676  18.463  -35.339  66.756 0.0000000000
48047  16.422  -39.203  76.701 0.0000000000
46976  16.243  -39.927  77.194 0.0000000000
46963  16.222  -40.752  77.821 0.0000000000
46941  17.757  -40.998  79.238 0.0000000000
45907  14.697  -42.031  78.774 0.0000000000
45908  13.944  -41.910  79.201 0.0000000000
133360  52.163  -13.117  45.193 0.0000000000
133436  51.237  -13.048  45.067 0.0000000000
76470  51.599  -13.201  45.942 0.0000000000
76448  51.695  -13.378  46.843 0.0000000000
76471  49.748  -13.017  45.660 0.0000000000
154193  50.871  -13.291  46.489 0.0000000000
76430  51.506  -13.511  47.778 0.0000000000
76416  51.720  -13.639  48.668 0.0000000000
76405  51.932  -13.767  49.355 0.0000000000
76453  46.771  -13.554  46.144 0.0000000000
76452  47.583  -13.364  46.450 0.0000000000
141036  48.078  -13.980  47.748 0.0000000000
75442  48.809  -13.811  47.944 0.0000000000
76432  49.481  -13.605  47.711 0.0000000000
75416  51.100  -13.915  49.369 0.0000000000
75405  52.224  -13.942  50.496 0.0000000000
75392  52.330  -14.073  51.290 0.0000000000
75376  52.076  -14.268  52.450 0.0000000000
75394  50.575  -14.785  52.147 0.0000000000
75377  51.057  -14.441  52.871 0.0000000000
75360  51.534  -13.784  53.751 0.0000000000
76353  50.950  -12.090  55.300 0.0000000000
70207  39.490  -19.552  52.303 0.0000000000
70206  40.143  -18.896  52.587 0.0000000000
69184  40.177  -19.872  53.021 0.0000000000
70189  41.663  -19.685  54.482 0.0000000000
69164  41.327  -20.395  54.875 0.0000000000
70188  42.345  -19.314  54.850 0.0000000000
70176  43.119  -19.117  56.168 0.0000000000
144365  41.579  -20.943  57.445 0.0000000000
69127  41.913  -20.136  57.138 0.0000000000
72186  43.973  -17.552  58.427 0.0000000000
61451  32.328  -26.942  63.879 0.0000000000
59034  33.672  -29.594  74.910 0.0000000000
137151  33.795  -29.330  73.966 0.0000000000
60141  33.794  -28.098  75.775 0.0000000000
132828  47.862  -13.372  40.988 0.0000000000
76523  48.332  -13.520  42.516 0.0000000000
76522  49.289  -13.689  42.415 0.0000000000
76507  50.539  -13.429  43.428 0.0000000000
138647  52.836  -8.005  35.763 0.0000000000
81842  52.090  -8.456  36.255 0.0000000000
45954  6.551  -41.586  75.455 0.0000000000
44945  7.239  -41.794  75.827 0.0000000000
44946  6.466  -41.863  76.291 0.0000000000
134368  5.957  -42.090  76.990 0.0000000000
133684  6.401  -42.330  77.739 0.0000000000
133502  6.040  -42.657  79.279 0.0000000000
44930  2.504  -42.696  76.402 0.0000000000
44888  3.908  -42.695  78.199 0.0000000000
44872  4.703  -42.811  79.590 0.0000000000
44856  5.543  -42.810  81.270 0.0000000000
71234  38.304  -17.551  49.652 0.0000000000
71223  38.168  -17.967  50.369 0.0000000000
70226  38.443  -18.543  51.047 0.0000000000
70219  37.736  -19.210  50.866 0.0000000000
70218  38.362  -19.495  51.406 0.0000000000
70208  38.879  -19.775  51.831 0.0000000000
68206  39.588  -21.515  53.394 0.0000000000
154863  38.698  -21.768  52.514 0.0000000000
148947  39.958  -21.911  54.568 0.0000000000
67093  40.095  -22.090  55.246 0.0000000000
67084  40.268  -22.314  55.976 0.0000000000
64869  37.309  -23.946  52.319 0.0000000000
65972  38.335  -23.522  53.441 0.0000000000
64833  38.341  -24.292  54.606 0.0000000000
65959  38.727  -23.485  54.255 0.0000000000
65958  39.298  -23.105  54.993 0.0000000000
67075  40.004  -22.894  56.169 0.0000000000
67066  40.440  -22.614  56.768 0.0000000000
65926  40.985  -23.031  58.030 0.0000000000
65905  41.324  -23.249  58.633 0.0000000000
64796  40.306  -24.100  57.803 0.0000000000
64783  41.146  -23.987  58.901 0.0000000000
65886  41.644  -23.558  59.321 0.0000000000
64756  42.322  -24.180  60.586 0.0000000000
64744  43.305  -24.613  61.853 0.0000000000
139955  33.908  -33.658  66.719 0.0000000000
52640  32.459  -35.499  68.743 0.0000000000
52639  32.917  -34.981  68.225 0.0000000000
55772  33.777  -32.782  69.835 0.0000000000
55755  33.764  -32.786  70.681 0.0000000000
56815  34.027  -31.865  72.834 0.0000000000
49172  28.947  -38.092  70.935 0.0000000000
139976  29.707  -37.693  71.186 0.0000000000
50285  29.910  -37.810  71.958 0.0000000000
50284  30.372  -37.253  71.482 0.0000000000
51449  30.951  -36.805  71.823 0.0000000000
50231  30.778  -37.726  75.030 0.0000000000
52588  32.020  -35.856  72.728 0.0000000000
53596  33.128  -34.537  73.372 0.0000000000
53595  33.454  -33.930  73.354 0.0000000000
54649  33.569  -33.471  73.711 0.0000000000
141644  33.816  -30.937  74.219 0.0000000000
51358  25.029  -36.771  79.049 0.0000000000
53552  22.874  -34.657  78.629 0.0000000000
53576  22.250  -34.429  75.812 0.0000000000
53565  22.200  -34.252  77.115 0.0000000000
53567  20.910  -33.940  76.787 0.0000000000
53598  19.914  -34.335  73.567 0.0000000000
53588  19.874  -34.363  74.558 0.0000000000
52558  19.268  -35.015  75.938 0.0000000000
52559  18.742  -35.541  75.699 0.0000000000
135210  17.630  -36.657  74.799 0.0000000000
49122  16.563  -38.344  75.190 0.0000000000
52644  17.788  -35.997  69.003 0.0000000000
50304  16.977  -36.932  70.923 0.0000000000
135013  16.019  -37.769  69.101 0.0000000000
49218  15.380  -38.411  69.347 0.0000000000
137128  16.483  -37.406  70.529 0.0000000000
50290  16.603  -37.551  72.185 0.0000000000
48063  15.725  -39.719  75.155 0.0000000000
47013  14.858  -40.032  74.020 0.0000000000
46988  14.883  -40.860  75.359 0.0000000000
45950  13.610  -41.582  75.293 0.0000000000
45951  12.812  -41.794  75.066 0.0000000000
138328  13.100  -40.370  71.562 0.0000000000
45986  13.093  -40.863  73.230 0.0000000000
46019  12.004  -41.025  72.089 0.0000000000
45965  12.410  -41.604  74.239 0.0000000000
44960  11.953  -42.000  74.945 0.0000000000
44961  11.133  -42.082  74.834 0.0000000000
44962  10.258  -42.099  74.804 0.0000000000
151562  9.548  -41.945  74.583 0.0000000000
44963  8.915  -41.864  74.757 0.0000000000
45952  8.158  -41.695  74.783 0.0000000000
45971  6.648  -41.327  74.637 0.0000000000
47002  4.375  -40.746  74.184 0.0000000000
45973  4.242  -41.147  74.994 0.0000000000
45974  3.293  -41.253  74.769 0.0000000000
144964  28.902  -37.425  67.393 0.0000000000
50374  28.457  -37.466  66.743 0.0000000000
50354  26.399  -37.525  67.263 0.0000000000
50355  25.762  -37.451  67.421 0.0000000000
159846  26.903  -37.709  68.274 0.0000000000
50319  27.100  -37.903  69.007 0.0000000000
49213  26.821  -38.127  69.834 0.0000000000
49193  26.459  -38.306  70.615 0.0000000000
49176  25.808  -38.228  71.170 0.0000000000
49158  25.812  -38.270  72.113 0.0000000000
154024  26.043  -38.415  72.832 0.0000000000
139163  25.548  -37.944  72.987 0.0000000000
51506  23.503  -36.494  69.909 0.0000000000
50288  23.936  -36.894  71.263 0.0000000000
159689  24.516  -37.196  72.452 0.0000000000
50250  25.545  -37.647  73.870 0.0000000000
50232  25.573  -37.458  74.626 0.0000000000
50218  25.319  -37.030  75.266 0.0000000000
51385  25.414  -36.833  76.354 0.0000000000
51401  24.782  -36.414  75.829 0.0000000000
51369  25.462  -36.858  77.654 0.0000000000
44925  8.189  -42.229  76.891 0.0000000000
152853  8.736  -42.388  77.513 0.0000000000
139922  11.650  -41.781  81.185 0.0000000000
78627  59.761  -10.905  46.074 0.0000000000
77530  53.799  -12.821  46.527 0.0000000000
156334  54.783  -12.584  47.377 0.0000000000
76428  53.653  -13.145  47.705 0.0000000000
147842  54.280  -12.914  47.786 0.0000000000
77501  57.369  -11.897  49.476 0.0000000000
76387  54.436  -13.458  51.333 0.0000000000
76386  55.161  -13.187  50.870 0.0000000000
77469  56.368  -12.421  52.521 0.0000000000
77478  56.097  -12.708  51.415 0.0000000000
77486  56.834  -12.364  50.914 0.0000000000
77494  57.561  -11.966  50.442 0.0000000000
78580  58.616  -11.917  50.270 0.0000000000
77484  58.784  -12.358  50.502 0.0000000000
73473  44.819  -16.650  47.278 0.0000000000
73472  45.507  -16.461  47.667 0.0000000000
73454  45.634  -16.913  48.631 0.0000000000
72326  41.827  -17.302  48.480 0.0000000000
154840  42.681  -17.261  48.792 0.0000000000
73437  42.929  -16.262  50.228 0.0000000000
72310  43.277  -16.927  49.435 0.0000000000
138554  43.681  -17.351  48.531 0.0000000000
72308  44.856  -17.218  48.751 0.0000000000
135593  45.940  -16.720  49.606 0.0000000000
73434  46.742  -16.391  49.696 0.0000000000
73411  47.017  -16.096  50.354 0.0000000000
74427  47.628  -14.786  51.493 0.0000000000
75395  47.852  -13.933  52.131 0.0000000000
142463  47.593  -13.702  52.497 0.0000000000
75363  48.735  -13.123  53.395 0.0000000000
76369  49.141  -12.743  53.977 0.0000000000
76337  49.489  -12.701  54.929 0.0000000000
76315  50.200  -12.544  55.625 0.0000000000
71195  40.682  -18.273  52.830 0.0000000000
71194  41.216  -17.750  53.063 0.0000000000
72268  41.808  -17.359  53.313 0.0000000000
71193  42.171  -17.858  53.949 0.0000000000
72267  42.508  -17.121  53.586 0.0000000000
73380  42.892  -16.477  53.176 0.0000000000
157037  43.490  -16.353  53.371 0.0000000000
73378  45.516  -16.093  53.695 0.0000000000
72223  44.802  -17.615  56.937 0.0000000000
72243  45.000  -17.606  55.834 0.0000000000
72242  45.864  -17.233  55.903 0.0000000000
72254  45.345  -17.104  55.186 0.0000000000
73366  45.335  -16.697  54.419 0.0000000000
141395  45.931  -16.477  54.226 0.0000000000
73377  46.277  -15.941  53.730 0.0000000000
73376  47.075  -15.942  53.898 0.0000000000
74394  48.546  -14.747  54.558 0.0000000000
134541  49.026  -16.428  55.324 0.0000000000
73362  48.985  -15.773  54.876 0.0000000000
74393  49.172  -14.744  55.068 0.0000000000
75310  50.463  -13.788  56.136 0.0000000000
61524  36.935  -27.032  55.967 0.0000000000
159728  37.377  -26.922  56.377 0.0000000000
61513  37.993  -27.100  57.436 0.0000000000
60379  36.196  -28.594  59.550 0.0000000000
153124  36.764  -28.455  59.223 0.0000000000
60359  38.067  -28.282  60.647 0.0000000000
60378  37.463  -28.228  59.292 0.0000000000
61507  37.608  -27.933  58.413 0.0000000000
137380  38.181  -27.752  58.985 0.0000000000
61505  38.705  -27.163  58.685 0.0000000000
62619  39.156  -26.472  58.415 0.0000000000
62607  39.766  -26.079  59.001 0.0000000000
151701  40.229  -26.177  59.678 0.0000000000
63678  40.803  -25.861  60.061 0.0000000000
62594  40.947  -26.394  60.702 0.0000000000
63677  41.526  -25.618  60.600 0.0000000000
63665  42.730  -25.364  61.654 0.0000000000
63664  43.343  -25.379  62.214 0.0000000000
57982  33.736  -30.545  66.953 0.0000000000
61431  32.020  -27.496  65.725 0.0000000000
137756  33.260  -27.080  65.099 0.0000000000
140095  34.169  -27.327  64.800 0.0000000000
150309  33.819  -29.055  73.259 0.0000000000
59057  33.860  -29.231  72.652 0.0000000000
61339  33.886  -27.401  72.580 0.0000000000
157029  33.733  -27.855  72.036 0.0000000000
136331  33.707  -27.885  71.289 0.0000000000
61363  33.675  -27.906  70.419 0.0000000000
145511  33.839  -27.564  69.321 0.0000000000
151507  35.728  -26.196  72.126 0.0000000000
134158  37.266  -26.332  71.266 0.0000000000
62465  36.424  -26.249  71.651 0.0000000000
62466  35.478  -26.611  71.320 0.0000000000
155307  34.669  -27.060  70.144 0.0000000000
62506  34.249  -27.317  69.781 0.0000000000
157244  33.782  -27.307  67.996 0.0000000000
61402  34.123  -27.222  67.407 0.0000000000
61401  35.298  -27.366  67.475 0.0000000000
61428  34.976  -27.456  65.830 0.0000000000
60271  34.924  -27.624  64.978 0.0000000000
136661  36.418  -28.389  64.748 0.0000000000
60267  38.050  -28.609  65.448 0.0000000000
60256  38.381  -28.479  66.231 0.0000000000
60281  38.439  -28.522  64.862 0.0000000000
159363  39.394  -28.145  65.173 0.0000000000
61438  39.854  -27.850  64.854 0.0000000000
62499  41.190  -25.931  69.076 0.0000000000
62518  41.335  -26.355  68.248 0.0000000000
62531  41.480  -26.522  67.517 0.0000000000
132713  42.174  -26.175  67.175 0.0000000000
61395  41.572  -26.644  66.902 0.0000000000
62551  41.723  -26.818  65.817 0.0000000000
133268  41.105  -27.248  64.926 0.0000000000
61436  41.411  -27.196  64.420 0.0000000000
133766  43.084  -26.779  64.034 0.0000000000
62564  43.635  -26.452  63.560 0.0000000000
62548  44.597  -26.033  64.580 0.0000000000
63644  44.238  -26.010  63.458 0.0000000000
81856  52.781  -8.923  35.900 0.0000000000
80782  53.204  -9.752  35.885 0.0000000000
78716  54.991  -10.942  35.803 0.0000000000
77623  55.408  -12.147  36.508 0.0000000000
78701  56.029  -11.514  36.246 0.0000000000
78700  56.787  -11.339  36.543 0.0000000000
78692  57.550  -11.101  37.694 0.0000000000
76553  55.378  -13.681  39.522 0.0000000000
76562  55.939  -13.236  39.100 0.0000000000
77606  56.461  -12.666  38.664 0.0000000000
77589  57.108  -12.154  39.996 0.0000000000
77595  57.061  -12.079  39.096 0.0000000000
79742  59.017  -9.474  39.590 0.0000000000
79741  60.376  -8.725  39.804 0.0000000000
44854  8.081  -42.419  81.329 0.0000000000
44884  8.841  -42.478  78.435 0.0000000000
49084  26.074  -39.037  79.032 0.0000000000
49085  25.486  -38.326  79.387 0.0000000000
49088  17.912  -38.272  79.346 0.0000000000
50216  26.249  -37.806  76.486 0.0000000000
52531  32.163  -34.995  76.801 0.0000000000
52546  23.591  -35.251  76.975 0.0000000000
52581  21.410  -34.427  73.398 0.0000000000
53542  22.397  -34.670  79.303 0.0000000000
60242  38.637  -28.294  66.998 0.0000000000
60377  37.547  -28.322  60.118 0.0000000000
61322  34.036  -26.923  74.158 0.0000000000
61380  40.143  -27.282  68.143 0.0000000000
61411  41.221  -26.980  66.355 0.0000000000
61425  41.157  -27.161  65.569 0.0000000000
61506  38.134  -27.435  58.187 0.0000000000
62433  34.727  -26.205  73.561 0.0000000000
62435  34.070  -26.922  73.222 0.0000000000
62467  34.579  -26.855  71.414 0.0000000000
62505  35.280  -27.078  69.680 0.0000000000
62530  41.948  -25.996  67.934 0.0000000000
62543  41.963  -26.550  66.412 0.0000000000
62563  44.295  -26.260  63.943 0.0000000000
62586  42.270  -26.254  61.921 0.0000000000
62620  38.560  -26.803  57.943 0.0000000000
63740  37.968  -25.035  54.928 0.0000000000
64765  41.964  -23.875  59.969 0.0000000000
65858  43.258  -23.664  61.439 0.0000000000
66008  37.305  -23.253  51.869 0.0000000000
67043  42.355  -22.496  59.665 0.0000000000
72299  38.825  -17.528  50.094 0.0000000000
72309  44.172  -17.155  49.143 0.0000000000
72368  42.353  -16.930  46.586 0.0000000000
73349  45.927  -16.831  54.955 0.0000000000
73410  47.708  -15.851  50.298 0.0000000000
73457  41.398  -17.168  49.359 0.0000000000
73474  44.227  -16.763  46.936 0.0000000000
74395  47.916  -14.932  54.179 0.0000000000
74403  47.318  -15.017  53.750 0.0000000000
74431  42.903  -15.508  51.241 0.0000000000
74438  50.076  -15.031  51.553 0.0000000000
74441  47.263  -15.449  50.937 0.0000000000
74443  45.230  -15.172  50.848 0.0000000000
74454  47.721  -15.639  49.300 0.0000000000
75365  47.122  -13.964  53.212 0.0000000000
75380  48.235  -13.489  52.760 0.0000000000
75383  45.499  -14.525  52.401 0.0000000000
75398  45.782  -14.291  51.891 0.0000000000
75407  50.250  -14.767  50.669 0.0000000000
75415  51.742  -13.973  50.009 0.0000000000
75443  46.754  -14.456  47.219 0.0000000000
75453  48.047  -13.491  47.040 0.0000000000
75503  51.526  -14.578  40.368 0.0000000000
76313  52.047  -12.048  57.027 0.0000000000
76335  51.682  -11.854  55.958 0.0000000000
76354  50.081  -12.282  54.991 0.0000000000
76447  52.575  -13.251  46.757 0.0000000000
76565  52.952  -14.093  38.297 0.0000000000
76577  54.484  -13.349  37.491 0.0000000000
77458  56.846  -12.165  53.500 0.0000000000
77504  54.841  -12.794  48.212 0.0000000000
77558  54.706  -12.635  44.865 0.0000000000
78570  57.551  -12.379  52.069 0.0000000000
78576  57.760  -12.176  51.450 0.0000000000
78581  58.109  -11.933  50.776 0.0000000000
78586  59.346  -12.014  49.265 0.0000000000
78588  58.234  -11.727  49.971 0.0000000000
133020  38.320  -26.074  56.692 0.0000000000
134133  6.211  -42.691  80.276 0.0000000000
135139  51.121  -14.344  39.372 0.0000000000
135406  51.003  -14.520  40.058 0.0000000000
136129  37.451  -26.495  55.980 0.0000000000
136335  5.344  -42.692  79.138 0.0000000000
136446  38.859  -26.814  69.850 0.0000000000
136763  49.505  -12.677  54.471 0.0000000000
137415  44.914  -15.515  46.515 0.0000000000
139596  7.188  -42.595  81.380 0.0000000000
140527  25.835  -37.552  75.173 0.0000000000
140967  34.806  -26.891  70.798 0.0000000000
147560  2.770  -43.243  78.349 0.0000000000
148016  39.727  -27.818  62.277 0.0000000000
148459  34.418  -26.840  72.021 0.0000000000
149319  52.908  -13.318  47.537 0.0000000000
151994  42.543  -17.381  47.837 0.0000000000
153510  48.258  -13.322  53.279 0.0000000000
153603  36.746  -20.010  50.489 0.0000000000
153910  37.594  -28.156  67.303 0.0000000000
154460  45.078  -14.762  51.423 0.0000000000
154745  42.744  -16.030  52.537 0.0000000000
154952  40.840  -22.016  57.061 0.0000000000
156175  50.202  -13.493  47.454 0.0000000000
156594  35.150  -28.693  57.775 0.0000000000
157319  41.776  -25.747  68.576 0.0000000000
157991  38.536  -28.371  63.515 0.0000000000
158211  28.814  -38.467  71.448 0.0000000000
158710  40.634  -27.360  66.709 0.0000000000
158915  8.645  -41.722  74.397 0.0000000000
159695  50.339  -13.339  46.899 0.0000000000
