#!ascii label  , from subject sub-v1s5x0050732_ses-1 vox2ras=TkReg
1779
5400  -7.691  -79.733  3.327 0.5000000000
3611  -10.692  -82.683  1.535 0.5000000000
3613  -12.855  -82.821  1.143 0.5000000000
3614  -13.712  -83.401  1.394 0.5000000000
6740  -6.493  -78.017  3.736 0.5000000000
6043  -7.024  -78.669  3.454 0.5000000000
131791  -6.905  -78.076  3.170 0.5000000000
6055  -7.410  -78.728  2.949 0.5000000000
6762  -8.278  -78.187  2.562 0.6000000238
4780  -8.344  -80.094  2.649 0.5000000000
3034  -13.969  -84.158  1.826 0.5000000000
4183  -9.835  -81.671  1.911 0.5000000000
3027  -13.692  -83.893  2.849 0.5000000000
4190  -11.786  -82.103  1.336 0.6000000238
3600  -14.002  -83.194  2.116 0.6000000238
122321  -12.370  -81.284  1.618 0.6000000238
3606  -13.821  -82.528  1.639 0.6000000238
3017  -13.126  -82.894  4.328 0.6999999881
4178  -13.531  -81.219  2.098 0.6999999881
3590  -13.462  -82.279  3.621 0.6999999881
4774  -13.978  -80.944  3.295 0.6999999881
4172  -13.398  -81.548  4.045 0.6999999881
3581  -12.893  -82.109  4.733 0.6999999881
7453  -6.033  -76.827  3.797 0.5000000000
124597  -7.229  -77.321  3.010 0.6000000238
8204  -7.094  -75.904  3.626 0.6000000238
7437  -8.069  -75.716  3.914 0.6000000238
4781  -8.972  -80.260  2.276 0.5000000000
124344  -13.020  -83.608  4.863 0.5000000000
2469  -13.078  -84.455  5.011 0.5000000000
2990  -12.595  -83.879  6.731 0.6999999881
134419  -12.771  -83.760  5.771 0.6999999881
138303  -12.574  -83.199  6.366 0.6999999881
4782  -9.999  -80.758  1.865 0.6000000238
123241  -10.770  -80.095  2.075 0.6999999881
3566  -12.494  -82.447  6.501 0.6999999881
4784  -12.685  -80.605  2.135 0.6999999881
4785  -13.599  -80.619  2.492 0.6999999881
4152  -12.430  -81.592  6.705 0.6999999881
141208  -13.933  -80.393  3.987 0.6999999881
4766  -13.339  -80.854  4.525 0.6999999881
4165  -12.832  -81.332  5.120 0.6999999881
129634  -12.439  -80.379  7.607 0.6999999881
5401  -13.379  -80.166  4.983 0.6999999881
5392  -13.368  -79.414  5.555 0.6999999881
134454  -12.551  -80.082  6.785 0.6999999881
6002  -12.888  -78.855  7.238 0.6999999881
8188  -5.680  -75.383  4.236 0.5000000000
8953  -6.061  -74.510  4.164 0.6000000238
9710  -7.342  -73.357  4.516 0.6000000238
8190  -7.408  -75.241  4.017 0.6000000238
8938  -8.276  -73.963  4.720 0.6000000238
140518  -8.290  -77.387  2.842 0.6000000238
8191  -9.079  -75.615  4.484 0.6000000238
6763  -8.863  -77.935  2.650 0.6000000238
134717  -12.498  -83.158  8.410 0.6999999881
6068  -9.814  -78.955  2.427 0.6999999881
121561  -12.444  -83.016  7.313 0.6999999881
134128  -12.721  -82.939  9.209 0.6999999881
3518  -13.158  -82.667  9.810 0.6999999881
6765  -10.716  -78.287  2.815 0.6999999881
3533  -12.493  -82.294  8.867 0.6999999881
3501  -13.637  -82.335  10.411 0.6999999881
123077  -10.987  -79.266  2.476 0.6999999881
6069  -11.874  -78.507  2.672 0.6999999881
121860  -12.383  -82.119  7.269 0.6999999881
4120  -12.422  -81.618  8.533 0.6999999881
3517  -12.748  -82.249  9.473 0.6999999881
4095  -13.212  -81.153  10.526 0.6999999881
5415  -13.033  -79.949  2.497 0.6999999881
6070  -13.228  -79.013  2.618 0.6999999881
4135  -12.372  -81.341  7.677 0.6999999881
4695  -13.010  -80.559  10.275 0.6999999881
5402  -14.202  -79.669  4.170 0.6999999881
5361  -12.530  -79.865  8.183 0.6999999881
4724  -12.476  -80.691  8.592 0.6999999881
5373  -12.608  -79.593  7.429 0.6999999881
122264  -12.726  -79.622  9.067 0.6999999881
6015  -13.279  -78.729  6.322 0.6999999881
5988  -12.938  -78.781  8.639 0.6999999881
6003  -13.246  -78.147  7.034 0.6999999881
8952  -5.239  -74.591  4.546 0.5000000000
146130  -5.991  -73.213  4.410 0.6000000238
9709  -6.396  -72.626  4.597 0.6000000238
145710  -5.629  -72.212  4.861 0.5000000000
10489  -7.001  -71.769  4.974 0.6000000238
9695  -3.931  -73.738  5.748 0.5000000000
8937  -4.803  -73.758  4.893 0.5000000000
129841  -8.069  -73.026  4.785 0.6000000238
11321  -8.839  -71.397  5.565 0.6000000238
9711  -8.813  -73.162  5.144 0.6000000238
142001  -8.211  -72.192  5.098 0.6000000238
142196  -8.718  -76.224  3.934 0.6000000238
6752  -9.389  -77.420  3.126 0.6999999881
7438  -9.627  -76.395  4.190 0.6999999881
6753  -10.478  -77.478  3.205 0.6999999881
7457  -10.122  -76.949  3.682 0.6999999881
3482  -14.111  -81.872  11.010 0.6999999881
142632  -11.563  -77.519  2.942 0.6999999881
7458  -11.407  -76.730  3.375 0.6999999881
4076  -13.761  -81.072  11.189 0.6999999881
4054  -15.163  -80.652  12.337 0.6999999881
6754  -12.351  -76.851  2.856 0.6999999881
4696  -13.375  -80.594  10.821 0.6999999881
128850  -14.339  -80.504  11.857 0.6999999881
4078  -15.563  -81.490  12.023 0.6999999881
6057  -14.798  -78.974  3.030 0.6000000238
5351  -13.110  -79.290  9.969 0.6999999881
5321  -13.834  -79.461  11.416 0.6999999881
4660  -14.868  -79.793  12.426 0.6999999881
4661  -15.801  -79.980  12.771 0.6999999881
4055  -16.211  -80.748  12.653 0.6999999881
6045  -14.755  -78.960  3.633 0.6999999881
132431  -13.370  -78.629  9.968 0.6999999881
6652  -13.720  -78.094  10.273 0.6000000238
5955  -14.697  -78.422  12.117 0.6999999881
5935  -15.068  -78.918  12.520 0.6999999881
142565  -14.067  -77.813  5.853 0.6000000238
5989  -13.049  -78.334  7.943 0.6999999881
6679  -13.633  -77.353  8.435 0.6999999881
139227  -13.481  -78.107  9.527 0.6999999881
6665  -13.886  -77.478  9.772 0.6000000238
136250  -14.604  -77.457  11.357 0.6000000238
7406  -14.328  -76.685  6.811 0.6000000238
7388  -13.892  -76.956  7.636 0.6000000238
7347  -14.000  -76.927  9.195 0.6000000238
7348  -14.425  -76.790  10.024 0.5000000000
6653  -14.215  -77.426  10.571 0.5000000000
7329  -15.656  -76.337  11.164 0.5000000000
7389  -14.437  -76.274  7.639 0.6000000238
8121  -14.777  -75.850  8.378 0.5000000000
8095  -14.695  -76.141  9.337 0.5000000000
10488  -5.803  -71.645  5.102 0.6000000238
11318  -5.260  -71.115  5.750 0.6000000238
12204  -8.369  -70.420  5.955 0.5000000000
12182  -7.859  -69.521  6.614 0.6999999881
10472  -4.622  -72.055  6.142 0.5000000000
10458  -4.918  -71.263  6.493 0.6000000238
11287  -5.267  -70.751  7.163 0.6000000238
8897  -4.173  -73.126  7.630 0.6000000238
9679  -3.895  -72.975  6.652 0.6000000238
11299  -9.363  -70.642  6.100 0.4000000060
9681  -5.284  -72.582  7.461 0.6000000238
10490  -9.252  -72.366  5.500 0.5000000000
9712  -9.694  -73.370  5.651 0.6000000238
8940  -10.352  -74.463  5.744 0.6000000238
7439  -10.804  -76.398  4.083 0.6999999881
8192  -10.204  -75.901  4.738 0.6000000238
7440  -11.867  -76.024  3.623 0.6999999881
6766  -13.349  -77.186  2.519 0.6000000238
7469  -12.978  -76.299  2.716 0.6000000238
6031  -14.912  -78.418  4.213 0.6000000238
6629  -15.395  -78.166  12.357 0.6000000238
5936  -15.810  -78.671  12.639 0.6000000238
5307  -16.396  -79.243  12.770 0.6999999881
4662  -16.785  -80.014  12.880 0.6999999881
126344  -18.251  -80.434  12.671 0.6999999881
6725  -14.704  -77.845  5.031 0.6000000238
141050  -15.002  -77.684  11.997 0.6000000238
4058  -19.058  -80.854  12.820 0.6999999881
8156  -14.756  -76.103  6.929 0.6000000238
7349  -15.113  -76.185  10.353 0.4000000060
7316  -16.148  -76.775  11.671 0.4000000060
6643  -16.423  -77.402  11.936 0.5000000000
5956  -16.725  -78.047  12.145 0.6000000238
5323  -17.653  -79.076  11.994 0.6000000238
4664  -18.858  -80.165  12.258 0.6000000238
8139  -14.988  -75.718  7.550 0.5000000000
8122  -15.992  -74.997  8.330 0.5000000000
123654  -15.476  -75.437  9.029 0.5000000000
8096  -15.416  -75.739  9.844 0.5000000000
123692  -17.410  -77.676  11.103 0.4000000060
5957  -17.292  -78.263  11.620 0.6000000238
12991  -7.148  -69.032  7.923 0.6000000238
12203  -7.208  -70.089  6.049 0.6000000238
13027  -9.272  -68.886  7.035 0.6000000238
128509  -6.032  -72.083  7.651 0.6000000238
128269  -5.660  -70.903  7.783 0.5000000000
10447  -7.767  -71.866  8.499 0.6000000238
9666  -8.246  -73.135  7.960 0.6000000238
12183  -8.844  -69.674  6.551 0.6000000238
8898  -5.819  -73.494  7.749 0.6999999881
9683  -7.750  -73.729  7.599 0.6000000238
9684  -8.646  -74.127  7.794 0.6000000238
11322  -9.753  -71.645  5.974 0.5000000000
11300  -10.317  -70.909  6.302 0.6000000238
8116  -5.813  -74.747  8.918 0.6000000238
8137  -8.233  -75.081  7.855 0.6999999881
10491  -10.087  -72.605  6.037 0.5000000000
8091  -7.177  -75.630  9.116 0.6999999881
9696  -10.563  -73.538  6.164 0.6000000238
7324  -7.356  -76.259  10.578 0.6000000238
8193  -11.325  -75.825  4.442 0.6000000238
8174  -10.785  -75.374  5.270 0.6000000238
8955  -11.803  -75.296  4.960 0.6000000238
8194  -12.262  -75.443  3.933 0.6000000238
7470  -13.898  -76.599  2.439 0.6000000238
6756  -15.527  -77.229  2.491 0.6000000238
8196  -16.869  -76.118  3.674 0.6000000238
7423  -15.187  -77.147  4.977 0.6000000238
8177  -17.245  -75.328  4.827 0.6000000238
8157  -15.332  -75.706  6.674 0.6000000238
5342  -17.657  -78.835  11.225 0.6000000238
5324  -18.351  -79.641  11.645 0.6000000238
4697  -19.540  -80.551  10.887 0.6000000238
8141  -16.053  -75.212  6.630 0.5000000000
8885  -16.980  -74.563  8.452 0.5000000000
8097  -16.446  -74.972  9.194 0.5000000000
3504  -20.736  -82.107  10.447 0.6000000238
5966  -17.502  -78.195  10.726 0.4000000060
5343  -17.933  -79.338  10.863 0.6000000238
146102  -18.931  -80.619  10.273 0.6000000238
12136  -8.151  -69.798  8.907 0.6000000238
11274  -8.844  -70.758  9.274 0.5000000000
126549  -8.625  -69.208  8.489 0.6000000238
12993  -9.405  -68.860  8.360 0.5000000000
11272  -6.992  -70.619  8.752 0.6000000238
11252  -9.587  -71.845  9.554 0.6000000238
13006  -7.881  -68.876  7.686 0.5000000000
13007  -8.783  -68.631  7.745 0.5000000000
13008  -9.765  -68.382  7.446 0.5000000000
126687  -8.637  -72.549  8.619 0.5000000000
11273  -7.886  -70.624  9.015 0.6000000238
9667  -9.182  -73.420  8.465 0.5000000000
13028  -10.203  -68.877  6.835 0.6000000238
8092  -8.472  -75.962  8.935 0.6999999881
8118  -8.892  -75.500  8.190 0.6000000238
7345  -9.019  -76.346  9.685 0.6000000238
9697  -11.381  -73.509  6.495 0.5000000000
145467  -7.588  -76.026  11.564 0.5000000000
7325  -8.387  -76.382  10.505 0.6999999881
8919  -11.907  -74.246  6.244 0.5000000000
8965  -13.063  -75.030  3.553 0.5000000000
8206  -13.570  -75.387  2.924 0.6000000238
127866  -15.978  -76.424  2.063 0.6000000238
7472  -16.057  -76.903  2.350 0.5000000000
8208  -17.243  -76.406  2.261 0.6000000238
7442  -16.386  -76.842  2.841 0.6000000238
8944  -17.210  -74.767  5.996 0.5000000000
136356  -16.997  -79.334  9.384 0.5000000000
4710  -16.866  -80.125  9.136 0.5000000000
4110  -18.501  -81.152  9.590 0.6000000238
3520  -19.123  -81.903  9.410 0.6000000238
12115  -9.651  -70.976  9.517 0.6000000238
12137  -9.277  -69.967  9.025 0.6000000238
11253  -10.368  -71.586  9.842 0.6000000238
128706  -10.334  -68.136  7.757 0.5000000000
10449  -9.802  -73.050  9.295 0.6000000238
9660  -10.389  -73.803  9.608 0.6999999881
13029  -11.153  -68.936  6.710 0.6000000238
7346  -10.038  -76.296  9.830 0.6000000238
8884  -9.972  -74.812  8.524 0.6000000238
12185  -10.925  -70.049  6.433 0.6000000238
7312  -8.779  -76.313  11.261 0.6000000238
7313  -9.698  -76.388  11.339 0.6000000238
10474  -11.578  -72.505  6.756 0.5000000000
8943  -13.122  -74.321  5.106 0.5000000000
122262  -7.465  -74.502  12.029 0.5000000000
8054  -8.252  -75.824  11.739 0.6000000238
8966  -13.833  -74.712  3.296 0.5000000000
8215  -15.453  -75.347  2.289 0.6000000238
8207  -14.415  -75.297  2.627 0.5000000000
8197  -17.696  -75.977  3.229 0.5000000000
146241  -16.664  -80.658  8.614 0.6000000238
3519  -17.961  -81.826  8.830 0.6000000238
11254  -11.125  -71.198  9.929 0.6000000238
12117  -11.214  -70.165  9.386 0.5000000000
12139  -10.893  -69.151  8.876 0.5000000000
10435  -11.038  -72.079  10.365 0.6999999881
12995  -11.147  -68.353  8.602 0.5000000000
141328  -11.064  -73.998  10.614 0.6999999881
10434  -10.433  -72.665  10.000 0.6000000238
13859  -10.891  -67.767  7.983 0.5000000000
8870  -10.355  -74.735  9.107 0.6000000238
13870  -11.059  -67.755  7.749 0.5000000000
13030  -12.110  -68.925  6.557 0.6000000238
7304  -9.907  -76.295  11.995 0.6999999881
132995  -11.810  -70.766  6.625 0.6000000238
8046  -8.726  -75.461  12.390 0.6000000238
11302  -12.170  -71.653  6.975 0.6000000238
9600  -7.671  -73.082  12.584 0.6999999881
8828  -8.438  -74.656  12.734 0.6999999881
9713  -12.778  -74.094  6.105 0.5000000000
10475  -12.656  -72.650  7.078 0.5000000000
8827  -7.689  -73.595  12.206 0.6000000238
9714  -13.596  -73.732  5.716 0.5000000000
10373  -7.253  -72.429  12.710 0.5000000000
9720  -14.621  -73.409  4.373 0.6000000238
8957  -13.429  -74.400  4.048 0.5000000000
11211  -6.813  -71.776  12.272 0.6000000238
8967  -14.641  -74.461  3.061 0.5000000000
8216  -16.506  -76.113  1.939 0.6000000238
8218  -18.447  -76.158  1.766 0.5000000000
11238  -11.804  -71.676  10.503 0.6999999881
127862  -11.990  -70.875  9.996 0.5000000000
125592  -12.245  -70.101  9.541 0.5000000000
10401  -11.780  -73.126  11.397 0.8000000119
10421  -11.628  -72.528  10.962 0.6999999881
12979  -11.661  -69.263  9.154 0.5000000000
13860  -11.931  -67.057  8.376 0.5000000000
130355  -11.552  -75.211  12.352 0.6999999881
8854  -11.301  -74.366  10.987 0.6999999881
9653  -11.272  -73.422  10.983 0.8000000119
8068  -11.229  -75.393  10.941 0.6999999881
14698  -12.084  -66.499  8.025 0.5000000000
8034  -9.898  -75.743  13.270 0.6999999881
8056  -11.220  -75.761  11.787 0.6999999881
13879  -11.422  -68.056  7.056 0.6000000238
13871  -11.769  -67.255  7.493 0.5000000000
9593  -8.591  -74.252  14.399 0.6000000238
8033  -9.092  -75.298  13.069 0.6000000238
11303  -12.698  -70.771  6.971 0.6000000238
10374  -7.624  -72.985  13.600 0.6999999881
8814  -8.132  -73.786  13.105 0.6999999881
9699  -13.189  -73.396  6.635 0.6000000238
10461  -13.117  -71.828  7.250 0.6000000238
11200  -6.685  -71.738  13.462 0.6000000238
9715  -14.334  -73.289  5.305 0.6000000238
9726  -14.936  -73.679  3.636 0.6000000238
12071  -5.915  -70.549  12.217 0.6000000238
9735  -16.101  -73.971  2.846 0.6000000238
140187  -17.681  -75.650  1.754 0.5000000000
10402  -12.339  -72.702  11.487 0.6000000238
10422  -12.492  -72.054  10.978 0.5000000000
11239  -12.702  -71.405  10.377 0.5000000000
13846  -12.888  -67.588  9.035 0.5000000000
8837  -11.942  -74.017  12.184 0.8000000119
13861  -12.682  -66.311  8.458 0.5000000000
8049  -11.286  -75.631  12.758 0.6999999881
13031  -13.165  -68.981  6.565 0.6000000238
136781  -2.104  -65.000  16.038 0.6000000238
8803  -9.485  -74.909  14.548 0.8000000119
145450  -2.231  -65.376  15.396 0.6000000238
10364  -7.447  -72.940  15.035 0.6999999881
136848  -8.459  -73.859  15.174 0.8000000119
125222  -12.676  -69.750  6.650 0.6000000238
13778  -2.931  -66.770  13.830 0.6000000238
10363  -7.018  -72.361  14.212 0.6000000238
143726  -14.236  -72.563  6.836 0.6000000238
10477  -14.668  -72.756  6.128 0.6000000238
12910  -5.105  -69.837  14.046 0.6000000238
12060  -5.669  -70.565  13.496 0.6000000238
11188  -6.061  -71.140  14.125 0.6000000238
10492  -15.012  -72.859  5.070 0.6000000238
10493  -15.704  -72.554  5.043 0.6000000238
11199  -6.321  -71.148  12.851 0.5000000000
9728  -16.475  -73.332  3.314 0.5000000000
9737  -17.828  -74.662  1.952 0.5000000000
9729  -17.332  -73.495  2.865 0.5000000000
10403  -13.226  -72.401  11.456 0.5000000000
10423  -13.461  -71.838  10.740 0.5000000000
9613  -12.532  -73.567  12.506 0.6000000238
9614  -13.271  -73.233  12.767 0.5000000000
8829  -11.781  -75.004  13.075 0.8000000119
8818  -12.273  -74.483  13.664 0.6999999881
8805  -11.409  -74.952  14.781 0.8000000119
8804  -10.536  -75.105  14.821 0.8000000119
14718  -12.797  -66.959  7.066 0.6000000238
15516  -13.221  -65.463  8.231 0.5000000000
16208  -3.333  -64.784  17.405 0.6000000238
8793  -9.104  -74.262  15.306 0.8000000119
143158  -13.638  -66.798  6.904 0.5000000000
15436  -3.370  -64.960  15.333 0.6999999881
144646  -2.671  -64.875  15.714 0.6000000238
10352  -7.622  -72.629  16.009 0.8000000119
12187  -13.497  -70.119  7.025 0.6000000238
13032  -14.370  -69.386  7.001 0.6000000238
13882  -13.962  -67.544  6.685 0.6000000238
135242  -3.665  -66.102  15.195 0.6000000238
123647  -14.883  -72.078  7.038 0.6000000238
10463  -14.418  -71.364  7.349 0.6000000238
12163  -15.310  -70.050  7.279 0.6000000238
12909  -4.575  -68.888  14.523 0.6000000238
12037  -6.025  -71.024  15.317 0.6000000238
10351  -6.975  -72.227  15.556 0.5000000000
11323  -16.234  -72.057  5.950 0.6000000238
12048  -5.550  -70.466  14.723 0.6000000238
10500  -16.553  -72.738  4.047 0.6000000238
145340  -16.319  -72.310  5.147 0.6000000238
10501  -17.273  -72.502  4.266 0.5000000000
10511  -18.668  -72.768  3.572 0.5000000000
9730  -18.181  -73.593  2.605 0.5000000000
140228  -19.658  -73.838  2.193 0.5000000000
9601  -13.466  -73.440  13.540 0.6000000238
8806  -12.148  -74.543  14.564 0.6999999881
15411  -6.422  -66.042  17.862 0.6000000238
15410  -5.215  -65.676  17.905 0.6000000238
8794  -10.047  -74.542  15.465 0.8000000119
15527  -14.262  -65.254  7.620 0.5000000000
133148  -4.511  -64.224  16.114 0.6000000238
9582  -9.641  -73.803  15.971 0.8000000119
15540  -15.178  -65.775  7.153 0.5000000000
16243  -3.410  -64.492  15.612 0.6999999881
11160  -8.268  -71.561  16.509 0.8000000119
129084  -14.620  -68.404  6.768 0.6000000238
13883  -15.316  -67.490  6.680 0.6000000238
125889  -4.062  -65.893  15.243 0.8000000119
12025  -7.601  -70.799  16.555 0.6999999881
11289  -15.177  -71.044  7.343 0.6000000238
13033  -15.512  -68.828  6.845 0.6000000238
14612  -5.052  -67.257  15.523 0.6999999881
13769  -5.416  -68.823  15.879 0.6999999881
12038  -6.361  -70.707  16.161 0.6000000238
11304  -15.834  -71.613  6.846 0.6000000238
12188  -16.684  -69.743  6.526 0.6000000238
12899  -5.214  -69.544  15.342 0.6000000238
11305  -16.805  -70.958  6.548 0.5000000000
10495  -17.749  -71.818  5.317 0.5000000000
8807  -12.916  -73.951  14.219 0.6000000238
138618  -13.603  -73.424  14.215 0.5000000000
15395  -8.285  -66.878  18.582 0.6000000238
9585  -12.357  -73.670  15.784 0.6999999881
15394  -7.053  -66.845  18.423 0.6000000238
8796  -11.878  -74.381  15.349 0.6999999881
9572  -11.981  -73.154  16.256 0.6000000238
16210  -5.902  -65.193  17.205 0.6000000238
137431  -6.986  -65.611  17.331 0.6000000238
9583  -10.573  -73.953  16.053 0.6000000238
11162  -10.265  -71.786  16.109 0.6999999881
16917  -4.829  -64.214  15.353 0.8000000119
11161  -9.245  -71.605  16.314 0.6999999881
11177  -10.046  -71.151  15.681 0.6000000238
15437  -4.499  -64.796  14.613 0.8000000119
12892  -8.179  -70.221  16.306 0.8000000119
12901  -8.789  -69.848  15.442 0.6999999881
14629  -5.648  -66.656  14.790 0.6999999881
14604  -5.994  -68.331  16.035 0.6999999881
139377  -6.802  -68.453  15.918 0.6000000238
12900  -7.930  -69.445  16.028 0.8000000119
15379  -9.060  -66.564  19.647 0.6000000238
15413  -8.735  -66.298  18.269 0.6000000238
16227  -6.811  -64.967  16.518 0.6999999881
12903  -10.655  -70.024  14.659 0.6000000238
16226  -5.406  -64.514  16.297 0.6999999881
16931  -5.157  -64.407  14.387 0.6999999881
12902  -9.630  -70.131  14.779 0.6999999881
12911  -9.330  -69.573  14.309 0.6000000238
16252  -4.688  -64.530  14.574 0.8000000119
15454  -5.347  -65.110  13.522 0.6000000238
13781  -8.822  -68.862  13.774 0.6999999881
13806  -9.421  -68.638  13.183 0.6999999881
12927  -10.075  -69.169  13.609 0.6000000238
15438  -4.739  -65.895  14.936 0.8000000119
14630  -6.768  -67.414  14.417 0.6000000238
125700  -7.269  -68.151  15.113 0.6000000238
16178  -8.792  -65.912  20.376 0.6000000238
16187  -9.196  -65.632  19.566 0.6000000238
16212  -8.732  -65.795  17.687 0.6999999881
15380  -9.270  -65.998  19.067 0.6000000238
16211  -7.927  -65.574  17.120 0.6999999881
16228  -8.086  -65.046  16.380 0.6999999881
16919  -7.205  -64.679  15.683 0.6999999881
16932  -6.731  -64.458  14.495 0.6000000238
12913  -10.352  -69.666  14.211 0.6000000238
16944  -5.905  -64.656  13.360 0.6000000238
15455  -6.189  -66.339  13.350 0.6000000238
14631  -10.461  -68.408  13.877 0.5000000000
14653  -9.194  -67.902  12.547 0.6000000238
123793  -10.231  -67.474  13.394 0.5000000000
15456  -10.448  -66.674  14.034 0.5000000000
14669  -9.009  -67.280  11.975 0.6000000238
15465  -10.230  -66.551  13.048 0.5000000000
17573  -7.050  -63.930  20.165 0.6000000238
16882  -8.661  -65.028  20.199 0.6000000238
16188  -9.364  -65.258  18.884 0.6999999881
16890  -9.120  -64.743  19.440 0.6999999881
16899  -9.405  -64.819  18.194 0.6999999881
122731  -8.776  -65.263  17.042 0.6999999881
16229  -8.917  -64.770  16.399 0.6000000238
16245  -8.298  -64.662  15.502 0.5000000000
16945  -7.351  -64.594  13.481 0.6999999881
16946  -8.543  -64.367  13.675 0.6000000238
16956  -6.764  -64.921  12.489 0.6000000238
16258  -6.785  -65.235  12.256 0.6000000238
16969  -8.452  -64.755  11.447 0.6000000238
15481  -8.325  -66.720  11.514 0.6000000238
15493  -8.800  -65.920  11.143 0.5000000000
16273  -10.002  -65.277  11.441 0.5000000000
16959  -10.597  -64.784  12.201 0.5000000000
19139  -2.434  -61.969  19.911 0.6999999881
18335  -3.210  -62.025  19.324 0.6999999881
19147  -3.080  -61.406  19.600 0.6999999881
17584  -6.373  -63.381  19.646 0.6000000238
18337  -4.542  -62.660  19.115 0.6999999881
20106  -3.436  -60.522  19.714 0.6999999881
141351  -4.149  -59.059  19.590 0.6999999881
21936  -4.551  -58.687  19.924 0.6000000238
17585  -7.518  -63.526  19.524 0.6999999881
18338  -5.689  -62.754  19.075 0.6999999881
18349  -4.987  -61.947  18.442 0.6999999881
20123  -4.103  -60.454  18.532 0.6999999881
17595  -7.993  -63.075  18.856 0.6999999881
17594  -6.842  -62.893  19.029 0.6999999881
20124  -4.692  -60.455  18.080 0.6999999881
16920  -9.367  -64.285  16.596 0.6999999881
16934  -9.134  -64.284  15.538 0.6000000238
16933  -8.418  -64.500  14.513 0.6000000238
16947  -9.026  -63.879  13.557 0.6000000238
17636  -9.164  -63.064  13.109 0.6000000238
131249  -8.014  -64.705  12.895 0.6000000238
16957  -8.477  -64.328  12.622 0.6000000238
17649  -9.137  -63.110  12.077 0.6000000238
17660  -9.165  -64.284  10.953 0.5000000000
17661  -9.431  -63.481  11.119 0.6000000238
19269  -10.294  -62.443  10.847 0.6000000238
16286  -8.793  -65.326  11.022 0.5000000000
16980  -9.470  -64.634  10.871 0.5000000000
17677  -10.639  -63.484  10.530 0.5000000000
21032  -3.758  -59.666  19.933 0.6999999881
21034  -4.834  -58.802  20.500 0.6000000238
21035  -5.768  -58.773  20.494 0.6000000238
21938  -6.252  -58.170  19.799 0.4000000060
21070  -5.025  -58.871  18.720 0.6000000238
21951  -4.750  -58.715  19.382 0.5000000000
21937  -5.293  -58.365  19.759 0.5000000000
21953  -7.240  -57.134  19.208 0.4000000060
145735  -7.792  -57.338  19.439 0.5000000000
16898  -9.307  -64.365  18.692 0.6999999881
18351  -7.227  -62.435  18.363 0.8000000119
19160  -5.134  -61.166  17.824 0.6999999881
21968  -5.636  -58.583  18.394 0.5000000000
21969  -6.149  -57.776  18.817 0.4000000060
22839  -7.052  -57.144  18.508 0.4000000060
22815  -7.812  -56.590  19.040 0.4000000060
23656  -8.590  -55.817  18.285 0.4000000060
18352  -8.318  -62.630  18.115 0.8000000119
18362  -7.325  -61.959  17.551 0.8000000119
18361  -6.506  -61.894  17.908 0.8000000119
135775  -6.109  -60.793  16.958 0.8000000119
20145  -5.948  -60.263  17.270 0.6000000238
21091  -6.009  -59.244  17.589 0.5000000000
21992  -7.035  -57.623  17.769 0.4000000060
22822  -7.669  -56.415  18.526 0.4000000060
17597  -9.448  -63.911  17.954 0.6999999881
17607  -9.476  -63.472  17.044 0.8000000119
18377  -9.455  -62.750  16.226 0.6999999881
18389  -9.115  -61.924  15.338 0.5000000000
21092  -6.845  -58.910  17.196 0.5000000000
22003  -7.596  -57.809  17.184 0.4000000060
22841  -8.490  -55.941  17.820 0.4000000060
123280  -9.527  -62.940  15.336 0.6000000238
17624  -9.344  -63.255  14.326 0.5000000000
18401  -9.265  -62.302  13.596 0.5000000000
19234  -9.460  -61.560  13.153 0.6000000238
18428  -9.559  -62.660  11.469 0.6000000238
19252  -9.741  -61.939  11.879 0.6000000238
20091  -3.449  -59.913  20.499 0.6000000238
20068  -4.012  -59.453  22.092 0.5000000000
21018  -5.328  -59.449  21.282 0.5000000000
127530  -6.568  -59.902  21.269 0.4000000060
21036  -6.872  -58.955  20.430 0.5000000000
21939  -7.250  -58.055  19.768 0.5000000000
21054  -8.348  -58.414  19.747 0.5000000000
21954  -9.910  -58.173  19.099 0.5000000000
22816  -8.671  -57.197  19.182 0.5000000000
21972  -11.295  -57.974  18.534 0.5000000000
19174  -7.380  -61.347  16.524 0.6999999881
20162  -6.484  -60.643  16.704 0.6000000238
20183  -7.547  -60.394  15.943 0.5000000000
21112  -6.925  -60.121  16.492 0.5000000000
22824  -8.902  -56.011  18.600 0.5000000000
22826  -10.827  -56.532  18.269 0.5000000000
18364  -9.281  -62.636  16.985 0.8000000119
18376  -8.811  -61.980  16.349 0.6999999881
125871  -7.984  -61.185  15.758 0.6000000238
21113  -7.718  -59.239  16.394 0.5000000000
22004  -8.319  -58.017  16.570 0.4000000060
22005  -8.847  -57.058  16.600 0.5000000000
124228  -9.440  -55.287  17.510 0.4000000060
23671  -10.140  -54.843  17.308 0.5000000000
19204  -9.165  -61.462  14.389 0.5000000000
20205  -8.719  -60.905  14.878 0.5000000000
21135  -8.235  -59.923  15.544 0.6000000238
22019  -8.604  -59.010  15.890 0.5000000000
143986  -8.951  -58.162  16.152 0.5000000000
22873  -9.497  -57.660  16.123 0.5000000000
20206  -9.239  -60.896  14.213 0.5000000000
21155  -9.532  -60.154  14.292 0.5000000000
21136  -9.012  -59.622  15.154 0.5000000000
22020  -9.337  -58.729  15.579 0.5000000000
20222  -9.739  -60.792  13.349 0.6000000238
144727  -10.163  -60.241  13.480 0.6000000238
20054  -4.786  -60.145  23.030 0.5000000000
20055  -5.719  -60.733  22.981 0.5000000000
20070  -5.956  -60.459  22.145 0.5000000000
20071  -7.021  -60.863  22.163 0.4000000060
143970  -7.566  -60.646  21.606 0.4000000060
20056  -6.536  -61.024  22.773 0.4000000060
20093  -7.676  -60.052  20.935 0.5000000000
21037  -7.975  -59.275  20.280 0.6000000238
21038  -9.046  -59.673  20.108 0.5000000000
21055  -9.436  -58.907  19.562 0.5000000000
21056  -10.454  -59.392  19.418 0.4000000060
21071  -11.764  -59.007  18.839 0.4000000060
21072  -12.651  -59.117  18.799 0.4000000060
19097  -7.296  -61.256  23.518 0.4000000060
19113  -7.433  -61.373  22.947 0.4000000060
19127  -8.015  -61.265  22.264 0.4000000060
20072  -8.397  -60.915  21.500 0.5000000000
20094  -8.697  -60.350  20.757 0.5000000000
20095  -9.679  -60.660  20.618 0.5000000000
19128  -8.930  -61.482  22.158 0.4000000060
19130  -10.651  -61.551  21.884 0.4000000060
19140  -11.100  -61.370  21.259 0.5000000000
20097  -11.565  -60.950  20.596 0.4000000060
20108  -11.014  -60.328  19.896 0.4000000060
21058  -12.301  -59.803  19.373 0.4000000060
20980  -7.901  -60.264  24.250 0.4000000060
20023  -8.239  -61.020  23.808 0.4000000060
19114  -8.451  -61.488  22.824 0.4000000060
134751  -9.172  -59.552  23.599 0.4000000060
20997  -9.604  -60.287  23.459 0.4000000060
19100  -9.524  -61.297  23.099 0.4000000060
20057  -10.861  -60.838  22.704 0.4000000060
19131  -11.384  -61.399  21.832 0.5000000000
19141  -11.894  -61.195  21.294 0.5000000000
20098  -12.551  -60.797  20.723 0.4000000060
20110  -12.740  -60.353  20.011 0.4000000060
135418  -11.518  -60.507  22.479 0.4000000060
21019  -13.283  -60.070  21.628 0.4000000060
21020  -14.007  -60.050  21.073 0.4000000060
20099  -13.413  -60.347  20.539 0.4000000060
130438  -13.302  -59.857  19.535 0.4000000060
124040  -8.323  -58.147  23.533 0.4000000060
22780  -9.049  -57.616  23.079 0.3000000119
21907  -9.859  -59.281  23.275 0.3000000119
21010  -11.200  -59.921  22.744 0.4000000060
23628  -9.425  -56.207  22.526 0.4000000060
21918  -9.882  -58.197  22.909 0.3000000119
21919  -10.717  -58.948  22.816 0.4000000060
22794  -12.269  -57.567  22.013 0.5000000000
21928  -13.007  -59.221  22.026 0.4000000060
136775  -13.931  -59.443  21.529 0.4000000060
21021  -14.567  -59.463  21.164 0.4000000060
21957  -15.922  -58.710  19.855 0.3000000119
23636  -12.418  -56.718  21.787 0.5000000000
127320  -13.655  -58.510  21.762 0.4000000060
21929  -14.621  -58.725  21.432 0.4000000060
133502  -15.315  -58.517  21.159 0.3000000119
22790  -8.892  -56.687  22.792 0.4000000060
24477  -9.397  -55.339  22.390 0.4000000060
23629  -10.254  -56.033  22.353 0.4000000060
23630  -10.943  -56.771  22.276 0.5000000000
22793  -11.502  -57.625  22.274 0.5000000000
136773  -10.214  -55.235  22.283 0.4000000060
23635  -11.620  -55.992  21.943 0.5000000000
138435  -11.977  -55.407  21.721 0.5000000000
128493  -12.578  -55.753  21.578 0.4000000060
128674  -14.233  -56.443  21.318 0.4000000060
22801  -15.023  -57.988  21.370 0.3000000119
129357  -12.260  -54.935  21.561 0.3000000119
24483  -13.544  -55.722  21.316 0.3000000119
23627  -8.666  -55.831  22.575 0.4000000060
25356  -10.145  -53.984  22.232 0.3000000119
26200  -10.672  -53.366  22.170 0.4000000060
24485  -15.025  -56.070  21.094 0.3000000119
134416  -9.148  -53.949  22.204 0.3000000119
27043  -10.248  -52.417  22.329 0.3000000119
11319  -6.239  -70.706  5.632 0.6000000238
12159  -5.730  -70.182  7.493 0.5000000000
13823  -8.500  -67.492  12.101 0.6000000238
14652  -7.276  -67.355  13.022 0.6000000238
3042  -11.883  -83.537  1.097 0.5000000000
4185  -13.208  -81.913  1.492 0.6000000238
133506  -8.835  -78.717  2.412 0.5000000000
122335  -13.920  -81.798  2.090 0.6999999881
3005  -12.719  -82.837  5.482 0.6999999881
121891  -12.599  -81.871  5.771 0.6999999881
5416  -14.107  -79.969  2.846 0.6999999881
136183  -12.563  -81.097  6.052 0.6999999881
4759  -12.857  -80.640  5.509 0.6999999881
8939  -8.909  -74.772  4.822 0.5000000000
4108  -12.613  -81.494  9.333 0.6999999881
124995  -13.893  -78.229  2.595 0.6999999881
5408  -14.541  -79.467  3.190 0.6999999881
131493  -12.896  -79.981  9.939 0.6999999881
6030  -14.086  -78.620  5.173 0.6999999881
11320  -7.704  -71.070  5.404 0.6000000238
5954  -14.111  -78.674  11.550 0.6999999881
6755  -15.320  -78.012  2.877 0.6000000238
6707  -14.462  -77.176  5.898 0.6000000238
7368  -14.185  -76.543  8.451 0.5000000000
9682  -6.659  -73.218  7.555 0.6999999881
6741  -15.377  -77.867  3.852 0.6000000238
5938  -17.040  -78.724  12.348 0.6000000238
5309  -18.062  -79.781  12.366 0.6000000238
7407  -15.023  -76.398  5.980 0.5000000000
127981  -17.133  -74.502  7.587 0.5000000000
130538  -17.364  -78.821  10.175 0.5000000000
10460  -7.245  -72.705  7.742 0.6000000238
8136  -7.571  -74.649  7.798 0.6999999881
11301  -11.256  -71.333  6.556 0.6000000238
8214  -14.202  -75.997  2.405 0.5000000000
7441  -15.818  -77.082  3.932 0.5000000000
8175  -15.861  -75.830  5.616 0.6000000238
7424  -15.625  -76.536  4.997 0.5000000000
8176  -16.582  -75.226  5.797 0.5000000000
130335  -19.602  -81.197  10.229 0.6000000238
4711  -17.932  -80.415  9.835 0.6000000238
5362  -16.765  -79.535  8.539 0.5000000000
8067  -10.940  -76.056  10.999 0.6000000238
126937  -12.739  -66.132  7.725 0.5000000000
14611  -2.373  -66.011  14.619 0.6000000238
141631  -5.294  -70.001  12.898 0.6000000238
9727  -15.667  -73.452  3.504 0.6000000238
13767  -3.585  -66.793  15.067 0.6000000238
10353  -8.385  -72.876  16.212 0.8000000119
13768  -4.732  -67.780  15.456 0.6000000238
138531  -16.021  -69.640  6.985 0.6000000238
124969  -5.786  -70.254  15.776 0.6000000238
127442  -16.997  -71.732  5.776 0.6000000238
12039  -9.063  -70.489  15.822 0.8000000119
127612  -16.314  -67.711  6.441 0.6000000238
12891  -7.340  -69.886  16.426 0.6000000238
12890  -6.486  -69.523  16.330 0.6999999881
13770  -6.268  -67.742  15.520 0.6000000238
16257  -5.934  -65.015  12.727 0.6000000238
13780  -7.819  -68.132  13.918 0.6999999881
15480  -7.456  -66.219  11.662 0.6000000238
15483  -9.884  -66.223  12.102 0.5000000000
130412  -9.140  -64.066  14.508 0.5000000000
15492  -8.145  -65.860  11.231 0.6000000238
17662  -10.505  -64.226  10.965 0.5000000000
18336  -3.690  -62.534  19.297 0.6999999881
17583  -5.244  -63.310  19.684 0.6000000238
19159  -4.302  -61.185  18.318 0.6999999881
18350  -6.163  -62.268  18.472 0.8000000119
20144  -5.450  -60.634  17.438 0.6000000238
21017  -4.408  -59.234  21.288 0.6000000238
21952  -6.033  -57.843  19.286 0.5000000000
142505  -5.410  -58.241  19.117 0.5000000000
23693  -8.984  -55.863  17.184 0.5000000000
20069  -4.913  -60.053  22.255 0.5000000000
21970  -9.519  -56.962  18.804 0.5000000000
140063  -7.203  -60.915  16.074 0.6000000238
19202  -7.598  -60.907  15.772 0.6000000238
19112  -6.598  -61.087  23.368 0.5000000000
21039  -10.046  -60.071  19.933 0.5000000000
20073  -9.327  -61.176  21.393 0.6000000238
21905  -8.381  -59.277  23.906 0.4000000060
20996  -8.778  -60.318  23.817 0.4000000060
20038  -9.189  -61.021  23.463 0.4000000060
21906  -9.127  -58.645  23.392 0.3000000119
20039  -9.994  -60.954  23.169 0.4000000060
20059  -12.043  -60.603  22.190 0.5000000000
20076  -12.559  -60.687  21.615 0.4000000060
136851  -11.582  -59.152  22.520 0.4000000060
21012  -12.578  -60.038  22.138 0.4000000060
125054  -14.160  -59.925  20.259 0.4000000060
21059  -14.828  -59.494  19.857 0.4000000060
22791  -9.868  -57.048  22.593 0.3000000119
22792  -10.689  -57.804  22.534 0.5000000000
21920  -11.309  -58.370  22.473 0.4000000060
136729  -12.827  -58.256  21.975 0.5000000000
21921  -12.109  -58.486  22.253 0.4000000060
21040  -14.742  -59.547  20.696 0.4000000060
23637  -13.324  -56.619  21.541 0.5000000000
22799  -13.098  -57.533  21.764 0.4000000060
22800  -14.171  -57.571  21.537 0.4000000060
24478  -10.881  -55.494  22.147 0.5000000000
24481  -10.628  -54.713  22.157 0.5000000000
24482  -11.481  -54.986  21.847 0.4000000060
24484  -14.284  -55.625  21.121 0.4000000060
25359  -11.083  -54.126  21.985 0.4000000060
26194  -9.552  -53.286  22.264 0.3000000119
27052  -11.384  -52.805  21.982 0.3000000119
26201  -11.564  -53.506  21.781 0.3000000119
2861  -20.386  -84.019  14.301 0.5000000000
1897  -20.909  -85.114  13.906 0.5000000000
1099  -20.980  -87.392  13.721 0.5000000000
1477  -21.224  -86.437  13.476 0.5000000000
783  -20.829  -88.160  13.614 0.5000000000
1105  -21.383  -87.037  12.777 0.5000000000
790  -20.778  -88.851  13.109 0.6000000238
2897  -20.764  -83.463  13.599 0.5000000000
2383  -21.265  -84.751  13.200 0.5000000000
1923  -21.546  -85.127  12.491 0.5000000000
1487  -21.527  -86.070  12.567 0.5000000000
450  -20.867  -89.372  12.182 0.6000000238
1501  -21.597  -86.721  11.727 0.6000000238
128525  -21.431  -87.731  12.108 0.6000000238
3446  -19.726  -82.772  14.135 0.4000000060
2418  -16.335  -85.026  10.057 0.4000000060
2929  -16.702  -84.459  10.629 0.4000000060
2403  -17.234  -84.680  11.173 0.5000000000
2907  -17.547  -83.718  12.242 0.5000000000
126022  -17.860  -83.063  12.923 0.5000000000
3469  -18.338  -82.209  13.158 0.5000000000
3486  -17.718  -82.891  12.494 0.5000000000
3456  -18.264  -82.702  13.711 0.5000000000
3458  -19.642  -82.189  13.712 0.5000000000
129864  -20.286  -90.617  11.892 0.6000000238
227  -19.975  -91.584  11.262 0.6000000238
3459  -20.308  -82.508  13.611 0.5000000000
2898  -21.248  -83.439  12.788 0.5000000000
3472  -21.188  -82.647  12.373 0.5000000000
140890  -20.771  -89.810  11.367 0.6000000238
2394  -21.456  -84.242  12.548 0.5000000000
128974  -21.751  -86.157  10.908 0.6000000238
1115  -21.538  -87.617  11.325 0.6000000238
461  -20.866  -89.793  10.433 0.6000000238
122636  -21.608  -87.410  10.073 0.6000000238
809  -21.213  -89.123  9.855 0.6000000238
131862  -20.689  -90.380  9.223 0.6999999881
1131  -21.409  -88.307  9.474 0.6000000238
127159  -21.163  -88.678  8.232 0.6999999881
1945  -14.229  -84.790  9.294 0.6000000238
2928  -14.657  -83.567  10.113 0.6000000238
3502  -14.537  -82.727  10.638 0.6000000238
2408  -15.629  -84.150  10.152 0.5000000000
140292  -16.237  -83.789  10.656 0.5000000000
3503  -15.401  -82.749  11.008 0.6000000238
2917  -17.388  -83.479  11.839 0.5000000000
144328  -16.858  -83.146  11.488 0.5000000000
3485  -17.213  -82.607  11.950 0.5000000000
3470  -18.875  -81.554  13.200 0.5000000000
4057  -18.344  -81.258  12.894 0.5000000000
4046  -20.102  -81.671  13.210 0.5000000000
11  -20.668  -92.304  11.132 0.6999999881
238  -20.173  -91.699  10.516 0.6000000238
79  -20.913  -92.144  10.334 0.8000000119
127354  -21.516  -83.493  11.874 0.5000000000
2404  -21.666  -84.546  11.742 0.5000000000
123444  -21.764  -84.888  10.865 0.6000000238
469  -20.413  -91.038  9.857 0.6999999881
249  -20.719  -91.253  8.955 0.6999999881
1511  -21.649  -87.050  10.800 0.6000000238
819  -20.892  -89.702  8.654 0.6999999881
1519  -21.640  -86.312  9.397 0.6000000238
123458  -21.576  -87.334  9.303 0.6000000238
1967  -21.111  -86.554  7.802 0.6999999881
1142  -20.983  -88.566  7.402 0.6999999881
1151  -20.870  -89.258  6.452 0.6000000238
1953  -13.436  -85.088  8.748 0.5000000000
2927  -13.826  -83.121  10.040 0.6000000238
3483  -14.991  -82.094  11.331 0.6000000238
4079  -16.718  -81.671  12.286 0.6000000238
4056  -17.406  -80.796  12.780 0.6000000238
4059  -19.825  -81.066  12.739 0.5000000000
4666  -20.142  -80.897  12.163 0.6000000238
71  -21.444  -92.110  11.195 0.6999999881
4061  -20.948  -81.879  12.058 0.5000000000
4098  -20.915  -81.822  11.178 0.5000000000
80  -21.646  -91.837  9.853 0.5000000000
81  -22.581  -91.556  10.549 0.6000000238
3487  -21.304  -82.579  11.523 0.6000000238
145035  -21.659  -84.249  10.463 0.5000000000
86  -21.065  -91.416  8.711 0.6000000238
2410  -21.680  -84.796  10.047 0.5000000000
479  -20.788  -90.743  8.236 0.6999999881
1948  -21.576  -85.404  9.476 0.5000000000
123966  -20.892  -89.754  6.949 0.6000000238
1160  -21.044  -89.337  5.873 0.6000000238
1956  -20.934  -85.544  8.210 0.5000000000
1966  -20.478  -86.000  7.257 0.6000000238
1544  -20.695  -88.536  6.029 0.5000000000
1553  -19.148  -86.228  4.576 0.5000000000
1178  -20.371  -87.524  4.210 0.5000000000
2430  -12.840  -84.455  8.472 0.6000000238
2416  -13.251  -83.445  9.489 0.6000000238
2446  -12.699  -84.837  7.778 0.4000000060
4096  -20.108  -80.937  10.906 0.5000000000
240  -22.556  -91.405  9.719 0.6000000238
3505  -21.202  -82.724  10.625 0.5000000000
257  -21.493  -91.202  8.280 0.5000000000
2419  -20.974  -83.976  9.261 0.5000000000
490  -21.272  -90.731  7.594 0.5000000000
143480  -21.894  -90.644  7.437 0.5000000000
491  -22.689  -90.297  7.846 0.5000000000
2959  -20.234  -83.938  8.728 0.5000000000
842  -21.289  -89.775  6.450 0.5000000000
140078  -21.161  -88.906  5.456 0.5000000000
2449  -20.031  -85.119  7.711 0.6000000238
2448  -18.846  -84.760  7.124 0.6000000238
1159  -20.792  -88.625  5.419 0.5000000000
1171  -20.792  -88.202  4.937 0.6000000238
1976  -18.944  -85.826  5.440 0.6000000238
1984  -18.402  -85.474  4.415 0.5000000000
3521  -20.630  -82.685  9.855 0.5000000000
497  -22.745  -89.544  7.363 0.5000000000
2941  -20.371  -83.350  9.229 0.5000000000
2958  -19.260  -83.456  8.464 0.5000000000
1172  -21.949  -88.522  5.485 0.5000000000
1162  -22.924  -87.680  6.311 0.5000000000
1545  -24.126  -86.691  6.085 0.5000000000
1566  -24.716  -86.246  5.375 0.5000000000
1995  -25.938  -85.578  4.801 0.5000000000
2978  -18.310  -83.999  7.505 0.6000000238
2447  -17.601  -84.340  6.467 0.6000000238
128107  -21.368  -88.169  4.881 0.5000000000
1975  -17.821  -85.034  5.067 0.6000000238
1581  -21.481  -86.102  2.343 0.5000000000
2480  -18.001  -84.259  4.032 0.5000000000
2481  -18.781  -84.355  3.523 0.5000000000
4122  -16.876  -81.753  8.214 0.5000000000
1555  -22.204  -87.477  4.911 0.5000000000
1556  -23.326  -86.548  5.211 0.5000000000
1993  -23.815  -85.925  4.475 0.5000000000
1994  -25.207  -85.777  4.923 0.5000000000
3535  -17.298  -82.484  8.064 0.5000000000
3552  -16.622  -82.874  7.149 0.6000000238
1180  -21.616  -87.461  4.192 0.5000000000
1565  -22.637  -86.663  4.348 0.5000000000
128142  -24.432  -85.357  4.005 0.5000000000
2484  -25.231  -85.071  4.338 0.5000000000
3022  -26.000  -83.985  3.835 0.5000000000
145923  -17.017  -84.001  5.193 0.5000000000
1573  -22.052  -86.768  3.578 0.5000000000
2008  -22.287  -85.682  1.986 0.5000000000
4121  -16.418  -81.100  8.030 0.5000000000
137305  -24.314  -84.576  1.777 0.5000000000
2001  -24.116  -85.280  2.976 0.5000000000
2498  -25.075  -84.427  2.786 0.5000000000
3594  -26.998  -82.912  3.120 0.4000000060
137445  -25.054  -84.191  1.796 0.4000000060
8936  -4.418  -74.569  5.072 0.4000000060
15423  -2.371  -64.956  16.973 0.5000000000
15393  -5.748  -66.671  18.484 0.5000000000
15392  -4.446  -66.364  18.430 0.5000000000
14561  -8.491  -67.685  19.814 0.5000000000
14584  -7.669  -67.533  18.972 0.5000000000
15409  -3.620  -65.630  18.046 0.5000000000
18327  -3.076  -62.785  19.852 0.5000000000
18326  -2.388  -62.671  20.453 0.5000000000
20067  -2.796  -59.818  21.102 0.5000000000
3536  -18.561  -82.620  8.641 0.5000000000
2940  -19.714  -82.678  9.242 0.5000000000
796  -21.289  -88.689  11.392 0.6000000238
1935  -21.714  -85.571  11.599 0.6000000238
1127  -21.486  -88.095  10.533 0.6000000238
1941  -21.747  -85.639  10.255 0.6000000238
1526  -21.403  -87.222  8.346 0.6999999881
126088  -15.408  -83.355  10.578 0.6000000238
128596  -21.521  -83.230  11.103 0.5000000000
1957  -21.440  -85.994  8.731 0.6000000238
1534  -20.682  -87.116  6.714 0.6000000238
1977  -20.002  -86.479  6.174 0.6000000238
2942  -21.124  -83.376  9.868 0.5000000000
2432  -20.711  -84.647  8.608 0.5000000000
1965  -19.427  -85.543  6.669 0.6000000238
1543  -20.387  -87.682  5.601 0.5000000000
1186  -21.137  -87.179  3.519 0.5000000000
849  -21.521  -89.563  6.005 0.5000000000
1161  -22.093  -89.121  5.959 0.5000000000
1983  -17.898  -84.761  4.327 0.5000000000
2957  -17.768  -83.241  7.811 0.5000000000
2991  -16.828  -83.729  5.750 0.5000000000
2977  -16.979  -83.605  6.808 0.5000000000
2000  -23.734  -85.663  3.545 0.5000000000
1574  -22.989  -86.147  3.568 0.5000000000
3032  -26.401  -83.357  2.770 0.5000000000
2009  -23.260  -85.673  2.632 0.4000000060
3039  -25.691  -83.922  2.519 0.4000000060
471  -26.278  -89.611  10.537 0.5000000000
470  -25.351  -89.789  10.103 0.6000000238
481  -25.265  -89.337  9.446 0.6000000238
243  -25.302  -90.122  10.769 0.6000000238
229  -24.728  -90.588  11.338 0.4000000060
145410  -24.879  -88.501  8.405 0.4000000060
142222  -23.810  -88.959  8.419 0.4000000060
480  -23.940  -89.555  8.987 0.5000000000
252  -24.217  -90.065  9.676 0.6000000238
242  -24.436  -90.452  10.439 0.5000000000
251  -23.084  -90.582  8.778 0.5000000000
241  -23.574  -91.070  10.663 0.6000000238
65  -22.051  -91.867  11.987 0.6000000238
129855  -20.911  -92.416  11.965 0.6000000238
9  -20.212  -92.434  12.487 0.6000000238
70  -19.901  -92.010  11.338 0.6000000238
7  -19.850  -92.210  13.129 0.6000000238
222  -19.820  -91.696  12.013 0.5000000000
132107  -19.877  -91.050  12.655 0.5000000000
438  -20.287  -89.534  13.660 0.4000000060
782  -20.484  -88.668  13.935 0.5000000000
139967  -20.897  -85.887  14.083 0.4000000060
14719  -15.575  -66.441  6.813 0.4000000060
14721  -17.448  -66.896  6.524 0.4000000060
13884  -17.498  -67.326  5.965 0.5000000000
18449  -11.227  -62.970  10.279 0.5000000000
19253  -10.638  -61.748  11.068 0.5000000000
19254  -11.855  -61.854  10.525 0.5000000000
20239  -11.015  -61.039  11.429 0.4000000060
21165  -10.974  -59.927  12.985 0.4000000060
19238  -14.321  -61.364  12.477 0.4000000060
22038  -10.589  -58.942  14.637 0.4000000060
22039  -11.402  -58.832  14.234 0.4000000060
21157  -11.706  -59.374  13.084 0.4000000060
22021  -10.061  -58.331  15.441 0.4000000060
22022  -10.905  -58.000  15.377 0.4000000060
21180  -13.828  -60.093  11.295 0.4000000060
22874  -10.134  -57.051  16.151 0.4000000060
137310  -11.544  -57.384  15.668 0.4000000060
22055  -14.225  -58.977  12.921 0.4000000060
22857  -10.105  -55.386  16.729 0.4000000060
22875  -10.869  -56.522  16.193 0.4000000060
23694  -10.091  -54.796  17.130 0.4000000060
23695  -10.966  -55.061  16.686 0.4000000060
132818  -12.113  -58.208  18.422 0.3000000119
141103  -11.636  -57.144  18.213 0.4000000060
21074  -14.453  -58.958  18.836 0.3000000119
21974  -13.681  -58.397  18.295 0.3000000119
22827  -12.325  -57.107  17.939 0.3000000119
22828  -13.303  -57.327  17.743 0.3000000119
19236  -13.184  -61.778  11.309 0.4000000060
20241  -12.911  -60.680  10.859 0.4000000060
21166  -12.099  -60.037  11.747 0.4000000060
19255  -12.694  -61.368  10.747 0.4000000060
21179  -13.070  -59.959  11.308 0.4000000060
144360  -12.388  -58.872  13.535 0.4000000060
21169  -15.358  -60.329  11.598 0.4000000060
21167  -13.370  -59.392  12.246 0.4000000060
143281  -13.339  -58.698  13.630 0.4000000060
22023  -11.938  -58.276  14.973 0.4000000060
132798  -28.738  -82.740  9.611 0.3000000119
3525  -29.404  -83.123  9.730 0.3000000119
3523  -27.062  -82.438  9.404 0.4000000060
3524  -27.948  -82.693  9.320 0.3000000119
3539  -28.034  -83.363  8.691 0.4000000060
142006  -25.349  -83.970  9.757 0.3000000119
2944  -26.156  -83.286  9.173 0.3000000119
2961  -26.542  -83.712  8.496 0.4000000060
2405  -25.455  -85.242  11.084 0.3000000119
2421  -25.317  -84.739  9.473 0.3000000119
2433  -25.595  -84.909  8.540 0.3000000119
1512  -25.861  -86.262  10.691 0.3000000119
1513  -26.118  -86.669  9.504 0.3000000119
1502  -26.758  -86.820  11.235 0.3000000119
128789  -26.802  -87.257  10.250 0.3000000119
1503  -27.883  -87.286  11.585 0.3000000119
1117  -28.538  -88.032  11.073 0.3000000119
1129  -28.123  -88.228  10.459 0.3000000119
786  -30.194  -88.164  13.908 0.3000000119
1100  -29.874  -88.007  13.137 0.3000000119
1107  -29.414  -88.159  12.301 0.3000000119
454  -28.869  -88.892  11.694 0.3000000119
464  -28.341  -89.077  11.236 0.3000000119
785  -29.622  -88.557  13.376 0.4000000060
2963  -28.614  -83.831  8.182 0.3000000119
3522  -26.305  -82.564  9.630 0.4000000060
2962  -27.574  -83.844  7.977 0.4000000060
2931  -25.336  -83.490  10.333 0.3000000119
2434  -26.121  -84.591  8.000 0.4000000060
1488  -27.020  -86.417  12.194 0.3000000119
1520  -26.199  -86.571  8.448 0.4000000060
139765  -27.167  -87.683  9.396 0.4000000060
1478  -28.346  -86.536  13.346 0.3000000119
146037  -27.746  -88.306  10.053 0.4000000060
1092  -30.571  -87.889  14.713 0.3000000119
1479  -29.454  -87.107  13.630 0.4000000060
473  -28.007  -89.040  10.626 0.4000000060
463  -27.527  -89.414  11.352 0.3000000119
1469  -29.826  -86.869  14.631 0.3000000119
2946  -29.831  -83.702  9.218 0.3000000119
2964  -29.527  -83.999  8.357 0.3000000119
2948  -31.447  -84.327  9.688 0.3000000119
2981  -28.498  -84.331  7.179 0.3000000119
144172  -25.577  -82.236  10.749 0.4000000060
2979  -26.898  -84.460  7.413 0.3000000119
2980  -27.705  -84.487  6.966 0.3000000119
1924  -25.889  -84.698  12.142 0.3000000119
2919  -25.258  -83.676  11.077 0.4000000060
1968  -26.096  -85.376  7.667 0.4000000060
1969  -26.756  -85.326  6.781 0.3000000119
1527  -26.325  -86.468  7.607 0.4000000060
1926  -27.397  -86.035  13.071 0.3000000119
1910  -26.962  -85.252  13.542 0.3000000119
1521  -26.994  -87.593  8.613 0.4000000060
125550  -27.007  -88.201  8.150 0.4000000060
1911  -27.627  -85.843  13.765 0.3000000119
1899  -27.261  -85.367  14.214 0.3000000119
822  -27.181  -88.742  8.913 0.4000000060
834  -26.351  -88.450  7.541 0.5000000000
1468  -28.382  -86.172  14.244 0.3000000119
472  -27.383  -89.070  9.967 0.4000000060
482  -26.477  -89.255  9.524 0.4000000060
821  -26.304  -88.986  8.667 0.5000000000
138720  -30.527  -86.800  16.593 0.3000000119
2435  -30.234  -84.545  7.312 0.3000000119
2422  -31.268  -84.469  8.715 0.3000000119
122538  -25.421  -83.021  11.662 0.4000000060
1536  -26.575  -86.336  6.804 0.4000000060
1537  -26.645  -87.118  6.312 0.4000000060
2395  -26.035  -83.827  12.809 0.4000000060
844  -26.532  -88.141  7.241 0.4000000060
1165  -26.264  -87.578  6.532 0.5000000000
1164  -25.807  -87.629  6.502 0.4000000060
2385  -26.589  -84.579  13.924 0.3000000119
1154  -26.104  -88.171  7.069 0.4000000060
1898  -26.560  -84.923  14.713 0.3000000119
1153  -25.122  -87.735  7.339 0.4000000060
1163  -24.411  -87.214  6.830 0.4000000060
131068  -28.648  -86.017  15.136 0.3000000119
1460  -29.802  -86.475  15.727 0.3000000119
1454  -29.178  -86.289  16.683 0.3000000119
2452  -29.597  -84.838  6.341 0.3000000119
2450  -27.621  -85.163  6.256 0.3000000119
1979  -27.583  -85.957  5.403 0.3000000119
144014  -25.982  -83.427  13.171 0.4000000060
1548  -26.660  -86.977  5.723 0.5000000000
1557  -25.669  -86.852  5.665 0.4000000060
1546  -25.488  -87.141  6.138 0.4000000060
1877  -25.617  -85.592  16.025 0.3000000119
1878  -26.541  -85.471  15.542 0.3000000119
1453  -27.601  -86.133  16.758 0.3000000119
1423  -28.785  -86.630  18.475 0.3000000119
1440  -28.556  -86.403  17.448 0.3000000119
2462  -28.589  -85.556  5.004 0.3000000119
1978  -27.110  -86.335  5.241 0.4000000060
1559  -26.722  -86.562  5.242 0.4000000060
1451  -25.496  -85.904  16.746 0.3000000119
1437  -25.241  -86.086  17.496 0.3000000119
1452  -26.420  -85.883  16.354 0.3000000119
1438  -26.282  -86.273  17.316 0.3000000119
1439  -27.431  -86.449  17.745 0.3000000119
1846  -24.332  -85.692  18.489 0.3000000119
139974  -24.839  -86.064  18.989 0.3000000119
1421  -25.842  -86.395  18.215 0.3000000119
1405  -25.664  -86.393  19.191 0.3000000119
140143  -26.651  -86.489  18.140 0.3000000119
2474  -27.927  -85.287  4.747 0.3000000119
2473  -27.432  -85.720  4.801 0.4000000060
125922  -24.343  -85.602  19.359 0.3000000119
1817  -24.461  -85.572  20.281 0.3000000119
3014  -29.754  -84.279  5.256 0.3000000119
141899  -29.198  -84.885  4.858 0.3000000119
3024  -27.273  -84.011  4.771 0.3000000119
3575  -30.075  -83.372  5.653 0.3000000119
3586  -28.351  -83.403  5.172 0.3000000119
3585  -27.528  -83.198  4.643 0.3000000119
19235  -10.045  -61.230  12.256 0.5000000000
22842  -11.370  -55.615  17.695 0.5000000000
24517  -10.408  -54.649  17.034 0.4000000060
20224  -11.292  -60.442  11.933 0.4000000060
66  -22.994  -91.332  11.903 0.6000000238
127760  -23.401  -90.856  9.677 0.5000000000
1152  -23.097  -88.270  7.054 0.4000000060
1985  -25.833  -86.517  5.276 0.4000000060
1986  -26.244  -86.196  4.973 0.4000000060
2486  -26.859  -84.794  4.767 0.4000000060
138621  -27.105  -83.158  4.126 0.3000000119
18416  -12.160  -62.952  11.228 0.5000000000
18430  -12.463  -62.157  10.713 0.4000000060
20225  -14.443  -60.989  11.474 0.4000000060
2943  -25.706  -83.288  9.638 0.3000000119
1489  -28.098  -86.878  12.490 0.3000000119
140163  -25.658  -82.691  10.201 0.4000000060
823  -27.550  -88.532  9.774 0.4000000060
124903  -25.563  -83.773  11.920 0.4000000060
1925  -26.628  -85.431  12.696 0.3000000119
126756  -26.645  -87.508  7.063 0.4000000060
1459  -27.492  -85.748  15.802 0.3000000119
1547  -26.125  -87.287  5.858 0.4000000060
134865  -28.525  -85.979  16.008 0.3000000119
1987  -27.099  -86.173  4.911 0.4000000060
2360  -25.585  -84.547  15.083 0.3000000119
138200  -27.476  -86.582  18.543 0.3000000119
123449  -28.703  -85.345  4.884 0.3000000119
1404  -25.074  -86.113  19.768 0.3000000119
56  -19.688  -91.757  13.048 0.5000000000
55  -19.588  -92.071  13.928 0.5000000000
5  -19.823  -92.330  13.852 0.5000000000
136734  -21.663  -92.078  12.662 0.5000000000
220  -23.630  -90.869  12.511 0.4000000060
4136  -16.339  -81.602  7.111 0.4000000060
230  -25.656  -90.073  11.264 0.5000000000
462  -26.470  -89.760  11.382 0.3000000119
444  -28.073  -89.496  13.160 0.3000000119
140986  -27.207  -89.345  10.724 0.4000000060
445  -29.097  -89.025  12.537 0.3000000119
453  -28.033  -89.416  12.133 0.3000000119
2370  -26.039  -84.108  14.339 0.3000000119
2880  -25.664  -83.380  14.138 0.3000000119
2899  -25.716  -83.036  13.459 0.3000000119
4113  -27.538  -81.870  9.811 0.3000000119
3449  -25.414  -82.776  14.000 0.3000000119
3473  -25.537  -82.323  12.903 0.3000000119
142762  -25.486  -82.440  12.153 0.3000000119
3488  -25.460  -82.268  11.391 0.3000000119
4101  -27.316  -81.176  10.329 0.3000000119
4100  -26.524  -81.041  10.652 0.3000000119
4063  -25.330  -81.540  13.074 0.3000000119
4081  -25.655  -80.790  11.807 0.3000000119
4099  -25.733  -81.469  11.113 0.3000000119
4685  -27.324  -80.410  10.901 0.3000000119
4112  -26.777  -81.774  9.961 0.3000000119
4103  -28.947  -81.763  10.478 0.3000000119
4683  -26.086  -80.134  11.714 0.3000000119
4102  -28.115  -81.394  10.246 0.3000000119
4082  -28.621  -81.015  10.805 0.3000000119
1098  -20.629  -88.006  14.118 0.3000000119
228  -23.838  -90.995  11.641 0.5000000000
219  -22.562  -91.351  12.838 0.4000000060
64  -20.945  -92.493  12.948 0.5000000000
125590  -26.743  -89.851  12.185 0.3000000119
133142  -15.940  -59.963  11.701 0.3000000119
21168  -14.455  -59.882  11.656 0.3000000119
23719  -11.671  -56.123  16.001 0.3000000119
218  -19.882  -90.645  13.566 0.4000000060
134367  -19.395  -91.874  15.380 0.4000000060
742  -23.913  -89.512  17.737 0.4000000060
203  -22.164  -91.421  16.865 0.4000000060
207  -22.138  -90.703  15.842 0.4000000060
212  -21.934  -91.318  14.390 0.4000000060
439  -22.412  -90.782  13.844 0.4000000060
137021  -20.840  -92.289  15.257 0.4000000060
51  -21.293  -92.093  14.435 0.4000000060
58  -21.729  -91.877  13.546 0.4000000060
730  -25.495  -89.272  18.695 0.3000000119
756  -24.286  -88.452  17.120 0.4000000060
762  -23.098  -88.572  15.655 0.4000000060
3  -19.981  -92.466  15.258 0.4000000060
414  -23.183  -90.267  17.425 0.4000000060
49  -21.757  -91.521  16.232 0.4000000060
416  -24.160  -89.994  18.425 0.3000000119
754  -22.837  -89.348  16.415 0.4000000060
425  -22.529  -89.557  15.606 0.4000000060
206  -21.711  -91.466  15.270 0.4000000060
430  -22.317  -90.216  14.788 0.4000000060
135148  -22.781  -89.845  14.190 0.4000000060
743  -24.820  -89.097  18.019 0.3000000119
1078  -23.987  -88.062  16.223 0.3000000119
1079  -24.790  -87.995  16.523 0.3000000119
431  -23.526  -89.429  14.125 0.3000000119
441  -24.367  -90.321  13.198 0.3000000119
772  -22.833  -89.165  14.769 0.3000000119
442  -25.427  -90.086  13.432 0.3000000119
224  -25.620  -90.296  12.064 0.3000000119
223  -24.619  -90.676  12.264 0.3000000119
440  -23.154  -90.376  13.437 0.3000000119
4522  -18.632  -80.248  24.320 0.3000000119
135610  -18.853  -79.466  24.168 0.3000000119
2330  -23.382  -84.435  17.302 0.3000000119
5803  -20.342  -78.347  22.719 0.3000000119
5165  -21.035  -79.665  22.104 0.3000000119
3962  -21.643  -81.268  20.639 0.3000000119
3360  -21.942  -82.087  20.141 0.3000000119
3377  -22.201  -82.527  19.386 0.3000000119
141945  -22.485  -83.096  18.757 0.3000000119
140273  -22.601  -83.389  17.982 0.3000000119
2837  -22.602  -83.128  17.227 0.3000000119
5178  -20.982  -78.968  21.574 0.3000000119
5179  -21.196  -79.649  21.221 0.3000000119
132209  -21.402  -80.510  20.181 0.3000000119
124296  -21.476  -80.914  19.036 0.3000000119
3989  -21.595  -81.242  18.365 0.3000000119
773  -23.479  -88.665  14.766 0.3000000119
145857  -20.028  -79.550  24.067 0.3000000119
3951  -21.613  -81.224  21.585 0.3000000119
4540  -20.771  -79.769  23.028 0.3000000119
5151  -20.263  -79.183  23.430 0.3000000119
4541  -21.131  -80.276  22.592 0.3000000119
4550  -21.317  -80.377  21.834 0.3000000119
5197  -21.279  -79.615  20.248 0.3000000119
2  -19.546  -92.114  15.279 0.4000000060
4  -19.677  -92.254  14.559 0.4000000060
6  -20.344  -92.518  14.351 0.4000000060
8  -20.272  -92.519  13.389 0.5000000000
10  -20.174  -92.284  11.596 0.6999999881
47  -19.484  -91.952  15.822 0.4000000060
48  -21.231  -92.023  16.116 0.4000000060
50  -19.409  -91.974  14.733 0.4000000060
57  -20.940  -92.437  13.732 0.5000000000
63  -19.890  -92.099  12.189 0.6000000238
72  -22.396  -91.691  11.256 0.6999999881
73  -23.147  -91.329  11.208 0.6000000238
78  -20.305  -92.070  10.814 0.6000000238
83  -20.523  -91.922  10.120 0.8000000119
84  -20.896  -91.801  9.419 0.8000000119
85  -21.590  -91.564  9.021 0.5000000000
239  -20.556  -91.589  9.755 0.6999999881
250  -22.387  -91.176  8.805 0.6000000238
258  -22.114  -90.941  7.929 0.5000000000
419  -22.552  -90.417  16.615 0.4000000060
449  -20.344  -89.981  12.856 0.6000000238
451  -25.243  -90.441  12.774 0.3000000119
460  -20.371  -90.795  10.855 0.6000000238
495  -21.144  -90.182  7.037 0.5000000000
496  -21.775  -90.338  6.988 0.5000000000
755  -23.411  -88.828  16.791 0.4000000060
763  -24.134  -88.165  15.237 0.3000000119
791  -21.161  -87.936  12.980 0.5000000000
792  -29.276  -88.625  12.113 0.3000000119
797  -28.426  -88.586  10.980 0.3000000119
798  -28.967  -88.372  11.658 0.3000000119
810  -27.919  -88.595  10.330 0.4000000060
820  -25.009  -88.864  8.867 0.4000000060
832  -20.892  -90.239  7.578 0.6000000238
833  -25.956  -88.727  8.111 0.5000000000
835  -26.791  -88.291  7.630 0.4000000060
843  -21.988  -89.683  6.386 0.5000000000
853  -21.504  -89.253  5.794 0.5000000000
1066  -25.269  -88.277  17.167 0.3000000119
1090  -20.532  -87.483  14.556 0.3000000119
1091  -30.097  -87.655  13.960 0.3000000119
1106  -28.835  -87.727  11.904 0.3000000119
1116  -27.776  -87.684  10.668 0.3000000119
1128  -27.703  -87.950  9.960 0.3000000119
1132  -27.416  -88.223  9.256 0.4000000060
1143  -25.717  -88.355  7.673 0.4000000060
1144  -26.871  -87.983  7.519 0.4000000060
1173  -22.796  -87.249  5.685 0.5000000000
1179  -20.869  -87.772  4.194 0.5000000000
1185  -20.419  -87.081  3.567 0.5000000000
1420  -24.998  -86.126  18.295 0.3000000119
1490  -29.140  -87.438  12.764 0.3000000119
1528  -26.810  -87.553  7.799 0.4000000060
1535  -20.943  -87.833  7.148 0.6000000238
1542  -19.799  -86.849  5.108 0.5000000000
1558  -26.301  -86.832  5.415 0.4000000060
1582  -22.307  -86.199  2.868 0.5000000000
1876  -24.812  -85.781  16.956 0.3000000119
1888  -25.839  -85.167  15.422 0.3000000119
1889  -27.560  -85.518  14.897 0.3000000119
1909  -21.296  -85.566  13.293 0.5000000000
1936  -26.122  -85.857  11.726 0.3000000119
1942  -25.367  -85.536  10.089 0.3000000119
1944  -13.356  -84.250  9.149 0.6000000238
1949  -25.546  -85.626  9.056 0.3000000119
1958  -25.821  -85.674  8.260 0.4000000060
1988  -27.741  -85.703  4.885 0.4000000060
1996  -26.757  -85.760  4.808 0.4000000060
2010  -23.907  -85.146  2.021 0.5000000000
2382  -20.873  -84.358  13.767 0.5000000000
2384  -26.130  -83.796  13.590 0.4000000060
2396  -26.467  -84.494  13.172 0.4000000060
2411  -25.221  -84.449  10.463 0.3000000119
2417  -14.741  -84.227  9.735 0.6000000238
2420  -21.369  -84.652  9.357 0.5000000000
2431  -19.590  -84.326  8.064 0.5000000000
2451  -28.623  -85.048  6.056 0.3000000119
2460  -17.312  -84.419  5.496 0.5000000000
2461  -18.151  -85.091  6.045 0.6000000238
2470  -17.447  -84.251  4.764 0.5000000000
2478  -13.309  -83.647  3.929 0.5000000000
2485  -25.976  -84.855  4.570 0.5000000000
2490  -24.753  -84.847  3.415 0.5000000000
2491  -25.388  -84.438  3.644 0.5000000000
2497  -24.529  -84.765  2.466 0.5000000000
2908  -25.713  -83.084  12.627 0.3000000119
2915  -16.171  -83.217  11.049 0.5000000000
2916  -17.043  -83.877  11.186 0.4000000060
2918  -21.682  -83.968  11.085 0.5000000000
2930  -21.499  -83.583  10.483 0.5000000000
2945  -28.861  -83.345  9.034 0.4000000060
2960  -25.704  -84.045  9.000 0.3000000119
2965  -30.433  -84.220  8.510 0.3000000119
2975  -12.531  -83.995  7.771 0.6999999881
2982  -29.265  -84.297  7.510 0.3000000119
3013  -28.315  -84.640  4.833 0.3000000119
3023  -26.627  -83.557  4.057 0.3000000119
3026  -13.593  -83.025  3.193 0.6999999881
3376  -21.778  -81.721  19.211 0.3000000119
3387  -22.006  -82.245  18.567 0.3000000119
3400  -22.265  -82.733  17.922 0.3000000119
3457  -18.964  -82.170  13.712 0.5000000000
3460  -20.907  -82.759  13.079 0.5000000000
3461  -25.361  -82.276  13.552 0.3000000119
3468  -17.710  -81.910  12.599 0.5000000000
3471  -20.704  -82.044  12.879 0.5000000000
3484  -16.121  -82.423  11.558 0.6000000238
3500  -13.027  -81.831  10.075 0.6999999881
3506  -26.052  -81.896  10.294 0.4000000060
3534  -16.492  -82.142  7.448 0.6000000238
3537  -26.686  -83.017  9.138 0.3000000119
3538  -27.297  -83.165  8.859 0.3000000119
3550  -12.371  -82.259  8.050 0.6999999881
3551  -16.409  -82.332  6.674 0.6000000238
3595  -27.429  -82.558  3.602 0.3000000119
3599  -13.912  -82.368  2.484 0.6999999881
3603  -27.590  -82.387  2.295 0.4000000060
3612  -11.588  -82.878  1.223 0.5000000000
3975  -21.564  -81.138  19.765 0.3000000119
4045  -19.446  -81.530  13.209 0.5000000000
4060  -20.402  -81.405  12.512 0.5000000000
4077  -14.587  -81.293  11.669 0.6999999881
4080  -20.449  -81.209  11.225 0.5000000000
4094  -12.851  -81.134  9.991 0.6999999881
4097  -20.397  -81.502  10.643 0.6000000238
4109  -17.159  -81.028  8.981 0.6000000238
4111  -20.119  -81.966  9.934 0.6000000238
4153  -16.477  -81.907  6.473 0.4000000060
4177  -13.911  -81.681  2.924 0.6999999881
4184  -10.952  -81.417  1.613 0.6000000238
4189  -10.557  -82.054  1.614 0.5000000000
4558  -21.389  -80.431  20.942 0.3000000119
4663  -17.557  -80.060  12.749 0.6999999881
4665  -19.611  -80.548  12.192 0.6000000238
4680  -13.751  -80.247  11.344 0.6999999881
4681  -19.260  -80.246  11.551 0.6000000238
4682  -20.023  -80.734  11.519 0.5000000000
4698  -26.078  -80.704  11.262 0.3000000119
4699  -27.891  -80.806  10.601 0.3000000119
4709  -12.714  -80.580  9.559 0.6999999881
4725  -16.545  -80.345  8.202 0.5000000000
4738  -16.475  -80.739  7.326 0.5000000000
4767  -14.243  -80.199  3.220 0.6999999881
4775  -13.996  -80.760  2.748 0.6999999881
4783  -11.429  -80.651  1.859 0.6000000238
5164  -20.673  -79.046  22.465 0.3000000119
5306  -15.560  -79.326  12.705 0.6000000238
5308  -17.282  -79.474  12.591 0.6000000238
5322  -14.410  -79.192  12.077 0.6999999881
5325  -18.599  -80.013  10.786 0.6000000238
5341  -13.307  -79.864  10.669 0.6999999881
5352  -17.533  -79.648  10.040 0.6000000238
5383  -12.856  -79.411  6.556 0.6999999881
5391  -12.838  -80.001  5.951 0.6999999881
5399  -7.409  -79.186  3.216 0.5000000000
5407  -7.858  -79.510  2.845 0.5000000000
5412  -8.463  -79.538  2.503 0.5000000000
5413  -9.093  -79.500  2.257 0.5000000000
5414  -11.848  -79.957  2.269 0.6999999881
5937  -16.418  -78.526  12.515 0.6000000238
5965  -13.582  -78.867  10.723 0.6999999881
5974  -13.119  -78.755  9.323 0.6999999881
5975  -17.530  -78.238  9.899 0.4000000060
5990  -17.137  -78.711  9.048 0.5000000000
6056  -8.003  -78.820  2.599 0.5000000000
6058  -15.026  -78.617  3.024 0.6000000238
6067  -7.593  -78.089  2.729 0.6000000238
6071  -14.439  -79.056  2.908 0.6999999881
6072  -14.838  -78.330  2.778 0.6000000238
6630  -16.083  -78.006  12.374 0.6000000238
6641  -14.043  -78.073  11.051 0.6000000238
6642  -15.742  -77.459  12.073 0.6000000238
6644  -17.031  -77.491  11.623 0.4000000060
6691  -13.439  -77.667  7.673 0.6000000238
6706  -13.777  -77.462  6.742 0.6000000238
6742  -15.770  -77.418  2.900 0.5000000000
6751  -6.426  -77.426  3.513 0.5000000000
6764  -9.679  -78.113  2.780 0.6000000238
6767  -14.435  -77.502  2.470 0.6000000238
6768  -15.100  -77.587  2.538 0.6000000238
7311  -7.872  -76.214  11.198 0.6999999881
7314  -10.524  -76.265  11.540 0.6999999881
7315  -15.330  -77.007  11.637 0.6000000238
7326  -9.412  -76.435  10.527 0.6000000238
7327  -10.331  -76.320  10.698 0.6000000238
7328  -14.830  -76.764  10.937 0.5000000000
7344  -7.888  -76.222  9.771 0.6000000238
7454  -6.736  -76.674  3.398 0.5000000000
7455  -7.865  -76.499  3.318 0.6000000238
7456  -8.989  -76.792  3.509 0.6000000238
7459  -12.309  -76.229  3.127 0.6999999881
7471  -14.943  -76.888  2.271 0.6000000238
7473  -16.604  -76.558  2.172 0.6000000238
8022  -10.190  -75.448  14.027 0.8000000119
8023  -11.008  -75.411  14.133 0.8000000119
8035  -10.742  -75.743  13.401 0.6999999881
8036  -11.340  -75.428  13.479 0.6999999881
8045  -8.093  -74.956  12.133 0.6000000238
8047  -9.499  -75.927  12.572 0.6999999881
8048  -10.528  -76.105  12.506 0.6999999881
8053  -7.322  -75.613  11.801 0.5000000000
8055  -9.141  -76.096  11.918 0.6000000238
8069  -15.895  -75.782  10.559 0.4000000060
8093  -9.611  -75.895  8.888 0.6000000238
8094  -10.427  -75.563  9.399 0.6000000238
8117  -7.302  -75.029  8.206 0.6999999881
8119  -9.557  -75.209  8.279 0.6000000238
8120  -10.082  -75.295  8.729 0.6000000238
8138  -8.886  -74.930  7.802 0.6000000238
8140  -15.636  -75.259  7.493 0.5000000000
8173  -9.756  -75.165  5.203 0.6000000238
8189  -6.545  -75.271  3.952 0.6000000238
8195  -16.216  -76.362  4.331 0.5000000000
8203  -6.161  -76.131  3.826 0.5000000000
8205  -12.770  -75.689  3.154 0.6000000238
8213  -13.440  -75.912  2.678 0.6000000238
8217  -17.876  -76.207  1.890 0.5000000000
8795  -11.027  -74.607  15.513 0.8000000119
8797  -12.665  -74.012  15.110 0.6999999881
8815  -8.769  -74.733  13.613 0.6000000238
8816  -9.457  -75.275  13.737 0.6000000238
8817  -11.696  -75.057  13.975 0.8000000119
8830  -12.206  -74.254  12.834 0.6999999881
8831  -12.780  -73.826  13.258 0.6000000238
8853  -10.900  -74.671  10.106 0.6999999881
8882  -6.500  -74.324  7.955 0.6999999881
8883  -9.432  -74.480  8.177 0.6000000238
8899  -7.190  -74.074  7.595 0.6999999881
8900  -8.120  -74.510  7.683 0.6999999881
8901  -16.387  -74.786  7.557 0.5000000000
8918  -11.124  -74.192  6.173 0.6000000238
8920  -16.805  -74.728  6.768 0.5000000000
8941  -11.391  -74.809  5.731 0.6000000238
8942  -12.294  -74.680  5.485 0.5000000000
8954  -7.182  -74.396  4.230 0.6000000238
8956  -12.665  -74.869  4.444 0.5000000000
8958  -14.187  -74.014  3.793 0.5000000000
8968  -15.443  -74.208  2.913 0.6000000238
8973  -16.242  -74.960  2.234 0.6000000238
8974  -17.142  -75.858  1.848 0.5000000000
8975  -18.320  -75.978  1.644 0.5000000000
9569  -9.256  -73.024  16.291 0.8000000119
9570  -10.160  -73.160  16.288 0.8000000119
9571  -11.067  -73.240  16.280 0.6000000238
9580  -8.033  -73.322  15.553 0.8000000119
9581  -8.780  -73.589  15.843 0.8000000119
9584  -11.491  -73.922  16.001 0.6000000238
9592  -8.018  -73.561  14.526 0.6000000238
9594  -13.374  -73.517  14.839 0.5000000000
9631  -11.646  -73.806  11.563 0.8000000119
9632  -12.171  -73.330  11.880 0.8000000119
9633  -12.900  -72.926  12.080 0.6000000238
9652  -10.837  -73.547  10.344 0.6999999881
9668  -9.922  -74.068  8.807 0.6999999881
9680  -4.576  -72.214  6.858 0.6000000238
9698  -12.276  -73.492  6.705 0.5000000000
9700  -13.976  -73.132  6.339 0.6000000238
9708  -4.507  -72.844  5.553 0.5000000000
9718  -6.432  -73.637  4.328 0.6000000238
9719  -13.893  -73.829  4.635 0.6000000238
9721  -15.399  -73.052  4.248 0.6000000238
9722  -15.982  -72.985  3.917 0.6000000238
9731  -18.996  -73.725  2.348 0.5000000000
9736  -16.940  -74.487  2.293 0.5000000000
10335  -8.073  -72.201  16.422 0.8000000119
10336  -8.806  -72.268  16.424 0.6999999881
10337  -9.735  -72.388  16.314 0.6999999881
10386  -7.035  -72.370  11.885 0.6000000238
10420  -10.991  -72.821  10.606 0.8000000119
10446  -6.584  -71.404  8.211 0.5000000000
10448  -9.200  -72.504  9.057 0.6000000238
10459  -5.109  -71.539  7.240 0.6000000238
10462  -13.979  -71.964  7.271 0.6000000238
10473  -10.640  -71.976  6.364 0.5000000000
10476  -13.547  -72.647  7.046 0.6000000238
10478  -15.417  -72.390  6.009 0.6000000238
10487  -5.083  -71.910  5.345 0.5000000000
10494  -16.780  -72.334  4.809 0.6000000238
10509  -17.048  -72.916  3.623 0.6000000238
10510  -17.739  -72.820  3.550 0.5000000000
11159  -6.927  -71.004  16.473 0.6999999881
11175  -6.598  -71.456  15.974 0.5000000000
11176  -7.399  -71.705  16.375 0.6999999881
11189  -6.444  -71.723  14.841 0.6000000238
11210  -6.399  -71.205  11.759 0.6000000238
11288  -6.239  -70.260  8.357 0.6000000238
11297  -5.454  -70.342  6.583 0.6000000238
11298  -6.164  -69.866  6.464 0.6000000238
11317  -4.917  -71.484  5.861 0.6000000238
12023  -6.228  -70.067  16.267 0.6000000238
12024  -6.813  -70.344  16.445 0.6000000238
12026  -8.563  -70.958  16.412 0.8000000119
12027  -9.355  -71.008  16.059 0.8000000119
12040  -9.847  -70.641  15.239 0.6999999881
12041  -10.530  -70.543  15.144 0.6000000238
12049  -10.168  -70.170  14.526 0.6000000238
12116  -10.299  -70.612  9.469 0.5000000000
12135  -7.095  -69.683  8.605 0.6000000238
12138  -10.210  -69.508  8.923 0.6000000238
12160  -6.360  -69.560  7.839 0.6000000238
12161  -13.680  -71.127  7.303 0.6000000238
12162  -14.408  -70.528  7.325 0.6000000238
12180  -5.920  -69.660  7.003 0.5000000000
12181  -6.771  -69.293  6.976 0.6000000238
12184  -9.813  -69.772  6.471 0.6000000238
12186  -11.911  -69.880  6.514 0.6000000238
12898  -4.817  -68.624  15.395 0.6000000238
12912  -9.926  -69.744  14.023 0.6000000238
12980  -12.063  -68.279  8.967 0.5000000000
12992  -7.840  -69.123  8.264 0.5000000000
12994  -10.283  -68.419  8.260 0.5000000000
13025  -7.534  -69.007  7.342 0.6999999881
13026  -8.308  -68.955  7.147 0.6000000238
13034  -16.558  -68.568  6.347 0.5000000000
13758  -5.925  -68.908  16.212 0.6999999881
13759  -7.113  -69.107  16.232 0.6000000238
13771  -7.616  -68.792  15.594 0.8000000119
13772  -8.470  -69.194  14.990 0.6999999881
13779  -4.096  -67.773  14.895 0.6000000238
13782  -9.637  -69.246  13.678 0.6000000238
13805  -8.421  -68.055  12.780 0.6000000238
13858  -9.651  -68.342  7.830 0.5000000000
13878  -10.574  -68.249  7.322 0.5000000000
13880  -12.364  -67.983  6.737 0.6000000238
13881  -13.216  -68.017  6.616 0.6000000238
14585  -8.478  -67.339  19.238 0.6000000238
14654  -9.842  -68.224  13.166 0.6000000238
14668  -7.732  -67.187  12.009 0.6000000238
14670  -9.702  -67.214  12.527 0.5000000000
14697  -11.554  -67.103  7.958 0.5000000000
14707  -12.136  -66.548  7.837 0.5000000000
14708  -13.452  -66.132  7.322 0.5000000000
14720  -16.613  -66.681  6.619 0.4000000060
15396  -9.022  -66.588  18.973 0.6000000238
15412  -7.792  -66.261  17.827 0.6000000238
15453  -5.231  -64.784  13.798 0.8000000119
15463  -6.071  -65.368  12.604 0.6000000238
15464  -6.827  -66.320  12.321 0.6000000238
15479  -6.689  -65.517  12.181 0.6000000238
15482  -9.240  -66.605  11.681 0.6000000238
15515  -12.598  -66.010  7.992 0.5000000000
15526  -13.238  -65.479  7.917 0.5000000000
15541  -16.051  -65.832  7.016 0.4000000060
16196  -9.217  -65.702  18.435 0.6999999881
16209  -4.595  -64.696  17.114 0.6000000238
16213  -9.248  -65.148  17.665 0.6999999881
16225  -3.739  -64.291  16.362 0.6999999881
16230  -9.206  -64.810  17.043 0.6999999881
16242  -2.804  -64.579  16.349 0.6000000238
16244  -4.116  -64.513  15.023 0.8000000119
16270  -7.441  -65.553  11.734 0.6000000238
16271  -8.237  -65.343  11.331 0.6000000238
16272  -9.438  -65.860  11.394 0.5000000000
16287  -9.350  -65.258  11.017 0.5000000000
16889  -8.164  -64.220  19.921 0.6000000238
16909  -9.403  -64.402  17.451 0.6999999881
16916  -4.107  -64.218  15.445 0.6999999881
16918  -5.933  -64.411  15.406 0.6999999881
16930  -4.504  -64.342  14.874 0.8000000119
16958  -8.908  -63.658  12.610 0.6000000238
16968  -7.526  -65.195  11.881 0.6000000238
16979  -8.840  -64.902  10.980 0.5000000000
16981  -10.100  -64.165  10.634 0.5000000000
17582  -4.138  -63.181  19.720 0.6999999881
17586  -8.637  -63.847  19.222 0.6999999881
17596  -9.012  -63.430  18.480 0.6999999881
17606  -9.221  -62.984  17.723 0.6999999881
17615  -9.503  -63.578  16.031 0.6000000238
17648  -8.860  -63.897  11.705 0.6000000238
17676  -9.885  -63.926  10.612 0.6000000238
18348  -3.955  -61.967  18.782 0.6999999881
18363  -8.494  -62.219  17.272 0.8000000119
18390  -9.343  -62.399  14.559 0.5000000000
18415  -9.341  -62.376  12.533 0.6000000238
18429  -11.766  -62.642  10.431 0.5000000000
18447  -10.119  -63.161  10.637 0.6000000238
18448  -10.811  -62.965  10.309 0.6000000238
19087  -7.542  -61.157  23.819 0.4000000060
19098  -8.002  -61.356  23.410 0.4000000060
19099  -8.827  -61.343  23.262 0.4000000060
19115  -9.298  -61.496  22.662 0.4000000060
19116  -10.174  -61.401  22.548 0.4000000060
19117  -10.957  -61.372  22.256 0.5000000000
19129  -9.805  -61.582  22.010 0.4000000060
19148  -3.721  -61.136  19.035 0.6999999881
19161  -5.746  -61.667  17.952 0.6999999881
19188  -6.625  -60.900  16.489 0.6000000238
19203  -8.426  -61.083  15.251 0.5000000000
19237  -13.789  -61.254  11.415 0.4000000060
19256  -13.309  -61.137  10.814 0.4000000060
19270  -11.234  -62.578  10.352 0.5000000000
20022  -7.329  -60.784  24.211 0.4000000060
20058  -11.492  -61.048  22.250 0.5000000000
20074  -10.252  -61.352  21.318 0.5000000000
20075  -11.941  -61.088  21.914 0.5000000000
20077  -13.241  -60.495  21.150 0.4000000060
20092  -3.795  -59.345  21.241 0.6000000238
20096  -10.631  -60.883  20.554 0.4000000060
20107  -3.867  -59.983  19.166 0.6999999881
20109  -11.953  -60.424  19.945 0.4000000060
20163  -7.031  -60.808  16.256 0.5000000000
20184  -8.185  -60.650  15.400 0.6000000238
20207  -10.329  -59.666  14.040 0.4000000060
20223  -10.455  -60.560  12.594 0.6000000238
20240  -12.105  -60.926  10.959 0.4000000060
20242  -13.754  -60.714  11.000 0.4000000060
20243  -14.561  -60.612  11.324 0.4000000060
20998  -10.427  -60.114  23.126 0.4000000060
21011  -11.908  -59.965  22.453 0.4000000060
21022  -15.204  -59.092  21.035 0.3000000119
21033  -4.081  -59.002  20.411 0.6999999881
21041  -15.476  -59.045  20.347 0.3000000119
21057  -11.395  -59.673  19.361 0.4000000060
21069  -4.424  -59.539  18.727 0.6999999881
21073  -13.517  -59.097  18.792 0.3000000119
21111  -6.418  -59.935  17.010 0.5000000000
21154  -8.786  -60.405  14.939 0.5000000000
21156  -11.004  -59.362  13.835 0.4000000060
21955  -10.872  -58.730  18.912 0.5000000000
21971  -10.403  -57.477  18.683 0.5000000000
21973  -12.935  -58.287  18.295 0.3000000119
21991  -6.359  -58.115  18.037 0.4000000060
22037  -9.799  -59.265  14.842 0.5000000000
22813  -6.743  -57.281  19.031 0.4000000060
22814  -7.455  -56.694  18.846 0.4000000060
22823  -7.909  -56.136  18.688 0.4000000060
22825  -9.838  -56.124  18.338 0.5000000000
22840  -7.646  -56.619  17.916 0.4000000060
22855  -8.260  -56.738  17.222 0.5000000000
22856  -9.455  -56.267  16.649 0.5000000000
23631  -11.741  -56.914  22.054 0.5000000000
23655  -8.015  -56.060  18.313 0.4000000060
23657  -9.481  -55.364  17.936 0.5000000000
23658  -10.311  -55.195  17.813 0.5000000000
23672  -10.711  -54.693  17.233 0.4000000060
25360  -11.888  -54.231  21.636 0.3000000119
121671  -25.443  -81.615  12.108 0.3000000119
121731  -27.045  -86.469  6.090 0.3000000119
121786  -13.517  -81.658  10.654 0.6999999881
122263  -8.052  -68.622  14.676 0.6999999881
122295  -16.069  -72.651  4.474 0.6000000238
122316  -25.349  -82.903  10.889 0.4000000060
122431  -29.520  -88.492  12.611 0.4000000060
122562  -15.997  -70.519  7.118 0.6000000238
122769  -8.825  -67.089  19.548 0.6000000238
122791  -26.680  -88.566  8.024 0.5000000000
122915  -9.565  -55.242  17.073 0.4000000060
123104  -21.468  -84.078  9.889 0.5000000000
123589  -13.285  -78.101  8.738 0.6999999881
123649  -17.336  -84.202  11.707 0.5000000000
123739  -9.828  -79.833  2.105 0.6999999881
123985  -11.403  -67.590  8.305 0.5000000000
124119  -7.462  -72.594  4.742 0.6000000238
124625  -10.385  -54.481  16.976 0.4000000060
124789  -14.477  -66.484  6.914 0.5000000000
124832  -12.184  -79.322  2.530 0.6999999881
124861  -21.707  -86.593  10.138 0.6000000238
125491  -8.152  -74.953  4.392 0.6000000238
125619  -20.985  -91.116  8.260 0.6000000238
126376  -12.791  -84.562  6.095 0.4000000060
126456  -9.313  -74.190  5.247 0.6000000238
126563  -8.662  -71.664  9.119 0.5000000000
126658  -10.739  -75.914  10.289 0.6000000238
126947  -11.809  -74.645  12.440 0.8000000119
127134  -16.528  -75.733  4.877 0.6000000238
127375  -12.713  -79.145  8.099 0.6999999881
128352  -13.967  -83.905  9.651 0.6000000238
129356  -25.369  -80.819  12.588 0.3000000119
130065  -12.498  -59.480  12.290 0.4000000060
130167  -9.404  -63.662  15.204 0.5000000000
130823  -13.047  -54.972  21.321 0.3000000119
131042  -5.674  -73.767  4.435 0.6000000238
131700  -6.173  -61.201  17.211 0.8000000119
132060  -15.128  -78.448  3.409 0.6000000238
132124  -20.520  -81.271  11.786 0.6000000238
132293  -14.119  -59.558  19.468 0.3000000119
133059  -5.810  -69.512  16.125 0.6000000238
133106  -13.628  -61.710  12.396 0.4000000060
133361  -8.063  -75.499  8.378 0.6999999881
133423  -2.756  -60.908  20.076 0.6999999881
133723  -13.632  -78.126  6.259 0.6999999881
133795  -10.832  -72.829  6.420 0.5000000000
134302  -24.053  -88.196  8.050 0.4000000060
135033  -8.031  -74.169  12.329 0.6999999881
135234  -21.811  -91.900  10.616 0.6999999881
135256  -29.747  -82.941  10.302 0.3000000119
135410  -8.823  -67.258  19.967 0.5000000000
135504  -7.931  -64.834  12.172 0.6000000238
135862  -12.681  -77.859  2.658 0.6999999881
136580  -5.422  -72.864  4.733 0.5000000000
136643  -6.642  -57.591  19.374 0.5000000000
136754  -8.268  -56.161  18.798 0.4000000060
137110  -5.241  -59.646  17.967 0.6000000238
137156  -4.199  -65.351  17.907 0.5000000000
137192  -12.260  -59.388  22.310 0.4000000060
137528  -11.564  -74.800  11.737 0.6999999881
138198  -15.129  -76.172  2.170 0.5000000000
138567  -13.844  -68.494  6.658 0.6000000238
138649  -21.514  -86.652  2.979 0.5000000000
138987  -12.426  -80.808  6.860 0.6999999881
139311  -15.610  -76.737  2.231 0.5000000000
139525  -17.127  -76.300  2.029 0.6000000238
139952  -21.304  -85.209  8.896 0.5000000000
140563  -9.886  -64.670  10.869 0.5000000000
140592  -15.333  -75.418  8.167 0.5000000000
141216  -5.572  -68.341  15.871 0.6999999881
141412  -13.322  -77.855  8.198 0.6999999881
141678  -12.807  -83.704  8.919 0.6000000238
141782  -13.924  -81.292  2.584 0.6999999881
141989  -21.196  -88.498  12.367 0.6000000238
142048  -13.190  -84.059  4.434 0.5000000000
143257  -12.625  -83.832  8.425 0.6999999881
143279  -21.773  -85.548  10.907 0.6000000238
143313  -12.609  -80.504  6.256 0.6999999881
143750  -14.201  -79.856  11.871 0.6999999881
144089  -21.283  -88.861  10.582 0.6000000238
144155  -10.943  -56.055  22.194 0.5000000000
144464  -14.462  -78.049  11.649 0.6999999881
144560  -21.195  -84.055  13.196 0.5000000000
144657  -18.988  -78.940  23.986 0.3000000119
144928  -25.365  -84.374  11.321 0.4000000060
145275  -18.945  -84.172  3.457 0.5000000000
145336  -13.623  -77.573  9.127 0.6000000238
145439  -30.669  -86.959  15.983 0.3000000119
146212  -6.424  -68.867  16.235 0.6999999881
146213  -16.451  -81.656  7.676 0.5000000000
