#!ascii label  , from subject sub-v1s5x0050728_ses-1 vox2ras=TkReg
1403
103440  -39.995  6.961  30.291 0.0000000000
67254  -47.124  3.064  17.057 0.0000000000
77042  -48.330  15.249  28.337 0.0000000000
69913  -47.007  4.660  24.694 0.0000000000
115225  -50.256  1.619  32.454 0.0000000000
110680  -42.366  8.861  19.154 0.0000000000
118718  -50.342  15.299  14.116 0.0000000000
114864  -47.408  16.616  24.425 0.0000000000
64419  -44.690  -0.540  38.705 0.0000000000
104485  -43.028  4.661  26.768 0.0000000000
69015  -42.969  4.830  21.382 0.0000000000
72276  -41.834  8.890  24.607 0.0000000000
77073  -54.335  14.839  26.633 0.0000000000
119059  -49.991  12.979  21.197 0.0000000000
76364  -55.213  12.459  19.735 0.0000000000
77151  -47.866  15.500  19.844 0.0000000000
77820  -52.164  16.583  23.396 0.0000000000
67275  -43.421  3.154  14.133 0.0000000000
70745  -43.762  6.381  34.972 0.0000000000
73503  -43.969  10.737  29.689 0.0000000000
70820  -52.711  6.885  27.060 0.0000000000
113970  -49.132  3.608  28.385 0.0000000000
66297  -44.485  1.982  29.813 0.0000000000
63566  -44.901  -0.901  33.864 0.0000000000
70031  -45.175  6.145  15.621 0.0000000000
72332  -42.326  8.792  13.012 0.0000000000
109139  -45.541  12.294  23.398 0.0000000000
74925  -45.423  12.867  16.836 0.0000000000
75695  -42.849  13.912  11.284 0.0000000000
77175  -43.804  17.054  16.270 0.0000000000
102947  -42.251  18.339  20.146 0.0000000000
69858  -41.209  5.543  28.260 0.0000000000
117244  -41.219  6.179  25.511 0.0000000000
72260  -40.626  8.443  27.898 0.0000000000
77075  -56.285  14.846  26.227 0.0000000000
76337  -54.760  13.224  23.419 0.0000000000
77123  -56.734  13.835  22.388 0.0000000000
77120  -53.512  15.015  22.073 0.0000000000
67268  -45.193  3.055  15.453 0.0000000000
72861  -42.187  10.113  36.142 0.0000000000
73480  -44.948  9.703  34.536 0.0000000000
67122  -50.295  2.395  30.369 0.0000000000
67136  -46.540  2.467  29.378 0.0000000000
66266  -47.691  1.164  31.257 0.0000000000
63534  -44.113  -1.372  36.597 0.0000000000
65364  -38.914  0.883  34.938 0.0000000000
68870  -40.053  4.071  35.970 0.0000000000
68861  -38.253  4.433  36.428 0.0000000000
69950  -47.825  5.158  22.421 0.0000000000
70880  -41.812  6.650  20.378 0.0000000000
122404  -43.965  5.063  19.104 0.0000000000
71644  -42.515  6.760  17.124 0.0000000000
70918  -43.328  6.807  14.086 0.0000000000
72967  -42.525  9.358  16.017 0.0000000000
75551  -46.032  13.077  28.624 0.0000000000
74166  -44.624  11.520  26.407 0.0000000000
75568  -47.166  13.160  25.515 0.0000000000
116023  -51.090  12.870  16.770 0.0000000000
104815  -47.462  13.483  18.918 0.0000000000
75685  -47.671  14.000  15.067 0.0000000000
106292  -44.694  13.336  12.394 0.0000000000
77199  -45.809  15.683  12.423 0.0000000000
76403  -43.967  15.165  13.751 0.0000000000
77882  -46.269  17.248  14.462 0.0000000000
77115  -47.481  15.524  22.408 0.0000000000
77852  -44.873  16.634  19.888 0.0000000000
77829  -44.567  16.337  22.432 0.0000000000
113844  -42.018  17.718  22.678 0.0000000000
78480  -44.577  16.944  24.857 0.0000000000
105475  -44.939  4.422  25.691 0.0000000000
69928  -45.198  4.459  23.038 0.0000000000
116062  -42.521  4.796  24.367 0.0000000000
70862  -41.499  6.660  22.669 0.0000000000
72293  -42.185  8.808  21.716 0.0000000000
77056  -50.611  15.485  27.562 0.0000000000
76316  -49.653  14.024  25.144 0.0000000000
75582  -51.565  13.673  23.993 0.0000000000
74883  -53.012  11.940  20.490 0.0000000000
76386  -52.936  14.018  16.408 0.0000000000
77170  -49.181  15.690  16.518 0.0000000000
76361  -51.429  14.721  19.711 0.0000000000
77118  -50.352  15.421  22.143 0.0000000000
77807  -50.094  16.947  24.106 0.0000000000
107661  -41.455  4.448  14.118 0.0000000000
106907  -41.740  7.365  32.842 0.0000000000
72888  -41.494  9.431  30.307 0.0000000000
72240  -43.605  9.077  31.971 0.0000000000
74123  -45.005  11.629  32.123 0.0000000000
76247  -46.872  14.410  31.522 0.0000000000
75504  -48.534  13.275  33.965 0.0000000000
77001  -49.686  14.948  31.194 0.0000000000
69902  -50.646  5.757  25.638 0.0000000000
68945  -51.182  5.058  27.541 0.0000000000
68961  -48.397  4.386  26.960 0.0000000000
68041  -46.227  3.723  27.794 0.0000000000
68023  -44.005  3.452  28.391 0.0000000000
66243  -50.210  1.908  34.553 0.0000000000
104473  -47.143  0.929  37.289 0.0000000000
65357  -47.652  0.533  35.601 0.0000000000
65375  -47.735  0.239  33.319 0.0000000000
64487  -44.308  0.032  31.987 0.0000000000
68896  -39.811  4.655  31.438 0.0000000000
70034  -49.466  5.819  16.287 0.0000000000
69017  -46.020  4.787  20.647 0.0000000000
112350  -46.411  5.712  17.855 0.0000000000
69066  -47.284  5.676  14.604 0.0000000000
69073  -45.827  5.577  13.644 0.0000000000
70059  -43.439  6.087  12.404 0.0000000000
71667  -41.299  7.540  11.520 0.0000000000
73515  -42.245  10.245  27.474 0.0000000000
73533  -43.340  10.425  24.156 0.0000000000
74201  -43.851  11.072  20.917 0.0000000000
108438  -47.774  13.319  22.168 0.0000000000
74893  -45.398  12.701  20.409 0.0000000000
74229  -43.790  11.128  17.708 0.0000000000
73596  -43.488  11.150  14.935 0.0000000000
110165  -42.727  11.458  10.657 0.0000000000
72974  -40.438  9.465  12.727 0.0000000000
77870  -46.081  16.780  17.530 0.0000000000
78533  -42.606  18.258  17.950 0.0000000000
76359  -42.140  15.615  20.187 0.0000000000
77833  -39.838  17.718  20.970 0.0000000000
102400  -38.711  18.059  23.016 0.0000000000
69848  -40.294  6.214  29.711 0.0000000000
70809  -40.818  6.403  27.920 0.0000000000
71560  -40.347  7.646  29.179 0.0000000000
77094  -56.607  14.581  24.208 0.0000000000
77822  -56.158  15.410  22.672 0.0000000000
67261  -46.426  2.941  16.645 0.0000000000
108358  -50.567  2.117  31.039 0.0000000000
66286  -49.013  1.737  30.852 0.0000000000
66268  -49.306  1.453  31.595 0.0000000000
65355  -38.751  0.532  35.505 0.0000000000
67076  -38.920  2.281  36.015 0.0000000000
69932  -48.266  5.106  23.865 0.0000000000
122697  -47.800  5.038  23.330 0.0000000000
72303  -41.976  8.187  19.658 0.0000000000
70893  -42.300  6.439  19.142 0.0000000000
72313  -42.198  8.171  17.960 0.0000000000
71649  -42.305  7.530  16.706 0.0000000000
72314  -42.392  8.744  17.490 0.0000000000
76289  -46.855  14.153  28.425 0.0000000000
114383  -46.666  13.475  27.666 0.0000000000
76305  -47.806  14.040  26.687 0.0000000000
114757  -51.516  13.934  14.928 0.0000000000
75673  -49.190  13.811  15.722 0.0000000000
76399  -49.192  14.864  13.894 0.0000000000
76405  -46.994  14.562  13.458 0.0000000000
76406  -48.380  15.585  13.511 0.0000000000
77193  -45.886  16.422  13.023 0.0000000000
77884  -48.202  16.333  13.937 0.0000000000
77816  -47.313  16.031  23.900 0.0000000000
117100  -45.882  15.701  22.334 0.0000000000
115141  -45.900  16.103  23.843 0.0000000000
77814  -44.916  16.300  23.467 0.0000000000
77804  -46.072  16.667  24.647 0.0000000000
68957  -44.326  4.413  26.290 0.0000000000
68982  -43.404  4.495  24.693 0.0000000000
68971  -42.797  4.676  25.134 0.0000000000
71596  -41.148  7.277  24.670 0.0000000000
70845  -41.301  6.549  24.152 0.0000000000
71603  -41.325  7.324  23.884 0.0000000000
71618  -41.554  7.465  22.355 0.0000000000
72282  -42.057  8.818  23.337 0.0000000000
77057  -52.270  15.349  27.314 0.0000000000
76318  -51.322  14.605  25.548 0.0000000000
76319  -53.235  14.334  24.960 0.0000000000
108328  -56.024  12.328  20.961 0.0000000000
119149  -53.961  12.379  21.958 0.0000000000
74885  -54.846  12.044  19.284 0.0000000000
74907  -54.278  12.128  18.077 0.0000000000
76372  -54.095  13.318  18.749 0.0000000000
76371  -52.760  14.202  18.757 0.0000000000
76362  -52.800  14.285  19.752 0.0000000000
77106  -52.630  15.795  22.846 0.0000000000
77119  -51.275  15.443  22.372 0.0000000000
77105  -51.443  15.953  23.140 0.0000000000
77104  -49.877  15.708  23.036 0.0000000000
77819  -51.094  16.778  23.731 0.0000000000
116156  -42.135  3.764  13.627 0.0000000000
70761  -43.343  6.273  34.284 0.0000000000
72233  -42.408  8.377  32.300 0.0000000000
72229  -44.204  7.728  33.363 0.0000000000
73481  -45.299  10.451  34.816 0.0000000000
74116  -44.921  10.951  32.953 0.0000000000
74120  -45.179  11.775  33.060 0.0000000000
75513  -45.754  13.231  32.217 0.0000000000
75502  -46.119  12.955  33.183 0.0000000000
74794  -49.473  12.625  35.459 0.0000000000
76239  -49.184  14.237  32.481 0.0000000000
115126  -51.365  13.946  32.274 0.0000000000
76266  -51.064  15.204  30.353 0.0000000000
112001  -52.352  14.210  31.398 0.0000000000
69918  -51.276  6.307  25.089 0.0000000000
119406  -51.815  6.407  26.275 0.0000000000
68929  -51.445  4.699  28.174 0.0000000000
68927  -50.079  4.361  27.732 0.0000000000
68943  -49.793  4.547  27.323 0.0000000000
123065  -48.352  4.079  27.511 0.0000000000
68940  -46.736  3.984  27.341 0.0000000000
68042  -47.111  3.743  27.851 0.0000000000
66298  -45.281  1.922  29.826 0.0000000000
67150  -45.266  2.921  28.801 0.0000000000
67133  -44.048  2.527  29.351 0.0000000000
64420  -45.907  0.161  38.061 0.0000000000
64441  -45.714  -0.749  35.876 0.0000000000
64453  -46.445  -0.505  34.525 0.0000000000
65366  -47.873  0.255  34.189 0.0000000000
102542  -46.288  -0.458  33.684 0.0000000000
65386  -45.919  0.169  32.117 0.0000000000
64462  -44.608  -0.606  33.066 0.0000000000
105287  -39.853  4.944  32.921 0.0000000000
67975  -39.789  4.071  33.505 0.0000000000
70022  -50.814  5.491  17.463 0.0000000000
69005  -43.756  4.425  22.372 0.0000000000
69963  -45.420  4.593  21.443 0.0000000000
69016  -44.397  4.487  21.369 0.0000000000
70016  -43.908  5.622  17.325 0.0000000000
70003  -45.538  5.372  18.191 0.0000000000
70018  -45.846  5.802  17.072 0.0000000000
102148  -47.937  6.231  15.439 0.0000000000
106410  -46.372  6.391  14.906 0.0000000000
103430  -46.814  6.034  14.152 0.0000000000
70041  -45.729  6.411  14.396 0.0000000000
71660  -42.889  7.296  13.697 0.0000000000
70926  -43.956  6.597  12.777 0.0000000000
70933  -43.363  7.056  12.309 0.0000000000
70931  -42.136  6.491  11.883 0.0000000000
72342  -42.392  8.111  11.272 0.0000000000
112128  -43.001  10.411  29.527 0.0000000000
73508  -41.821  10.029  28.715 0.0000000000
73516  -42.949  10.664  27.945 0.0000000000
74183  -44.944  11.752  24.845 0.0000000000
106169  -44.247  11.244  24.932 0.0000000000
74182  -44.481  11.392  24.058 0.0000000000
73544  -43.884  10.932  22.643 0.0000000000
74195  -44.402  11.509  22.279 0.0000000000
75590  -49.667  13.268  23.115 0.0000000000
110189  -48.572  13.361  23.738 0.0000000000
75617  -49.243  13.227  21.638 0.0000000000
75651  -46.817  13.485  18.036 0.0000000000
104677  -47.146  13.432  19.872 0.0000000000
74904  -45.274  12.675  18.685 0.0000000000
74903  -44.736  12.168  19.047 0.0000000000
74230  -44.308  11.721  17.478 0.0000000000
73589  -43.437  10.841  16.179 0.0000000000
74245  -44.423  12.151  15.598 0.0000000000
74954  -44.292  13.921  11.052 0.0000000000
74268  -43.506  12.649  10.812 0.0000000000
74964  -42.781  12.791  10.267 0.0000000000
73610  -41.386  10.607  11.056 0.0000000000
74258  -41.286  11.761  12.194 0.0000000000
74257  -40.827  11.110  13.166 0.0000000000
74951  -41.654  12.574  12.423 0.0000000000
76397  -43.956  15.199  15.139 0.0000000000
75668  -42.766  13.505  15.664 0.0000000000
113394  -49.004  15.465  18.746 0.0000000000
77168  -47.292  16.025  17.652 0.0000000000
77160  -46.670  16.077  18.389 0.0000000000
77844  -44.000  17.109  20.333 0.0000000000
102787  -43.309  18.320  18.143 0.0000000000
78532  -42.034  18.340  18.619 0.0000000000
77850  -41.709  17.948  18.657 0.0000000000
77842  -41.272  17.823  19.282 0.0000000000
77834  -40.540  17.204  20.544 0.0000000000
78515  -40.832  18.430  20.452 0.0000000000
78478  -42.318  17.359  24.439 0.0000000000
78493  -40.543  18.154  22.938 0.0000000000
78477  -41.225  17.636  24.170 0.0000000000
102168  -39.577  17.802  24.508 0.0000000000
69868  -41.932  5.046  27.663 0.0000000000
120961  -42.104  5.088  26.333 0.0000000000
70819  -41.203  6.126  26.990 0.0000000000
71587  -40.762  7.575  26.779 0.0000000000
72269  -40.974  8.304  26.420 0.0000000000
76320  -54.816  14.355  25.114 0.0000000000
76331  -56.067  13.864  24.368 0.0000000000
76339  -56.723  13.235  22.592 0.0000000000
76346  -56.133  13.418  21.165 0.0000000000
76345  -54.955  13.983  21.006 0.0000000000
77121  -55.003  14.680  21.818 0.0000000000
77108  -55.163  15.758  22.446 0.0000000000
68141  -44.659  3.531  14.471 0.0000000000
72222  -43.486  7.753  35.434 0.0000000000
72224  -44.523  8.291  34.773 0.0000000000
73476  -44.239  9.592  35.871 0.0000000000
68012  -49.570  3.217  29.017 0.0000000000
67153  -47.854  3.093  28.936 0.0000000000
67138  -48.261  2.628  29.531 0.0000000000
66300  -46.930  1.971  29.976 0.0000000000
66282  -45.679  1.439  30.398 0.0000000000
63521  -44.137  -1.121  37.570 0.0000000000
63532  -42.699  -1.864  35.969 0.0000000000
106689  -39.352  1.830  33.708 0.0000000000
67967  -39.724  3.036  34.925 0.0000000000
67077  -39.354  2.604  35.480 0.0000000000
68862  -39.187  4.243  36.282 0.0000000000
69961  -42.538  5.358  21.046 0.0000000000
69026  -43.806  4.800  20.030 0.0000000000
69989  -42.689  5.763  19.422 0.0000000000
70015  -43.177  5.902  17.660 0.0000000000
70029  -43.387  6.001  16.800 0.0000000000
70040  -44.547  6.271  15.086 0.0000000000
71650  -42.589  6.907  16.029 0.0000000000
115022  -42.706  7.079  14.923 0.0000000000
72328  -42.269  8.612  14.199 0.0000000000
121137  -45.115  11.766  29.144 0.0000000000
74149  -44.704  11.543  28.170 0.0000000000
114619  -45.582  12.280  28.067 0.0000000000
74838  -46.321  12.635  26.256 0.0000000000
74855  -46.403  12.646  24.486 0.0000000000
75644  -50.924  12.498  19.108 0.0000000000
75631  -48.837  13.272  20.267 0.0000000000
102483  -49.312  13.256  18.607 0.0000000000
75662  -48.007  13.676  16.666 0.0000000000
75670  -46.119  13.331  16.393 0.0000000000
74941  -44.960  12.759  15.152 0.0000000000
75692  -46.321  13.804  14.078 0.0000000000
75698  -45.512  14.366  12.295 0.0000000000
76420  -44.187  14.834  11.428 0.0000000000
75689  -42.730  13.940  12.852 0.0000000000
76404  -44.549  15.735  12.880 0.0000000000
107475  -45.079  16.439  13.408 0.0000000000
77176  -44.490  17.240  15.416 0.0000000000
77142  -47.366  15.489  20.770 0.0000000000
104489  -46.852  15.600  20.029 0.0000000000
77141  -46.418  15.590  20.776 0.0000000000
77845  -44.883  16.263  20.921 0.0000000000
77835  -43.285  17.486  20.798 0.0000000000
78507  -41.629  18.212  21.533 0.0000000000
78508  -42.884  17.322  22.534 0.0000000000
77801  -43.552  16.903  23.551 0.0000000000
78467  -43.850  17.237  25.244 0.0000000000
69897  -46.320  4.523  25.082 0.0000000000
69929  -45.799  4.545  23.712 0.0000000000
68984  -45.024  4.448  24.445 0.0000000000
105049  -43.736  4.405  23.917 0.0000000000
69003  -42.482  4.930  22.881 0.0000000000
69911  -41.900  5.252  24.495 0.0000000000
69927  -41.950  5.294  23.632 0.0000000000
111944  -42.361  5.225  21.972 0.0000000000
70870  -41.690  6.520  21.276 0.0000000000
71623  -41.666  7.380  20.794 0.0000000000
72299  -42.140  8.618  20.422 0.0000000000
77055  -49.601  15.416  27.658 0.0000000000
76306  -48.614  14.458  26.509 0.0000000000
76307  -49.871  14.560  25.899 0.0000000000
75581  -50.770  13.581  23.930 0.0000000000
75607  -51.449  12.898  22.377 0.0000000000
112878  -53.465  13.636  23.957 0.0000000000
105312  -52.648  12.922  22.648 0.0000000000
74882  -51.835  12.242  20.468 0.0000000000
74916  -52.324  12.071  18.181 0.0000000000
75664  -52.406  12.870  16.259 0.0000000000
76394  -51.922  14.401  15.088 0.0000000000
110905  -50.233  15.586  15.626 0.0000000000
77163  -51.066  15.085  17.091 0.0000000000
76377  -50.433  15.126  18.428 0.0000000000
77144  -49.492  15.303  20.126 0.0000000000
76353  -52.828  14.476  20.747 0.0000000000
77134  -50.579  15.160  21.232 0.0000000000
102404  -48.971  15.402  20.776 0.0000000000
77116  -48.406  15.523  22.402 0.0000000000
77817  -48.713  16.196  23.862 0.0000000000
122548  -48.498  16.708  24.275 0.0000000000
71546  -40.484  7.480  31.688 0.0000000000
72248  -40.587  8.432  30.412 0.0000000000
72238  -41.565  8.658  31.573 0.0000000000
72878  -41.964  9.350  30.986 0.0000000000
73488  -44.107  9.966  31.127 0.0000000000
72230  -44.533  8.451  33.143 0.0000000000
72880  -44.504  9.732  31.956 0.0000000000
74132  -44.915  11.338  30.492 0.0000000000
74812  -45.322  12.630  30.808 0.0000000000
75538  -46.136  13.961  29.831 0.0000000000
76265  -47.318  14.877  30.433 0.0000000000
74799  -47.043  12.757  34.156 0.0000000000
75515  -47.722  13.920  32.880 0.0000000000
76248  -48.667  14.664  31.729 0.0000000000
77027  -49.047  15.531  29.506 0.0000000000
77028  -50.718  15.470  29.610 0.0000000000
77029  -51.628  15.455  29.032 0.0000000000
103725  -53.918  15.068  28.100 0.0000000000
69917  -50.556  5.901  24.688 0.0000000000
69900  -48.503  4.894  25.306 0.0000000000
69860  -52.543  5.902  28.148 0.0000000000
69871  -52.282  6.175  27.480 0.0000000000
69885  -50.796  5.569  26.386 0.0000000000
69883  -49.004  4.825  26.122 0.0000000000
69899  -47.559  4.659  25.340 0.0000000000
69881  -47.021  4.458  26.043 0.0000000000
68958  -45.353  4.306  26.553 0.0000000000
108711  -44.150  4.334  27.025 0.0000000000
68026  -46.629  3.407  28.314 0.0000000000
68024  -44.838  3.403  28.312 0.0000000000
68038  -43.490  3.995  27.985 0.0000000000
68926  -42.613  4.250  28.245 0.0000000000
66229  -48.435  1.693  36.672 0.0000000000
64427  -46.059  -0.007  37.213 0.0000000000
65350  -47.385  0.704  36.447 0.0000000000
66236  -48.705  1.454  35.829 0.0000000000
65359  -48.941  1.241  35.042 0.0000000000
65377  -49.180  1.046  33.918 0.0000000000
66256  -49.580  1.302  32.492 0.0000000000
65405  -48.027  0.825  31.952 0.0000000000
65402  -45.593  0.557  31.487 0.0000000000
65419  -44.408  0.964  30.885 0.0000000000
69829  -39.816  5.674  31.212 0.0000000000
70766  -40.373  6.383  32.533 0.0000000000
70759  -41.230  5.825  33.648 0.0000000000
70752  -42.691  5.447  34.949 0.0000000000
71529  -42.643  6.700  35.506 0.0000000000
68123  -50.675  4.485  17.694 0.0000000000
104451  -49.779  4.774  16.671 0.0000000000
68129  -48.930  4.207  16.602 0.0000000000
103656  -46.145  4.631  22.894 0.0000000000
115888  -46.849  5.009  20.850 0.0000000000
69037  -44.557  4.825  19.647 0.0000000000
107256  -45.966  5.260  18.794 0.0000000000
115923  -47.709  5.865  18.606 0.0000000000
70020  -48.365  6.311  16.328 0.0000000000
70033  -48.777  5.919  15.784 0.0000000000
68136  -47.997  4.542  15.636 0.0000000000
68142  -46.601  4.634  14.615 0.0000000000
68150  -45.802  4.645  14.146 0.0000000000
69072  -45.019  4.695  13.655 0.0000000000
70920  -44.989  6.215  13.326 0.0000000000
70060  -44.586  5.959  12.884 0.0000000000
120188  -43.417  4.352  13.258 0.0000000000
69077  -42.552  5.129  12.726 0.0000000000
70924  -41.521  6.065  12.484 0.0000000000
70923  -40.830  6.540  12.894 0.0000000000
72897  -40.790  9.110  29.225 0.0000000000
72905  -41.039  9.227  27.687 0.0000000000
72910  -41.802  9.591  26.229 0.0000000000
74165  -43.952  11.138  26.640 0.0000000000
122936  -43.308  10.654  25.696 0.0000000000
72917  -42.385  9.610  24.722 0.0000000000
72926  -42.924  9.888  22.558 0.0000000000
115563  -43.021  10.042  21.803 0.0000000000
72939  -42.933  9.935  20.079 0.0000000000
110793  -48.220  13.473  24.937 0.0000000000
74856  -47.239  13.058  24.098 0.0000000000
74871  -46.214  12.764  22.836 0.0000000000
75630  -47.927  13.372  20.548 0.0000000000
74881  -46.356  13.110  21.478 0.0000000000
101667  -45.876  12.766  22.041 0.0000000000
74208  -44.343  11.635  20.426 0.0000000000
74216  -43.754  11.023  19.125 0.0000000000
73569  -42.936  10.015  18.159 0.0000000000
73581  -42.955  10.089  16.578 0.0000000000
73603  -42.605  10.376  13.185 0.0000000000
74947  -44.166  12.420  13.227 0.0000000000
74259  -43.075  11.320  12.722 0.0000000000
104197  -42.496  9.848  11.111 0.0000000000
72984  -42.004  9.474  10.530 0.0000000000
72978  -40.717  8.998  11.547 0.0000000000
74946  -42.234  13.178  13.960 0.0000000000
77177  -47.839  16.393  15.587 0.0000000000
77869  -45.628  17.423  16.312 0.0000000000
77868  -43.972  18.043  16.397 0.0000000000
77853  -45.508  16.510  19.120 0.0000000000
77860  -44.113  18.054  17.643 0.0000000000
77167  -43.364  17.611  16.949 0.0000000000
77158  -42.608  16.505  18.514 0.0000000000
76369  -42.600  15.232  19.517 0.0000000000
75614  -41.994  13.813  20.944 0.0000000000
78506  -40.619  18.441  21.269 0.0000000000
78504  -39.072  18.047  21.877 0.0000000000
79133  -48.125  18.317  24.666 0.0000000000
79129  -47.346  18.420  25.023 0.0000000000
78469  -46.014  17.766  25.497 0.0000000000
78458  -44.535  17.801  26.091 0.0000000000
120650  -43.570  17.939  26.513 0.0000000000
70796  -40.242  6.979  29.447 0.0000000000
118795  -40.202  7.472  29.826 0.0000000000
68135  -47.185  3.658  16.118 0.0000000000
67107  -50.910  2.014  31.913 0.0000000000
121542  -51.209  2.353  31.097 0.0000000000
66269  -50.065  1.672  31.724 0.0000000000
66287  -49.815  1.899  30.951 0.0000000000
65348  -38.371  0.670  36.220 0.0000000000
69914  -47.960  4.879  24.605 0.0000000000
69931  -47.459  4.842  23.964 0.0000000000
72308  -42.116  8.171  18.750 0.0000000000
72309  -42.397  8.852  18.329 0.0000000000
76290  -47.611  14.744  28.270 0.0000000000
76297  -47.345  14.121  27.544 0.0000000000
76298  -48.204  14.760  27.439 0.0000000000
121582  -50.852  14.870  14.143 0.0000000000
75674  -50.669  14.300  14.544 0.0000000000
76400  -50.268  14.829  14.032 0.0000000000
76407  -49.675  15.360  13.889 0.0000000000
77195  -47.799  16.203  13.467 0.0000000000
77187  -49.363  15.797  14.206 0.0000000000
121953  -46.652  15.924  23.684 0.0000000000
77815  -46.701  16.337  24.257 0.0000000000
109352  -46.806  16.958  24.764 0.0000000000
68956  -43.536  4.522  26.489 0.0000000000
68972  -43.455  4.532  25.634 0.0000000000
68955  -42.551  4.807  25.932 0.0000000000
72272  -41.311  8.296  25.289 0.0000000000
107613  -41.454  8.070  24.334 0.0000000000
72281  -41.604  8.081  23.576 0.0000000000
112033  -41.848  8.646  23.954 0.0000000000
77072  -52.928  15.125  26.620 0.0000000000
77083  -52.312  14.843  25.868 0.0000000000
77084  -53.732  14.743  25.860 0.0000000000
76355  -55.880  12.658  20.500 0.0000000000
75621  -55.414  12.319  20.254 0.0000000000
75634  -54.820  12.379  18.966 0.0000000000
76363  -54.412  13.342  19.555 0.0000000000
78497  -51.810  17.600  23.606 0.0000000000
121355  -43.703  2.716  14.631 0.0000000000
67274  -42.889  2.443  14.425 0.0000000000
68149  -42.149  3.113  14.001 0.0000000000
68155  -42.789  3.576  13.619 0.0000000000
70754  -43.851  6.508  34.520 0.0000000000
71538  -43.634  7.020  33.654 0.0000000000
113321  -44.291  7.121  34.047 0.0000000000
74790  -46.020  11.756  34.426 0.0000000000
74117  -45.343  11.264  33.952 0.0000000000
74797  -45.646  12.146  33.510 0.0000000000
74798  -46.267  12.370  33.954 0.0000000000
75519  -51.729  13.545  32.886 0.0000000000
76251  -51.527  14.295  31.593 0.0000000000
70827  -52.431  6.893  26.308 0.0000000000
68044  -49.463  4.097  27.818 0.0000000000
117656  -48.712  3.893  27.870 0.0000000000
68043  -47.935  3.804  27.899 0.0000000000
68028  -48.299  3.516  28.402 0.0000000000
67134  -44.855  2.463  29.327 0.0000000000
102567  -43.166  2.629  29.454 0.0000000000
118092  -43.566  2.010  29.937 0.0000000000
110427  -45.799  -0.888  35.013 0.0000000000
64452  -45.690  -0.784  34.165 0.0000000000
64463  -45.517  -0.560  33.353 0.0000000000
67980  -39.501  3.109  32.929 0.0000000000
67974  -39.537  3.146  33.878 0.0000000000
69992  -48.967  6.138  18.116 0.0000000000
122094  -43.487  4.564  21.663 0.0000000000
105838  -43.674  4.646  20.870 0.0000000000
70017  -44.845  5.713  16.770 0.0000000000
120520  -45.785  6.113  16.046 0.0000000000
70042  -46.521  6.207  14.104 0.0000000000
111231  -42.562  7.912  13.268 0.0000000000
71664  -43.108  7.337  12.465 0.0000000000
72336  -42.741  8.155  11.888 0.0000000000
71668  -42.869  7.511  11.855 0.0000000000
73509  -42.582  10.417  28.746 0.0000000000
111014  -43.496  10.795  28.825 0.0000000000
74190  -45.219  11.967  24.148 0.0000000000
121734  -44.886  11.792  23.518 0.0000000000
74189  -44.391  11.378  23.141 0.0000000000
74196  -44.924  11.939  22.807 0.0000000000
104620  -50.267  13.113  22.477 0.0000000000
104106  -49.436  13.227  22.413 0.0000000000
75660  -46.029  13.250  17.428 0.0000000000
75650  -45.894  13.175  18.393 0.0000000000
74915  -45.336  12.748  17.792 0.0000000000
74914  -44.746  12.208  18.114 0.0000000000
74924  -44.807  12.340  17.181 0.0000000000
74238  -44.363  11.921  16.551 0.0000000000
74934  -44.887  12.510  16.220 0.0000000000
123045  -43.156  13.808  10.518 0.0000000000
74273  -43.154  13.064  10.197 0.0000000000
74958  -42.716  13.419  10.593 0.0000000000
109901  -41.877  11.909  10.585 0.0000000000
74957  -41.934  12.505  10.923 0.0000000000
119588  -42.206  13.226  11.486 0.0000000000
77184  -44.219  16.231  15.504 0.0000000000
75669  -43.445  14.416  15.993 0.0000000000
76391  -43.808  15.537  16.207 0.0000000000
76384  -43.513  16.179  17.014 0.0000000000
107032  -48.337  15.527  18.987 0.0000000000
119628  -47.469  15.680  18.807 0.0000000000
77843  -42.901  18.164  19.663 0.0000000000
103421  -41.948  18.541  19.222 0.0000000000
77849  -41.408  18.255  19.303 0.0000000000
78522  -41.394  18.445  19.788 0.0000000000
78521  -40.895  18.268  19.852 0.0000000000
116787  -41.780  5.391  26.888 0.0000000000
69867  -41.369  5.680  27.565 0.0000000000
116539  -40.555  7.263  27.936 0.0000000000
70818  -40.700  7.025  27.256 0.0000000000
71579  -40.594  7.749  27.568 0.0000000000
72268  -40.730  8.167  27.178 0.0000000000
76321  -56.081  14.415  25.226 0.0000000000
103912  -56.756  13.924  23.350 0.0000000000
76348  -56.763  12.981  22.023 0.0000000000
75610  -56.662  12.727  21.695 0.0000000000
76347  -56.634  13.143  21.660 0.0000000000
77122  -56.246  14.336  21.908 0.0000000000
78500  -55.631  16.587  22.749 0.0000000000
108772  -54.207  16.739  22.650 0.0000000000
67260  -45.592  2.653  16.312 0.0000000000
72868  -42.882  9.553  35.978 0.0000000000
72869  -43.628  8.821  35.659 0.0000000000
120701  -43.590  9.519  35.967 0.0000000000
67141  -50.800  2.848  29.804 0.0000000000
67140  -49.973  2.745  29.686 0.0000000000
67139  -49.129  2.669  29.592 0.0000000000
66285  -48.171  1.630  30.728 0.0000000000
67119  -47.783  2.071  30.087 0.0000000000
66284  -47.322  1.536  30.602 0.0000000000
66283  -46.490  1.462  30.482 0.0000000000
64458  -40.017  -0.214  33.937 0.0000000000
65365  -39.414  0.425  34.253 0.0000000000
66247  -39.521  1.028  33.557 0.0000000000
66242  -39.178  1.361  34.344 0.0000000000
67086  -39.288  2.217  34.637 0.0000000000
66235  -39.004  1.766  35.250 0.0000000000
67960  -39.311  2.914  36.031 0.0000000000
112368  -38.703  3.746  36.393 0.0000000000
70881  -42.117  5.943  20.699 0.0000000000
69977  -42.619  5.540  20.225 0.0000000000
70886  -42.233  6.157  19.920 0.0000000000
71639  -42.319  6.800  18.220 0.0000000000
70000  -42.783  5.973  18.504 0.0000000000
70899  -42.721  6.326  17.749 0.0000000000
114971  -42.905  6.245  17.163 0.0000000000
70906  -42.929  6.399  16.392 0.0000000000
72319  -42.305  8.466  16.507 0.0000000000
71656  -42.329  7.648  15.682 0.0000000000
72323  -42.262  8.523  15.340 0.0000000000
71657  -42.407  7.739  14.528 0.0000000000
116826  -45.395  12.206  29.223 0.0000000000
74150  -45.228  11.897  28.579 0.0000000000
74823  -45.677  12.533  28.624 0.0000000000
75557  -47.090  13.476  26.872 0.0000000000
74831  -46.380  12.841  27.004 0.0000000000
74846  -46.568  12.761  25.650 0.0000000000
107923  -46.295  12.561  25.158 0.0000000000
74847  -46.877  12.917  24.952 0.0000000000
116413  -51.327  12.540  17.701 0.0000000000
75643  -50.028  12.935  18.819 0.0000000000
75653  -50.095  13.055  17.822 0.0000000000
75672  -48.373  13.944  15.486 0.0000000000
75663  -49.066  13.569  16.814 0.0000000000
104274  -47.506  13.715  16.045 0.0000000000
75661  -46.892  13.549  16.880 0.0000000000
75671  -46.857  13.636  15.788 0.0000000000
75683  -46.223  13.475  15.291 0.0000000000
75684  -47.008  13.948  14.598 0.0000000000
76414  -46.641  15.370  12.696 0.0000000000
75699  -46.203  14.459  12.935 0.0000000000
76413  -45.724  15.047  12.185 0.0000000000
75706  -45.036  14.845  11.641 0.0000000000
76422  -45.125  15.306  11.864 0.0000000000
76412  -44.590  15.315  11.926 0.0000000000
77192  -45.150  15.815  12.491 0.0000000000
77887  -46.208  17.023  13.681 0.0000000000
77880  -45.428  17.046  13.912 0.0000000000
116060  -44.960  16.990  14.366 0.0000000000
106845  -45.023  17.444  14.875 0.0000000000
77131  -47.869  15.463  21.571 0.0000000000
77130  -46.945  15.491  21.571 0.0000000000
116690  -45.431  15.910  22.860 0.0000000000
77837  -45.179  15.952  21.830 0.0000000000
77836  -44.272  16.623  21.392 0.0000000000
77828  -43.601  16.968  21.921 0.0000000000
77813  -43.985  16.666  23.008 0.0000000000
77802  -44.351  16.646  24.002 0.0000000000
78479  -43.737  16.974  24.401 0.0000000000
68974  -45.493  4.467  25.072 0.0000000000
121249  -44.679  4.437  25.007 0.0000000000
68983  -44.200  4.405  24.540 0.0000000000
68994  -43.083  4.525  23.955 0.0000000000
69004  -43.218  4.506  23.183 0.0000000000
68993  -42.628  4.749  23.604 0.0000000000
69880  -41.631  5.531  25.997 0.0000000000
120330  -41.949  5.167  25.485 0.0000000000
69895  -41.618  5.577  25.072 0.0000000000
107126  -41.496  6.005  23.733 0.0000000000
69926  -41.621  5.934  23.043 0.0000000000
69946  -41.999  5.440  22.726 0.0000000000
69945  -41.728  5.972  22.143 0.0000000000
120882  -41.526  6.784  21.997 0.0000000000
110839  -41.817  8.228  22.013 0.0000000000
119053  -41.602  7.457  21.591 0.0000000000
110838  -41.883  8.242  21.149 0.0000000000
72935  -42.349  9.062  21.087 0.0000000000
77069  -50.011  15.126  26.745 0.0000000000
77070  -50.991  15.275  26.744 0.0000000000
101842  -52.010  14.419  25.104 0.0000000000
76328  -51.181  14.096  24.669 0.0000000000
75591  -51.494  13.311  23.309 0.0000000000
76330  -54.727  13.773  24.258 0.0000000000
75620  -54.261  11.845  20.410 0.0000000000
120233  -52.982  12.069  21.036 0.0000000000
75619  -51.902  12.411  21.352 0.0000000000
74905  -51.997  12.111  19.409 0.0000000000
74895  -53.186  11.805  19.602 0.0000000000
75654  -53.898  12.686  17.494 0.0000000000
74927  -53.256  12.562  16.832 0.0000000000
75677  -53.147  13.414  16.411 0.0000000000
75676  -52.709  13.724  15.818 0.0000000000
76385  -52.202  14.480  15.918 0.0000000000
77172  -51.306  15.160  15.512 0.0000000000
104109  -52.146  14.564  16.911 0.0000000000
76370  -51.482  14.689  18.761 0.0000000000
76378  -51.365  14.782  17.963 0.0000000000
76360  -50.439  15.049  19.386 0.0000000000
77153  -49.623  15.333  19.093 0.0000000000
76344  -53.302  14.610  21.407 0.0000000000
77135  -51.324  15.085  21.524 0.0000000000
77133  -49.677  15.324  21.240 0.0000000000
77132  -48.752  15.439  21.510 0.0000000000
77117  -49.336  15.498  22.288 0.0000000000
77818  -49.548  16.223  23.710 0.0000000000
77806  -49.149  16.832  24.197 0.0000000000
68148  -41.756  3.653  14.098 0.0000000000
70050  -41.294  5.085  13.781 0.0000000000
71542  -41.038  7.513  32.343 0.0000000000
71547  -40.901  8.062  31.714 0.0000000000
72232  -41.605  7.993  32.299 0.0000000000
112575  -43.197  8.619  32.298 0.0000000000
72239  -42.602  9.012  31.729 0.0000000000
72890  -43.146  9.652  31.172 0.0000000000
72879  -44.022  9.503  31.697 0.0000000000
72873  -44.729  8.941  34.393 0.0000000000
72227  -44.672  8.268  33.933 0.0000000000
72875  -44.781  9.170  33.527 0.0000000000
73486  -44.755  9.892  32.746 0.0000000000
116868  -44.766  10.528  31.992 0.0000000000
121417  -44.547  10.353  31.360 0.0000000000
74122  -44.877  10.990  31.244 0.0000000000
115094  -45.188  11.960  30.411 0.0000000000
74133  -45.102  11.831  31.122 0.0000000000
107007  -46.233  13.847  31.796 0.0000000000
75525  -45.652  13.381  31.300 0.0000000000
75526  -46.195  14.132  30.837 0.0000000000
76264  -46.718  14.556  30.157 0.0000000000
110484  -46.905  14.634  30.831 0.0000000000
75495  -49.371  13.012  34.537 0.0000000000
74792  -47.763  12.502  34.980 0.0000000000
75494  -47.903  12.941  34.366 0.0000000000
75503  -47.666  13.374  33.631 0.0000000000
120707  -48.121  13.633  33.394 0.0000000000
76249  -49.610  14.480  31.960 0.0000000000
77000  -48.622  15.174  30.820 0.0000000000
77012  -49.313  15.393  30.320 0.0000000000
112074  -49.812  15.515  29.782 0.0000000000
77013  -50.236  15.302  30.401 0.0000000000
76267  -51.837  14.733  30.755 0.0000000000
77014  -51.726  15.250  29.881 0.0000000000
77030  -52.562  15.221  29.362 0.0000000000
77046  -52.613  15.334  28.558 0.0000000000
70847  -52.016  6.811  24.456 0.0000000000
69901  -49.617  5.346  25.258 0.0000000000
68930  -52.178  5.067  28.468 0.0000000000
69859  -51.884  5.434  27.815 0.0000000000
69870  -51.630  5.707  27.191 0.0000000000
69886  -51.430  5.903  26.596 0.0000000000
69869  -50.959  5.342  26.973 0.0000000000
68962  -49.448  4.696  26.845 0.0000000000
69882  -47.979  4.570  26.110 0.0000000000
68960  -47.335  4.265  26.853 0.0000000000
68959  -46.356  4.242  26.724 0.0000000000
68939  -45.797  4.027  27.244 0.0000000000
68938  -44.865  4.176  27.144 0.0000000000
67152  -47.014  2.995  28.840 0.0000000000
67151  -46.152  2.957  28.802 0.0000000000
67149  -44.430  2.954  28.841 0.0000000000
68039  -44.336  3.899  27.707 0.0000000000
68022  -43.180  3.593  28.552 0.0000000000
66249  -50.527  1.846  33.802 0.0000000000
65344  -46.986  1.104  38.108 0.0000000000
66221  -47.565  1.498  37.756 0.0000000000
66222  -48.172  1.902  37.509 0.0000000000
66228  -47.775  1.317  36.959 0.0000000000
63522  -44.852  -0.857  37.139 0.0000000000
64433  -45.560  -0.548  36.747 0.0000000000
64435  -46.955  0.126  35.936 0.0000000000
65351  -48.056  1.081  36.127 0.0000000000
65358  -48.317  0.918  35.316 0.0000000000
65376  -48.477  0.592  33.614 0.0000000000
65390  -49.021  0.896  33.034 0.0000000000
65389  -48.290  0.621  32.752 0.0000000000
66255  -48.808  1.029  32.196 0.0000000000
65388  -47.522  0.402  32.484 0.0000000000
64488  -45.111  0.121  31.987 0.0000000000
65420  -45.249  0.976  30.911 0.0000000000
65401  -44.767  0.503  31.451 0.0000000000
67987  -39.811  3.715  31.731 0.0000000000
67995  -40.309  3.784  30.862 0.0000000000
68903  -40.142  4.909  30.614 0.0000000000
69822  -39.893  6.294  31.697 0.0000000000
103849  -39.765  5.472  32.140 0.0000000000
69814  -40.718  4.922  33.957 0.0000000000
106322  -40.212  5.575  33.011 0.0000000000
67962  -40.316  3.854  35.388 0.0000000000
68878  -40.239  3.774  34.746 0.0000000000
68871  -40.796  4.514  35.546 0.0000000000
70742  -41.269  5.987  35.638 0.0000000000
70743  -42.359  5.916  35.397 0.0000000000
71528  -41.677  6.846  35.623 0.0000000000
72221  -41.949  7.734  35.646 0.0000000000
112658  -51.283  4.509  18.211 0.0000000000
69046  -51.217  5.166  17.681 0.0000000000
116324  -50.086  5.822  16.891 0.0000000000
69053  -50.496  5.226  17.056 0.0000000000
69052  -49.848  5.501  16.540 0.0000000000
69059  -49.278  5.336  16.003 0.0000000000
69964  -46.315  4.764  21.493 0.0000000000
107617  -43.193  5.222  19.732 0.0000000000
118409  -46.787  5.636  18.489 0.0000000000
70004  -47.467  6.090  17.581 0.0000000000
70044  -48.001  5.881  15.134 0.0000000000
69058  -48.544  5.478  15.496 0.0000000000
69067  -47.957  5.407  15.090 0.0000000000
68143  -47.314  4.562  15.158 0.0000000000
70053  -46.284  6.052  13.809 0.0000000000
69065  -46.551  5.615  14.046 0.0000000000
69081  -45.148  5.582  13.295 0.0000000000
70914  -43.896  6.442  14.543 0.0000000000
70051  -45.084  6.438  13.870 0.0000000000
70919  -44.323  6.588  13.334 0.0000000000
69080  -44.329  4.952  13.175 0.0000000000
69079  -43.537  5.135  12.805 0.0000000000
70936  -41.977  7.147  11.500 0.0000000000
70930  -41.336  6.778  12.015 0.0000000000
71663  -40.689  7.315  12.426 0.0000000000
72887  -40.887  9.118  30.013 0.0000000000
109641  -40.581  8.645  29.691 0.0000000000
111578  -42.209  10.281  28.157 0.0000000000
73514  -41.643  9.868  27.945 0.0000000000
73522  -41.674  9.722  27.105 0.0000000000
112353  -41.241  9.088  26.761 0.0000000000
73523  -42.361  10.185  26.635 0.0000000000
74157  -44.453  11.436  27.330 0.0000000000
74181  -43.876  10.899  24.327 0.0000000000
73528  -43.471  10.667  25.017 0.0000000000
73532  -42.907  10.156  24.707 0.0000000000
73537  -42.780  9.874  24.030 0.0000000000
72925  -42.594  9.520  23.290 0.0000000000
73538  -43.148  10.171  23.397 0.0000000000
73551  -43.865  11.031  21.809 0.0000000000
73543  -43.417  10.476  22.192 0.0000000000
73550  -43.393  10.494  21.385 0.0000000000
116070  -42.846  9.853  21.011 0.0000000000
73558  -43.370  10.487  20.505 0.0000000000
76315  -49.097  14.223  25.780 0.0000000000
75570  -48.899  13.727  25.047 0.0000000000
75603  -48.129  13.313  22.815 0.0000000000
75588  -48.020  13.297  23.483 0.0000000000
74872  -47.231  13.140  23.051 0.0000000000
75642  -49.072  13.248  19.394 0.0000000000
75641  -48.132  13.401  19.671 0.0000000000
75628  -46.073  13.235  19.988 0.0000000000
75629  -46.920  13.326  20.835 0.0000000000
74894  -45.999  13.091  20.809 0.0000000000
74880  -45.573  12.677  21.243 0.0000000000
74879  -44.900  12.182  20.873 0.0000000000
74892  -44.776  12.213  19.966 0.0000000000
120849  -44.200  11.530  18.475 0.0000000000
74217  -44.285  11.608  19.498 0.0000000000
74224  -43.664  10.928  18.402 0.0000000000
73570  -43.236  10.361  18.770 0.0000000000
73577  -43.324  10.515  17.939 0.0000000000
73576  -42.961  10.029  17.451 0.0000000000
73582  -43.403  10.642  17.123 0.0000000000
73595  -42.776  10.297  14.477 0.0000000000
74251  -43.129  10.966  13.878 0.0000000000
74948  -45.055  13.112  13.802 0.0000000000
74253  -44.461  12.391  14.454 0.0000000000
120449  -44.608  12.772  13.535 0.0000000000
74267  -43.189  11.748  11.257 0.0000000000
74260  -43.627  12.128  12.255 0.0000000000
73611  -42.686  10.803  11.595 0.0000000000
72988  -42.201  9.820  10.635 0.0000000000
73620  -42.106  10.217  10.438 0.0000000000
73609  -40.747  9.985  11.790 0.0000000000
73616  -41.338  9.695  10.882 0.0000000000
72331  -40.382  8.703  12.766 0.0000000000
108114  -40.262  9.116  13.514 0.0000000000
75690  -43.327  14.522  13.273 0.0000000000
75681  -42.770  13.726  14.312 0.0000000000
74940  -42.115  12.684  15.788 0.0000000000
77178  -49.144  15.932  15.304 0.0000000000
77169  -48.129  15.970  16.624 0.0000000000
77871  -46.918  16.645  16.448 0.0000000000
78544  -44.540  17.925  16.223 0.0000000000
77149  -45.932  15.910  19.980 0.0000000000
78537  -43.285  18.219  17.417 0.0000000000
77867  -43.570  18.054  16.878 0.0000000000
77859  -42.922  18.140  17.436 0.0000000000
77159  -42.931  17.221  17.585 0.0000000000
77858  -42.317  18.077  18.005 0.0000000000
77148  -41.882  16.810  19.259 0.0000000000
75627  -42.364  14.382  20.257 0.0000000000
76351  -42.133  14.794  20.866 0.0000000000
77128  -41.582  15.818  20.820 0.0000000000
77127  -41.075  15.870  21.526 0.0000000000
77126  -40.059  16.827  21.370 0.0000000000
77827  -39.307  17.492  21.675 0.0000000000
104619  -41.044  18.242  22.222 0.0000000000
78492  -39.350  18.230  22.646 0.0000000000
78505  -39.867  18.352  21.678 0.0000000000
78491  -38.668  18.002  22.476 0.0000000000
79746  -47.066  19.412  25.155 0.0000000000
79128  -46.564  18.515  25.437 0.0000000000
79123  -44.917  18.372  26.300 0.0000000000
69857  -40.603  6.241  28.847 0.0000000000
102693  -40.443  7.079  28.620 0.0000000000
108754  -40.454  7.784  28.354 0.0000000000
77087  -56.342  14.718  25.302 0.0000000000
78501  -56.148  15.941  23.120 0.0000000000
68134  -46.302  3.560  15.599 0.0000000000
73471  -42.568  10.708  36.381 0.0000000000
72862  -43.461  10.168  36.251 0.0000000000
67123  -51.053  2.552  30.481 0.0000000000
67121  -49.499  2.264  30.277 0.0000000000
66267  -48.510  1.292  31.429 0.0000000000
123097  -38.792  1.755  35.794 0.0000000000
102008  -49.102  5.391  23.635 0.0000000000
102174  -48.469  5.273  23.081 0.0000000000
71628  -41.772  7.368  19.993 0.0000000000
70885  -41.938  6.753  19.690 0.0000000000
70892  -41.970  7.302  19.099 0.0000000000
71638  -42.127  7.576  18.327 0.0000000000
71643  -42.238  7.473  17.602 0.0000000000
119522  -42.233  8.090  17.258 0.0000000000
72962  -42.630  9.364  16.996 0.0000000000
75546  -46.293  13.692  28.959 0.0000000000
75552  -46.380  13.434  28.309 0.0000000000
75562  -47.476  13.500  26.089 0.0000000000
107397  -51.452  13.272  15.747 0.0000000000
102031  -50.114  13.292  16.797 0.0000000000
102088  -50.353  13.624  15.511 0.0000000000
123082  -49.981  13.912  15.036 0.0000000000
76392  -48.573  14.373  14.504 0.0000000000
76398  -47.938  14.702  13.889 0.0000000000
121781  -47.518  15.321  13.183 0.0000000000
76415  -47.336  15.927  13.029 0.0000000000
77200  -46.538  16.017  12.758 0.0000000000
77194  -46.869  16.444  13.168 0.0000000000
77888  -47.126  16.715  13.770 0.0000000000
77101  -47.054  15.683  23.164 0.0000000000
77114  -46.596  15.573  22.350 0.0000000000
77100  -46.251  15.730  23.066 0.0000000000
77803  -45.233  16.573  24.393 0.0000000000
78481  -45.437  17.114  25.178 0.0000000000
68973  -44.132  4.435  25.306 0.0000000000
70837  -41.235  6.395  24.861 0.0000000000
70854  -41.413  6.623  23.424 0.0000000000
71611  -41.484  7.391  23.109 0.0000000000
72287  -41.763  8.193  22.805 0.0000000000
72288  -42.270  9.013  22.501 0.0000000000
114430  -51.435  15.421  27.274 0.0000000000
77071  -51.858  15.238  26.678 0.0000000000
76329  -52.241  13.987  24.380 0.0000000000
75593  -55.733  12.606  22.472 0.0000000000
118778  -55.370  12.215  21.635 0.0000000000
75608  -54.956  11.947  20.979 0.0000000000
74884  -54.166  11.731  19.693 0.0000000000
74896  -54.462  11.841  18.854 0.0000000000
74897  -54.711  12.050  18.653 0.0000000000
75645  -54.416  12.449  18.285 0.0000000000
76380  -53.785  13.342  17.807 0.0000000000
76379  -52.724  14.236  17.560 0.0000000000
108484  -52.258  15.360  22.345 0.0000000000
113811  -50.648  15.701  22.934 0.0000000000
113990  -50.436  16.201  23.506 0.0000000000
69070  -41.841  4.443  13.400 0.0000000000
71537  -42.537  6.778  33.531 0.0000000000
71543  -42.519  7.605  32.909 0.0000000000
71544  -43.390  7.948  32.837 0.0000000000
72234  -43.992  8.467  32.645 0.0000000000
73483  -44.965  10.274  33.762 0.0000000000
74803  -45.300  12.607  31.725 0.0000000000
74801  -45.412  12.475  32.654 0.0000000000
75514  -46.363  13.545  32.529 0.0000000000
75505  -49.455  13.437  33.731 0.0000000000
75516  -48.728  13.821  33.140 0.0000000000
75517  -49.737  13.809  33.025 0.0000000000
76240  -49.962  14.142  32.445 0.0000000000
76241  -50.525  14.341  31.905 0.0000000000
76250  -50.811  14.834  31.047 0.0000000000
70838  -52.000  6.737  25.534 0.0000000000
69903  -51.313  6.139  25.952 0.0000000000
68928  -50.687  4.457  27.929 0.0000000000
68944  -50.482  4.801  27.368 0.0000000000
68942  -49.036  4.273  27.384 0.0000000000
68941  -47.647  4.032  27.420 0.0000000000
67135  -45.687  2.443  29.334 0.0000000000
68010  -43.638  3.049  28.927 0.0000000000
63546  -44.383  -1.370  35.661 0.0000000000
63535  -44.999  -1.074  36.252 0.0000000000
63547  -45.124  -1.136  35.408 0.0000000000
64442  -46.421  -0.413  35.448 0.0000000000
64443  -47.222  -0.004  34.930 0.0000000000
104329  -47.939  0.475  34.898 0.0000000000
64464  -47.080  -0.188  33.860 0.0000000000
64475  -47.030  -0.034  33.012 0.0000000000
64474  -46.237  -0.212  32.885 0.0000000000
64473  -45.355  -0.238  32.611 0.0000000000
119178  -44.677  -0.220  32.422 0.0000000000
67106  -40.363  2.205  31.592 0.0000000000
118519  -40.175  3.034  31.416 0.0000000000
68890  -39.685  4.440  32.325 0.0000000000
115156  -40.735  4.361  34.658 0.0000000000
70021  -49.297  6.149  16.407 0.0000000000
68995  -44.137  4.356  23.160 0.0000000000
69947  -44.773  4.439  22.292 0.0000000000
103742  -45.201  4.664  20.640 0.0000000000
70001  -43.566  5.486  18.288 0.0000000000
70002  -44.641  5.345  17.993 0.0000000000
70019  -47.199  6.237  16.602 0.0000000000
70032  -46.876  6.340  15.636 0.0000000000
70043  -47.228  6.132  14.655 0.0000000000
70052  -45.848  6.218  13.724 0.0000000000
70925  -43.698  7.016  12.860 0.0000000000
70067  -43.363  6.784  12.254 0.0000000000
70066  -42.897  6.510  12.067 0.0000000000
70932  -42.809  7.030  11.831 0.0000000000
70937  -42.411  7.548  11.488 0.0000000000
71672  -41.960  7.859  11.072 0.0000000000
72889  -42.343  9.912  30.196 0.0000000000
111489  -41.459  9.656  29.498 0.0000000000
73502  -42.190  10.142  29.343 0.0000000000
74175  -45.301  11.930  26.128 0.0000000000
74174  -44.747  11.592  25.593 0.0000000000
73539  -43.800  10.799  23.511 0.0000000000
75580  -49.936  13.460  23.815 0.0000000000
75571  -49.426  13.616  24.419 0.0000000000
116738  -49.182  13.392  23.722 0.0000000000
75589  -48.825  13.303  23.075 0.0000000000
75604  -48.666  13.312  22.311 0.0000000000
75640  -46.480  13.375  19.089 0.0000000000
75639  -45.758  13.089  19.160 0.0000000000
106894  -45.300  12.699  19.548 0.0000000000
74237  -43.863  11.320  16.833 0.0000000000
74244  -43.925  11.548  15.894 0.0000000000
122678  -44.027  11.836  15.093 0.0000000000
74953  -44.107  12.999  11.538 0.0000000000
74272  -42.934  12.275  10.335 0.0000000000
114414  -42.534  11.627  10.486 0.0000000000
119962  -42.179  10.976  10.434 0.0000000000
74271  -41.915  11.333  10.445 0.0000000000
74266  -41.536  11.524  11.142 0.0000000000
74265  -40.960  10.886  12.045 0.0000000000
73602  -40.556  10.302  12.947 0.0000000000
74250  -41.207  11.840  13.448 0.0000000000
75682  -43.366  14.351  14.757 0.0000000000
77161  -48.607  15.619  17.835 0.0000000000
78526  -43.646  17.816  19.194 0.0000000000
78525  -42.560  18.437  18.670 0.0000000000
77139  -41.244  17.008  19.857 0.0000000000
77841  -40.768  17.977  19.722 0.0000000000
77840  -40.342  18.093  20.459 0.0000000000
78494  -41.675  17.676  23.364 0.0000000000
102167  -40.178  18.027  23.583 0.0000000000
78476  -39.368  18.056  23.648 0.0000000000
116640  -40.365  17.733  24.435 0.0000000000
78464  -40.354  17.593  25.311 0.0000000000
106317  -42.431  4.940  26.790 0.0000000000
102694  -40.962  6.593  26.340 0.0000000000
71588  -40.931  7.215  25.670 0.0000000000
77085  -55.252  14.589  25.938 0.0000000000
76338  -56.177  13.176  23.309 0.0000000000
76332  -56.429  14.210  24.316 0.0000000000
112727  -56.533  13.664  23.526 0.0000000000
75609  -56.396  12.439  21.530 0.0000000000
75622  -56.447  12.580  21.198 0.0000000000
76354  -54.777  13.500  20.264 0.0000000000
77107  -53.778  15.547  22.468 0.0000000000
77821  -53.394  16.257  22.993 0.0000000000
78498  -52.953  17.152  23.233 0.0000000000
71530  -44.029  7.075  35.087 0.0000000000
71534  -44.152  6.924  34.655 0.0000000000
72223  -44.122  7.991  35.204 0.0000000000
120499  -44.262  8.811  35.360 0.0000000000
72870  -44.724  9.313  35.262 0.0000000000
116244  -45.096  9.966  35.373 0.0000000000
68013  -50.445  3.322  29.123 0.0000000000
68011  -48.704  3.142  28.980 0.0000000000
67137  -47.387  2.536  29.458 0.0000000000
67120  -48.661  2.168  30.175 0.0000000000
66299  -46.096  1.911  29.877 0.0000000000
66281  -44.894  1.473  30.355 0.0000000000
63511  -44.119  -0.917  38.412 0.0000000000
63510  -43.454  -1.355  38.025 0.0000000000
63520  -43.408  -1.575  37.209 0.0000000000
63533  -43.269  -1.725  36.484 0.0000000000
104810  -43.551  -1.635  35.790 0.0000000000
67091  -39.378  2.551  34.047 0.0000000000
67961  -39.714  3.323  35.713 0.0000000000
67953  -39.372  3.493  36.150 0.0000000000
69962  -43.101  5.009  20.544 0.0000000000
116359  -43.188  5.465  19.024 0.0000000000
70030  -44.145  5.852  16.263 0.0000000000
70907  -43.544  6.175  15.768 0.0000000000
70913  -43.041  6.571  15.327 0.0000000000
74140  -44.559  11.330  29.015 0.0000000000
74158  -45.189  11.875  27.758 0.0000000000
74167  -45.223  11.879  26.943 0.0000000000
74824  -46.073  12.817  27.955 0.0000000000
74837  -45.836  12.305  26.589 0.0000000000
74845  -45.916  12.327  25.743 0.0000000000
74854  -45.700  12.232  24.868 0.0000000000
112426  -45.837  12.382  24.130 0.0000000000
75633  -50.615  12.653  20.342 0.0000000000
110751  -49.498  13.124  20.769 0.0000000000
75632  -49.801  13.000  19.840 0.0000000000
102429  -48.468  13.420  18.773 0.0000000000
75652  -49.108  13.415  17.855 0.0000000000
122776  -47.990  13.555  17.838 0.0000000000
120782  -47.374  13.562  17.403 0.0000000000
74935  -45.511  13.042  15.810 0.0000000000
74942  -45.620  13.284  14.666 0.0000000000
75691  -45.712  13.703  13.420 0.0000000000
118728  -45.256  13.704  12.669 0.0000000000
75697  -44.921  14.229  11.670 0.0000000000
75705  -44.407  14.580  11.323 0.0000000000
75704  -43.661  14.160  10.743 0.0000000000
75696  -43.449  14.557  11.766 0.0000000000
76411  -43.950  15.192  12.276 0.0000000000
77185  -44.570  16.128  14.334 0.0000000000
77143  -48.258  15.449  20.781 0.0000000000
120286  -47.156  15.614  19.498 0.0000000000
77140  -45.563  15.892  20.736 0.0000000000
77129  -45.980  15.644  21.549 0.0000000000
121029  -45.395  15.873  21.264 0.0000000000
78516  -41.693  18.410  20.570 0.0000000000
78517  -42.544  17.826  21.242 0.0000000000
78495  -42.773  17.243  23.681 0.0000000000
120050  -43.152  17.193  24.704 0.0000000000
104049  -42.935  17.392  25.482 0.0000000000
108224  -46.690  4.669  24.018 0.0000000000
69912  -46.052  4.540  24.491 0.0000000000
68996  -44.589  4.407  23.840 0.0000000000
117136  -42.970  4.652  22.242 0.0000000000
69896  -42.171  4.994  25.074 0.0000000000
69910  -41.532  5.817  24.325 0.0000000000
69960  -42.044  5.747  21.420 0.0000000000
72298  -41.805  7.979  20.403 0.0000000000
72304  -42.327  8.889  19.838 0.0000000000
77054  -48.831  15.325  27.796 0.0000000000
77068  -49.072  15.059  27.061 0.0000000000
105996  -49.337  14.687  26.399 0.0000000000
76308  -50.676  14.837  26.078 0.0000000000
76317  -50.473  14.339  25.309 0.0000000000
76327  -50.214  13.823  24.542 0.0000000000
118151  -50.538  13.272  23.183 0.0000000000
75606  -50.817  12.844  21.880 0.0000000000
75583  -52.480  13.431  23.563 0.0000000000
75592  -53.976  12.894  22.856 0.0000000000
75618  -50.793  12.698  21.222 0.0000000000
74906  -53.460  11.817  18.511 0.0000000000
74926  -52.703  12.269  17.143 0.0000000000
75675  -52.157  13.607  15.417 0.0000000000
77180  -51.241  15.091  14.668 0.0000000000
77179  -50.461  15.470  14.601 0.0000000000
121684  -50.961  15.402  14.987 0.0000000000
77171  -50.022  15.483  16.822 0.0000000000
77162  -49.758  15.390  18.055 0.0000000000
77152  -48.824  15.433  19.533 0.0000000000
76352  -51.438  14.826  20.632 0.0000000000
122307  -52.065  14.999  21.757 0.0000000000
77145  -50.434  15.083  20.437 0.0000000000
102989  -48.682  15.422  20.221 0.0000000000
77103  -48.985  15.724  23.164 0.0000000000
77102  -48.004  15.774  23.348 0.0000000000
119204  -48.007  16.302  24.123 0.0000000000
77805  -48.020  16.878  24.467 0.0000000000
106088  -40.090  7.279  31.025 0.0000000000
71554  -40.245  7.685  30.399 0.0000000000
72237  -40.465  7.912  31.062 0.0000000000
116326  -40.842  8.452  31.117 0.0000000000
72249  -41.133  8.965  30.750 0.0000000000
73495  -43.514  10.232  30.378 0.0000000000
71539  -44.481  7.763  33.762 0.0000000000
72235  -44.322  9.066  32.357 0.0000000000
118476  -44.602  9.185  32.695 0.0000000000
120447  -44.411  10.632  30.577 0.0000000000
74141  -44.619  11.126  29.899 0.0000000000
74142  -45.075  11.709  29.735 0.0000000000
74819  -45.414  12.465  29.966 0.0000000000
75545  -45.766  13.053  29.349 0.0000000000
75537  -45.675  13.344  30.352 0.0000000000
76279  -46.728  14.410  29.332 0.0000000000
77025  -47.401  14.963  29.689 0.0000000000
77041  -47.861  15.149  28.984 0.0000000000
102295  -46.908  13.503  33.130 0.0000000000
76238  -46.904  14.030  32.343 0.0000000000
116306  -48.369  14.264  32.459 0.0000000000
107800  -47.663  14.419  32.025 0.0000000000
76999  -47.682  14.848  31.120 0.0000000000
77026  -48.210  15.344  29.620 0.0000000000
113348  -48.501  15.421  29.009 0.0000000000
77043  -49.155  15.530  28.535 0.0000000000
109512  -49.890  15.597  29.078 0.0000000000
120503  -50.725  15.560  28.715 0.0000000000
77045  -51.559  15.492  28.073 0.0000000000
104429  -52.697  15.340  27.874 0.0000000000
77058  -53.435  15.162  27.319 0.0000000000
104402  -53.655  15.054  28.970 0.0000000000
69916  -49.770  5.582  24.213 0.0000000000
69915  -48.858  5.181  24.487 0.0000000000
68963  -50.262  5.034  26.861 0.0000000000
69884  -50.013  5.216  26.233 0.0000000000
69898  -46.818  4.541  25.381 0.0000000000
68975  -46.049  4.434  25.805 0.0000000000
68027  -47.477  3.453  28.364 0.0000000000
68025  -45.743  3.390  28.293 0.0000000000
68040  -45.310  3.769  27.750 0.0000000000
68937  -43.607  4.354  27.282 0.0000000000
68936  -42.794  4.548  27.550 0.0000000000
120397  -42.273  4.668  28.023 0.0000000000
118427  -41.740  4.733  28.472 0.0000000000
119415  -40.873  5.366  29.059 0.0000000000
69836  -40.028  6.038  30.463 0.0000000000
67099  -50.821  1.868  32.921 0.0000000000
67062  -49.268  2.989  37.868 0.0000000000
66223  -48.794  2.362  37.264 0.0000000000
66230  -49.082  2.063  36.381 0.0000000000
64425  -44.760  -0.644  37.985 0.0000000000
64426  -45.418  -0.351  37.607 0.0000000000
64434  -46.248  -0.225  36.347 0.0000000000
65349  -46.707  0.350  36.813 0.0000000000
66237  -49.346  1.764  35.537 0.0000000000
66238  -49.949  2.080  35.283 0.0000000000
65368  -49.529  1.493  34.660 0.0000000000
65367  -48.564  0.783  34.489 0.0000000000
120751  -49.064  1.139  34.507 0.0000000000
66248  -49.856  1.456  33.899 0.0000000000
66257  -50.084  1.497  33.162 0.0000000000
65387  -46.739  0.243  32.281 0.0000000000
65404  -47.227  0.678  31.743 0.0000000000
65422  -46.869  1.060  31.098 0.0000000000
65421  -46.054  0.989  30.971 0.0000000000
106945  -44.089  1.503  30.327 0.0000000000
110424  -43.681  -0.716  33.134 0.0000000000
64472  -44.001  -0.373  32.543 0.0000000000
64486  -43.462  -0.089  32.117 0.0000000000
65399  -42.713  0.338  31.696 0.0000000000
109475  -43.840  0.416  31.501 0.0000000000
65400  -43.332  1.003  30.901 0.0000000000
122124  -43.442  1.529  30.406 0.0000000000
70774  -39.882  6.602  31.051 0.0000000000
70775  -40.151  6.897  31.690 0.0000000000
71541  -40.616  7.068  32.293 0.0000000000
70767  -41.377  6.748  33.111 0.0000000000
70753  -43.279  5.884  34.865 0.0000000000
68879  -40.958  4.383  35.133 0.0000000000
69799  -42.717  5.499  35.055 0.0000000000
70744  -43.183  5.998  35.170 0.0000000000
109742  -43.442  6.772  35.306 0.0000000000
116376  -42.809  7.499  35.561 0.0000000000
113938  -42.536  8.546  35.698 0.0000000000
117706  -41.991  9.435  35.899 0.0000000000
72867  -41.134  8.895  35.740 0.0000000000
72860  -41.351  9.950  36.003 0.0000000000
68122  -49.845  3.711  18.020 0.0000000000
68130  -50.090  4.410  17.298 0.0000000000
68121  -49.333  3.831  17.370 0.0000000000
68128  -47.954  3.709  16.603 0.0000000000
69930  -46.954  4.796  23.232 0.0000000000
69949  -46.800  4.874  22.178 0.0000000000
69948  -45.780  4.594  22.243 0.0000000000
122460  -46.901  4.953  21.470 0.0000000000
69027  -44.523  4.657  20.348 0.0000000000
69028  -45.569  4.902  19.783 0.0000000000
69990  -45.018  5.024  18.939 0.0000000000
69991  -46.656  5.356  19.284 0.0000000000
108330  -47.474  5.496  19.668 0.0000000000
70005  -48.559  6.277  17.346 0.0000000000
68137  -48.623  4.609  15.941 0.0000000000
116010  -45.739  3.827  14.845 0.0000000000
69071  -43.945  3.986  13.687 0.0000000000
70061  -45.549  6.041  13.434 0.0000000000
69078  -42.628  4.339  13.191 0.0000000000
70065  -42.382  5.867  12.288 0.0000000000
70058  -41.709  5.317  12.916 0.0000000000
70057  -41.090  5.819  13.368 0.0000000000
105505  -40.344  8.062  29.756 0.0000000000
72255  -40.492  8.402  28.949 0.0000000000
72902  -41.179  9.509  28.590 0.0000000000
72901  -40.734  8.982  28.473 0.0000000000
72264  -40.885  8.654  27.184 0.0000000000
112273  -41.407  8.928  26.012 0.0000000000
72916  -41.851  9.289  25.388 0.0000000000
74148  -43.950  11.122  28.089 0.0000000000
74156  -43.544  10.948  27.251 0.0000000000
106496  -42.837  10.570  27.127 0.0000000000
74173  -43.957  11.077  25.803 0.0000000000
73524  -43.208  10.693  26.385 0.0000000000
72911  -42.625  10.141  25.586 0.0000000000
72277  -42.267  9.253  23.974 0.0000000000
111015  -43.441  10.449  22.867 0.0000000000
110274  -42.598  9.454  21.793 0.0000000000
72938  -42.530  9.308  20.348 0.0000000000
72944  -42.633  9.436  19.594 0.0000000000
75563  -48.253  13.842  25.777 0.0000000000
117540  -47.735  13.446  25.439 0.0000000000
75579  -48.729  13.467  24.327 0.0000000000
75569  -47.557  13.235  24.846 0.0000000000
74864  -46.414  12.723  23.674 0.0000000000
109133  -48.642  13.311  21.076 0.0000000000
113459  -47.837  13.349  21.347 0.0000000000
75615  -47.142  13.298  21.626 0.0000000000
75602  -46.762  13.138  22.218 0.0000000000
74870  -45.504  12.392  22.584 0.0000000000
74203  -45.062  12.164  21.874 0.0000000000
74202  -44.392  11.601  21.363 0.0000000000
74207  -43.825  11.077  20.006 0.0000000000
73564  -43.352  10.475  19.639 0.0000000000
72945  -42.955  9.973  19.367 0.0000000000
72951  -42.726  9.583  18.751 0.0000000000
72956  -42.660  9.456  17.867 0.0000000000
72975  -42.379  9.523  13.870 0.0000000000
121421  -42.355  9.587  12.915 0.0000000000
102767  -43.943  11.889  14.337 0.0000000000
74252  -43.586  11.648  13.642 0.0000000000
122505  -42.448  9.985  12.172 0.0000000000
111045  -42.484  9.208  11.896 0.0000000000
72985  -42.385  8.992  10.981 0.0000000000
72341  -42.002  8.588  10.754 0.0000000000
72340  -41.346  8.283  11.060 0.0000000000
73617  -41.893  10.343  10.455 0.0000000000
72983  -41.512  8.958  10.793 0.0000000000
72335  -40.617  8.093  11.933 0.0000000000
74952  -42.162  13.285  12.651 0.0000000000
74945  -41.688  12.539  13.749 0.0000000000
121940  -42.359  13.068  14.978 0.0000000000
111120  -41.854  12.530  14.868 0.0000000000
77186  -48.441  16.303  14.610 0.0000000000
77883  -47.336  16.735  14.739 0.0000000000
120179  -47.114  16.762  15.615 0.0000000000
77877  -46.389  17.182  15.459 0.0000000000
77876  -45.292  17.608  15.296 0.0000000000
77875  -44.479  17.732  15.837 0.0000000000
77874  -43.910  17.850  16.253 0.0000000000
77150  -46.497  15.876  19.222 0.0000000000
77862  -46.005  16.420  18.528 0.0000000000
77861  -45.173  17.152  18.123 0.0000000000
77851  -44.438  17.443  18.694 0.0000000000
78539  -44.838  17.728  17.064 0.0000000000
78538  -43.941  18.173  16.868 0.0000000000
122064  -43.635  17.789  16.596 0.0000000000
76383  -43.246  15.266  17.891 0.0000000000
102852  -42.914  14.715  18.830 0.0000000000
75638  -42.571  14.009  19.500 0.0000000000
102838  -40.164  18.266  20.884 0.0000000000
78514  -39.684  18.064  21.177 0.0000000000
78475  -38.447  17.838  23.885 0.0000000000
79142  -52.658  17.899  23.153 0.0000000000
78485  -50.085  17.817  24.205 0.0000000000
78484  -49.416  17.605  24.344 0.0000000000
79134  -48.918  18.309  24.456 0.0000000000
78483  -48.537  17.438  24.487 0.0000000000
118681  -47.584  17.459  24.743 0.0000000000
79750  -47.818  19.217  24.706 0.0000000000
78470  -46.762  17.686  25.144 0.0000000000
78482  -46.231  17.197  25.089 0.0000000000
79127  -45.764  18.612  25.910 0.0000000000
112579  -45.228  17.759  25.821 0.0000000000
78468  -44.591  17.397  25.555 0.0000000000
78457  -43.818  17.619  26.045 0.0000000000
65403  -46.408  0.605  31.594 0.0000000000
66234  -38.673  1.220  35.638 0.0000000000
71531  -44.309  7.491  34.814 0.0000000000
71535  -44.452  7.548  34.304 0.0000000000
73618  -42.382  10.671  10.619 0.0000000000
74276  -42.325  11.697  10.418 0.0000000000
74277  -42.617  12.149  10.376 0.0000000000
74830  -45.732  12.321  27.395 0.0000000000
74917  -53.469  12.100  17.533 0.0000000000
74918  -53.751  12.442  17.319 0.0000000000
74928  -53.512  12.897  16.789 0.0000000000
74959  -43.505  13.533  10.591 0.0000000000
74963  -42.241  12.089  10.424 0.0000000000
74965  -43.173  13.543  10.338 0.0000000000
75561  -46.829  13.056  26.232 0.0000000000
75578  -48.065  13.325  24.222 0.0000000000
75594  -56.633  12.804  22.161 0.0000000000
75595  -56.742  12.894  22.019 0.0000000000
75605  -50.044  13.038  21.825 0.0000000000
75616  -48.458  13.336  21.722 0.0000000000
75686  -51.280  14.660  14.489 0.0000000000
76309  -51.414  14.999  26.192 0.0000000000
76387  -53.457  13.420  16.934 0.0000000000
76393  -49.529  14.267  14.636 0.0000000000
76408  -50.568  15.111  13.971 0.0000000000
76421  -44.663  15.023  11.506 0.0000000000
77010  -47.950  15.204  30.327 0.0000000000
77011  -48.607  15.394  30.131 0.0000000000
77044  -50.082  15.569  28.302 0.0000000000
77188  -50.904  15.107  14.206 0.0000000000
77881  -45.585  17.341  14.409 0.0000000000
105686  -53.092  12.342  21.584 0.0000000000
108937  -49.551  1.215  33.298 0.0000000000
110497  -45.289  -0.232  38.445 0.0000000000
110514  -47.263  14.734  28.947 0.0000000000
114452  -42.609  2.908  14.083 0.0000000000
115155  -45.325  11.975  25.446 0.0000000000
116819  -46.671  -0.250  33.359 0.0000000000
116836  -53.106  13.057  16.352 0.0000000000
120981  -50.809  14.910  18.695 0.0000000000
122038  -42.776  10.171  36.206 0.0000000000
122210  -48.724  15.876  13.766 0.0000000000
122810  -50.711  15.564  28.191 0.0000000000
