#!ascii label  , from subject sub-v1s5x0050728_ses-1 vox2ras=TkReg
664
11690  35.037  -60.695  9.789 0.3000000119
16376  30.902  -52.304  11.405 0.6000000238
17209  30.834  -51.331  7.746 0.6999999881
17210  30.259  -51.465  7.530 0.6999999881
11678  34.952  -59.964  10.425 0.4000000060
14270  34.276  -55.783  14.618 0.4000000060
12318  35.969  -58.974  10.157 0.5000000000
11688  36.195  -59.470  9.720 0.5000000000
16375  31.413  -51.769  12.089 0.6999999881
16384  30.848  -52.139  10.431 0.6999999881
17202  31.083  -51.223  8.121 0.6000000238
18653  30.505  -49.639  7.320 0.6999999881
111774  29.927  -50.131  7.453 0.6999999881
11661  34.968  -59.258  11.703 0.5000000000
14285  34.615  -55.365  13.993 0.4000000060
11660  35.550  -58.890  10.863 0.6000000238
14953  33.567  -53.783  14.074 0.4000000060
16355  32.682  -52.694  13.465 0.5000000000
12941  35.880  -57.785  11.438 0.6000000238
15638  32.420  -53.239  13.807 0.6000000238
16356  32.051  -52.705  13.365 0.6000000238
12959  36.061  -58.266  10.626 0.6000000238
16368  31.738  -52.197  12.793 0.6000000238
17189  31.058  -51.278  10.093 0.6000000238
17197  31.175  -50.707  9.205 0.6000000238
19383  30.751  -48.677  7.134 0.6999999881
17914  30.988  -50.486  7.666 0.6999999881
19384  30.052  -48.593  7.229 0.6999999881
19377  29.466  -48.794  8.669 0.6999999881
20035  29.852  -47.313  7.354 0.6999999881
20047  29.802  -47.930  7.346 0.6999999881
20036  29.612  -47.895  7.894 0.6999999881
111350  30.141  -46.539  7.719 0.6999999881
12285  35.430  -58.250  12.108 0.5000000000
13592  35.281  -56.733  13.281 0.5000000000
12913  34.869  -57.160  14.071 0.5000000000
15637  33.236  -53.140  13.720 0.5000000000
16367  32.499  -52.123  13.054 0.6000000238
116395  36.377  -57.331  10.744 0.6000000238
104458  36.047  -56.804  11.731 0.5000000000
14312  36.168  -55.442  11.626 0.5000000000
17174  31.727  -51.003  11.815 0.6999999881
102110  31.357  -50.435  10.169 0.6000000238
17181  31.195  -51.493  11.208 0.6999999881
18646  31.491  -49.267  8.390 0.6000000238
115417  30.867  -47.931  6.932 0.6000000238
18652  31.152  -49.508  7.619 0.6000000238
20046  30.172  -47.707  7.028 0.6999999881
20025  29.768  -48.087  9.178 0.6999999881
20664  30.150  -46.813  7.062 0.6000000238
20024  29.845  -47.200  8.116 0.6999999881
20012  30.240  -47.392  9.722 0.6999999881
20653  30.028  -46.784  7.330 0.6999999881
14952  34.270  -54.397  13.939 0.4000000060
12928  35.628  -57.247  12.404 0.5000000000
14284  35.229  -55.834  13.265 0.4000000060
15636  34.125  -53.450  13.476 0.5000000000
16366  33.323  -52.390  13.182 0.6000000238
13612  35.674  -56.339  12.521 0.4000000060
17173  32.199  -51.398  12.481 0.6000000238
13630  36.054  -56.033  11.921 0.4000000060
14966  35.472  -54.588  12.409 0.4000000060
14300  35.683  -55.433  12.418 0.4000000060
110047  31.455  -50.684  11.014 0.6000000238
17903  31.507  -49.690  9.541 0.6000000238
19376  31.518  -48.491  7.703 0.6000000238
20045  30.586  -47.100  6.851 0.6000000238
20648  30.413  -46.688  8.848 0.6999999881
21291  30.498  -45.986  8.114 0.6000000238
14951  35.095  -54.938  13.206 0.4000000060
15649  34.732  -53.457  12.749 0.4000000060
17172  33.021  -51.560  12.721 0.6999999881
15648  35.297  -53.854  12.243 0.4000000060
17872  32.242  -50.710  12.003 0.8000000119
113994  35.830  -54.285  11.689 0.5000000000
17891  31.706  -49.905  10.742 0.6999999881
20034  31.498  -47.570  7.178 0.5000000000
18639  31.921  -48.639  9.275 0.6000000238
20000  30.263  -47.185  10.823 0.6999999881
21307  30.705  -45.276  6.920 0.6000000238
20642  30.667  -46.710  10.201 0.8000000119
20630  30.666  -46.386  11.205 0.8000000119
21296  30.731  -45.303  7.487 0.6000000238
16365  34.248  -52.742  12.866 0.5000000000
17178  35.161  -51.836  11.341 0.6999999881
16364  35.063  -53.097  12.154 0.4000000060
18611  32.297  -49.593  11.195 0.6999999881
18625  31.986  -49.122  10.395 0.6999999881
19375  32.189  -47.884  8.433 0.6000000238
20044  31.354  -46.748  6.883 0.6000000238
20663  30.618  -46.105  6.893 0.6000000238
21285  31.487  -45.663  10.163 0.6999999881
20629  31.115  -46.181  10.578 0.6999999881
22041  31.332  -44.755  8.104 0.6999999881
20647  30.936  -46.149  9.454 0.6999999881
17179  34.380  -51.467  11.957 0.5000000000
17180  33.552  -51.092  12.253 0.6000000238
17188  34.796  -51.041  11.336 0.6999999881
16374  34.722  -52.293  12.066 0.6000000238
17871  32.807  -50.832  12.228 0.6999999881
17187  35.536  -51.328  10.592 0.6999999881
16373  35.465  -52.693  11.389 0.6999999881
17879  32.588  -50.176  11.731 0.6999999881
19358  32.401  -48.523  10.163 0.6999999881
21275  29.499  -46.012  11.939 0.5000000000
20662  31.489  -45.919  6.741 0.6000000238
20033  32.329  -47.204  7.633 0.6000000238
21274  30.636  -45.747  11.685 0.6000000238
21258  30.137  -45.497  12.041 0.5000000000
20667  30.948  -45.326  6.755 0.6000000238
22028  31.880  -45.052  10.843 0.6000000238
22018  31.520  -44.729  11.634 0.5000000000
22003  31.146  -44.169  12.173 0.5000000000
22049  31.476  -44.068  6.914 0.6999999881
22050  31.020  -44.606  7.121 0.6999999881
22035  31.832  -45.014  9.534 0.6999999881
22027  32.431  -44.393  10.386 0.5000000000
22040  31.616  -44.094  7.558 0.6999999881
22776  32.840  -43.856  9.503 0.6000000238
17878  33.419  -50.288  11.796 0.6000000238
117884  34.101  -50.806  11.823 0.6999999881
17890  35.125  -50.518  10.735 0.6999999881
18610  33.008  -49.469  11.424 0.6999999881
19371  32.580  -48.010  9.593 0.6999999881
18624  32.655  -48.881  10.834 0.6999999881
21259  29.495  -45.098  12.218 0.4000000060
22754  30.701  -43.492  12.418 0.4000000060
21312  31.634  -45.114  6.588 0.6000000238
22017  32.058  -44.424  11.325 0.5000000000
22768  31.786  -43.956  11.891 0.5000000000
22767  32.405  -43.810  11.422 0.4000000060
22790  32.029  -43.537  7.150 0.6000000238
22784  32.393  -43.683  8.211 0.6999999881
22775  33.433  -43.302  10.013 0.5000000000
121207  34.655  -49.857  10.865 0.6000000238
18609  33.873  -49.574  11.269 0.6999999881
18622  35.357  -49.886  10.168 0.6999999881
117334  34.501  -49.088  10.493 0.6999999881
18623  33.443  -48.827  10.910 0.6000000238
19357  33.020  -48.145  10.331 0.6000000238
21306  32.611  -45.766  6.836 0.6000000238
20032  33.296  -46.938  7.980 0.5000000000
20043  32.407  -46.493  7.224 0.6000000238
22058  31.763  -44.286  6.612 0.6000000238
22752  32.160  -43.222  12.060 0.4000000060
22753  31.449  -43.374  12.282 0.4000000060
23529  32.559  -42.470  12.113 0.4000000060
22783  33.204  -43.320  8.874 0.5000000000
19369  34.717  -48.347  9.763 0.6999999881
19356  33.827  -48.299  10.377 0.6000000238
19370  33.685  -47.705  9.727 0.6000000238
18638  35.626  -49.207  9.516 0.6999999881
22057  32.655  -43.970  6.397 0.5000000000
22798  32.122  -43.620  6.693 0.6000000238
22789  32.826  -43.154  7.675 0.6000000238
20021  34.834  -47.775  9.043 0.6999999881
20022  33.982  -47.253  8.811 0.6999999881
20661  33.874  -46.406  7.422 0.5000000000
102131  33.792  -44.834  6.458 0.6000000238
21305  33.846  -45.694  6.843 0.6000000238
22804  32.960  -43.230  6.428 0.6000000238
22797  32.674  -43.131  6.787 0.6000000238
23565  33.630  -42.800  8.355 0.5000000000
14324  36.816  -55.706  10.439 0.5000000000
15655  36.330  -54.033  10.845 0.5000000000
114854  37.037  -54.402  9.800 0.5000000000
120992  36.682  -54.202  10.226 0.5000000000
15663  36.112  -53.119  10.665 0.6999999881
16382  36.571  -52.622  9.873 0.6999999881
15662  36.721  -53.613  9.932 0.5000000000
16383  35.878  -52.208  10.575 0.6999999881
17186  36.394  -51.606  9.783 0.6999999881
11080  35.817  -60.462  9.624 0.3000000119
17915  30.446  -50.651  7.468 0.6999999881
117996  30.987  -51.504  8.981 0.6000000238
19385  29.623  -48.591  7.657 0.6999999881
20013  29.804  -47.897  10.405 0.6999999881
15656  35.690  -53.525  11.492 0.6000000238
21290  31.149  -45.490  8.755 0.6999999881
21273  31.266  -45.620  11.262 0.6000000238
22034  32.119  -44.341  8.840 0.6999999881
21257  30.791  -45.016  11.980 0.5000000000
22004  30.388  -44.239  12.342 0.5000000000
117361  32.974  -43.632  10.707 0.5000000000
20023  32.953  -47.436  8.992 0.5000000000
21311  32.613  -44.909  6.486 0.6000000238
115003  34.315  -46.979  8.021 0.5000000000
17196  37.124  -51.451  9.428 0.6000000238
17887  39.242  -50.627  10.329 0.6000000238
118863  38.389  -48.675  10.996 0.4000000060
109946  37.871  -51.458  9.565 0.5000000000
17901  36.613  -50.762  9.519 0.6000000238
15640  31.078  -53.587  13.149 0.5000000000
19352  39.580  -48.686  10.806 0.4000000060
15650  31.365  -52.929  13.006 0.5000000000
15651  30.816  -53.416  12.420 0.5000000000
17888  38.203  -50.747  10.082 0.5000000000
19340  39.009  -47.754  11.117 0.4000000060
16369  31.056  -52.589  12.267 0.5000000000
110477  30.670  -52.814  10.662 0.5000000000
18620  38.592  -49.762  10.643 0.6000000238
15657  30.644  -53.260  11.401 0.5000000000
117738  37.291  -50.792  9.553 0.5000000000
19997  39.534  -46.744  10.927 0.4000000060
20639  40.656  -46.249  10.490 0.4000000060
103148  30.430  -55.288  9.283 0.5000000000
15664  30.588  -53.564  10.222 0.5000000000
14989  30.465  -54.545  8.777 0.5000000000
18636  36.764  -49.943  9.471 0.6000000238
17889  35.860  -50.718  9.916 0.6000000238
16398  30.938  -52.088  8.336 0.5000000000
15675  30.487  -53.658  8.279 0.5000000000
14991  30.204  -54.615  8.329 0.4000000060
18621  37.538  -50.109  9.995 0.5000000000
18637  36.286  -49.405  9.293 0.6000000238
17902  36.121  -50.009  9.505 0.6000000238
121155  36.167  -49.010  9.053 0.6000000238
19998  38.574  -46.981  11.200 0.4000000060
116959  30.326  -53.124  7.801 0.5000000000
107814  29.720  -53.952  7.899 0.4000000060
16399  30.750  -52.627  8.029 0.6000000238
14995  29.887  -54.710  8.105 0.4000000060
19354  37.199  -48.900  10.052 0.6000000238
19367  36.621  -49.102  9.301 0.6000000238
19368  36.317  -48.491  8.784 0.6000000238
20627  39.001  -46.224  11.155 0.4000000060
16408  29.963  -52.278  7.589 0.5000000000
16409  28.955  -52.311  7.907 0.4000000060
16400  28.111  -53.286  8.008 0.4000000060
121275  37.700  -48.572  10.789 0.6000000238
19341  37.979  -47.804  11.202 0.4000000060
19353  37.733  -49.301  10.511 0.6000000238
107947  37.135  -49.508  9.691 0.5000000000
20019  36.565  -48.018  8.666 0.6000000238
19355  36.758  -48.474  9.407 0.5000000000
112544  35.747  -48.594  8.956 0.6000000238
20626  39.991  -45.618  10.879 0.4000000060
17211  29.659  -51.612  7.660 0.6000000238
105062  28.361  -51.183  8.580 0.5000000000
104520  27.862  -52.567  8.106 0.5000000000
16401  26.780  -53.440  7.919 0.5000000000
20010  37.387  -47.384  10.924 0.4000000060
19999  37.818  -46.996  11.185 0.4000000060
20641  36.584  -46.479  10.097 0.5000000000
106567  36.622  -47.334  8.812 0.5000000000
19374  36.315  -47.986  8.243 0.6000000238
20042  36.221  -47.607  7.731 0.6000000238
22016  37.466  -44.681  11.069 0.4000000060
21272  37.808  -45.492  11.168 0.4000000060
22015  38.394  -44.523  11.459 0.4000000060
22025  36.802  -44.716  10.482 0.4000000060
20628  38.187  -46.292  11.226 0.4000000060
17198  27.741  -51.245  8.722 0.5000000000
17205  27.217  -52.138  8.221 0.4000000060
20640  37.286  -46.531  10.891 0.4000000060
20011  36.759  -47.533  10.094 0.5000000000
20030  36.526  -47.549  7.949 0.5000000000
20041  36.656  -47.239  7.412 0.6000000238
20020  35.932  -48.160  8.306 0.6000000238
20031  35.132  -47.443  8.231 0.6000000238
22773  37.188  -43.959  10.941 0.4000000060
18626  29.122  -49.476  9.336 0.6000000238
18648  28.925  -50.182  8.835 0.6000000238
17904  28.236  -50.597  9.157 0.5000000000
17911  26.008  -51.111  8.440 0.5000000000
21283  36.979  -45.573  10.697 0.4000000060
20646  36.510  -46.416  9.067 0.5000000000
20652  36.828  -47.054  7.782 0.5000000000
105689  37.364  -43.216  11.240 0.4000000060
18627  28.926  -49.302  10.044 0.6000000238
18628  28.333  -49.401  10.256 0.5000000000
18642  26.769  -49.968  9.578 0.5000000000
20658  37.063  -46.995  7.003 0.4000000060
20659  36.407  -47.077  7.081 0.4000000060
20660  35.324  -47.035  7.544 0.6000000238
23549  37.233  -42.546  10.705 0.4000000060
22774  36.754  -43.889  10.215 0.4000000060
19359  29.381  -48.742  9.989 0.6000000238
20001  29.611  -47.478  11.158 0.5000000000
19360  28.773  -48.842  10.558 0.5000000000
18629  27.478  -49.326  10.280 0.5000000000
19343  28.283  -48.264  11.090 0.4000000060
22039  37.235  -45.769  7.375 0.5000000000
21304  37.471  -46.273  6.632 0.6000000238
20665  36.923  -46.608  6.679 0.4000000060
20666  36.050  -46.547  6.669 0.4000000060
21310  35.022  -45.796  6.630 0.4000000060
21308  37.418  -45.944  6.304 0.5000000000
20632  29.175  -46.871  11.606 0.5000000000
20002  28.829  -47.607  11.350 0.6000000238
105332  35.031  -44.992  6.277 0.5000000000
22053  38.244  -45.483  6.173 0.5000000000
21309  36.214  -46.023  6.373 0.5000000000
23550  36.849  -43.081  10.004 0.4000000060
23582  33.445  -42.730  6.457 0.5000000000
22054  37.070  -44.976  5.852 0.5000000000
21276  28.766  -45.343  12.083 0.4000000060
113652  34.004  -42.868  6.066 0.4000000060
22056  33.820  -43.847  6.234 0.5000000000
22055  35.258  -44.065  5.987 0.5000000000
106414  36.260  -45.306  6.107 0.5000000000
113822  36.112  -43.768  5.679 0.5000000000
22807  34.980  -42.997  5.772 0.4000000060
16406  30.910  -51.898  7.932 0.5000000000
17916  29.774  -50.854  7.587 0.6000000238
106001  30.689  -52.886  9.713 0.6000000238
17909  29.385  -50.290  7.873 0.6000000238
15639  31.696  -53.376  13.603 0.5000000000
108969  30.200  -46.100  11.737 0.5000000000
119034  35.183  -46.453  7.058 0.4000000060
15672  30.645  -53.704  9.096 0.5000000000
16395  30.758  -52.882  8.655 0.5000000000
15682  29.389  -53.149  7.801 0.4000000060
15676  28.488  -54.015  8.006 0.4000000060
109749  37.256  -48.161  10.555 0.6000000238
17203  29.062  -51.283  8.029 0.6000000238
17910  28.776  -50.778  8.484 0.6000000238
17204  28.170  -51.799  8.311 0.5000000000
115327  26.608  -52.035  8.170 0.5000000000
14993  26.182  -55.186  8.067 0.5000000000
18640  28.587  -49.852  9.660 0.5000000000
17199  26.875  -51.355  8.596 0.5000000000
17905  27.413  -50.651  9.223 0.5000000000
17906  26.631  -50.687  8.984 0.5000000000
21289  36.593  -45.782  8.532 0.5000000000
19342  29.211  -48.210  10.860 0.6000000238
7052  39.146  -67.562  19.686 0.3000000119
8072  37.894  -66.012  19.803 0.3000000119
7552  38.814  -66.053  20.200 0.3000000119
8635  37.360  -64.427  19.614 0.3000000119
8063  37.580  -65.182  19.742 0.3000000119
9189  37.768  -63.899  19.892 0.3000000119
9199  36.754  -63.363  19.043 0.3000000119
9742  37.233  -62.878  19.284 0.3000000119
10281  39.333  -61.463  19.651 0.3000000119
9741  38.373  -62.518  19.857 0.3000000119
10282  38.106  -61.791  19.234 0.3000000119
9758  37.297  -62.095  18.998 0.3000000119
103501  38.825  -61.892  19.725 0.3000000119
10918  39.984  -60.723  18.587 0.3000000119
10296  38.823  -61.313  19.135 0.3000000119
105833  38.249  -61.186  18.669 0.4000000060
10297  37.554  -61.383  18.572 0.4000000060
108183  37.681  -60.538  17.147 0.4000000060
10942  36.761  -60.742  17.300 0.3000000119
10963  40.956  -60.932  16.563 0.3000000119
103122  40.252  -60.686  17.088 0.4000000060
10964  39.441  -60.563  16.872 0.4000000060
10941  38.627  -60.624  17.493 0.4000000060
108377  41.064  -60.700  17.241 0.3000000119
10965  38.517  -60.433  16.612 0.4000000060
10334  43.944  -61.864  15.964 0.4000000060
10335  42.497  -61.705  15.998 0.4000000060
117697  37.750  -60.364  16.342 0.4000000060
10987  38.297  -60.279  15.645 0.3000000119
10336  41.429  -61.346  15.969 0.4000000060
109004  40.390  -60.829  16.156 0.3000000119
10357  43.091  -62.028  15.444 0.4000000060
11006  40.682  -61.015  14.526 0.5000000000
111781  39.331  -60.511  15.986 0.4000000060
12317  36.462  -58.350  10.010 0.5000000000
106491  44.009  -62.411  15.091 0.4000000060
119374  39.176  -60.396  15.189 0.4000000060
11072  36.035  -61.053  9.729 0.3000000119
11699  37.340  -59.450  9.508 0.4000000060
102611  37.906  -60.482  12.210 0.3000000119
15626  32.046  -53.869  14.227 0.4000000060
14940  31.652  -54.602  14.495 0.4000000060
14973  36.269  -54.790  11.280 0.4000000060
14972  36.694  -54.806  10.483 0.4000000060
13629  36.422  -56.178  11.122 0.4000000060
10358  42.082  -61.752  15.247 0.4000000060
10359  41.034  -61.222  15.335 0.3000000119
13646  36.806  -56.616  10.303 0.4000000060
10372  44.173  -62.461  14.193 0.4000000060
11700  36.583  -59.916  9.495 0.4000000060
11007  39.683  -60.530  14.425 0.4000000060
12325  37.438  -58.434  9.539 0.5000000000
11008  38.480  -60.223  14.479 0.5000000000
120555  37.918  -59.969  9.594 0.4000000060
11071  37.100  -60.790  9.884 0.4000000060
103517  38.892  -60.500  12.407 0.3000000119
10373  43.349  -62.328  14.395 0.4000000060
118092  41.463  -61.490  14.662 0.4000000060
12958  36.777  -57.430  10.041 0.5000000000
10374  42.323  -61.883  14.243 0.4000000060
10375  41.324  -61.400  13.842 0.4000000060
12971  36.979  -57.914  9.703 0.5000000000
10389  43.212  -62.253  13.493 0.4000000060
108916  42.729  -61.993  12.863 0.4000000060
10390  42.057  -61.738  13.139 0.4000000060
10391  41.164  -61.349  12.971 0.5000000000
11040  40.626  -61.137  12.261 0.5000000000
14334  37.259  -56.112  9.900 0.4000000060
12970  37.526  -57.488  9.584 0.5000000000
10414  43.583  -61.643  12.033 0.4000000060
110017  39.787  -60.675  12.609 0.5000000000
113709  39.010  -60.720  10.601 0.4000000060
105621  38.147  -60.702  10.183 0.4000000060
11070  38.019  -60.537  9.876 0.4000000060
14988  37.208  -55.223  9.881 0.4000000060
103552  37.477  -53.853  9.331 0.3000000119
10402  42.317  -61.753  12.372 0.4000000060
120277  41.783  -61.488  11.804 0.4000000060
13656  37.685  -56.570  9.579 0.4000000060
15677  27.010  -54.308  7.955 0.4000000060
11675  43.824  -60.303  11.502 0.4000000060
11057  42.855  -61.135  11.460 0.4000000060
101690  40.931  -61.194  11.434 0.5000000000
11041  39.763  -60.870  11.456 0.5000000000
13655  38.477  -56.146  9.495 0.5000000000
108422  38.540  -57.897  9.699 0.4000000060
11676  43.280  -59.628  11.232 0.4000000060
12324  38.277  -58.973  9.633 0.4000000060
11069  39.026  -60.589  10.315 0.4000000060
11687  39.077  -59.454  9.916 0.4000000060
15671  37.260  -53.032  9.381 0.4000000060
14333  37.746  -55.666  9.501 0.3000000119
117332  41.738  -61.234  11.394 0.4000000060
119574  41.761  -60.894  11.058 0.4000000060
14332  38.329  -55.288  9.342 0.3000000119
115549  41.993  -59.988  10.978 0.4000000060
11058  40.872  -60.958  10.969 0.4000000060
11068  40.039  -60.605  10.614 0.5000000000
12940  43.113  -58.025  10.962 0.4000000060
12302  42.491  -58.983  10.974 0.4000000060
11686  40.280  -59.873  10.441 0.4000000060
114534  39.680  -59.340  10.216 0.4000000060
16393  37.116  -52.208  9.423 0.4000000060
114869  41.256  -59.377  10.715 0.4000000060
9244  34.161  -63.619  16.171 0.3000000119
10280  39.976  -61.217  19.942 0.3000000119
10939  40.425  -60.528  17.907 0.3000000119
10961  43.053  -61.202  16.593 0.4000000060
9803  44.745  -62.244  14.048 0.4000000060
10388  44.200  -62.305  13.372 0.4000000060
11039  44.810  -61.281  13.161 0.4000000060
111590  44.836  -60.092  11.953 0.4000000060
107451  38.256  -54.031  8.973 0.3000000119
12301  44.080  -58.672  11.308 0.4000000060
15670  37.992  -53.336  8.997 0.4000000060
14986  38.639  -54.657  9.150 0.4000000060
14331  39.020  -55.319  9.390 0.4000000060
12315  41.698  -58.285  10.743 0.4000000060
12316  40.426  -58.586  10.462 0.4000000060
12968  39.080  -57.084  9.810 0.3000000119
12956  42.328  -57.350  10.771 0.4000000060
16392  37.827  -52.619  9.199 0.4000000060
7054  37.606  -66.782  19.106 0.3000000119
8062  38.367  -65.288  20.181 0.3000000119
9198  37.245  -63.667  19.485 0.3000000119
8107  34.669  -65.217  16.294 0.3000000119
8665  34.875  -63.892  16.836 0.3000000119
9197  37.863  -63.172  19.807 0.3000000119
10910  39.594  -61.004  19.194 0.3000000119
10920  37.888  -60.840  17.998 0.4000000060
10940  39.541  -60.665  17.748 0.3000000119
106964  42.143  -60.547  17.212 0.3000000119
10356  44.916  -61.944  15.486 0.4000000060
11022  40.389  -60.836  13.445 0.4000000060
11023  39.226  -60.413  13.472 0.5000000000
11042  38.615  -60.711  11.276 0.3000000119
10400  44.251  -61.931  12.672 0.4000000060
110923  39.447  -60.157  10.174 0.4000000060
12323  39.278  -58.393  10.020 0.4000000060
17195  39.452  -51.886  9.513 0.4000000060
17900  38.832  -51.405  9.878 0.4000000060
17886  40.392  -50.516  10.060 0.4000000060
18619  39.837  -49.771  10.532 0.3000000119
16391  38.532  -52.152  9.361 0.4000000060
116487  37.624  -51.999  9.385 0.4000000060
120669  44.357  -52.360  12.520 0.3000000119
17865  45.127  -51.441  12.026 0.3000000119
20017  44.110  -47.380  9.640 0.3000000119
19366  42.399  -48.397  9.563 0.3000000119
20008  41.284  -46.929  10.129 0.3000000119
20009  40.106  -47.450  10.661 0.3000000119
17874  45.388  -50.104  11.216 0.3000000119
18607  45.226  -49.194  10.682 0.3000000119
20005  44.396  -47.059  10.029 0.3000000119
17166  43.942  -51.685  12.393 0.3000000119
17866  43.995  -50.717  12.118 0.3000000119
20007  42.653  -46.398  9.732 0.3000000119
18608  44.989  -49.366  11.213 0.3000000119
20636  43.591  -45.637  10.451 0.3000000119
113688  43.676  -47.436  11.307 0.3000000119
19338  44.293  -48.363  11.232 0.3000000119
21267  43.273  -44.988  10.822 0.3000000119
19995  43.836  -46.314  10.966 0.3000000119
116610  43.400  -45.045  11.034 0.3000000119
17876  43.789  -49.591  11.760 0.3000000119
20637  43.130  -45.475  10.164 0.3000000119
21270  40.667  -44.520  11.165 0.3000000119
19996  42.906  -46.891  11.566 0.3000000119
21281  42.497  -44.835  10.590 0.3000000119
22014  39.749  -44.048  11.654 0.3000000119
20625  43.165  -45.541  11.343 0.3000000119
21268  42.581  -44.474  11.178 0.3000000119
21269  41.879  -44.258  11.069 0.3000000119
22763  40.394  -43.477  12.031 0.3000000119
22765  37.863  -43.840  11.547 0.3000000119
22764  38.744  -43.903  11.810 0.3000000119
22751  37.737  -43.089  11.830 0.3000000119
113449  37.044  -43.324  10.647 0.3000000119
24375  37.484  -41.684  10.339 0.3000000119
23556  37.225  -42.301  9.760 0.3000000119
18618  40.924  -49.684  10.144 0.3000000119
17899  39.874  -51.292  9.815 0.4000000060
114218  40.391  -51.910  9.319 0.5000000000
17875  45.014  -50.469  11.629 0.3000000119
20006  43.789  -46.328  9.899 0.3000000119
20018  43.170  -47.276  9.489 0.3000000119
19350  41.884  -47.643  9.806 0.3000000119
19351  40.749  -48.116  10.362 0.3000000119
19337  44.404  -47.282  10.537 0.3000000119
20638  41.991  -45.675  10.095 0.3000000119
20624  43.594  -45.493  10.822 0.3000000119
22001  42.032  -44.012  11.564 0.3000000119
22749  39.929  -43.105  12.633 0.3000000119
20616  42.352  -45.042  11.957 0.3000000119
114104  39.442  -43.584  12.067 0.3000000119
109202  39.374  -56.040  9.744 0.3000000119
14330  39.818  -55.253  9.634 0.4000000060
106560  41.860  -55.131  10.473 0.4000000060
14980  40.701  -55.200  10.038 0.4000000060
14985  39.468  -54.607  9.248 0.3000000119
15667  41.881  -53.237  9.743 0.4000000060
112707  41.906  -53.930  10.132 0.3000000119
14983  40.931  -53.864  9.486 0.4000000060
16389  41.692  -52.463  9.325 0.3000000119
15668  39.452  -53.391  8.950 0.3000000119
110002  39.961  -53.925  9.134 0.4000000060
114251  39.700  -52.572  9.139 0.3000000119
17898  40.996  -51.195  9.417 0.4000000060
111624  39.067  -54.043  8.909 0.3000000119
110236  38.661  -52.940  8.997 0.3000000119
15669  38.667  -53.558  8.902 0.3000000119
16390  40.822  -52.450  9.143 0.4000000060
14984  40.320  -54.546  9.529 0.4000000060
13644  40.606  -56.644  10.378 0.3000000119
11560  42.412  -58.913  18.923 0.3000000119
11568  43.040  -58.929  18.087 0.3000000119
10937  43.703  -60.341  16.978 0.3000000119
113727  44.495  -61.001  16.460 0.3000000119
14323  40.181  -55.913  10.116 0.3000000119
12957  41.056  -57.473  10.587 0.3000000119
12217  44.822  -58.789  17.257 0.3000000119
10936  45.069  -60.117  16.490 0.3000000119
11579  44.404  -59.503  17.173 0.3000000119
10960  45.359  -60.696  16.115 0.3000000119
11003  45.166  -61.596  14.735 0.3000000119
14322  41.184  -55.877  10.418 0.3000000119
12216  45.232  -58.377  16.779 0.3000000119
11578  45.059  -59.225  16.497 0.3000000119
12227  44.766  -58.551  16.354 0.3000000119
11591  45.293  -60.087  16.100 0.3000000119
10985  45.307  -61.101  15.298 0.3000000119
12242  43.467  -59.144  15.530 0.3000000119
12241  45.091  -59.520  15.984 0.3000000119
10959  45.386  -60.628  15.901 0.3000000119
11606  45.206  -60.353  15.700 0.3000000119
11021  44.878  -61.539  13.941 0.3000000119
11657  44.904  -60.041  12.448 0.3000000119
12300  45.512  -58.298  11.925 0.3000000119
11005  44.529  -60.710  13.883 0.3000000119
11626  44.638  -60.575  14.698 0.3000000119
11658  45.071  -59.526  12.667 0.3000000119
13643  41.745  -56.605  10.620 0.3000000119
12872  41.890  -58.494  15.546 0.3000000119
11608  42.836  -59.619  14.720 0.3000000119
11627  43.202  -60.039  14.126 0.3000000119
11659  44.781  -59.253  13.012 0.3000000119
11674  45.378  -58.970  12.239 0.3000000119
119961  43.677  -57.215  11.036 0.3000000119
14321  42.587  -55.785  10.738 0.3000000119
14978  42.590  -54.421  10.576 0.3000000119
107938  40.004  -57.451  10.258 0.3000000119
115604  42.294  -59.414  13.833 0.3000000119
11644  43.996  -60.092  13.489 0.3000000119
12282  45.490  -58.503  12.627 0.3000000119
12939  44.741  -57.678  11.459 0.3000000119
8627  38.024  -64.514  20.088 0.3000000119
8684  34.359  -64.515  16.374 0.3000000119
9230  34.810  -63.013  16.882 0.3000000119
9794  44.875  -62.267  14.728 0.4000000060
10333  45.287  -61.212  15.718 0.3000000119
10355  45.204  -61.737  15.092 0.3000000119
10371  45.075  -62.010  14.363 0.3000000119
10387  44.765  -61.895  13.486 0.4000000060
10399  44.731  -61.362  12.731 0.4000000060
10401  43.296  -62.039  12.611 0.4000000060
10403  41.480  -61.500  12.251 0.4000000060
10415  42.556  -61.626  11.894 0.4000000060
10919  38.918  -60.908  18.397 0.4000000060
10962  41.782  -61.151  16.583 0.3000000119
10986  40.067  -60.719  15.291 0.4000000060
11004  45.068  -61.218  14.512 0.3000000119
11024  38.150  -60.276  13.316 0.3000000119
11055  44.746  -60.779  12.279 0.4000000060
11056  44.154  -60.952  11.817 0.4000000060
11059  39.979  -60.786  10.813 0.5000000000
11073  35.166  -61.251  9.734 0.3000000119
11078  37.219  -60.288  9.588 0.4000000060
11079  36.506  -60.542  9.610 0.3000000119
11607  44.007  -59.994  15.054 0.3000000119
11628  42.212  -59.405  14.282 0.3000000119
11643  44.811  -60.676  13.054 0.3000000119
11677  40.967  -60.469  10.763 0.4000000060
11679  34.528  -60.784  10.095 0.4000000060
11689  35.552  -59.797  9.920 0.5000000000
11698  38.650  -60.095  9.830 0.4000000060
12326  36.791  -58.930  9.618 0.4000000060
12912  35.256  -57.687  13.153 0.5000000000
12969  38.182  -57.169  9.534 0.5000000000
13593  34.788  -56.233  14.073 0.4000000060
13628  43.287  -56.517  10.930 0.4000000060
13645  39.806  -56.607  10.090 0.3000000119
13657  37.162  -57.013  9.805 0.5000000000
14311  36.489  -55.372  10.999 0.4000000060
14938  33.363  -54.393  14.557 0.4000000060
14967  34.859  -54.111  13.006 0.4000000060
14979  41.275  -54.508  10.032 0.4000000060
14987  37.776  -54.727  9.343 0.3000000119
14992  27.503  -54.882  8.049 0.4000000060
15681  30.240  -54.011  8.019 0.4000000060
16394  30.863  -52.150  9.332 0.6000000238
16407  30.620  -52.124  7.742 0.6000000238
17171  33.863  -51.876  12.583 0.6000000238
17877  34.346  -50.323  11.376 0.6000000238
17880  31.956  -50.283  11.521 0.6999999881
17908  31.269  -50.199  8.226 0.6000000238
18641  27.852  -50.021  9.812 0.5000000000
18647  29.338  -49.465  8.133 0.6000000238
18654  29.796  -49.383  7.540 0.6999999881
19336  44.938  -48.357  10.607 0.3000000119
19349  44.762  -47.750  10.164 0.3000000119
19994  44.001  -46.237  10.410 0.3000000119
20631  29.970  -46.730  11.469 0.5000000000
21271  39.038  -45.232  11.279 0.4000000060
21282  41.318  -45.076  10.612 0.3000000119
21284  36.473  -45.565  9.830 0.4000000060
21297  30.375  -46.112  7.176 0.6000000238
22013  41.268  -43.742  11.695 0.3000000119
22059  31.106  -44.696  6.815 0.6000000238
101950  37.165  -46.609  7.261 0.4000000060
105654  42.975  -44.780  11.269 0.3000000119
108228  37.974  -57.970  9.511 0.4000000060
109582  32.811  -43.094  11.555 0.4000000060
109997  41.363  -48.748  10.032 0.3000000119
110204  40.641  -53.160  9.131 0.4000000060
111546  44.714  -59.350  11.709 0.3000000119
111667  42.961  -62.147  14.904 0.4000000060
114189  28.073  -48.910  10.676 0.4000000060
115719  35.917  -54.898  11.903 0.5000000000
116316  45.021  -61.428  16.026 0.4000000060
116606  44.355  -61.383  12.247 0.4000000060
118395  37.760  -62.475  19.466 0.3000000119
118682  37.340  -60.751  17.617 0.4000000060
119754  33.750  -52.902  13.360 0.5000000000
120219  38.385  -63.090  20.083 0.3000000119
120736  30.097  -44.851  12.267 0.5000000000
120774  44.816  -60.795  12.704 0.4000000060
121268  33.017  -47.744  9.773 0.6000000238
121676  42.668  -60.442  11.200 0.4000000060
