#!ascii label  , from subject sub-v1s5x0050728_ses-1 vox2ras=TkReg
194
15513  34.894  -53.221  27.234 0.0000000000
13508  40.841  -56.301  20.618 0.0000000000
13407  37.079  -57.180  28.842 0.0000000000
14147  37.548  -55.423  24.770 0.0000000000
12741  41.612  -57.270  27.200 0.0000000000
107345  39.424  -56.900  28.197 0.0000000000
11480  40.132  -59.705  28.245 0.0000000000
13481  39.025  -56.601  22.689 0.0000000000
121062  35.369  -54.224  21.110 0.0000000000
14116  35.902  -55.496  28.190 0.0000000000
14135  38.076  -54.835  26.880 0.0000000000
14138  39.696  -55.211  26.037 0.0000000000
13460  41.711  -56.371  24.300 0.0000000000
12142  44.116  -58.131  25.841 0.0000000000
15503  32.482  -53.441  28.802 0.0000000000
14102  33.738  -55.708  29.207 0.0000000000
12110  35.125  -58.078  29.344 0.0000000000
15549  33.875  -53.764  22.698 0.0000000000
11482  38.359  -59.297  28.212 0.0000000000
115800  39.413  -56.597  21.979 0.0000000000
14197  37.689  -55.570  20.754 0.0000000000
14115  36.527  -56.248  28.451 0.0000000000
14114  37.368  -56.183  28.214 0.0000000000
12742  40.681  -57.650  27.910 0.0000000000
14124  39.695  -55.889  27.438 0.0000000000
13422  40.853  -55.810  26.649 0.0000000000
13428  41.167  -55.904  25.498 0.0000000000
13420  42.241  -56.667  26.299 0.0000000000
12765  44.149  -56.955  24.564 0.0000000000
108931  33.900  -56.697  29.553 0.0000000000
13399  34.575  -56.312  29.111 0.0000000000
12111  34.450  -58.180  29.529 0.0000000000
14825  36.272  -54.703  25.021 0.0000000000
14842  35.174  -54.760  23.688 0.0000000000
15565  35.498  -53.282  20.224 0.0000000000
16282  33.934  -52.822  21.134 0.0000000000
105797  37.323  -58.585  29.005 0.0000000000
13406  37.887  -57.140  28.749 0.0000000000
12119  38.745  -58.794  29.076 0.0000000000
12118  39.361  -58.897  28.913 0.0000000000
101182  40.906  -59.587  28.189 0.0000000000
13464  37.676  -56.221  23.286 0.0000000000
14164  36.473  -55.645  23.147 0.0000000000
14180  37.048  -55.739  21.617 0.0000000000
14865  36.433  -54.404  20.462 0.0000000000
14193  41.514  -55.697  19.911 0.0000000000
14810  35.108  -54.000  27.735 0.0000000000
14815  36.878  -54.216  26.618 0.0000000000
14140  37.925  -54.962  25.570 0.0000000000
14125  38.968  -56.072  27.746 0.0000000000
14134  38.919  -55.051  26.582 0.0000000000
14146  38.399  -55.500  25.043 0.0000000000
13436  39.730  -55.993  24.718 0.0000000000
112892  40.436  -56.556  23.448 0.0000000000
13479  41.808  -56.607  22.560 0.0000000000
12750  42.497  -57.615  26.773 0.0000000000
13433  42.735  -56.501  25.110 0.0000000000
119227  42.912  -56.502  24.011 0.0000000000
13490  42.414  -56.518  21.633 0.0000000000
16235  32.893  -52.099  27.734 0.0000000000
15502  33.413  -53.368  28.251 0.0000000000
14784  33.281  -54.885  29.019 0.0000000000
14799  34.481  -54.517  28.304 0.0000000000
14798  35.202  -54.923  28.205 0.0000000000
112228  35.830  -56.331  28.659 0.0000000000
13408  36.210  -57.220  28.961 0.0000000000
12122  35.711  -58.464  29.067 0.0000000000
12121  36.615  -58.531  28.952 0.0000000000
14853  34.521  -54.227  22.425 0.0000000000
16233  34.220  -52.683  26.956 0.0000000000
13492  40.183  -56.613  21.569 0.0000000000
111274  39.281  -56.398  21.242 0.0000000000
13414  40.897  -56.437  27.192 0.0000000000
13421  41.441  -56.200  26.558 0.0000000000
12763  45.385  -57.636  24.222 0.0000000000
12728  33.889  -57.571  29.742 0.0000000000
14148  36.719  -55.259  24.505 0.0000000000
14149  35.912  -55.088  24.192 0.0000000000
110338  36.397  -55.454  23.808 0.0000000000
17099  34.713  -51.304  19.809 0.0000000000
12120  38.064  -58.873  29.043 0.0000000000
12130  38.041  -59.123  28.812 0.0000000000
11481  39.328  -59.466  28.328 0.0000000000
12128  39.661  -59.337  28.516 0.0000000000
12127  40.233  -58.994  28.506 0.0000000000
117692  40.271  -59.639  28.248 0.0000000000
13463  38.531  -56.381  23.495 0.0000000000
13482  38.168  -56.426  22.564 0.0000000000
14864  37.305  -54.715  20.225 0.0000000000
15564  36.238  -53.638  20.032 0.0000000000
14128  35.954  -54.408  27.587 0.0000000000
15512  35.594  -53.665  27.206 0.0000000000
14820  37.435  -54.481  26.026 0.0000000000
14813  38.150  -54.744  26.246 0.0000000000
13416  38.671  -57.036  28.556 0.0000000000
14133  39.773  -55.307  26.776 0.0000000000
14139  38.771  -55.041  25.825 0.0000000000
14145  39.261  -55.505  25.295 0.0000000000
13437  38.906  -56.006  24.451 0.0000000000
14144  39.953  -55.599  25.415 0.0000000000
117892  41.254  -56.141  24.860 0.0000000000
113577  40.220  -56.294  24.224 0.0000000000
13461  40.910  -56.338  24.225 0.0000000000
111268  41.324  -56.550  23.428 0.0000000000
10213  43.529  -61.625  27.231 0.0000000000
116332  44.281  -59.016  26.166 0.0000000000
119813  43.588  -60.328  27.305 0.0000000000
12134  43.697  -58.911  26.635 0.0000000000
12749  43.297  -57.925  26.412 0.0000000000
12755  42.905  -57.189  26.176 0.0000000000
12754  43.503  -57.318  25.740 0.0000000000
13431  44.121  -56.709  24.012 0.0000000000
13432  43.350  -56.619  24.444 0.0000000000
13458  43.441  -56.562  23.546 0.0000000000
13478  42.838  -56.562  22.643 0.0000000000
120871  43.311  -56.497  21.971 0.0000000000
118644  32.363  -52.246  28.340 0.0000000000
16219  32.785  -52.737  28.300 0.0000000000
16218  33.394  -52.660  27.788 0.0000000000
14118  33.930  -54.983  28.714 0.0000000000
14800  33.717  -54.263  28.494 0.0000000000
14117  34.508  -55.405  28.682 0.0000000000
12727  34.730  -57.334  29.420 0.0000000000
13398  35.366  -56.797  29.046 0.0000000000
12726  35.592  -57.663  29.233 0.0000000000
11469  35.224  -59.127  28.621 0.0000000000
108515  35.586  -54.920  21.931 0.0000000000
108261  35.163  -54.771  22.646 0.0000000000
14859  34.986  -54.296  21.679 0.0000000000
13493  38.696  -56.453  21.830 0.0000000000
14127  36.788  -55.186  27.726 0.0000000000
14126  37.737  -55.312  27.504 0.0000000000
12743  39.841  -57.932  28.522 0.0000000000
13415  40.168  -56.709  27.718 0.0000000000
14123  40.363  -55.753  27.057 0.0000000000
14132  40.389  -55.470  26.395 0.0000000000
14137  40.483  -55.558  25.786 0.0000000000
14131  41.044  -55.704  26.119 0.0000000000
13427  41.720  -56.057  25.885 0.0000000000
13434  41.917  -56.225  25.144 0.0000000000
12753  44.181  -57.388  25.177 0.0000000000
12154  44.872  -57.998  25.062 0.0000000000
12782  44.970  -56.985  23.914 0.0000000000
14826  35.404  -54.556  24.665 0.0000000000
14843  34.480  -54.329  23.203 0.0000000000
15558  35.060  -53.790  20.910 0.0000000000
15566  34.678  -53.026  20.575 0.0000000000
16290  34.285  -52.143  20.412 0.0000000000
12733  37.598  -58.106  29.092 0.0000000000
12732  38.349  -58.098  29.054 0.0000000000
12744  39.078  -58.022  28.896 0.0000000000
14163  37.116  -55.774  23.837 0.0000000000
13465  37.030  -55.996  23.029 0.0000000000
14177  36.669  -55.732  22.401 0.0000000000
14181  36.253  -55.293  21.747 0.0000000000
13494  37.867  -56.161  21.653 0.0000000000
14198  36.702  -55.149  20.952 0.0000000000
115790  35.824  -54.661  21.211 0.0000000000
14866  35.699  -54.042  20.645 0.0000000000
13507  41.846  -56.310  20.701 0.0000000000
14141  37.115  -54.819  25.308 0.0000000000
101303  38.552  -55.348  27.304 0.0000000000
120914  39.231  -55.388  27.159 0.0000000000
13438  38.001  -55.998  24.198 0.0000000000
13462  39.523  -56.441  23.672 0.0000000000
13435  40.537  -55.955  24.990 0.0000000000
114266  39.890  -56.667  22.635 0.0000000000
13480  40.808  -56.673  22.529 0.0000000000
13491  41.292  -56.604  21.589 0.0000000000
10837  43.736  -60.936  27.335 0.0000000000
11495  42.745  -58.800  27.199 0.0000000000
103170  42.298  -56.380  25.631 0.0000000000
13425  43.471  -56.876  25.127 0.0000000000
105612  42.512  -56.437  24.470 0.0000000000
13459  42.351  -56.522  23.561 0.0000000000
17039  32.430  -51.179  26.844 0.0000000000
17034  32.467  -51.419  27.495 0.0000000000
17033  33.050  -51.779  27.084 0.0000000000
16234  33.570  -52.376  27.243 0.0000000000
15514  34.020  -52.946  27.514 0.0000000000
106751  32.818  -55.418  29.488 0.0000000000
14801  32.891  -54.164  28.819 0.0000000000
15501  34.331  -53.639  27.919 0.0000000000
13409  35.211  -55.889  28.635 0.0000000000
12735  36.220  -58.049  29.159 0.0000000000
12734  36.855  -58.038  29.117 0.0000000000
14165  35.805  -55.225  23.317 0.0000000000
15559  34.413  -53.551  21.359 0.0000000000
15560  33.777  -53.313  21.885 0.0000000000
12764  44.733  -57.356  24.597 0.0000000000
13426  42.852  -56.771  25.670 0.0000000000
13483  37.378  -56.119  22.422 0.0000000000
14178  35.959  -55.295  22.508 0.0000000000
104617  34.258  -53.872  21.984 0.0000000000
