#!ascii label  , from subject sub-v1s5x0050738_ses-1 vox2ras=TkReg
1436
121043  -42.309  32.256  41.680 0.0000000000
109157  -34.784  56.406  32.392 0.0000000000
103437  -33.089  44.873  43.303 0.0000000000
101442  -37.915  41.127  35.338 0.0000000000
105692  -38.735  49.311  28.281 0.0000000000
106111  -34.732  49.844  35.670 0.0000000000
105142  -38.249  47.607  31.592 0.0000000000
101985  -35.728  41.198  31.649 0.0000000000
94583  -37.611  29.677  50.400 0.0000000000
96382  -43.018  32.965  48.225 0.0000000000
110138  -32.984  59.391  28.496 0.0000000000
105193  -32.426  47.409  26.439 0.0000000000
101537  -40.082  40.586  22.909 0.0000000000
97812  -38.793  35.680  40.364 0.0000000000
116269  -32.446  50.256  38.771 0.0000000000
103985  -37.564  45.703  41.682 0.0000000000
99420  -44.540  37.179  36.104 0.0000000000
99442  -41.798  36.963  32.497 0.0000000000
96469  -35.054  34.196  35.004 0.0000000000
135275  -40.677  33.788  38.661 0.0000000000
104673  -41.879  46.112  25.157 0.0000000000
105672  -40.799  48.488  29.680 0.0000000000
104649  -39.027  46.478  27.433 0.0000000000
131341  -35.329  46.006  29.239 0.0000000000
95151  -40.745  31.026  50.339 0.0000000000
96364  -41.844  33.761  50.774 0.0000000000
109200  -30.563  54.915  26.800 0.0000000000
103561  -35.895  44.719  24.209 0.0000000000
115744  -38.129  36.286  42.534 0.0000000000
123597  -36.404  41.389  42.654 0.0000000000
133316  -32.000  53.184  31.405 0.0000000000
107508  -32.871  52.776  35.453 0.0000000000
131104  -35.827  46.173  36.427 0.0000000000
105079  -34.247  47.282  39.715 0.0000000000
102458  -36.187  42.746  37.991 0.0000000000
100802  -40.292  39.883  38.384 0.0000000000
117649  -43.149  40.069  35.272 0.0000000000
99450  -46.019  36.621  30.283 0.0000000000
101473  -42.645  40.848  31.200 0.0000000000
100118  -35.942  38.205  34.021 0.0000000000
106603  -35.894  51.192  30.475 0.0000000000
107517  -35.413  54.237  34.534 0.0000000000
106593  -37.316  50.978  31.560 0.0000000000
130804  -39.146  48.408  34.831 0.0000000000
127916  -37.647  45.437  35.016 0.0000000000
101958  -37.238  42.165  32.400 0.0000000000
104051  -34.965  45.353  32.735 0.0000000000
102499  -33.450  42.667  31.383 0.0000000000
95165  -37.449  31.628  47.625 0.0000000000
95753  -40.765  32.690  47.091 0.0000000000
120009  -43.892  32.467  44.491 0.0000000000
106630  -27.972  51.207  28.127 0.0000000000
108627  -30.196  55.139  29.306 0.0000000000
124432  -33.052  57.120  31.164 0.0000000000
107077  -33.116  51.834  29.697 0.0000000000
125266  -35.162  47.956  27.300 0.0000000000
104113  -39.321  45.443  24.300 0.0000000000
118367  -41.531  41.576  24.170 0.0000000000
139301  -41.402  36.417  23.436 0.0000000000
120786  -41.622  37.086  47.228 0.0000000000
117500  -43.389  34.297  43.833 0.0000000000
97057  -42.759  33.703  40.967 0.0000000000
123243  -33.200  47.498  42.819 0.0000000000
106555  -34.111  51.751  39.224 0.0000000000
105584  -35.337  50.166  43.772 0.0000000000
103960  -36.326  46.210  44.943 0.0000000000
129208  -39.190  41.711  40.298 0.0000000000
138950  -42.611  37.636  38.666 0.0000000000
97079  -45.583  33.502  39.444 0.0000000000
121949  -45.949  33.650  35.304 0.0000000000
97879  -42.419  34.843  33.282 0.0000000000
97142  -39.647  34.519  33.703 0.0000000000
132272  -39.262  39.199  31.424 0.0000000000
127225  -38.011  37.019  34.528 0.0000000000
95887  -37.264  33.203  29.894 0.0000000000
95774  -40.109  32.315  43.038 0.0000000000
95800  -40.241  32.359  41.517 0.0000000000
96412  -41.098  32.904  40.320 0.0000000000
103039  -40.568  43.834  25.331 0.0000000000
104658  -40.308  46.038  26.675 0.0000000000
118427  -38.488  44.864  26.226 0.0000000000
127590  -37.223  45.088  26.662 0.0000000000
102924  -35.530  43.728  43.158 0.0000000000
136591  -33.232  54.426  32.608 0.0000000000
102967  -36.697  43.613  36.554 0.0000000000
103476  -35.523  44.343  37.440 0.0000000000
101941  -36.851  41.963  37.017 0.0000000000
100822  -39.840  39.978  36.329 0.0000000000
101438  -39.147  40.292  35.462 0.0000000000
123301  -43.153  40.393  32.751 0.0000000000
130522  -39.808  40.854  33.473 0.0000000000
106167  -36.701  49.914  29.630 0.0000000000
107069  -37.518  52.118  31.185 0.0000000000
106616  -38.453  50.794  30.094 0.0000000000
121294  -39.989  47.856  30.450 0.0000000000
105664  -39.680  48.571  31.720 0.0000000000
105133  -39.906  47.871  32.977 0.0000000000
104586  -39.643  46.961  35.032 0.0000000000
104600  -37.162  46.782  33.595 0.0000000000
104044  -36.199  45.715  33.921 0.0000000000
104607  -35.685  46.571  32.464 0.0000000000
104061  -34.005  45.098  30.388 0.0000000000
95742  -42.852  32.569  49.967 0.0000000000
124922  -40.275  32.124  48.277 0.0000000000
119209  -43.131  32.871  47.857 0.0000000000
116239  -42.104  32.713  46.008 0.0000000000
95756  -44.604  32.833  46.269 0.0000000000
129610  -31.562  58.385  28.130 0.0000000000
130100  -30.254  56.095  28.518 0.0000000000
109664  -30.872  58.340  29.375 0.0000000000
109161  -31.272  56.685  30.320 0.0000000000
109666  -32.598  58.512  29.911 0.0000000000
106639  -31.706  50.116  26.790 0.0000000000
107084  -32.361  51.329  28.450 0.0000000000
106192  -32.182  49.353  27.787 0.0000000000
105688  -33.578  48.562  28.496 0.0000000000
105195  -34.178  47.384  26.684 0.0000000000
102562  -37.467  42.847  23.472 0.0000000000
103562  -36.973  44.773  24.155 0.0000000000
130673  -38.920  42.981  23.466 0.0000000000
103057  -41.733  43.535  23.797 0.0000000000
131707  -41.869  41.167  23.638 0.0000000000
130901  -42.328  39.086  24.038 0.0000000000
100221  -41.977  39.002  23.253 0.0000000000
98560  -35.495  36.463  44.540 0.0000000000
115397  -37.184  36.642  46.492 0.0000000000
116769  -38.860  36.617  46.141 0.0000000000
98524  -40.317  37.782  47.860 0.0000000000
115432  -39.198  36.409  45.076 0.0000000000
98597  -37.818  36.211  40.967 0.0000000000
97043  -40.247  35.232  43.022 0.0000000000
97047  -40.459  34.641  42.147 0.0000000000
97045  -44.351  33.425  42.671 0.0000000000
97814  -40.491  35.008  40.180 0.0000000000
105613  -31.654  48.577  38.023 0.0000000000
105078  -31.251  47.491  40.055 0.0000000000
120665  -32.355  49.305  41.726 0.0000000000
106571  -34.815  51.327  35.230 0.0000000000
107026  -34.813  53.061  37.112 0.0000000000
106561  -34.203  50.846  37.007 0.0000000000
104553  -35.511  46.441  40.849 0.0000000000
105067  -34.836  48.905  41.596 0.0000000000
104536  -36.738  47.524  42.617 0.0000000000
105053  -36.029  48.088  44.823 0.0000000000
104530  -38.162  45.606  43.388 0.0000000000
102917  -38.743  44.153  43.060 0.0000000000
103439  -39.884  43.782  41.689 0.0000000000
100090  -43.543  39.409  37.931 0.0000000000
100082  -42.568  39.152  38.941 0.0000000000
99402  -44.169  37.396  37.781 0.0000000000
97823  -43.652  35.359  38.676 0.0000000000
137777  -45.089  35.971  37.290 0.0000000000
96463  -47.030  33.880  37.513 0.0000000000
97867  -46.507  34.879  35.495 0.0000000000
98686  -45.047  36.955  29.746 0.0000000000
133147  -45.439  34.014  29.751 0.0000000000
98668  -42.906  35.756  31.789 0.0000000000
97877  -40.629  34.805  33.883 0.0000000000
98667  -40.786  36.332  33.358 0.0000000000
101972  -37.123  41.955  31.878 0.0000000000
122697  -39.067  40.828  31.354 0.0000000000
100878  -37.363  39.763  31.453 0.0000000000
99417  -35.727  37.086  35.267 0.0000000000
99418  -37.109  37.216  34.729 0.0000000000
97128  -36.371  35.189  34.906 0.0000000000
121665  -36.958  33.904  32.856 0.0000000000
96486  -35.468  33.661  33.206 0.0000000000
95878  -35.328  32.970  30.947 0.0000000000
95764  -37.898  32.472  44.775 0.0000000000
97075  -39.690  33.979  38.195 0.0000000000
105716  -40.262  48.234  26.236 0.0000000000
105693  -40.022  49.381  28.129 0.0000000000
105710  -41.562  47.829  27.403 0.0000000000
105176  -41.008  47.279  28.307 0.0000000000
105174  -38.300  47.159  29.051 0.0000000000
104627  -36.157  46.813  30.332 0.0000000000
104643  -36.694  46.511  28.646 0.0000000000
120615  -39.546  30.217  50.900 0.0000000000
94558  -40.914  30.651  53.052 0.0000000000
96998  -42.364  34.042  49.858 0.0000000000
110150  -33.627  58.895  27.734 0.0000000000
104098  -34.060  46.034  24.824 0.0000000000
101547  -37.833  40.415  22.643 0.0000000000
100233  -39.971  38.398  22.373 0.0000000000
132423  -37.512  36.561  43.199 0.0000000000
100057  -36.370  38.728  41.387 0.0000000000
99387  -37.130  37.813  40.337 0.0000000000
107019  -32.212  52.538  37.265 0.0000000000
105626  -35.072  48.112  36.072 0.0000000000
105094  -33.745  47.718  37.754 0.0000000000
104572  -34.420  46.417  37.356 0.0000000000
104000  -35.363  44.924  39.508 0.0000000000
102937  -36.560  43.638  39.876 0.0000000000
102446  -38.936  42.343  40.115 0.0000000000
101417  -38.063  40.640  37.993 0.0000000000
117970  -42.401  40.111  36.634 0.0000000000
100108  -43.870  39.179  35.923 0.0000000000
99434  -44.601  36.775  34.652 0.0000000000
100134  -43.868  38.672  32.352 0.0000000000
100145  -44.290  38.957  30.650 0.0000000000
99454  -43.608  39.004  30.480 0.0000000000
118113  -36.046  38.890  32.116 0.0000000000
103445  -32.260  45.014  42.371 0.0000000000
108067  -35.923  54.687  32.003 0.0000000000
118155  -35.929  55.583  33.373 0.0000000000
107537  -37.037  53.471  31.967 0.0000000000
128604  -36.383  52.755  32.624 0.0000000000
106119  -35.391  49.944  33.963 0.0000000000
106153  -39.453  50.005  30.351 0.0000000000
106128  -37.623  49.129  32.830 0.0000000000
105642  -36.558  48.826  35.112 0.0000000000
105112  -37.470  47.280  35.927 0.0000000000
104020  -38.050  45.619  35.996 0.0000000000
103491  -37.410  44.183  36.005 0.0000000000
101953  -37.581  41.801  33.937 0.0000000000
102988  -36.420  43.289  34.101 0.0000000000
102987  -35.679  43.809  33.438 0.0000000000
102491  -35.651  42.609  32.398 0.0000000000
104615  -34.765  45.942  31.396 0.0000000000
103516  -34.141  44.585  31.747 0.0000000000
95159  -38.832  31.485  48.649 0.0000000000
114998  -38.687  32.228  47.107 0.0000000000
117971  -38.482  32.472  45.629 0.0000000000
115434  -40.280  32.629  45.531 0.0000000000
95767  -41.588  32.386  43.874 0.0000000000
95776  -42.370  32.254  43.037 0.0000000000
106622  -28.490  50.602  28.779 0.0000000000
107574  -29.236  52.819  28.674 0.0000000000
107567  -30.165  52.336  29.723 0.0000000000
108079  -30.692  53.628  30.096 0.0000000000
109155  -32.281  55.723  31.206 0.0000000000
109164  -33.439  56.583  31.585 0.0000000000
108656  -32.772  54.899  27.800 0.0000000000
137808  -32.461  53.948  28.529 0.0000000000
108080  -32.876  54.481  29.885 0.0000000000
118992  -34.184  53.569  30.799 0.0000000000
106602  -34.590  50.977  30.255 0.0000000000
105678  -34.882  48.942  29.156 0.0000000000
105705  -36.569  48.253  27.199 0.0000000000
104668  -35.351  46.739  25.260 0.0000000000
105205  -36.758  47.312  25.580 0.0000000000
105198  -37.971  47.874  26.046 0.0000000000
104681  -40.146  46.139  24.547 0.0000000000
103554  -41.974  44.078  24.597 0.0000000000
100925  -39.683  39.386  24.577 0.0000000000
98751  -39.022  36.932  24.221 0.0000000000
98773  -41.599  36.326  22.509 0.0000000000
97750  -41.431  36.616  49.046 0.0000000000
97765  -42.985  35.554  47.024 0.0000000000
97783  -39.393  36.171  44.155 0.0000000000
119456  -41.949  35.858  45.276 0.0000000000
97766  -43.882  34.753  46.240 0.0000000000
97037  -46.140  33.077  44.252 0.0000000000
134780  -45.106  32.622  42.541 0.0000000000
95803  -44.145  32.520  41.059 0.0000000000
103975  -33.206  45.914  43.802 0.0000000000
108564  -35.059  55.312  36.286 0.0000000000
107503  -33.616  53.880  38.027 0.0000000000
114767  -33.310  51.383  40.021 0.0000000000
114842  -33.695  49.042  39.526 0.0000000000
106080  -34.193  51.854  41.108 0.0000000000
106072  -33.351  51.287  41.450 0.0000000000
105569  -34.573  50.494  43.810 0.0000000000
104527  -34.232  47.156  45.608 0.0000000000
136305  -34.709  45.562  44.146 0.0000000000
102915  -36.924  43.678  43.922 0.0000000000
101386  -37.751  41.133  41.014 0.0000000000
100073  -38.565  38.405  39.511 0.0000000000
101407  -38.841  40.557  39.251 0.0000000000
100075  -40.587  38.587  39.175 0.0000000000
98611  -40.501  36.437  39.306 0.0000000000
97819  -42.039  35.609  39.173 0.0000000000
97071  -44.125  33.793  39.967 0.0000000000
96421  -43.669  32.734  39.897 0.0000000000
96448  -44.327  33.024  38.963 0.0000000000
97098  -44.327  33.546  37.683 0.0000000000
97115  -43.011  34.014  36.552 0.0000000000
124934  -46.478  34.280  32.811 0.0000000000
97147  -44.700  34.329  33.536 0.0000000000
97113  -41.042  34.521  35.842 0.0000000000
97130  -39.952  34.519  35.079 0.0000000000
95864  -39.755  33.600  32.967 0.0000000000
117416  -40.271  41.293  31.786 0.0000000000
100880  -41.007  40.522  31.124 0.0000000000
100143  -40.694  38.483  31.896 0.0000000000
122338  -37.168  38.576  32.606 0.0000000000
100132  -39.027  38.418  32.452 0.0000000000
98666  -40.003  37.149  33.572 0.0000000000
97875  -38.799  35.285  33.938 0.0000000000
96495  -39.701  33.928  31.825 0.0000000000
95790  -41.029  32.241  42.146 0.0000000000
95789  -39.707  32.289  42.245 0.0000000000
95811  -40.626  32.553  40.870 0.0000000000
115225  -41.522  32.510  40.832 0.0000000000
125171  -39.005  42.961  25.295 0.0000000000
103545  -40.305  44.626  25.693 0.0000000000
139239  -38.427  43.521  25.527 0.0000000000
120929  -35.169  42.824  42.577 0.0000000000
103438  -34.337  44.676  43.288 0.0000000000
108597  -34.429  56.526  32.797 0.0000000000
108054  -33.694  54.526  33.402 0.0000000000
108584  -34.511  55.978  33.514 0.0000000000
102476  -37.248  42.697  35.965 0.0000000000
125427  -36.854  42.773  36.545 0.0000000000
101950  -37.525  41.604  35.797 0.0000000000
101437  -38.390  40.628  35.773 0.0000000000
100843  -40.470  40.470  34.071 0.0000000000
101443  -38.536  40.820  34.742 0.0000000000
121329  -37.641  49.129  28.421 0.0000000000
106168  -37.945  50.323  29.595 0.0000000000
106180  -38.350  49.785  29.006 0.0000000000
105152  -39.481  47.855  31.163 0.0000000000
105143  -39.638  47.951  32.049 0.0000000000
105132  -38.625  47.622  32.456 0.0000000000
123015  -39.061  47.521  33.214 0.0000000000
105124  -37.680  47.332  32.999 0.0000000000
104608  -36.537  46.993  32.715 0.0000000000
105141  -37.203  47.370  32.121 0.0000000000
116823  -36.901  29.899  49.669 0.0000000000
95749  -42.926  32.749  48.907 0.0000000000
95755  -43.367  32.820  46.776 0.0000000000
96386  -43.813  33.054  47.103 0.0000000000
110148  -32.316  59.596  28.581 0.0000000000
109665  -31.350  59.265  29.008 0.0000000000
110136  -31.969  60.211  29.645 0.0000000000
110117  -32.004  59.536  30.499 0.0000000000
110137  -32.511  59.760  29.543 0.0000000000
105204  -31.692  47.316  25.359 0.0000000000
105712  -31.514  48.535  26.029 0.0000000000
105701  -31.768  48.878  27.015 0.0000000000
106191  -31.739  49.591  27.122 0.0000000000
105713  -31.972  48.047  26.799 0.0000000000
105183  -32.731  47.782  27.201 0.0000000000
105194  -33.265  47.298  26.656 0.0000000000
101536  -39.117  40.963  22.986 0.0000000000
123796  -39.511  42.048  23.269 0.0000000000
132611  -41.122  42.342  23.479 0.0000000000
130899  -41.044  41.302  23.230 0.0000000000
114882  -41.851  40.583  23.471 0.0000000000
100932  -41.641  39.873  23.158 0.0000000000
98571  -34.866  36.821  44.001 0.0000000000
130171  -36.204  36.463  44.083 0.0000000000
98549  -37.456  36.313  45.678 0.0000000000
98562  -37.243  36.187  44.896 0.0000000000
98605  -38.165  36.186  40.407 0.0000000000
115763  -38.997  35.425  41.716 0.0000000000
97806  -39.179  35.221  40.949 0.0000000000
97056  -40.832  34.373  41.321 0.0000000000
97813  -39.540  35.320  40.310 0.0000000000
106559  -31.632  50.726  37.248 0.0000000000
118102  -31.886  49.493  37.964 0.0000000000
105607  -31.661  48.459  39.018 0.0000000000
114739  -32.087  49.429  39.691 0.0000000000
106118  -34.999  50.223  35.025 0.0000000000
106566  -34.555  50.786  35.998 0.0000000000
106105  -34.314  49.917  36.313 0.0000000000
103984  -36.299  46.007  41.218 0.0000000000
104545  -36.076  47.006  41.621 0.0000000000
104546  -37.040  46.568  41.917 0.0000000000
105061  -37.342  46.999  43.297 0.0000000000
103977  -38.127  45.897  42.277 0.0000000000
103978  -38.616  45.262  42.588 0.0000000000
103986  -38.829  45.049  41.897 0.0000000000
99408  -44.336  37.798  37.180 0.0000000000
118101  -43.980  38.666  37.775 0.0000000000
97853  -46.465  34.808  36.857 0.0000000000
129699  -45.418  35.954  36.351 0.0000000000
98677  -43.077  37.066  31.318 0.0000000000
98678  -44.329  36.321  30.276 0.0000000000
123815  -41.677  35.809  32.898 0.0000000000
101986  -36.699  41.352  31.613 0.0000000000
101987  -37.617  41.395  31.626 0.0000000000
101484  -37.053  40.609  31.430 0.0000000000
97864  -35.807  35.661  35.393 0.0000000000
98641  -36.130  36.407  35.328 0.0000000000
97139  -35.917  34.529  34.655 0.0000000000
96480  -36.427  34.152  33.860 0.0000000000
96479  -35.373  33.904  34.203 0.0000000000
136542  -34.908  33.605  33.727 0.0000000000
118754  -38.619  32.470  44.058 0.0000000000
96427  -39.880  33.756  38.945 0.0000000000
105200  -41.079  47.639  25.839 0.0000000000
105717  -41.107  48.155  26.573 0.0000000000
132007  -41.820  47.028  26.352 0.0000000000
105188  -41.008  46.673  27.390 0.0000000000
105187  -39.752  46.955  28.029 0.0000000000
105175  -39.722  47.364  28.878 0.0000000000
104645  -38.584  46.874  28.265 0.0000000000
104644  -37.560  46.740  28.474 0.0000000000
139290  -37.930  46.536  27.835 0.0000000000
104085  -36.205  45.133  27.181 0.0000000000
95120  -40.451  30.781  53.222 0.0000000000
96366  -42.846  33.017  50.434 0.0000000000
96365  -42.230  33.658  50.679 0.0000000000
110164  -33.697  58.813  27.090 0.0000000000
102032  -37.688  41.340  23.028 0.0000000000
100940  -38.024  39.597  22.365 0.0000000000
100951  -37.216  39.102  21.764 0.0000000000
101377  -36.191  40.662  42.383 0.0000000000
101384  -36.114  39.987  42.221 0.0000000000
101385  -36.624  40.439  41.647 0.0000000000
100065  -36.702  38.390  40.660 0.0000000000
100774  -36.603  39.696  40.989 0.0000000000
107544  -31.737  52.488  31.228 0.0000000000
107502  -32.876  53.475  37.079 0.0000000000
105105  -35.341  47.212  36.313 0.0000000000
104578  -34.794  46.699  36.731 0.0000000000
104017  -35.062  45.863  36.907 0.0000000000
102956  -35.758  43.620  37.721 0.0000000000
103461  -35.084  44.879  38.726 0.0000000000
103462  -35.621  44.115  39.156 0.0000000000
103453  -36.027  44.530  40.101 0.0000000000
133822  -36.186  43.335  39.207 0.0000000000
102943  -37.153  42.770  39.664 0.0000000000
102459  -36.859  42.034  38.586 0.0000000000
100831  -41.225  40.036  36.133 0.0000000000
100832  -42.461  40.185  35.619 0.0000000000
100834  -43.589  39.630  36.303 0.0000000000
100847  -43.429  39.760  35.165 0.0000000000
100120  -43.631  38.969  34.470 0.0000000000
100860  -43.322  39.788  33.509 0.0000000000
100859  -43.142  40.619  31.600 0.0000000000
100871  -43.537  39.912  31.760 0.0000000000
133037  -43.643  39.933  30.885 0.0000000000
100883  -43.781  39.483  30.701 0.0000000000
100882  -43.153  39.917  30.607 0.0000000000
107561  -36.203  52.899  31.173 0.0000000000
107547  -36.667  53.677  31.771 0.0000000000
107562  -37.103  52.796  31.509 0.0000000000
107057  -37.646  52.001  31.090 0.0000000000
107051  -37.122  52.152  31.778 0.0000000000
107050  -36.030  51.425  32.621 0.0000000000
106579  -35.553  50.581  33.209 0.0000000000
106586  -36.354  50.639  32.407 0.0000000000
106171  -40.868  49.090  29.237 0.0000000000
106170  -40.236  49.749  29.383 0.0000000000
106154  -40.199  49.624  30.062 0.0000000000
122005  -39.893  48.205  33.196 0.0000000000
105657  -38.927  48.614  32.877 0.0000000000
105651  -38.253  48.732  33.736 0.0000000000
106127  -36.876  49.196  33.394 0.0000000000
124204  -38.089  48.390  35.304 0.0000000000
116572  -37.115  48.168  35.569 0.0000000000
105634  -38.257  47.920  35.648 0.0000000000
104036  -38.442  46.069  35.431 0.0000000000
133746  -38.353  46.055  35.765 0.0000000000
120708  -38.071  45.492  35.846 0.0000000000
104027  -37.687  44.903  35.974 0.0000000000
104035  -37.589  44.817  35.778 0.0000000000
102983  -36.913  43.588  35.217 0.0000000000
103500  -37.007  44.183  35.234 0.0000000000
104043  -35.514  45.198  33.461 0.0000000000
103508  -35.594  44.480  33.576 0.0000000000
102986  -35.000  44.173  32.960 0.0000000000
102992  -35.163  43.414  32.739 0.0000000000
104636  -35.642  46.396  29.727 0.0000000000
138055  -35.917  46.840  31.090 0.0000000000
104626  -35.279  46.387  30.653 0.0000000000
103515  -33.741  44.564  30.924 0.0000000000
94585  -40.476  30.499  51.263 0.0000000000
95150  -39.639  30.895  49.767 0.0000000000
95160  -39.877  31.588  48.960 0.0000000000
133271  -40.732  32.502  47.800 0.0000000000
95746  -39.228  31.963  47.922 0.0000000000
115399  -39.740  32.459  47.247 0.0000000000
95752  -38.161  32.304  46.397 0.0000000000
115398  -39.036  32.464  46.388 0.0000000000
115435  -39.377  32.572  45.589 0.0000000000
115436  -39.955  32.631  46.353 0.0000000000
95760  -43.548  32.634  45.685 0.0000000000
116770  -42.189  32.504  44.855 0.0000000000
116444  -42.989  32.335  43.653 0.0000000000
106629  -27.351  50.872  27.639 0.0000000000
106190  -26.961  50.146  27.774 0.0000000000
106621  -27.667  50.373  28.267 0.0000000000
106176  -28.057  49.643  28.749 0.0000000000
108667  -30.334  54.360  26.067 0.0000000000
108654  -29.899  54.166  26.908 0.0000000000
108641  -29.959  55.136  28.650 0.0000000000
108106  -29.354  53.506  28.433 0.0000000000
108626  -29.691  54.261  28.828 0.0000000000
107566  -29.607  52.595  29.256 0.0000000000
123589  -30.117  53.095  29.608 0.0000000000
107557  -30.696  52.640  30.184 0.0000000000
108616  -30.662  54.680  29.973 0.0000000000
120371  -32.394  57.550  30.760 0.0000000000
109162  -32.111  56.624  30.957 0.0000000000
109163  -32.959  57.126  31.204 0.0000000000
109156  -33.347  56.537  31.813 0.0000000000
108618  -33.305  56.387  30.760 0.0000000000
108642  -32.560  54.757  28.684 0.0000000000
108115  -32.378  53.292  28.362 0.0000000000
107076  -32.524  52.014  29.058 0.0000000000
107568  -32.511  53.053  29.179 0.0000000000
107569  -32.804  52.550  29.578 0.0000000000
108081  -33.457  54.090  30.447 0.0000000000
107559  -33.522  52.756  30.237 0.0000000000
107066  -34.071  51.791  30.323 0.0000000000
106601  -33.543  50.996  29.765 0.0000000000
105704  -34.809  48.182  27.949 0.0000000000
105689  -34.390  48.502  28.596 0.0000000000
105690  -35.363  48.572  28.487 0.0000000000
119321  -35.700  48.265  27.662 0.0000000000
104111  -34.499  45.438  24.495 0.0000000000
104099  -34.978  46.160  24.785 0.0000000000
134266  -35.592  45.563  24.496 0.0000000000
104112  -37.586  45.469  24.323 0.0000000000
104679  -36.691  46.101  24.591 0.0000000000
104680  -38.192  46.148  24.555 0.0000000000
105206  -37.691  47.332  25.460 0.0000000000
104671  -38.610  46.805  24.906 0.0000000000
105207  -40.045  46.958  24.914 0.0000000000
114913  -42.215  43.090  23.876 0.0000000000
103045  -41.825  44.130  24.173 0.0000000000
115070  -42.253  42.995  24.069 0.0000000000
114735  -41.256  42.453  24.504 0.0000000000
114732  -40.853  40.026  24.354 0.0000000000
99512  -41.511  37.770  24.053 0.0000000000
100210  -40.467  38.114  24.348 0.0000000000
98764  -40.340  36.424  23.790 0.0000000000
98763  -38.793  36.236  23.844 0.0000000000
97973  -39.971  35.555  23.454 0.0000000000
99525  -41.247  37.469  22.533 0.0000000000
98509  -40.361  37.766  48.895 0.0000000000
117203  -41.023  37.686  47.800 0.0000000000
98511  -40.962  37.568  48.842 0.0000000000
98512  -41.653  36.889  48.444 0.0000000000
135761  -42.310  36.052  47.895 0.0000000000
97764  -42.296  36.428  46.776 0.0000000000
98575  -38.553  36.234  43.470 0.0000000000
97044  -41.054  35.118  43.633 0.0000000000
118724  -41.054  35.885  44.593 0.0000000000
97040  -42.959  35.001  44.936 0.0000000000
125529  -42.917  35.734  45.988 0.0000000000
97035  -44.032  34.631  45.412 0.0000000000
97036  -44.976  33.848  45.649 0.0000000000
128314  -44.141  34.333  44.505 0.0000000000
96397  -43.819  33.291  41.998 0.0000000000
132367  -44.856  32.704  41.985 0.0000000000
95792  -44.881  32.700  41.990 0.0000000000
96404  -44.756  32.990  40.869 0.0000000000
105066  -32.143  48.135  41.491 0.0000000000
122529  -32.965  46.387  42.839 0.0000000000
108041  -35.842  55.013  33.927 0.0000000000
108574  -35.081  55.475  35.410 0.0000000000
108029  -35.285  54.763  35.823 0.0000000000
107020  -34.513  52.950  38.192 0.0000000000
107497  -34.192  53.385  38.592 0.0000000000
107491  -34.069  53.012  39.161 0.0000000000
107490  -33.680  52.995  39.156 0.0000000000
133269  -33.598  51.623  39.683 0.0000000000
104559  -33.999  47.052  38.817 0.0000000000
105086  -33.666  47.995  38.629 0.0000000000
130683  -33.878  47.897  39.391 0.0000000000
105593  -35.375  49.859  42.793 0.0000000000
105602  -34.466  50.480  41.243 0.0000000000
105592  -34.911  50.913  42.338 0.0000000000
106073  -34.130  51.878  41.285 0.0000000000
106062  -34.533  51.335  42.971 0.0000000000
105583  -33.717  50.745  42.956 0.0000000000
106051  -34.935  50.979  43.679 0.0000000000
104521  -36.626  46.660  44.762 0.0000000000
105040  -35.093  48.049  46.148 0.0000000000
103959  -35.256  46.764  45.538 0.0000000000
129869  -34.347  46.628  45.211 0.0000000000
103967  -35.549  45.909  44.764 0.0000000000
103427  -35.886  44.827  43.852 0.0000000000
103428  -37.289  44.575  44.229 0.0000000000
102433  -40.268  42.926  41.413 0.0000000000
102432  -38.522  42.555  42.068 0.0000000000
101397  -38.558  40.747  40.197 0.0000000000
100775  -37.476  39.767  40.224 0.0000000000
119457  -38.522  39.208  39.604 0.0000000000
101418  -38.765  40.615  38.878 0.0000000000
102453  -39.033  41.475  39.917 0.0000000000
101419  -39.604  40.055  38.665 0.0000000000
99397  -42.219  38.114  38.892 0.0000000000
100076  -41.548  38.707  39.060 0.0000000000
136901  -40.874  38.044  39.114 0.0000000000
99392  -40.204  37.466  39.229 0.0000000000
99393  -41.215  37.416  39.054 0.0000000000
97818  -41.073  35.456  39.561 0.0000000000
98615  -42.087  36.824  38.805 0.0000000000
97824  -44.749  34.757  38.645 0.0000000000
97820  -43.617  34.320  39.522 0.0000000000
125110  -44.708  33.897  39.681 0.0000000000
97072  -44.614  32.956  39.749 0.0000000000
97078  -44.908  33.098  40.013 0.0000000000
96428  -44.224  32.801  39.804 0.0000000000
96429  -45.240  33.053  39.583 0.0000000000
97117  -46.595  33.625  36.328 0.0000000000
96462  -45.976  33.441  37.648 0.0000000000
97116  -44.735  33.728  36.221 0.0000000000
97097  -42.867  33.738  37.694 0.0000000000
98657  -45.407  36.284  32.674 0.0000000000
98658  -45.915  35.462  34.190 0.0000000000
98669  -46.614  35.301  30.933 0.0000000000
97156  -43.670  34.633  32.680 0.0000000000
97157  -44.908  34.288  32.136 0.0000000000
97146  -43.273  34.597  34.131 0.0000000000
97132  -43.122  34.342  35.361 0.0000000000
97145  -41.982  34.685  34.567 0.0000000000
133064  -40.334  34.529  35.770 0.0000000000
137078  -41.092  34.699  34.398 0.0000000000
136695  -40.035  34.809  33.730 0.0000000000
114936  -39.886  34.521  34.074 0.0000000000
97155  -39.546  33.863  33.383 0.0000000000
95880  -41.140  32.719  32.091 0.0000000000
96496  -40.844  33.660  32.099 0.0000000000
102485  -37.249  42.245  33.256 0.0000000000
101960  -38.703  41.504  32.555 0.0000000000
101959  -37.877  41.861  32.718 0.0000000000
100150  -39.444  40.173  31.167 0.0000000000
100879  -40.048  40.734  31.273 0.0000000000
100151  -40.079  39.767  31.169 0.0000000000
100152  -41.032  39.370  31.287 0.0000000000
100142  -39.950  38.771  31.695 0.0000000000
137688  -36.492  38.641  32.547 0.0000000000
100129  -36.634  38.368  33.335 0.0000000000
117752  -37.718  37.668  34.193 0.0000000000
99440  -38.330  38.047  33.526 0.0000000000
99431  -38.520  37.397  34.120 0.0000000000
99441  -39.207  37.707  33.550 0.0000000000
136637  -38.678  36.761  34.280 0.0000000000
99432  -39.264  36.950  34.019 0.0000000000
98653  -38.499  36.174  34.325 0.0000000000
95879  -36.683  33.579  31.365 0.0000000000
116175  -38.289  33.972  32.313 0.0000000000
96503  -38.012  33.782  31.231 0.0000000000
96510  -40.355  33.424  29.159 0.0000000000
125750  -39.250  32.376  41.564 0.0000000000
104100  -42.008  45.182  25.149 0.0000000000
104659  -41.668  46.276  26.265 0.0000000000
104087  -41.651  45.715  25.852 0.0000000000
127294  -39.928  45.359  26.220 0.0000000000
104657  -38.909  45.925  26.870 0.0000000000
104648  -37.924  46.117  27.301 0.0000000000
104086  -38.132  45.556  26.727 0.0000000000
102430  -35.891  41.951  42.743 0.0000000000
120109  -36.505  42.711  43.321 0.0000000000
108065  -32.599  53.937  31.988 0.0000000000
107535  -32.973  53.156  32.705 0.0000000000
108040  -33.987  54.505  34.468 0.0000000000
103482  -36.213  44.408  36.748 0.0000000000
103475  -35.331  45.092  37.155 0.0000000000
102966  -36.020  43.833  37.100 0.0000000000
102957  -36.271  43.180  37.166 0.0000000000
102466  -36.509  42.515  37.312 0.0000000000
101431  -37.776  40.791  37.083 0.0000000000
101948  -37.374  41.436  36.660 0.0000000000
100830  -40.190  40.127  35.214 0.0000000000
100844  -41.384  40.239  34.835 0.0000000000
100846  -43.065  40.176  34.025 0.0000000000
101445  -41.624  40.707  33.537 0.0000000000
101456  -41.856  41.243  32.270 0.0000000000
106614  -36.311  50.511  30.129 0.0000000000
107068  -36.886  52.220  30.881 0.0000000000
106604  -37.439  51.512  30.622 0.0000000000
129297  -38.002  51.228  30.493 0.0000000000
106605  -38.194  51.005  30.495 0.0000000000
105154  -40.545  48.193  30.129 0.0000000000
106147  -40.074  49.013  30.887 0.0000000000
105144  -39.889  48.328  31.543 0.0000000000
105134  -39.789  48.082  32.562 0.0000000000
105127  -40.076  47.942  33.826 0.0000000000
105636  -39.805  47.890  35.021 0.0000000000
105118  -39.660  47.176  34.629 0.0000000000
104593  -39.164  46.594  34.970 0.0000000000
104592  -38.118  46.256  34.639 0.0000000000
104034  -36.454  44.780  34.442 0.0000000000
137654  -36.876  46.212  34.080 0.0000000000
104599  -36.161  46.460  33.314 0.0000000000
104052  -35.481  45.939  33.033 0.0000000000
104072  -34.368  45.403  29.773 0.0000000000
95157  -36.959  31.100  48.241 0.0000000000
95741  -42.591  32.060  50.366 0.0000000000
95161  -41.157  31.641  49.559 0.0000000000
95747  -41.547  32.162  48.780 0.0000000000
95748  -41.937  32.638  48.052 0.0000000000
116098  -40.933  32.723  46.247 0.0000000000
95754  -41.955  32.841  47.006 0.0000000000
107088  -27.675  51.601  27.270 0.0000000000
109194  -30.680  55.928  27.567 0.0000000000
108655  -30.070  55.054  27.824 0.0000000000
136186  -30.736  57.467  28.452 0.0000000000
137377  -30.412  57.085  29.083 0.0000000000
109180  -30.261  56.178  29.136 0.0000000000
128771  -30.707  55.587  29.942 0.0000000000
109655  -30.758  57.413  29.697 0.0000000000
109650  -32.299  58.461  30.575 0.0000000000
128954  -32.694  57.406  30.209 0.0000000000
106642  -31.648  50.072  25.956 0.0000000000
107090  -32.198  51.408  27.707 0.0000000000
106631  -31.920  50.113  27.492 0.0000000000
123471  -32.268  50.055  28.101 0.0000000000
106177  -32.787  49.632  28.606 0.0000000000
106163  -33.128  50.301  29.206 0.0000000000
105687  -32.843  48.824  28.271 0.0000000000
105173  -33.952  48.089  28.031 0.0000000000
105185  -34.441  47.791  27.372 0.0000000000
103054  -36.888  43.446  23.677 0.0000000000
103042  -36.345  44.045  23.946 0.0000000000
103043  -37.552  44.180  23.925 0.0000000000
103055  -38.245  43.630  23.682 0.0000000000
103044  -38.920  44.262  23.908 0.0000000000
103564  -40.647  44.698  24.122 0.0000000000
103056  -40.183  43.835  23.742 0.0000000000
115549  -41.881  43.005  23.685 0.0000000000
119020  -41.964  41.341  23.763 0.0000000000
114736  -41.868  40.709  24.034 0.0000000000
130859  -42.087  40.571  23.803 0.0000000000
100222  -42.264  38.744  23.679 0.0000000000
99520  -41.963  37.677  23.442 0.0000000000
99360  -34.388  37.411  43.634 0.0000000000
119326  -35.846  36.374  45.447 0.0000000000
98548  -36.720  36.300  45.594 0.0000000000
99316  -40.252  37.860  48.672 0.0000000000
98538  -39.512  37.213  47.074 0.0000000000
133253  -40.245  37.126  46.661 0.0000000000
128874  -40.526  36.777  45.906 0.0000000000
98587  -37.923  36.234  41.660 0.0000000000
119101  -39.446  35.786  43.261 0.0000000000
97799  -39.589  35.283  42.368 0.0000000000
133597  -41.060  34.560  42.767 0.0000000000
117185  -42.338  34.225  43.016 0.0000000000
119202  -41.955  33.954  41.944 0.0000000000
97065  -41.354  34.338  40.585 0.0000000000
105600  -31.604  48.422  40.137 0.0000000000
105057  -32.800  48.960  42.458 0.0000000000
126640  -35.143  53.468  35.231 0.0000000000
107510  -35.096  54.199  36.665 0.0000000000
107033  -34.913  52.651  35.849 0.0000000000
124758  -34.535  51.904  37.117 0.0000000000
106560  -34.004  50.949  37.906 0.0000000000
104552  -34.814  46.536  40.151 0.0000000000
121135  -34.545  47.789  40.593 0.0000000000
104544  -35.172  47.387  41.130 0.0000000000
105068  -35.679  48.202  42.170 0.0000000000
105059  -35.953  48.845  43.243 0.0000000000
105585  -35.671  49.060  44.326 0.0000000000
105060  -36.487  47.981  43.732 0.0000000000
104528  -36.767  47.234  44.212 0.0000000000
103961  -37.140  45.926  44.436 0.0000000000
103429  -38.015  44.610  44.045 0.0000000000
103970  -38.464  44.921  43.405 0.0000000000
135507  -39.472  44.092  42.143 0.0000000000
102440  -40.270  43.003  40.803 0.0000000000
100816  -42.185  39.846  38.352 0.0000000000
100803  -41.255  39.746  38.634 0.0000000000
100083  -43.127  39.298  38.622 0.0000000000
100091  -43.626  38.692  38.260 0.0000000000
99399  -43.676  37.805  38.265 0.0000000000
98616  -43.118  36.913  38.475 0.0000000000
98617  -44.085  36.308  38.129 0.0000000000
97836  -45.067  35.431  37.937 0.0000000000
97825  -45.970  34.252  38.781 0.0000000000
97080  -46.360  33.760  38.805 0.0000000000
97837  -46.441  34.427  38.057 0.0000000000
97854  -47.131  34.134  36.294 0.0000000000
97868  -47.121  34.010  35.272 0.0000000000
99456  -45.681  36.000  29.389 0.0000000000
98679  -46.565  34.981  29.702 0.0000000000
97908  -45.709  34.551  29.135 0.0000000000
97898  -44.546  34.627  29.969 0.0000000000
97890  -43.268  34.838  31.912 0.0000000000
97878  -41.414  34.888  33.733 0.0000000000
97889  -42.048  35.117  32.902 0.0000000000
98656  -40.452  35.448  33.597 0.0000000000
129060  -39.586  35.070  33.750 0.0000000000
101974  -38.425  41.617  31.953 0.0000000000
101485  -38.415  41.358  31.671 0.0000000000
120101  -38.023  40.808  31.372 0.0000000000
100869  -38.231  39.861  31.298 0.0000000000
99430  -36.251  37.543  34.739 0.0000000000
100119  -36.863  37.921  34.168 0.0000000000
131074  -36.434  36.996  35.119 0.0000000000
98642  -36.920  36.513  35.005 0.0000000000
98643  -37.595  36.605  34.706 0.0000000000
97874  -37.566  35.360  34.397 0.0000000000
97140  -37.144  34.786  34.186 0.0000000000
116179  -35.758  33.545  32.144 0.0000000000
126109  -36.179  32.782  29.978 0.0000000000
96494  -34.828  33.290  32.150 0.0000000000
95763  -36.901  32.324  45.222 0.0000000000
130542  -39.373  48.516  26.695 0.0000000000
105708  -40.431  48.742  27.184 0.0000000000
106193  -40.946  48.936  28.093 0.0000000000
105680  -41.187  48.331  28.987 0.0000000000
104650  -41.774  46.838  26.897 0.0000000000
105177  -41.329  47.725  28.359 0.0000000000
105164  -41.036  48.025  29.396 0.0000000000
105163  -40.434  47.785  29.704 0.0000000000
132357  -38.962  47.586  30.397 0.0000000000
105151  -38.024  47.483  30.667 0.0000000000
105150  -36.888  47.217  31.080 0.0000000000
105160  -37.050  47.160  30.066 0.0000000000
104637  -36.416  46.701  29.466 0.0000000000
104642  -35.915  46.250  28.922 0.0000000000
104081  -37.077  45.702  27.268 0.0000000000
104077  -36.225  45.872  28.029 0.0000000000
121548  -38.522  29.979  50.492 0.0000000000
94071  -39.394  29.573  52.378 0.0000000000
94570  -40.468  30.131  52.575 0.0000000000
94571  -41.262  30.771  51.740 0.0000000000
95702  -41.220  31.230  52.799 0.0000000000
95135  -42.145  31.746  52.242 0.0000000000
95728  -41.927  31.405  51.414 0.0000000000
95730  -42.856  32.503  50.940 0.0000000000
134032  -42.853  32.832  49.419 0.0000000000
96378  -42.790  33.323  49.202 0.0000000000
109201  -31.237  55.590  26.493 0.0000000000
109679  -31.574  56.920  27.217 0.0000000000
110149  -33.136  59.269  27.903 0.0000000000
109681  -33.762  58.802  27.847 0.0000000000
104666  -33.543  46.472  25.359 0.0000000000
103053  -35.711  43.244  23.583 0.0000000000
102031  -36.862  42.012  23.216 0.0000000000
101548  -39.024  40.154  22.715 0.0000000000
100931  -40.303  39.964  22.825 0.0000000000
100941  -39.337  39.359  22.538 0.0000000000
100244  -38.683  37.955  21.776 0.0000000000
100056  -36.103  38.828  42.164 0.0000000000
98595  -36.994  37.162  41.712 0.0000000000
99382  -37.049  37.193  40.958 0.0000000000
98604  -37.566  36.819  40.472 0.0000000000
132043  -38.103  36.791  39.900 0.0000000000
107024  -31.539  51.586  36.368 0.0000000000
107018  -31.812  51.678  37.279 0.0000000000
105625  -34.271  48.435  36.511 0.0000000000
105104  -34.494  47.561  36.597 0.0000000000
104564  -33.891  47.019  37.942 0.0000000000
104560  -34.416  46.323  39.107 0.0000000000
103467  -35.002  44.930  37.853 0.0000000000
104005  -34.637  45.564  38.443 0.0000000000
103999  -34.899  45.589  39.375 0.0000000000
103992  -35.547  45.540  40.314 0.0000000000
103993  -36.688  45.063  40.905 0.0000000000
103446  -38.162  44.586  41.307 0.0000000000
103454  -37.273  44.073  40.618 0.0000000000
101924  -37.872  41.420  39.007 0.0000000000
101429  -39.399  40.089  37.923 0.0000000000
100813  -39.103  40.119  36.978 0.0000000000
100814  -40.035  39.924  37.419 0.0000000000
100824  -41.785  40.021  37.330 0.0000000000
100098  -43.541  39.702  37.098 0.0000000000
100099  -43.999  39.136  37.058 0.0000000000
117867  -44.189  38.457  36.437 0.0000000000
99419  -44.053  38.149  35.368 0.0000000000
99433  -44.011  37.606  33.698 0.0000000000
99443  -44.809  37.496  31.842 0.0000000000
124674  -45.022  37.985  30.537 0.0000000000
99449  -45.178  37.530  30.147 0.0000000000
99455  -44.098  37.828  30.330 0.0000000000
99448  -42.523  38.159  31.214 0.0000000000
101483  -36.089  40.399  31.503 0.0000000000
100876  -35.439  39.416  31.773 0.0000000000
100868  -35.346  38.852  32.370 0.0000000000
136823  -35.466  38.439  33.531 0.0000000000
99429  -35.395  37.731  34.758 0.0000000000
123225  -35.192  36.348  35.612 0.0000000000
97863  -34.947  35.473  35.694 0.0000000000
108608  -35.241  55.821  32.225 0.0000000000
109133  -35.438  56.219  33.158 0.0000000000
108609  -35.976  55.275  32.600 0.0000000000
108055  -36.452  54.702  32.963 0.0000000000
107525  -36.122  53.983  33.278 0.0000000000
107548  -37.162  52.645  31.500 0.0000000000
107042  -35.361  52.927  33.845 0.0000000000
107043  -35.389  51.635  33.409 0.0000000000
106572  -35.018  50.849  34.126 0.0000000000
106181  -39.621  49.975  29.033 0.0000000000
106606  -38.798  50.636  30.169 0.0000000000
106595  -38.742  50.484  30.631 0.0000000000
106146  -39.273  49.524  31.111 0.0000000000
106135  -37.945  49.429  32.095 0.0000000000
106134  -36.881  49.804  32.347 0.0000000000
106126  -35.960  49.780  33.115 0.0000000000
106120  -36.192  49.296  34.162 0.0000000000
106112  -35.349  49.300  35.306 0.0000000000
105633  -35.827  48.532  35.558 0.0000000000
105111  -36.150  47.761  35.904 0.0000000000
105106  -36.290  46.936  36.130 0.0000000000
105113  -38.795  47.323  35.675 0.0000000000
104579  -37.221  46.212  36.134 0.0000000000
104019  -37.045  45.358  36.250 0.0000000000
139150  -36.943  44.709  36.321 0.0000000000
102976  -37.247  43.399  36.032 0.0000000000
102477  -37.235  42.220  35.408 0.0000000000
121495  -37.480  41.707  34.891 0.0000000000
102479  -36.953  42.879  35.167 0.0000000000
102480  -37.000  42.425  34.302 0.0000000000
102484  -36.683  42.630  33.199 0.0000000000
102982  -36.273  44.015  34.298 0.0000000000
102492  -36.527  42.399  32.412 0.0000000000
101971  -36.244  41.985  31.928 0.0000000000
104617  -36.179  46.988  31.832 0.0000000000
104616  -35.405  46.523  31.606 0.0000000000
104606  -35.048  45.998  32.221 0.0000000000
104069  -34.560  45.722  30.550 0.0000000000
122895  -34.541  45.358  32.003 0.0000000000
103513  -34.610  44.687  32.501 0.0000000000
94584  -38.598  30.775  49.455 0.0000000000
95158  -37.883  31.305  48.460 0.0000000000
95166  -38.295  31.801  47.756 0.0000000000
95759  -37.613  32.345  45.751 0.0000000000
95765  -38.916  32.541  44.805 0.0000000000
95766  -39.842  32.553  44.752 0.0000000000
133293  -41.162  32.646  45.477 0.0000000000
115682  -40.835  32.544  44.735 0.0000000000
116445  -40.458  32.443  43.893 0.0000000000
95775  -41.271  32.304  43.034 0.0000000000
95791  -42.474  32.221  42.277 0.0000000000
107579  -28.697  52.671  27.672 0.0000000000
108640  -29.549  54.173  28.042 0.0000000000
108114  -29.131  53.322  27.808 0.0000000000
107089  -28.283  51.981  27.801 0.0000000000
107082  -28.605  51.586  28.533 0.0000000000
106623  -29.151  51.227  29.135 0.0000000000
106612  -29.811  50.894  29.674 0.0000000000
107064  -30.553  51.699  30.158 0.0000000000
107065  -31.269  52.113  30.718 0.0000000000
123919  -31.423  53.168  30.748 0.0000000000
108617  -31.382  55.548  30.478 0.0000000000
121002  -31.400  54.415  30.600 0.0000000000
108064  -32.018  54.208  31.272 0.0000000000
125672  -32.670  55.172  31.704 0.0000000000
109145  -33.790  56.454  32.349 0.0000000000
120569  -34.231  56.590  32.249 0.0000000000
109182  -33.229  57.245  28.131 0.0000000000
109181  -32.722  57.154  29.093 0.0000000000
124878  -32.703  56.113  29.350 0.0000000000
108628  -32.764  55.309  29.624 0.0000000000
107575  -32.312  52.247  28.324 0.0000000000
108107  -32.509  54.008  29.077 0.0000000000
108619  -33.681  55.808  30.994 0.0000000000
108082  -34.304  54.845  31.186 0.0000000000
107546  -35.283  53.877  31.366 0.0000000000
107560  -34.710  52.727  30.798 0.0000000000
107067  -35.356  51.933  30.685 0.0000000000
121570  -34.002  50.187  29.740 0.0000000000
106613  -35.047  50.217  30.079 0.0000000000
106166  -35.505  49.613  29.654 0.0000000000
105679  -35.981  49.123  29.066 0.0000000000
105691  -36.550  48.719  28.217 0.0000000000
105706  -37.684  48.667  27.564 0.0000000000
104655  -33.890  46.957  25.982 0.0000000000
104656  -34.804  47.140  25.935 0.0000000000
105196  -35.785  47.358  25.912 0.0000000000
133643  -36.500  45.341  24.362 0.0000000000
104669  -36.253  46.778  25.091 0.0000000000
105197  -36.552  47.775  26.361 0.0000000000
105714  -37.323  48.135  26.634 0.0000000000
105715  -38.315  48.369  26.735 0.0000000000
105199  -39.039  48.080  26.063 0.0000000000
130671  -40.069  47.637  25.508 0.0000000000
104672  -41.229  46.402  24.779 0.0000000000
104114  -41.382  45.321  24.481 0.0000000000
104115  -42.014  45.284  24.897 0.0000000000
134324  -41.947  44.509  25.052 0.0000000000
102555  -40.731  43.084  25.046 0.0000000000
114795  -41.014  39.066  24.359 0.0000000000
100209  -39.386  38.573  24.599 0.0000000000
100234  -41.406  38.428  22.823 0.0000000000
99526  -42.017  36.934  22.983 0.0000000000
98774  -41.868  35.996  22.843 0.0000000000
96996  -41.679  34.702  49.853 0.0000000000
98510  -40.574  37.823  48.906 0.0000000000
97734  -41.410  35.738  49.337 0.0000000000
96997  -41.886  34.637  49.843 0.0000000000
97014  -41.867  35.240  49.288 0.0000000000
97015  -42.456  34.465  48.830 0.0000000000
97022  -43.075  33.651  48.110 0.0000000000
98563  -38.667  36.291  44.379 0.0000000000
97784  -40.219  36.395  44.951 0.0000000000
97775  -41.123  36.502  45.575 0.0000000000
118723  -40.206  35.832  43.942 0.0000000000
97776  -41.858  36.544  46.252 0.0000000000
138134  -43.733  34.593  46.749 0.0000000000
96383  -43.796  33.204  47.222 0.0000000000
96387  -44.750  32.997  46.356 0.0000000000
95757  -45.514  32.861  45.585 0.0000000000
95762  -45.932  32.748  44.834 0.0000000000
117277  -45.185  33.546  43.575 0.0000000000
95779  -46.084  32.772  43.277 0.0000000000
117692  -44.576  32.449  43.300 0.0000000000
95777  -43.865  32.341  42.493 0.0000000000
117724  -44.034  32.467  41.768 0.0000000000
103983  -32.444  46.022  41.851 0.0000000000
103974  -32.767  45.448  42.951 0.0000000000
103426  -33.613  45.750  44.011 0.0000000000
108585  -35.075  55.952  34.386 0.0000000000
108028  -34.359  54.864  35.860 0.0000000000
108559  -34.799  54.614  36.917 0.0000000000
108017  -34.450  54.727  36.959 0.0000000000
107495  -33.063  53.368  38.291 0.0000000000
107012  -32.623  52.486  38.358 0.0000000000
114809  -32.843  51.304  39.127 0.0000000000
105624  -33.762  48.915  37.139 0.0000000000
133670  -33.569  49.623  37.831 0.0000000000
130898  -33.503  50.541  39.072 0.0000000000
105075  -34.096  48.686  40.241 0.0000000000
105601  -34.120  50.942  40.278 0.0000000000
118360  -33.821  50.836  39.629 0.0000000000
114742  -33.606  51.615  39.879 0.0000000000
114803  -33.456  51.518  40.232 0.0000000000
114804  -32.790  50.714  40.215 0.0000000000
114805  -32.520  50.060  41.376 0.0000000000
105058  -33.760  48.667  43.672 0.0000000000
105557  -34.987  49.242  45.110 0.0000000000
105052  -34.652  48.923  44.937 0.0000000000
104526  -34.081  47.446  45.082 0.0000000000
103966  -33.779  46.543  44.792 0.0000000000
137499  -36.763  41.923  43.108 0.0000000000
102916  -37.931  43.808  44.011 0.0000000000
102431  -37.486  42.456  43.192 0.0000000000
101905  -37.003  41.270  42.017 0.0000000000
101396  -37.220  40.389  40.745 0.0000000000
99389  -37.867  37.583  39.777 0.0000000000
98609  -38.748  36.414  39.736 0.0000000000
120832  -40.014  42.835  40.544 0.0000000000
128945  -39.563  42.711  40.591 0.0000000000
101406  -38.920  41.021  39.727 0.0000000000
118630  -40.553  39.686  38.791 0.0000000000
124685  -40.221  39.353  39.160 0.0000000000
100789  -38.874  39.987  39.445 0.0000000000
100074  -39.530  38.262  39.296 0.0000000000
99391  -39.305  37.180  39.383 0.0000000000
136815  -39.253  35.829  39.864 0.0000000000
97817  -39.981  35.685  39.730 0.0000000000
97070  -41.912  34.514  39.956 0.0000000000
97822  -42.740  35.840  38.815 0.0000000000
130054  -42.301  34.778  39.574 0.0000000000
97066  -43.980  33.683  40.164 0.0000000000
96413  -44.677  32.840  40.339 0.0000000000
95813  -43.148  32.453  40.662 0.0000000000
95802  -42.707  32.323  41.060 0.0000000000
95812  -41.998  32.685  40.456 0.0000000000
96420  -41.958  32.983  39.885 0.0000000000
137724  -42.094  33.395  39.248 0.0000000000
96449  -45.564  33.170  38.917 0.0000000000
97077  -41.444  33.797  38.361 0.0000000000
97096  -41.571  33.984  37.626 0.0000000000
97880  -46.584  34.426  34.039 0.0000000000
97148  -46.558  34.065  34.041 0.0000000000
97892  -46.507  34.333  31.048 0.0000000000
125586  -46.150  34.051  32.561 0.0000000000
97133  -44.552  34.113  34.826 0.0000000000
97131  -41.956  34.452  35.710 0.0000000000
97111  -39.083  34.354  36.589 0.0000000000
97112  -39.723  34.452  36.203 0.0000000000
97129  -39.278  34.342  35.559 0.0000000000
97143  -40.136  34.657  34.047 0.0000000000
96481  -39.347  33.871  33.919 0.0000000000
101453  -39.011  41.008  33.615 0.0000000000
101454  -39.622  41.311  32.446 0.0000000000
101471  -41.175  41.293  31.810 0.0000000000
101470  -39.227  41.347  31.772 0.0000000000
122831  -40.933  41.047  31.441 0.0000000000
101487  -41.967  40.847  31.120 0.0000000000
100881  -42.078  40.199  30.882 0.0000000000
100153  -42.384  39.317  30.935 0.0000000000
99447  -41.196  37.933  32.264 0.0000000000
100130  -37.464  38.220  33.494 0.0000000000
100131  -38.005  38.501  32.568 0.0000000000
100133  -40.133  38.005  32.769 0.0000000000
134013  -40.767  37.305  33.067 0.0000000000
98655  -39.939  36.184  33.748 0.0000000000
97154  -39.178  34.308  33.236 0.0000000000
97153  -37.917  34.415  33.453 0.0000000000
127370  -38.548  34.221  33.072 0.0000000000
96487  -39.590  33.920  32.928 0.0000000000
95121  -41.748  31.647  52.379 0.0000000000
95134  -41.571  31.085  52.572 0.0000000000
95714  -41.512  32.047  52.387 0.0000000000
95761  -45.064  32.607  45.322 0.0000000000
95768  -45.456  32.595  44.136 0.0000000000
95769  -46.224  32.855  43.880 0.0000000000
95778  -45.809  32.687  43.153 0.0000000000
95801  -41.363  32.339  41.363 0.0000000000
95804  -43.558  32.372  40.705 0.0000000000
95814  -43.413  32.383  40.732 0.0000000000
95815  -43.425  32.288  40.851 0.0000000000
95819  -42.490  32.785  40.019 0.0000000000
95820  -43.127  32.666  39.972 0.0000000000
95821  -43.407  32.532  40.356 0.0000000000
96389  -45.501  33.181  45.710 0.0000000000
96390  -46.047  32.905  44.916 0.0000000000
96393  -45.493  32.735  42.734 0.0000000000
96394  -46.167  32.950  43.481 0.0000000000
96396  -44.422  33.162  41.168 0.0000000000
96405  -43.842  32.432  40.844 0.0000000000
96414  -43.945  32.518  40.378 0.0000000000
96430  -45.910  33.425  39.179 0.0000000000
96447  -42.682  33.521  38.647 0.0000000000
96450  -46.481  33.726  38.611 0.0000000000
96470  -38.709  33.809  34.935 0.0000000000
96471  -39.553  34.315  34.354 0.0000000000
96504  -38.927  33.705  30.336 0.0000000000
97029  -43.566  34.227  47.298 0.0000000000
97030  -44.470  33.739  46.515 0.0000000000
97041  -45.319  33.728  44.621 0.0000000000
97055  -39.777  34.914  41.507 0.0000000000
97058  -44.680  33.125  40.552 0.0000000000
97064  -40.041  34.794  40.795 0.0000000000
97067  -44.563  32.981  40.044 0.0000000000
97076  -40.533  34.090  37.789 0.0000000000
97099  -46.856  33.845  38.153 0.0000000000
97114  -41.762  34.235  36.696 0.0000000000
97118  -47.212  33.903  36.331 0.0000000000
97127  -35.451  34.942  35.308 0.0000000000
97134  -46.835  33.776  35.247 0.0000000000
97141  -38.884  34.731  33.621 0.0000000000
97144  -40.598  34.612  34.862 0.0000000000
97158  -45.754  33.964  30.663 0.0000000000
97749  -40.778  37.249  49.154 0.0000000000
97751  -42.101  35.818  48.650 0.0000000000
97757  -42.720  34.955  47.937 0.0000000000
97785  -41.996  35.034  44.261 0.0000000000
97798  -38.838  35.826  42.577 0.0000000000
97805  -38.399  35.733  41.130 0.0000000000
97838  -47.097  33.988  37.270 0.0000000000
97865  -36.715  35.820  35.049 0.0000000000
97866  -37.651  35.970  34.651 0.0000000000
97876  -40.046  35.239  33.673 0.0000000000
97888  -41.132  35.261  33.424 0.0000000000
97891  -44.510  34.243  30.843 0.0000000000
97899  -46.161  34.048  29.711 0.0000000000
98525  -41.328  37.467  48.167 0.0000000000
98526  -42.088  36.732  47.580 0.0000000000
98550  -38.187  36.287  45.228 0.0000000000
98551  -39.771  36.742  45.893 0.0000000000
98561  -36.383  36.265  44.743 0.0000000000
98586  -37.461  36.677  42.168 0.0000000000
98596  -37.422  36.653  41.282 0.0000000000
98610  -39.613  36.460  39.475 0.0000000000
98612  -41.301  36.342  39.140 0.0000000000
98644  -45.325  36.061  35.413 0.0000000000
98654  -39.305  36.075  33.977 0.0000000000
98687  -45.246  35.579  29.332 0.0000000000
98765  -41.920  36.613  23.088 0.0000000000
99317  -40.688  37.883  48.601 0.0000000000
99381  -36.616  37.787  41.237 0.0000000000
99390  -38.630  37.409  39.513 0.0000000000
99398  -43.113  38.466  38.647 0.0000000000
99511  -40.301  37.283  24.180 0.0000000000
99513  -42.143  38.376  23.817 0.0000000000
99519  -41.385  37.011  23.679 0.0000000000
100066  -37.190  38.804  40.144 0.0000000000
100072  -37.794  38.527  39.757 0.0000000000
100128  -35.843  38.546  32.945 0.0000000000
100141  -38.869  39.805  31.248 0.0000000000
100144  -41.497  38.639  31.527 0.0000000000
100154  -44.427  38.306  30.397 0.0000000000
100211  -41.739  38.548  24.157 0.0000000000
100212  -42.354  38.854  23.903 0.0000000000
100232  -38.365  38.775  22.112 0.0000000000
100235  -41.938  38.069  23.191 0.0000000000
100761  -36.241  39.500  41.892 0.0000000000
100776  -38.610  40.299  39.677 0.0000000000
100788  -38.041  39.437  39.787 0.0000000000
100790  -39.899  39.821  38.864 0.0000000000
100791  -41.076  39.422  39.035 0.0000000000
100804  -41.969  39.560  38.924 0.0000000000
100805  -42.634  39.603  38.739 0.0000000000
100815  -41.078  39.891  37.936 0.0000000000
100817  -42.948  39.724  38.384 0.0000000000
100823  -40.742  39.918  37.017 0.0000000000
100833  -43.194  39.999  36.368 0.0000000000
100845  -42.543  40.343  34.360 0.0000000000
100858  -42.687  40.758  32.855 0.0000000000
100870  -43.262  40.281  30.837 0.0000000000
100877  -36.453  39.566  31.616 0.0000000000
100933  -42.219  39.693  23.733 0.0000000000
100934  -42.477  39.124  23.988 0.0000000000
100942  -40.835  39.188  22.799 0.0000000000
101408  -39.254  40.252  38.989 0.0000000000
101428  -38.510  40.371  37.484 0.0000000000
101432  -38.338  40.498  36.609 0.0000000000
101433  -38.895  40.253  36.221 0.0000000000
101436  -37.834  40.979  36.214 0.0000000000
101444  -39.465  40.497  34.465 0.0000000000
101455  -40.701  41.131  32.686 0.0000000000
101457  -42.513  41.096  31.802 0.0000000000
101472  -41.905  41.182  31.510 0.0000000000
101486  -39.918  41.091  31.533 0.0000000000
101488  -42.733  40.507  30.849 0.0000000000
101906  -37.322  41.876  42.633 0.0000000000
101911  -38.216  41.879  41.482 0.0000000000
101925  -38.739  40.941  39.287 0.0000000000
101931  -37.214  41.538  38.305 0.0000000000
101932  -37.923  41.018  38.544 0.0000000000
101947  -37.218  42.101  36.249 0.0000000000
101954  -38.251  41.392  33.737 0.0000000000
101973  -37.834  41.778  31.926 0.0000000000
102439  -39.557  42.873  40.610 0.0000000000
102452  -37.631  42.019  39.389 0.0000000000
102483  -36.005  43.055  33.006 0.0000000000
102556  -41.938  43.296  24.443 0.0000000000
102561  -36.266  42.627  23.380 0.0000000000
102563  -40.573  43.016  23.532 0.0000000000
102925  -37.523  43.112  43.745 0.0000000000
102926  -38.536  43.325  42.783 0.0000000000
102927  -39.787  43.558  41.843 0.0000000000
102932  -40.348  43.239  41.184 0.0000000000
102938  -38.097  43.113  40.333 0.0000000000
102949  -35.819  43.457  38.500 0.0000000000
102950  -36.479  42.699  38.900 0.0000000000
103040  -41.790  43.660  24.853 0.0000000000
103046  -42.247  43.740  24.206 0.0000000000
103047  -42.370  43.406  23.992 0.0000000000
103048  -42.150  43.404  23.782 0.0000000000
103058  -42.211  43.344  23.858 0.0000000000
103421  -37.275  45.379  44.311 0.0000000000
103430  -38.927  44.568  42.570 0.0000000000
103447  -39.779  43.875  41.472 0.0000000000
103455  -39.179  43.560  40.845 0.0000000000
103468  -35.349  44.204  38.194 0.0000000000
103483  -37.332  44.133  36.029 0.0000000000
103507  -35.060  44.782  33.071 0.0000000000
103544  -38.596  44.157  25.764 0.0000000000
103563  -38.408  44.825  24.106 0.0000000000
103968  -36.591  45.419  44.435 0.0000000000
103969  -37.821  45.390  44.012 0.0000000000
103976  -37.622  46.254  42.061 0.0000000000
103987  -39.346  44.410  41.981 0.0000000000
104011  -34.706  45.663  37.564 0.0000000000
104018  -35.965  45.239  36.632 0.0000000000
104062  -34.235  45.250  31.200 0.0000000000
104088  -41.906  45.740  25.369 0.0000000000
104116  -42.025  45.512  24.979 0.0000000000
104518  -34.555  47.728  45.877 0.0000000000
104519  -34.737  47.575  46.004 0.0000000000
104520  -35.566  47.276  45.661 0.0000000000
104529  -37.507  46.264  43.875 0.0000000000
104537  -37.547  46.588  42.510 0.0000000000
104538  -38.056  46.183  42.972 0.0000000000
104565  -34.244  46.273  38.173 0.0000000000
104571  -34.131  47.180  37.194 0.0000000000
104584  -38.324  46.428  35.888 0.0000000000
104585  -39.001  46.664  35.448 0.0000000000
104587  -39.826  47.443  34.877 0.0000000000
104635  -34.952  45.976  29.845 0.0000000000
104638  -37.267  46.955  29.235 0.0000000000
104647  -37.157  46.276  27.909 0.0000000000
104651  -41.855  46.991  26.683 0.0000000000
104653  -32.152  47.036  25.721 0.0000000000
104654  -32.947  46.883  25.957 0.0000000000
104660  -41.799  46.535  26.035 0.0000000000
104661  -41.671  46.918  25.762 0.0000000000
104667  -34.471  46.596  25.329 0.0000000000
104670  -37.295  46.768  24.939 0.0000000000
104678  -35.766  46.293  24.788 0.0000000000
104682  -41.783  45.739  24.760 0.0000000000
105039  -34.922  48.340  45.984 0.0000000000
105041  -35.538  47.931  45.685 0.0000000000
105073  -31.596  47.778  40.703 0.0000000000
105074  -31.902  48.878  41.076 0.0000000000
105103  -33.871  48.017  37.152 0.0000000000
105114  -39.545  47.401  35.222 0.0000000000
105125  -38.716  47.024  33.997 0.0000000000
105126  -39.824  47.597  33.884 0.0000000000
105153  -40.219  48.282  30.839 0.0000000000
105161  -38.034  47.353  29.832 0.0000000000
105162  -39.231  47.506  29.745 0.0000000000
105178  -41.527  47.759  27.806 0.0000000000
105184  -33.588  47.711  27.365 0.0000000000
105186  -35.799  47.879  26.845 0.0000000000
105189  -41.471  47.177  27.637 0.0000000000
105190  -41.610  47.302  27.363 0.0000000000
105192  -31.774  47.671  25.981 0.0000000000
105201  -41.496  47.508  26.341 0.0000000000
105202  -41.694  47.397  26.820 0.0000000000
105208  -41.206  46.984  25.180 0.0000000000
105558  -35.182  48.705  45.484 0.0000000000
105570  -35.051  50.261  44.300 0.0000000000
105571  -35.073  49.873  44.562 0.0000000000
105582  -33.007  50.552  42.109 0.0000000000
105618  -31.369  48.939  37.136 0.0000000000
105632  -34.742  49.070  35.945 0.0000000000
105635  -39.249  48.012  35.349 0.0000000000
105643  -39.876  48.054  34.668 0.0000000000
105644  -39.933  47.825  34.648 0.0000000000
105650  -37.522  48.804  34.567 0.0000000000
105652  -39.680  48.300  33.940 0.0000000000
105658  -39.574  48.393  32.495 0.0000000000
105671  -40.495  48.757  30.288 0.0000000000
105677  -33.993  48.899  29.080 0.0000000000
105694  -41.399  48.255  28.144 0.0000000000
105702  -32.391  48.472  27.555 0.0000000000
105703  -33.144  48.192  27.885 0.0000000000
105707  -39.059  48.866  27.421 0.0000000000
105709  -41.276  48.338  27.377 0.0000000000
105718  -41.486  47.911  26.867 0.0000000000
106052  -35.019  50.823  43.998 0.0000000000
106061  -33.982  51.699  42.168 0.0000000000
106063  -34.845  51.162  43.257 0.0000000000
106074  -34.244  51.621  42.144 0.0000000000
106091  -32.015  49.371  38.751 0.0000000000
106097  -32.149  50.422  38.092 0.0000000000
106098  -33.719  50.487  38.146 0.0000000000
106104  -33.872  49.931  37.162 0.0000000000
106136  -39.033  49.051  31.931 0.0000000000
106144  -37.661  50.195  31.597 0.0000000000
106145  -38.396  49.947  31.321 0.0000000000
106155  -40.597  49.193  29.765 0.0000000000
106164  -33.576  49.545  29.197 0.0000000000
106165  -34.463  49.496  29.525 0.0000000000
106169  -39.403  50.277  29.754 0.0000000000
106178  -33.330  49.055  28.777 0.0000000000
106179  -37.161  49.426  29.009 0.0000000000
106182  -40.522  49.469  28.743 0.0000000000
106183  -41.078  48.828  28.673 0.0000000000
106197  -31.581  49.434  26.413 0.0000000000
106534  -33.584  51.648  40.741 0.0000000000
106554  -32.356  51.477  38.236 0.0000000000
106556  -34.338  51.917  38.226 0.0000000000
106565  -31.265  50.928  36.438 0.0000000000
106594  -38.182  51.144  30.966 0.0000000000
106615  -37.575  50.835  30.094 0.0000000000
106624  -32.525  50.511  28.582 0.0000000000
106640  -31.996  50.724  26.407 0.0000000000
107007  -33.299  52.221  39.333 0.0000000000
107008  -34.045  52.502  39.520 0.0000000000
107013  -34.201  52.710  39.075 0.0000000000
107034  -34.962  52.041  34.530 0.0000000000
107056  -31.745  51.758  31.357 0.0000000000
107058  -37.912  51.564  30.839 0.0000000000
107075  -29.782  51.733  29.523 0.0000000000
107083  -29.147  52.070  28.911 0.0000000000
107496  -33.914  53.543  38.689 0.0000000000
107509  -33.585  54.145  36.383 0.0000000000
107536  -36.777  53.800  32.340 0.0000000000
107545  -32.325  52.493  31.862 0.0000000000
107558  -32.904  53.311  29.822 0.0000000000
107573  -28.781  52.358  28.309 0.0000000000
107580  -29.021  52.947  28.182 0.0000000000
108004  -34.239  54.064  37.851 0.0000000000
108018  -35.155  55.063  36.430 0.0000000000
108019  -35.166  55.317  35.799 0.0000000000
108030  -35.348  55.080  35.039 0.0000000000
108056  -36.524  54.288  32.316 0.0000000000
108066  -35.041  55.156  31.691 0.0000000000
108094  -29.573  53.421  29.050 0.0000000000
108095  -30.065  54.039  29.452 0.0000000000
108586  -35.299  55.499  34.565 0.0000000000
108596  -33.184  55.501  32.241 0.0000000000
108598  -36.307  54.969  32.818 0.0000000000
108607  -34.441  56.289  31.840 0.0000000000
108666  -29.796  53.924  25.792 0.0000000000
109132  -35.004  56.495  33.402 0.0000000000
109146  -34.858  56.551  32.813 0.0000000000
109147  -35.389  56.187  32.746 0.0000000000
109172  -30.542  56.164  29.622 0.0000000000
109173  -33.010  56.834  30.534 0.0000000000
109195  -32.788  55.885  28.393 0.0000000000
109649  -31.620  58.161  30.443 0.0000000000
109656  -32.346  58.256  30.564 0.0000000000
109667  -32.973  58.578  28.759 0.0000000000
109680  -32.513  58.398  27.521 0.0000000000
109682  -34.694  58.911  27.137 0.0000000000
110118  -32.147  59.524  30.399 0.0000000000
110126  -31.407  59.050  30.141 0.0000000000
110607  -31.979  59.974  30.353 0.0000000000
110614  -31.995  60.105  30.346 0.0000000000
110615  -32.062  60.151  30.115 0.0000000000
110623  -32.463  60.005  29.237 0.0000000000
110631  -32.945  59.461  28.444 0.0000000000
114733  -41.104  40.503  23.017 0.0000000000
114737  -41.882  42.141  23.700 0.0000000000
114738  -42.037  42.344  23.873 0.0000000000
114740  -32.933  51.152  39.712 0.0000000000
114741  -33.504  49.245  38.961 0.0000000000
114821  -33.907  51.862  40.500 0.0000000000
114987  -42.214  39.769  23.986 0.0000000000
115047  -35.038  47.582  26.681 0.0000000000
115073  -46.479  34.814  32.564 0.0000000000
115094  -32.576  50.302  39.410 0.0000000000
116029  -37.881  36.324  44.171 0.0000000000
116115  -42.920  39.996  37.549 0.0000000000
116253  -39.350  39.468  39.354 0.0000000000
117849  -44.143  32.652  40.089 0.0000000000
118109  -32.175  50.688  27.921 0.0000000000
119761  -26.751  50.629  27.265 0.0000000000
119865  -32.629  57.561  30.864 0.0000000000
121239  -39.850  47.584  34.437 0.0000000000
121387  -33.054  45.301  43.419 0.0000000000
121765  -42.594  32.419  49.287 0.0000000000
123287  -38.426  35.868  41.936 0.0000000000
123475  -44.509  32.734  41.392 0.0000000000
123489  -46.109  33.814  34.219 0.0000000000
123498  -38.903  50.394  29.619 0.0000000000
123648  -37.205  47.708  26.005 0.0000000000
123865  -42.517  32.625  40.409 0.0000000000
124019  -31.231  47.629  39.350 0.0000000000
126325  -44.647  33.150  40.782 0.0000000000
127525  -38.547  34.017  35.718 0.0000000000
128564  -40.986  47.706  29.042 0.0000000000
128698  -31.600  49.865  37.338 0.0000000000
129034  -38.921  40.291  38.392 0.0000000000
129157  -34.876  44.695  24.197 0.0000000000
129224  -41.998  44.746  24.709 0.0000000000
129364  -33.760  55.666  32.824 0.0000000000
129415  -39.576  34.094  33.634 0.0000000000
129607  -36.691  41.977  37.801 0.0000000000
129832  -37.172  53.159  31.871 0.0000000000
129890  -35.312  56.052  33.750 0.0000000000
129929  -36.182  47.417  45.087 0.0000000000
130342  -32.745  51.147  29.138 0.0000000000
130442  -38.798  47.467  25.440 0.0000000000
130497  -33.797  54.248  37.429 0.0000000000
130677  -35.973  55.809  32.992 0.0000000000
130734  -33.509  48.753  38.050 0.0000000000
130779  -34.577  53.831  37.683 0.0000000000
130820  -37.309  41.296  37.611 0.0000000000
130873  -32.231  49.638  40.620 0.0000000000
130907  -32.966  51.155  39.982 0.0000000000
131845  -38.013  42.252  23.318 0.0000000000
132177  -40.999  37.109  46.732 0.0000000000
132413  -43.366  39.842  35.825 0.0000000000
134312  -40.467  43.164  40.867 0.0000000000
134397  -36.723  39.057  40.583 0.0000000000
134988  -41.285  34.610  35.098 0.0000000000
135036  -31.431  59.510  29.734 0.0000000000
135191  -36.531  54.144  32.421 0.0000000000
135260  -45.867  33.332  45.102 0.0000000000
135278  -37.923  41.331  34.560 0.0000000000
135700  -35.621  49.452  34.823 0.0000000000
135777  -41.041  30.557  52.472 0.0000000000
136574  -39.662  48.098  35.015 0.0000000000
137032  -30.190  51.244  29.883 0.0000000000
137742  -34.442  48.765  40.888 0.0000000000
137811  -34.138  49.212  36.540 0.0000000000
137986  -34.668  51.887  36.199 0.0000000000
138982  -45.947  33.373  43.864 0.0000000000
139044  -44.758  36.782  36.797 0.0000000000
139164  -32.831  50.801  40.913 0.0000000000
