#!ascii label  , from subject sub-v1s5x0050738_ses-1 vox2ras=TkReg
1019
97875  47.375  32.170  22.902 0.0000000000
99300  52.572  34.230  26.667 0.0000000000
121792  48.083  29.371  25.752 0.0000000000
97854  42.087  31.861  26.482 0.0000000000
95953  40.744  28.528  22.220 0.0000000000
101669  50.210  37.765  23.679 0.0000000000
101571  51.351  38.260  31.028 0.0000000000
103667  48.155  40.172  25.305 0.0000000000
95909  46.313  29.519  31.668 0.0000000000
93677  45.407  25.641  34.848 0.0000000000
98580  53.912  33.857  21.681 0.0000000000
126952  48.899  26.344  18.909 0.0000000000
97231  54.003  30.610  25.376 0.0000000000
98516  49.256  33.712  29.618 0.0000000000
125622  48.105  45.394  20.750 0.0000000000
125608  53.766  40.095  24.586 0.0000000000
122883  43.353  27.677  28.831 0.0000000000
97247  44.724  32.157  24.725 0.0000000000
96579  41.349  30.128  24.375 0.0000000000
96595  44.773  30.134  24.064 0.0000000000
100143  49.174  34.985  22.603 0.0000000000
137261  45.905  34.548  23.959 0.0000000000
104226  48.848  41.440  29.028 0.0000000000
95874  47.158  29.641  34.382 0.0000000000
94700  49.170  28.393  35.298 0.0000000000
95825  51.429  30.022  38.098 0.0000000000
104853  49.780  42.160  17.467 0.0000000000
99315  54.899  34.601  23.502 0.0000000000
97259  55.261  30.205  22.930 0.0000000000
97831  56.220  30.946  27.104 0.0000000000
100007  51.932  35.551  35.570 0.0000000000
98476  51.386  33.770  31.601 0.0000000000
100044  49.188  35.206  33.284 0.0000000000
99255  45.738  34.336  30.503 0.0000000000
100848  50.612  36.933  26.923 0.0000000000
103057  50.396  39.904  24.867 0.0000000000
100857  52.614  36.716  25.886 0.0000000000
100874  54.503  36.790  23.202 0.0000000000
95376  49.581  27.741  23.217 0.0000000000
94797  45.086  27.181  23.341 0.0000000000
94778  47.214  26.732  26.957 0.0000000000
95363  39.001  27.840  23.185 0.0000000000
95343  39.650  27.806  26.174 0.0000000000
135409  52.173  41.228  22.031 0.0000000000
103688  48.817  40.250  22.405 0.0000000000
100076  50.769  35.802  29.274 0.0000000000
99269  55.085  33.898  29.997 0.0000000000
105367  43.326  43.412  23.726 0.0000000000
105365  46.042  43.792  23.787 0.0000000000
102357  48.468  38.379  28.301 0.0000000000
95930  46.330  29.519  28.743 0.0000000000
94734  46.932  27.469  30.022 0.0000000000
94721  47.402  27.901  32.150 0.0000000000
93660  48.686  25.414  37.026 0.0000000000
97892  50.638  32.352  21.453 0.0000000000
131093  48.767  29.691  21.207 0.0000000000
96631  52.870  28.681  20.001 0.0000000000
95978  52.748  27.993  21.762 0.0000000000
97254  50.432  30.839  23.803 0.0000000000
97804  55.717  31.527  30.120 0.0000000000
97833  51.751  31.998  27.691 0.0000000000
123998  48.074  32.492  26.705 0.0000000000
97826  45.891  32.442  28.405 0.0000000000
96549  43.931  31.129  30.801 0.0000000000
105404  47.952  44.152  17.711 0.0000000000
130563  50.752  43.839  20.771 0.0000000000
105360  50.961  43.970  23.201 0.0000000000
104823  53.538  42.337  22.886 0.0000000000
102417  53.576  38.814  23.119 0.0000000000
100132  51.793  35.774  23.392 0.0000000000
95388  44.294  27.196  20.545 0.0000000000
95350  42.743  27.850  25.084 0.0000000000
94749  40.859  27.328  29.636 0.0000000000
94241  44.054  26.780  30.944 0.0000000000
97256  46.014  32.055  23.875 0.0000000000
97246  45.277  31.534  24.345 0.0000000000
97255  46.688  31.593  23.331 0.0000000000
98584  47.905  33.908  22.649 0.0000000000
133375  47.732  34.780  22.804 0.0000000000
98574  46.734  33.546  23.428 0.0000000000
98566  45.396  33.425  24.372 0.0000000000
119535  47.348  29.670  36.897 0.0000000000
95845  48.983  29.656  36.369 0.0000000000
95809  49.524  30.187  39.138 0.0000000000
94261  38.860  26.387  27.137 0.0000000000
98559  53.879  33.643  25.266 0.0000000000
126749  54.943  32.526  25.614 0.0000000000
98541  53.697  33.479  27.228 0.0000000000
99976  50.308  35.949  37.010 0.0000000000
100027  50.344  35.425  34.338 0.0000000000
100107  51.543  35.681  26.798 0.0000000000
101624  51.315  37.436  26.396 0.0000000000
100106  52.172  35.058  26.291 0.0000000000
100115  53.767  35.171  24.719 0.0000000000
95962  48.786  28.359  24.830 0.0000000000
94787  47.909  27.135  25.463 0.0000000000
136231  48.068  27.386  26.829 0.0000000000
97840  40.889  32.161  27.297 0.0000000000
97215  40.610  31.003  26.781 0.0000000000
122116  40.518  29.138  22.698 0.0000000000
96589  40.533  29.316  22.867 0.0000000000
138677  40.067  27.983  22.714 0.0000000000
95354  39.187  27.548  24.271 0.0000000000
95353  40.178  27.937  25.078 0.0000000000
103071  51.130  39.166  22.968 0.0000000000
103687  50.390  40.474  22.234 0.0000000000
103072  49.783  39.109  23.163 0.0000000000
98552  43.145  33.343  25.883 0.0000000000
97855  41.512  32.589  26.922 0.0000000000
100801  50.716  36.724  30.270 0.0000000000
100066  51.953  35.847  30.428 0.0000000000
100792  52.595  37.227  31.591 0.0000000000
103627  50.317  40.208  29.913 0.0000000000
131044  48.523  40.132  28.926 0.0000000000
102346  49.346  38.452  29.590 0.0000000000
100811  49.687  37.004  29.339 0.0000000000
95917  45.998  29.531  30.459 0.0000000000
95923  46.921  28.947  30.143 0.0000000000
95308  47.442  28.542  32.080 0.0000000000
94695  50.176  27.774  36.702 0.0000000000
94698  48.950  27.407  35.879 0.0000000000
93658  50.112  25.616  37.653 0.0000000000
97891  51.805  32.448  21.388 0.0000000000
97269  50.997  31.234  21.200 0.0000000000
97267  53.515  31.163  21.011 0.0000000000
97240  55.399  29.701  24.903 0.0000000000
96611  55.234  28.475  22.692 0.0000000000
96602  53.368  29.988  23.167 0.0000000000
133139  52.084  30.150  22.954 0.0000000000
97243  52.072  31.402  24.376 0.0000000000
99227  56.096  33.710  32.336 0.0000000000
97802  56.266  32.027  30.251 0.0000000000
98474  55.409  32.921  32.344 0.0000000000
98497  50.586  33.354  30.378 0.0000000000
97814  51.438  32.422  29.468 0.0000000000
98529  49.971  32.966  28.425 0.0000000000
97835  49.541  32.671  26.886 0.0000000000
98543  48.207  33.117  27.792 0.0000000000
97838  47.062  32.749  27.679 0.0000000000
123149  47.060  33.653  28.862 0.0000000000
99257  44.120  34.016  30.924 0.0000000000
97806  44.443  32.807  30.115 0.0000000000
105946  47.878  45.427  19.833 0.0000000000
105399  48.629  43.481  19.297 0.0000000000
105935  49.539  44.865  21.609 0.0000000000
104249  46.872  41.632  25.208 0.0000000000
105364  46.849  43.895  23.874 0.0000000000
129911  48.140  42.478  24.337 0.0000000000
103674  52.391  40.376  24.551 0.0000000000
104261  50.893  41.360  24.157 0.0000000000
104260  52.347  41.302  24.160 0.0000000000
105359  52.355  43.671  22.896 0.0000000000
104258  53.840  41.317  23.686 0.0000000000
103088  53.945  40.262  23.061 0.0000000000
102402  54.256  39.334  23.944 0.0000000000
99323  54.771  35.319  22.431 0.0000000000
100131  54.432  36.147  22.701 0.0000000000
141929  52.737  33.892  22.025 0.0000000000
99339  50.823  34.314  22.382 0.0000000000
95996  49.855  27.352  19.064 0.0000000000
95981  46.949  28.649  21.342 0.0000000000
95395  47.108  26.801  19.592 0.0000000000
94780  44.873  27.467  25.622 0.0000000000
141166  44.005  27.579  24.699 0.0000000000
95339  43.142  28.000  26.733 0.0000000000
95332  41.721  28.209  27.972 0.0000000000
94758  42.305  27.902  28.883 0.0000000000
94219  45.720  26.788  32.682 0.0000000000
94728  45.123  26.756  30.899 0.0000000000
94220  44.759  26.467  32.494 0.0000000000
122593  43.653  31.975  25.529 0.0000000000
97225  42.244  30.737  25.684 0.0000000000
97236  43.786  30.971  25.150 0.0000000000
96596  43.844  30.110  24.299 0.0000000000
96597  42.545  29.506  23.053 0.0000000000
100878  49.223  36.402  23.408 0.0000000000
98560  44.244  33.439  25.166 0.0000000000
132204  46.353  29.714  32.843 0.0000000000
95301  47.735  28.963  32.896 0.0000000000
95873  48.102  29.308  34.287 0.0000000000
95280  49.897  29.232  36.131 0.0000000000
98571  55.050  33.866  22.375 0.0000000000
97881  54.530  32.581  21.749 0.0000000000
98564  55.137  32.475  23.350 0.0000000000
97866  55.540  30.712  24.532 0.0000000000
97221  55.782  30.194  26.347 0.0000000000
119308  53.240  35.274  34.799 0.0000000000
98462  53.887  33.772  32.975 0.0000000000
100042  51.265  34.847  33.080 0.0000000000
99219  50.406  34.605  32.345 0.0000000000
120186  48.944  34.351  30.915 0.0000000000
99253  47.460  34.399  30.409 0.0000000000
100056  47.742  34.797  31.844 0.0000000000
100058  45.990  34.972  31.879 0.0000000000
100060  44.010  34.982  32.050 0.0000000000
121931  47.571  45.590  21.026 0.0000000000
121552  48.887  38.529  26.385 0.0000000000
103058  49.429  40.130  24.893 0.0000000000
102390  50.538  38.326  26.059 0.0000000000
122737  51.602  38.471  25.778 0.0000000000
102388  53.985  38.496  25.191 0.0000000000
102387  54.491  38.384  24.486 0.0000000000
100856  53.999  36.910  25.061 0.0000000000
100123  54.933  35.689  23.469 0.0000000000
94810  49.790  27.125  21.915 0.0000000000
94812  46.871  26.633  20.901 0.0000000000
117611  47.872  27.009  23.716 0.0000000000
94788  47.222  26.969  25.324 0.0000000000
123677  44.743  27.339  28.207 0.0000000000
92570  45.845  24.261  35.813 0.0000000000
93150  44.495  24.556  35.072 0.0000000000
141913  37.679  28.941  24.678 0.0000000000
125095  40.765  30.300  24.933 0.0000000000
95956  38.928  29.250  23.784 0.0000000000
95364  38.230  27.720  23.757 0.0000000000
95355  38.368  27.422  24.123 0.0000000000
94772  38.712  26.833  26.672 0.0000000000
126182  39.340  26.924  27.716 0.0000000000
122167  50.672  41.314  20.952 0.0000000000
104292  49.739  41.040  21.190 0.0000000000
99294  51.617  34.866  27.906 0.0000000000
98528  53.158  33.880  28.195 0.0000000000
99270  52.456  34.782  29.361 0.0000000000
100064  54.464  35.301  31.327 0.0000000000
100782  54.828  35.809  33.300 0.0000000000
100004  54.082  35.599  34.584 0.0000000000
100764  53.242  35.995  36.832 0.0000000000
105352  44.746  43.408  24.368 0.0000000000
104808  45.768  42.579  25.371 0.0000000000
103662  47.037  40.217  26.086 0.0000000000
102375  47.830  39.022  26.816 0.0000000000
101609  49.123  37.495  27.746 0.0000000000
100100  50.560  35.939  27.829 0.0000000000
95943  47.145  29.660  26.872 0.0000000000
95330  47.688  28.103  28.092 0.0000000000
95929  47.316  28.504  28.793 0.0000000000
94727  47.036  27.648  30.702 0.0000000000
94209  46.600  26.947  33.708 0.0000000000
94708  48.070  28.367  33.503 0.0000000000
94196  47.720  26.645  35.529 0.0000000000
93673  46.530  25.643  35.654 0.0000000000
140412  49.115  32.546  21.736 0.0000000000
129302  47.987  31.108  22.311 0.0000000000
97270  49.919  31.641  21.420 0.0000000000
95988  50.593  28.962  20.183 0.0000000000
95995  51.312  27.346  19.010 0.0000000000
96622  54.039  29.822  20.704 0.0000000000
95392  53.693  27.155  20.003 0.0000000000
94820  51.396  26.454  19.362 0.0000000000
95979  51.352  28.126  22.177 0.0000000000
96593  49.814  29.946  23.803 0.0000000000
96594  49.145  30.217  24.446 0.0000000000
98526  56.072  32.038  28.454 0.0000000000
97823  56.275  31.188  28.621 0.0000000000
97202  54.444  30.887  27.867 0.0000000000
123058  52.891  32.324  30.674 0.0000000000
135444  52.772  31.492  28.356 0.0000000000
97832  53.041  31.278  26.756 0.0000000000
97859  51.211  32.136  25.569 0.0000000000
97233  49.493  32.063  25.137 0.0000000000
97223  47.483  31.149  26.135 0.0000000000
97214  46.465  31.249  27.199 0.0000000000
96562  45.662  30.469  28.451 0.0000000000
96547  45.242  30.029  30.088 0.0000000000
98520  45.717  33.483  29.422 0.0000000000
97194  44.794  31.715  29.438 0.0000000000
95910  45.134  29.961  31.724 0.0000000000
95900  44.859  30.098  32.531 0.0000000000
105403  48.344  43.324  17.431 0.0000000000
104844  49.819  43.023  18.983 0.0000000000
105397  51.750  43.359  19.900 0.0000000000
104262  49.792  41.472  24.221 0.0000000000
105923  49.907  45.025  22.293 0.0000000000
105922  50.707  44.719  22.245 0.0000000000
105386  52.179  43.984  21.781 0.0000000000
104837  53.045  43.011  20.664 0.0000000000
104281  53.133  41.777  22.197 0.0000000000
103089  53.341  40.176  22.722 0.0000000000
102418  52.343  38.580  23.121 0.0000000000
119800  54.036  37.638  23.147 0.0000000000
124820  52.868  37.431  23.311 0.0000000000
124957  50.977  36.357  23.633 0.0000000000
99326  50.187  34.973  22.797 0.0000000000
122717  49.503  33.704  21.981 0.0000000000
96617  46.659  29.289  22.333 0.0000000000
95971  44.287  28.471  21.700 0.0000000000
95379  41.773  27.852  21.333 0.0000000000
94805  44.117  26.889  21.410 0.0000000000
94799  42.324  27.363  21.434 0.0000000000
121255  41.332  27.535  22.875 0.0000000000
95341  41.063  28.279  26.837 0.0000000000
94770  40.210  27.728  28.083 0.0000000000
94755  46.422  26.793  28.717 0.0000000000
94745  45.052  26.991  29.486 0.0000000000
94737  43.469  27.150  30.300 0.0000000000
93686  42.957  25.125  33.543 0.0000000000
94738  42.404  27.251  30.361 0.0000000000
95794  52.280  30.720  40.135 0.0000000000
95245  53.646  30.121  39.645 0.0000000000
97876  46.715  32.586  23.416 0.0000000000
97886  48.329  33.151  22.339 0.0000000000
139197  47.330  33.694  23.039 0.0000000000
98573  47.485  33.084  22.890 0.0000000000
97877  46.045  33.004  23.942 0.0000000000
95829  48.109  29.720  37.231 0.0000000000
98551  53.667  33.531  26.149 0.0000000000
99301  51.785  34.865  27.096 0.0000000000
99308  53.039  34.450  25.589 0.0000000000
96585  48.585  29.495  25.034 0.0000000000
95951  48.431  28.343  25.651 0.0000000000
95942  48.043  28.454  26.598 0.0000000000
97226  41.338  31.641  26.834 0.0000000000
95954  40.444  28.598  22.239 0.0000000000
132570  40.652  27.768  22.708 0.0000000000
103091  50.154  39.762  22.696 0.0000000000
102419  50.274  38.517  23.405 0.0000000000
123752  42.679  32.727  26.219 0.0000000000
129894  42.098  32.917  26.593 0.0000000000
101580  50.485  37.413  30.378 0.0000000000
138752  51.451  37.324  30.975 0.0000000000
136541  50.823  38.850  30.618 0.0000000000
102998  50.049  39.066  30.172 0.0000000000
102340  50.040  38.089  30.231 0.0000000000
142566  49.880  37.397  29.875 0.0000000000
95916  46.882  29.070  30.948 0.0000000000
95908  47.174  29.038  31.734 0.0000000000
94183  49.858  26.552  37.252 0.0000000000
97883  52.585  33.189  21.620 0.0000000000
97890  53.051  32.291  21.307 0.0000000000
97241  55.136  29.730  25.041 0.0000000000
97251  54.812  29.586  24.343 0.0000000000
97242  53.567  30.693  24.617 0.0000000000
97252  53.011  30.766  23.880 0.0000000000
99215  55.927  33.985  33.041 0.0000000000
98473  56.074  32.945  32.034 0.0000000000
98461  55.107  33.542  33.097 0.0000000000
98498  50.061  33.408  29.920 0.0000000000
98530  49.214  33.373  28.722 0.0000000000
98542  49.120  33.051  27.814 0.0000000000
98531  48.508  33.358  28.319 0.0000000000
124853  47.754  33.467  28.433 0.0000000000
98518  47.681  33.902  29.193 0.0000000000
98477  43.460  33.795  31.293 0.0000000000
139625  47.813  45.559  20.557 0.0000000000
105945  48.281  44.517  20.095 0.0000000000
105936  48.797  44.856  21.057 0.0000000000
103668  47.463  40.701  25.337 0.0000000000
104264  47.777  41.575  24.713 0.0000000000
103678  48.309  40.826  24.811 0.0000000000
141993  53.177  40.249  24.621 0.0000000000
138415  53.437  40.762  24.355 0.0000000000
104259  53.582  41.445  23.952 0.0000000000
103673  53.945  40.852  24.145 0.0000000000
103672  54.113  40.075  24.159 0.0000000000
98572  54.702  34.462  22.026 0.0000000000
99337  53.772  34.573  22.075 0.0000000000
95997  48.612  26.742  18.749 0.0000000000
95394  47.766  26.806  19.075 0.0000000000
94831  48.302  26.499  18.893 0.0000000000
94769  44.483  27.542  27.397 0.0000000000
95338  44.064  27.707  26.228 0.0000000000
95331  42.742  28.071  27.924 0.0000000000
94211  44.918  26.332  33.316 0.0000000000
97862  44.243  32.602  25.141 0.0000000000
140797  44.203  31.797  25.076 0.0000000000
142336  43.850  30.577  24.764 0.0000000000
95964  43.268  29.333  22.903 0.0000000000
100134  49.673  35.648  23.178 0.0000000000
117809  48.863  35.694  22.998 0.0000000000
122915  46.989  34.975  23.239 0.0000000000
100137  46.760  35.729  23.398 0.0000000000
97871  44.788  33.018  24.745 0.0000000000
98567  44.800  33.858  24.753 0.0000000000
97863  43.705  33.005  25.517 0.0000000000
95887  47.092  29.553  33.353 0.0000000000
95844  49.613  29.656  36.663 0.0000000000
136142  49.446  29.346  35.943 0.0000000000
95279  50.282  29.625  36.925 0.0000000000
95266  51.089  29.484  37.204 0.0000000000
95265  51.827  29.559  37.887 0.0000000000
104323  48.893  42.482  16.958 0.0000000000
104855  49.473  43.673  15.204 0.0000000000
98565  55.119  33.931  23.116 0.0000000000
97845  55.807  31.316  26.245 0.0000000000
97858  55.601  31.156  25.340 0.0000000000
97229  55.694  29.998  25.663 0.0000000000
97844  55.997  30.425  26.426 0.0000000000
100006  53.149  35.552  35.739 0.0000000000
134982  52.233  34.924  33.789 0.0000000000
123409  51.686  35.254  34.283 0.0000000000
100043  50.321  35.064  33.221 0.0000000000
99220  49.467  34.798  32.387 0.0000000000
99231  49.775  34.339  31.520 0.0000000000
123991  48.834  34.619  31.695 0.0000000000
136580  48.285  34.717  31.784 0.0000000000
99221  48.462  34.920  32.383 0.0000000000
100046  46.587  35.158  32.598 0.0000000000
100047  45.729  35.234  32.659 0.0000000000
100059  45.056  34.988  31.935 0.0000000000
100048  44.820  35.266  32.763 0.0000000000
139435  49.627  37.701  26.832 0.0000000000
102391  49.674  38.724  25.864 0.0000000000
101625  50.348  37.645  26.580 0.0000000000
100858  52.125  37.353  26.117 0.0000000000
101640  52.052  37.929  26.003 0.0000000000
102389  52.796  38.505  25.556 0.0000000000
101639  53.169  37.690  25.615 0.0000000000
101638  54.424  37.798  24.711 0.0000000000
99307  54.071  34.452  24.480 0.0000000000
99322  55.106  35.283  22.820 0.0000000000
129236  48.947  27.023  22.444 0.0000000000
140433  48.966  27.463  23.555 0.0000000000
117713  47.735  26.961  26.403 0.0000000000
119384  47.010  26.822  26.135 0.0000000000
94779  46.233  26.983  26.430 0.0000000000
124449  45.648  26.963  27.948 0.0000000000
95944  38.310  29.566  24.928 0.0000000000
95955  40.081  28.544  22.528 0.0000000000
126853  39.522  28.841  22.953 0.0000000000
95371  39.088  28.170  23.004 0.0000000000
95372  38.717  27.934  23.216 0.0000000000
94781  38.843  27.377  25.766 0.0000000000
94771  39.563  27.474  27.336 0.0000000000
104291  52.374  41.867  21.384 0.0000000000
104282  51.236  41.161  21.681 0.0000000000
129165  49.580  40.194  22.446 0.0000000000
103700  49.438  40.713  22.002 0.0000000000
103701  48.472  40.658  21.859 0.0000000000
99286  51.578  35.047  28.684 0.0000000000
99271  51.531  35.441  29.514 0.0000000000
100065  53.072  35.649  30.835 0.0000000000
100054  55.143  35.433  32.503 0.0000000000
100773  54.360  36.196  33.873 0.0000000000
100005  53.757  35.743  35.414 0.0000000000
105366  44.223  43.498  23.479 0.0000000000
120735  43.959  43.369  24.226 0.0000000000
104251  45.765  41.918  25.876 0.0000000000
104250  46.240  41.378  25.888 0.0000000000
103019  48.119  39.143  28.302 0.0000000000
102358  48.129  38.709  27.780 0.0000000000
103028  47.451  39.372  27.035 0.0000000000
102366  47.967  38.828  27.269 0.0000000000
102374  48.330  38.546  26.919 0.0000000000
101599  48.860  37.707  28.265 0.0000000000
100810  50.267  36.388  29.418 0.0000000000
100822  49.732  36.683  28.593 0.0000000000
100821  50.424  35.964  28.576 0.0000000000
100099  51.016  35.434  28.203 0.0000000000
139870  46.839  29.544  27.454 0.0000000000
120187  47.104  29.032  28.087 0.0000000000
132867  47.060  28.823  29.461 0.0000000000
95315  47.284  28.415  31.194 0.0000000000
95321  47.243  28.349  30.442 0.0000000000
122398  47.227  27.830  31.459 0.0000000000
94714  46.818  27.328  32.879 0.0000000000
95295  48.306  28.932  33.804 0.0000000000
137320  48.033  28.848  33.280 0.0000000000
94707  48.424  28.272  34.251 0.0000000000
94187  48.540  26.272  36.517 0.0000000000
94195  48.261  26.778  35.898 0.0000000000
94188  47.705  26.001  36.204 0.0000000000
94197  47.029  26.408  35.222 0.0000000000
93663  47.899  25.287  36.641 0.0000000000
93664  47.008  25.221  36.233 0.0000000000
97893  49.622  32.504  21.602 0.0000000000
97271  49.145  31.990  21.664 0.0000000000
96624  51.973  30.183  20.599 0.0000000000
142234  51.030  30.087  20.653 0.0000000000
96632  51.739  28.760  20.019 0.0000000000
95994  52.525  27.336  19.240 0.0000000000
97880  54.972  31.678  22.448 0.0000000000
97266  54.317  30.670  21.277 0.0000000000
96620  55.033  29.791  22.116 0.0000000000
95977  54.477  27.735  21.683 0.0000000000
95987  54.544  27.568  21.040 0.0000000000
95383  53.723  27.172  20.547 0.0000000000
95393  52.592  26.771  19.378 0.0000000000
95384  52.221  27.048  20.647 0.0000000000
96603  51.063  30.189  23.271 0.0000000000
136910  49.684  30.821  24.180 0.0000000000
98512  54.106  33.773  28.981 0.0000000000
98527  54.666  33.157  28.175 0.0000000000
98511  55.559  32.983  29.197 0.0000000000
97803  56.139  31.916  30.517 0.0000000000
97199  56.188  31.350  29.416 0.0000000000
97191  56.155  31.265  29.450 0.0000000000
97201  55.732  30.753  28.273 0.0000000000
97192  55.639  31.071  29.222 0.0000000000
99229  52.537  33.833  32.413 0.0000000000
98475  53.864  33.232  32.316 0.0000000000
118792  52.450  33.088  31.406 0.0000000000
97824  51.605  32.150  28.673 0.0000000000
121871  52.419  31.826  29.234 0.0000000000
136055  53.052  31.303  27.504 0.0000000000
140283  52.265  31.683  27.176 0.0000000000
97847  51.615  32.086  26.620 0.0000000000
97850  48.770  32.504  26.393 0.0000000000
97849  49.497  32.421  25.962 0.0000000000
97860  48.761  32.157  25.721 0.0000000000
97234  48.670  31.480  25.228 0.0000000000
97235  48.106  31.690  25.786 0.0000000000
97224  47.067  31.639  26.744 0.0000000000
134649  46.458  32.428  27.885 0.0000000000
97839  46.135  31.793  27.786 0.0000000000
97203  45.597  31.509  28.332 0.0000000000
96554  45.350  30.283  29.293 0.0000000000
96563  45.147  31.155  28.936 0.0000000000
99254  46.592  34.382  30.404 0.0000000000
99274  46.971  34.101  29.616 0.0000000000
99275  46.097  34.043  29.807 0.0000000000
97185  43.874  32.120  30.489 0.0000000000
128297  44.454  32.120  29.893 0.0000000000
97184  44.411  31.331  30.030 0.0000000000
96548  44.581  30.550  30.477 0.0000000000
96539  44.350  30.438  31.298 0.0000000000
105949  48.027  45.290  18.279 0.0000000000
106477  48.993  46.611  17.343 0.0000000000
105952  49.515  45.886  16.262 0.0000000000
105395  48.946  43.931  20.288 0.0000000000
105398  50.016  43.454  19.924 0.0000000000
104843  51.274  43.000  19.086 0.0000000000
103677  49.152  40.806  24.582 0.0000000000
103676  50.092  40.652  24.482 0.0000000000
138353  51.232  43.096  23.480 0.0000000000
104826  50.252  43.203  23.596 0.0000000000
105361  50.065  44.197  23.335 0.0000000000
105376  50.734  44.557  22.887 0.0000000000
129259  50.488  44.758  22.597 0.0000000000
137910  51.599  44.174  22.840 0.0000000000
104824  53.131  42.979  23.074 0.0000000000
105374  52.193  43.922  22.477 0.0000000000
105373  52.765  43.546  21.955 0.0000000000
105385  52.800  43.323  20.889 0.0000000000
104834  53.061  43.038  21.520 0.0000000000
104290  52.952  42.577  21.351 0.0000000000
104289  53.282  42.476  22.230 0.0000000000
103069  53.786  39.544  23.071 0.0000000000
103070  52.767  39.350  22.807 0.0000000000
101653  54.566  37.862  23.679 0.0000000000
137378  53.079  36.088  23.120 0.0000000000
100875  53.835  36.855  23.002 0.0000000000
100876  52.250  36.553  23.478 0.0000000000
100133  50.641  35.649  23.357 0.0000000000
99325  51.380  35.021  23.028 0.0000000000
98582  50.387  33.692  21.914 0.0000000000
97884  49.998  33.114  21.639 0.0000000000
97885  49.114  33.072  21.824 0.0000000000
96615  48.355  30.504  21.845 0.0000000000
96616  47.532  30.057  22.357 0.0000000000
95983  44.599  27.748  20.846 0.0000000000
95982  45.758  28.177  21.074 0.0000000000
95972  42.793  28.299  21.330 0.0000000000
95378  42.630  27.454  20.967 0.0000000000
94803  46.757  26.745  22.532 0.0000000000
94813  45.584  26.775  20.909 0.0000000000
94804  45.562  26.853  22.217 0.0000000000
95349  43.540  27.704  24.961 0.0000000000
95360  42.782  27.443  23.244 0.0000000000
127929  42.219  27.612  23.757 0.0000000000
95361  41.369  27.465  22.395 0.0000000000
95351  41.787  27.896  24.848 0.0000000000
94759  41.329  27.865  28.913 0.0000000000
95333  40.857  28.132  28.055 0.0000000000
94760  40.516  27.567  28.803 0.0000000000
94761  39.840  27.150  28.491 0.0000000000
94750  40.245  27.100  29.227 0.0000000000
94743  47.128  27.347  29.373 0.0000000000
94754  47.462  27.329  28.590 0.0000000000
94230  44.582  26.597  31.635 0.0000000000
94736  44.592  26.942  30.225 0.0000000000
94746  43.945  27.310  29.557 0.0000000000
93151  43.794  24.410  34.628 0.0000000000
93679  43.647  25.136  34.133 0.0000000000
93157  43.173  24.569  34.079 0.0000000000
97870  45.377  32.556  24.358 0.0000000000
96606  45.880  30.817  23.745 0.0000000000
99327  48.502  34.520  22.508 0.0000000000
100135  48.307  35.300  22.765 0.0000000000
133561  47.200  34.221  23.127 0.0000000000
99328  46.490  34.378  23.567 0.0000000000
99316  45.400  34.253  24.349 0.0000000000
98575  45.978  33.858  23.949 0.0000000000
118524  46.760  29.673  35.477 0.0000000000
123931  47.610  29.575  34.949 0.0000000000
120534  47.488  29.633  35.806 0.0000000000
95828  48.839  29.875  37.537 0.0000000000
95827  49.603  30.019  37.816 0.0000000000
98558  54.744  33.204  24.408 0.0000000000
98550  55.173  32.370  26.566 0.0000000000
124831  50.926  35.631  35.517 0.0000000000
100008  49.785  35.573  35.014 0.0000000000
100029  48.441  35.377  33.784 0.0000000000
100108  50.879  36.178  27.182 0.0000000000
100847  51.554  36.644  26.549 0.0000000000
100846  52.106  35.927  26.258 0.0000000000
100116  53.034  35.669  25.483 0.0000000000
95367  49.192  28.134  24.086 0.0000000000
95368  48.571  27.501  24.286 0.0000000000
95359  48.389  27.581  25.244 0.0000000000
95348  48.239  27.489  26.115 0.0000000000
96588  41.687  29.692  23.618 0.0000000000
95362  39.507  28.006  22.698 0.0000000000
120628  39.447  27.709  23.058 0.0000000000
103686  51.516  40.576  22.229 0.0000000000
141756  50.980  39.969  22.519 0.0000000000
103092  49.234  39.700  22.805 0.0000000000
98553  42.478  33.665  26.331 0.0000000000
98554  41.605  33.564  26.886 0.0000000000
98546  40.960  33.048  27.338 0.0000000000
97841  40.198  31.964  27.567 0.0000000000
100067  51.000  36.012  30.027 0.0000000000
100800  51.632  36.540  30.735 0.0000000000
100799  52.722  36.358  31.277 0.0000000000
129414  49.807  41.078  29.416 0.0000000000
137391  49.264  39.927  29.432 0.0000000000
102347  48.707  38.952  29.058 0.0000000000
101589  48.887  37.993  28.927 0.0000000000
101598  49.267  37.327  28.780 0.0000000000
101588  49.437  37.663  29.472 0.0000000000
100802  50.115  36.946  29.883 0.0000000000
95924  46.088  29.525  29.658 0.0000000000
94697  49.724  28.331  35.979 0.0000000000
94186  49.392  27.062  36.563 0.0000000000
94184  49.145  26.159  36.983 0.0000000000
98592  51.087  33.106  21.604 0.0000000000
134716  51.376  31.938  21.319 0.0000000000
97268  52.253  31.429  21.091 0.0000000000
96623  53.141  30.102  20.528 0.0000000000
97250  55.233  29.324  23.888 0.0000000000
96600  55.352  28.746  23.075 0.0000000000
96601  55.250  28.845  23.363 0.0000000000
96612  54.833  28.305  22.743 0.0000000000
96613  53.036  29.169  22.460 0.0000000000
97253  51.761  30.906  23.614 0.0000000000
97244  50.943  31.630  24.275 0.0000000000
99247  56.039  33.696  31.156 0.0000000000
98494  56.039  32.872  30.194 0.0000000000
98472  56.193  33.104  31.578 0.0000000000
97790  56.174  32.462  31.123 0.0000000000
97791  55.690  32.203  31.278 0.0000000000
99250  50.533  33.805  31.096 0.0000000000
122504  51.292  33.253  30.863 0.0000000000
97815  50.743  32.672  28.975 0.0000000000
119320  50.748  32.524  28.119 0.0000000000
122035  50.626  32.486  27.187 0.0000000000
97834  49.973  32.768  27.667 0.0000000000
97836  48.580  32.783  27.134 0.0000000000
97852  47.391  32.329  27.011 0.0000000000
97837  47.812  32.795  27.344 0.0000000000
98545  47.078  33.252  28.264 0.0000000000
97825  46.523  32.929  28.268 0.0000000000
99256  44.915  34.222  30.677 0.0000000000
98499  45.334  33.847  30.051 0.0000000000
98500  44.609  33.583  30.364 0.0000000000
106466  47.875  46.187  18.915 0.0000000000
105400  47.805  44.172  18.926 0.0000000000
105394  49.675  44.196  20.899 0.0000000000
105350  46.334  43.429  24.377 0.0000000000
105349  47.067  43.284  24.395 0.0000000000
142265  47.725  43.103  24.278 0.0000000000
103056  51.578  39.766  24.871 0.0000000000
103675  51.214  40.521  24.475 0.0000000000
104273  51.697  42.209  23.750 0.0000000000
141402  51.746  43.740  23.130 0.0000000000
104825  52.304  43.099  23.317 0.0000000000
104271  53.574  41.970  23.380 0.0000000000
104280  53.593  41.853  22.744 0.0000000000
103681  54.029  40.760  23.533 0.0000000000
103068  54.076  39.776  23.488 0.0000000000
102416  54.159  39.003  23.454 0.0000000000
100130  54.982  36.079  22.834 0.0000000000
99324  53.049  35.333  22.778 0.0000000000
99338  52.140  34.418  22.458 0.0000000000
98581  51.545  33.715  21.967 0.0000000000
95990  48.533  28.109  19.984 0.0000000000
95980  47.976  29.211  21.330 0.0000000000
95991  47.306  27.709  20.135 0.0000000000
95386  46.154  27.323  20.345 0.0000000000
95387  44.989  27.242  20.525 0.0000000000
95340  41.965  28.248  26.715 0.0000000000
134343  46.181  27.078  31.205 0.0000000000
94735  45.939  26.849  30.263 0.0000000000
140134  45.330  26.755  31.365 0.0000000000
97853  42.878  31.729  26.007 0.0000000000
97237  43.024  30.766  25.355 0.0000000000
127761  44.448  31.050  24.747 0.0000000000
96587  43.100  30.110  24.410 0.0000000000
95952  41.474  29.040  22.221 0.0000000000
100877  50.147  36.873  23.718 0.0000000000
125010  48.569  36.914  23.456 0.0000000000
100136  47.548  35.568  23.051 0.0000000000
138838  43.225  32.630  25.835 0.0000000000
103638  51.113  41.463  29.955 0.0000000000
102997  51.230  39.773  30.520 0.0000000000
142186  46.657  29.484  32.196 0.0000000000
95898  47.267  29.194  32.449 0.0000000000
95886  47.916  29.214  33.575 0.0000000000
95294  48.661  29.067  34.574 0.0000000000
95862  48.308  29.426  35.061 0.0000000000
95861  49.009  29.310  35.400 0.0000000000
95287  49.473  29.063  35.505 0.0000000000
94696  50.509  28.905  36.419 0.0000000000
94694  50.874  28.244  37.066 0.0000000000
98579  54.606  33.601  21.814 0.0000000000
97882  53.916  33.045  21.471 0.0000000000
97874  54.996  32.676  22.412 0.0000000000
97873  55.321  30.848  23.564 0.0000000000
97867  55.164  32.182  24.081 0.0000000000
97230  55.509  29.938  25.528 0.0000000000
99208  54.450  34.716  33.921 0.0000000000
127428  53.499  34.275  33.375 0.0000000000
99218  52.233  34.521  33.092 0.0000000000
117554  51.326  34.331  32.314 0.0000000000
99230  50.645  34.201  31.737 0.0000000000
99251  49.721  33.888  30.535 0.0000000000
119713  48.922  34.114  30.222 0.0000000000
99272  48.382  34.058  29.676 0.0000000000
99252  48.258  34.316  30.367 0.0000000000
99233  47.179  34.615  31.151 0.0000000000
99234  46.287  34.660  31.153 0.0000000000
100057  46.888  34.897  31.874 0.0000000000
99235  45.394  34.649  31.213 0.0000000000
99236  44.501  34.562  31.344 0.0000000000
99237  43.676  34.373  31.514 0.0000000000
103046  48.130  39.544  25.773 0.0000000000
103666  48.792  39.775  25.325 0.0000000000
102392  48.822  39.113  25.784 0.0000000000
103045  49.614  39.444  25.345 0.0000000000
103044  50.777  39.094  25.438 0.0000000000
101641  51.198  37.967  26.201 0.0000000000
103043  52.224  39.134  25.334 0.0000000000
103055  52.837  39.783  24.870 0.0000000000
103042  53.610  39.212  25.096 0.0000000000
103041  54.312  38.876  24.768 0.0000000000
100866  54.787  37.096  23.951 0.0000000000
122996  54.523  36.254  24.302 0.0000000000
136430  50.208  26.576  20.369 0.0000000000
94822  48.029  26.477  19.141 0.0000000000
94811  48.916  26.476  20.360 0.0000000000
139196  47.621  26.708  22.525 0.0000000000
139209  46.566  26.919  23.359 0.0000000000
94795  48.091  27.248  24.686 0.0000000000
94796  47.337  26.996  24.262 0.0000000000
119773  46.374  27.062  24.039 0.0000000000
94789  45.989  27.193  25.111 0.0000000000
94768  45.328  27.240  26.896 0.0000000000
128756  45.558  24.745  35.602 0.0000000000
93675  45.062  24.978  35.271 0.0000000000
93144  45.019  24.229  35.467 0.0000000000
95945  37.135  28.798  25.240 0.0000000000
121947  41.518  30.833  26.176 0.0000000000
96580  39.981  30.338  25.257 0.0000000000
96590  39.992  29.537  23.422 0.0000000000
141145  39.514  29.695  23.987 0.0000000000
95957  38.311  28.403  23.712 0.0000000000
94792  37.402  27.409  24.405 0.0000000000
94791  37.738  27.299  24.341 0.0000000000
103699  50.248  40.964  21.686 0.0000000000
102420  49.272  38.308  23.529 0.0000000000
103073  48.777  39.106  23.230 0.0000000000
99293  52.379  34.273  27.595 0.0000000000
99285  52.267  34.472  28.427 0.0000000000
98513  53.017  34.255  28.886 0.0000000000
118885  53.648  34.389  29.588 0.0000000000
100075  52.421  35.317  30.074 0.0000000000
99249  53.493  34.932  30.283 0.0000000000
99248  54.931  34.564  30.776 0.0000000000
99228  55.677  34.608  31.843 0.0000000000
100053  55.798  34.441  32.690 0.0000000000
100025  54.698  35.164  33.923 0.0000000000
100026  54.078  35.296  34.584 0.0000000000
99989  53.238  35.857  36.695 0.0000000000
123983  45.207  43.635  23.701 0.0000000000
104819  45.126  43.091  25.165 0.0000000000
105351  45.596  43.429  24.389 0.0000000000
123749  45.888  43.137  24.859 0.0000000000
104818  46.504  42.689  24.904 0.0000000000
103047  47.614  39.984  25.747 0.0000000000
103642  47.686  39.884  28.218 0.0000000000
103029  46.939  39.988  26.771 0.0000000000
103033  47.546  39.556  26.390 0.0000000000
103032  48.188  39.003  26.334 0.0000000000
126727  49.016  37.904  27.025 0.0000000000
100849  49.723  37.274  27.270 0.0000000000
137331  49.291  37.189  28.239 0.0000000000
100835  49.604  36.863  27.917 0.0000000000
100834  50.191  36.563  27.563 0.0000000000
131620  51.195  35.482  27.491 0.0000000000
96577  47.501  29.957  26.178 0.0000000000
95935  47.591  28.694  27.457 0.0000000000
141277  47.434  28.157  29.248 0.0000000000
130131  47.302  28.256  29.812 0.0000000000
94722  46.558  27.307  32.011 0.0000000000
94210  45.824  26.631  33.514 0.0000000000
94206  45.983  26.357  34.307 0.0000000000
94713  47.745  28.323  32.788 0.0000000000
94701  48.510  27.611  35.136 0.0000000000
94204  47.782  27.203  34.731 0.0000000000
94709  47.453  27.575  33.470 0.0000000000
94205  46.975  26.870  34.368 0.0000000000
94198  46.236  26.059  35.028 0.0000000000
93674  45.783  25.336  35.442 0.0000000000
93665  46.179  24.923  35.894 0.0000000000
131811  47.961  32.551  22.501 0.0000000000
97262  47.982  31.866  22.422 0.0000000000
97261  48.550  31.526  21.957 0.0000000000
96626  49.192  30.818  21.461 0.0000000000
96625  50.192  30.443  21.062 0.0000000000
95989  49.552  29.276  20.556 0.0000000000
95400  50.836  26.484  18.623 0.0000000000
97889  54.011  31.993  21.387 0.0000000000
95975  55.231  28.324  22.269 0.0000000000
96629  54.460  28.631  20.724 0.0000000000
96630  53.782  28.709  20.293 0.0000000000
130934  52.854  26.930  19.340 0.0000000000
94819  51.743  26.513  18.902 0.0000000000
95385  50.846  27.195  21.396 0.0000000000
95375  50.345  28.089  22.785 0.0000000000
96614  51.709  29.295  22.641 0.0000000000
95968  50.567  29.211  23.180 0.0000000000
95969  49.766  28.753  23.635 0.0000000000
95961  49.189  29.145  24.322 0.0000000000
98540  55.616  32.199  27.483 0.0000000000
97812  56.238  31.938  29.378 0.0000000000
98539  56.300  31.174  27.921 0.0000000000
97220  55.960  30.480  26.958 0.0000000000
97212  55.817  30.460  27.234 0.0000000000
97222  54.530  30.525  26.159 0.0000000000
98495  54.105  32.518  31.497 0.0000000000
123829  54.319  31.853  30.603 0.0000000000
97805  52.096  32.268  30.005 0.0000000000
135982  53.234  31.762  29.887 0.0000000000
97813  54.508  31.433  29.771 0.0000000000
97193  54.029  31.234  28.947 0.0000000000
97846  52.665  31.478  25.916 0.0000000000
97868  51.346  31.919  24.843 0.0000000000
97869  50.487  32.108  24.942 0.0000000000
97848  50.405  32.417  26.274 0.0000000000
117579  50.184  32.325  25.561 0.0000000000
136185  49.985  31.570  24.434 0.0000000000
97245  49.222  31.216  24.650 0.0000000000
124303  48.676  30.628  24.931 0.0000000000
96586  48.073  30.559  25.509 0.0000000000
96578  46.914  30.660  26.658 0.0000000000
95936  46.253  29.918  27.885 0.0000000000
128196  46.728  32.078  27.348 0.0000000000
96569  45.958  30.841  27.748 0.0000000000
98519  46.415  33.654  29.184 0.0000000000
98533  46.073  33.159  28.805 0.0000000000
98521  45.043  33.206  29.725 0.0000000000
97817  44.889  32.484  29.513 0.0000000000
97204  45.251  32.062  28.922 0.0000000000
96555  44.809  30.993  29.470 0.0000000000
95918  45.127  29.968  30.864 0.0000000000
95899  45.759  29.812  32.354 0.0000000000
95888  45.789  29.883  33.706 0.0000000000
122610  46.213  29.796  34.247 0.0000000000
104849  48.955  42.820  18.194 0.0000000000
121644  48.117  43.477  18.384 0.0000000000
105392  52.686  43.124  20.003 0.0000000000
141235  47.957  45.402  22.025 0.0000000000
105925  48.224  45.430  21.543 0.0000000000
104263  48.769  41.694  24.353 0.0000000000
105913  49.111  45.171  22.591 0.0000000000
105924  49.009  45.277  21.889 0.0000000000
105387  50.439  44.544  21.618 0.0000000000
128858  51.353  44.382  21.805 0.0000000000
139931  51.126  44.137  21.324 0.0000000000
105393  51.907  43.750  20.911 0.0000000000
104838  52.747  43.056  20.174 0.0000000000
103684  53.790  41.054  22.827 0.0000000000
103685  52.733  40.817  22.387 0.0000000000
103090  52.040  39.980  22.529 0.0000000000
136410  51.172  38.196  23.445 0.0000000000
102403  54.595  38.754  23.993 0.0000000000
101666  54.175  38.353  23.312 0.0000000000
101667  53.290  38.148  23.185 0.0000000000
101668  52.143  37.913  23.379 0.0000000000
125900  51.326  37.273  23.681 0.0000000000
136355  50.097  36.186  23.517 0.0000000000
99340  49.817  34.319  22.283 0.0000000000
131290  49.143  34.277  22.286 0.0000000000
98583  48.755  33.782  22.231 0.0000000000
96604  47.376  31.261  22.762 0.0000000000
96605  46.649  30.338  23.066 0.0000000000
140982  45.982  29.941  23.367 0.0000000000
95970  45.787  29.117  22.542 0.0000000000
142401  44.274  29.239  22.901 0.0000000000
95965  41.635  28.431  21.658 0.0000000000
95370  41.126  27.911  21.617 0.0000000000
94823  47.263  26.731  19.531 0.0000000000
94824  46.081  27.118  20.412 0.0000000000
94815  43.667  27.197  20.847 0.0000000000
94798  43.624  27.195  22.447 0.0000000000
94806  43.056  27.084  21.154 0.0000000000
95369  41.374  27.724  21.628 0.0000000000
95352  40.996  27.941  24.718 0.0000000000
95342  40.302  28.065  27.140 0.0000000000
95337  47.902  27.727  27.403 0.0000000000
94777  47.804  27.008  27.257 0.0000000000
131497  46.705  26.696  28.106 0.0000000000
94744  46.169  26.850  29.436 0.0000000000
94756  45.375  26.997  28.755 0.0000000000
118664  44.381  27.361  28.814 0.0000000000
93685  44.285  25.725  33.846 0.0000000000
135063  43.649  25.561  33.535 0.0000000000
94221  43.850  26.292  32.352 0.0000000000
94222  42.927  26.093  32.265 0.0000000000
94231  43.474  26.516  31.642 0.0000000000
94242  42.978  26.854  30.990 0.0000000000
94747  42.868  27.523  29.637 0.0000000000
94748  41.825  27.584  29.686 0.0000000000
94739  41.466  27.145  30.325 0.0000000000
123071  50.386  30.332  39.583 0.0000000000
95808  51.427  30.480  39.173 0.0000000000
137698  52.982  30.771  40.039 0.0000000000
95807  52.166  30.232  38.725 0.0000000000
92569  46.295  23.745  35.884 0.0000000000
93132  48.374  24.437  36.910 0.0000000000
93133  47.428  24.430  36.515 0.0000000000
93145  44.301  24.024  35.114 0.0000000000
93158  42.618  24.314  33.674 0.0000000000
93659  49.387  25.533  37.333 0.0000000000
93672  47.160  25.969  35.825 0.0000000000
93678  44.484  25.222  34.632 0.0000000000
93697  43.338  25.771  32.924 0.0000000000
94207  45.100  25.999  34.128 0.0000000000
94212  44.114  26.052  33.089 0.0000000000
94229  45.521  26.787  31.879 0.0000000000
94243  41.986  26.832  30.976 0.0000000000
94757  43.836  27.736  28.030 0.0000000000
94765  47.690  27.333  27.835 0.0000000000
94766  47.329  26.826  27.729 0.0000000000
94767  46.470  26.761  27.396 0.0000000000
94790  44.476  27.413  24.236 0.0000000000
94802  48.371  27.051  23.176 0.0000000000
94814  44.576  26.912  20.750 0.0000000000
94821  50.100  26.296  18.946 0.0000000000
94825  44.826  27.087  20.588 0.0000000000
94829  51.061  26.473  18.691 0.0000000000
94830  49.654  26.429  18.783 0.0000000000
95288  48.862  28.613  34.764 0.0000000000
95377  43.586  27.557  20.817 0.0000000000
95380  41.328  27.948  21.471 0.0000000000
95391  54.297  27.725  20.497 0.0000000000
95398  53.458  27.527  19.769 0.0000000000
95399  51.862  26.566  18.918 0.0000000000
95789  52.761  30.456  40.464 0.0000000000
95790  51.516  30.390  40.252 0.0000000000
95793  53.663  30.490  40.293 0.0000000000
95795  51.320  30.556  39.976 0.0000000000
95806  53.018  30.465  39.515 0.0000000000
95826  50.550  30.142  38.185 0.0000000000
95846  48.276  29.631  36.057 0.0000000000
95963  45.340  29.623  23.352 0.0000000000
95976  55.101  27.853  22.029 0.0000000000
95986  54.918  27.923  21.348 0.0000000000
96479  53.156  30.596  40.285 0.0000000000
96482  52.319  30.665  39.640 0.0000000000
96483  51.837  30.727  39.846 0.0000000000
96568  46.496  30.304  27.260 0.0000000000
96621  54.748  29.178  21.314 0.0000000000
97183  56.181  31.562  29.920 0.0000000000
97200  56.220  30.999  28.785 0.0000000000
97211  56.147  30.807  27.829 0.0000000000
97213  54.692  30.602  26.986 0.0000000000
97232  52.354  31.554  25.077 0.0000000000
97260  54.672  31.315  21.866 0.0000000000
97816  45.464  32.826  29.120 0.0000000000
97851  47.695  32.000  26.373 0.0000000000
97861  48.264  32.228  26.160 0.0000000000
98460  55.861  33.557  32.842 0.0000000000
98493  56.218  32.822  30.909 0.0000000000
98496  51.913  32.738  30.603 0.0000000000
98514  51.289  32.807  30.166 0.0000000000
98515  50.691  32.960  29.705 0.0000000000
98517  48.450  33.694  28.970 0.0000000000
98532  46.620  33.347  28.665 0.0000000000
98544  47.571  33.097  27.880 0.0000000000
99209  53.353  34.822  34.003 0.0000000000
99217  54.785  34.061  33.575 0.0000000000
99232  48.104  34.556  31.177 0.0000000000
99273  47.727  34.211  29.817 0.0000000000
99988  53.535  35.899  36.303 0.0000000000
99991  50.754  35.779  36.270 0.0000000000
100089  51.000  35.496  28.827 0.0000000000
101610  48.521  38.198  27.608 0.0000000000
102373  49.654  38.118  26.451 0.0000000000
103010  49.449  39.301  29.656 0.0000000000
103020  47.707  39.256  27.616 0.0000000000
103054  54.152  39.385  24.553 0.0000000000
103669  46.753  40.865  25.780 0.0000000000
104270  53.804  41.560  23.188 0.0000000000
104272  52.958  42.238  23.614 0.0000000000
104807  46.224  42.036  25.451 0.0000000000
104814  50.525  42.238  23.848 0.0000000000
104817  47.332  42.449  24.629 0.0000000000
104831  53.170  43.053  22.441 0.0000000000
105358  52.739  43.483  22.618 0.0000000000
105375  51.322  44.421  22.434 0.0000000000
117767  50.008  33.210  29.241 0.0000000000
118023  48.084  26.626  21.721 0.0000000000
119133  47.734  26.488  20.192 0.0000000000
120240  44.825  30.626  29.855 0.0000000000
120824  45.281  30.007  33.105 0.0000000000
123080  55.045  34.765  22.475 0.0000000000
123662  48.619  32.422  22.049 0.0000000000
126315  47.508  45.297  21.880 0.0000000000
126603  45.867  29.618  31.117 0.0000000000
126792  48.418  45.314  22.203 0.0000000000
127514  54.865  36.456  23.383 0.0000000000
128043  47.826  27.628  34.015 0.0000000000
128961  50.052  36.364  28.082 0.0000000000
132863  54.122  29.731  39.881 0.0000000000
134884  47.710  26.659  19.157 0.0000000000
136559  54.221  34.498  30.132 0.0000000000
137222  48.748  40.326  24.964 0.0000000000
139089  49.121  29.018  35.012 0.0000000000
139236  50.410  30.105  23.520 0.0000000000
