#!ascii label  , from subject sub-v1s5x0050737_ses-1 vox2ras=TkReg
1668
95287  -53.623  25.832  46.607 0.0000000000
102775  -43.953  36.309  30.775 0.0000000000
102707  -50.003  36.857  37.109 0.0000000000
95455  -53.130  23.502  27.664 0.0000000000
100511  -47.281  32.449  22.435 0.0000000000
98565  -49.069  29.471  26.619 0.0000000000
122456  -45.591  25.299  21.308 0.0000000000
97069  -44.794  27.093  28.707 0.0000000000
93258  -47.666  21.945  51.238 0.0000000000
96871  -50.512  27.472  47.754 0.0000000000
107800  -45.009  46.870  33.284 0.0000000000
105044  -45.890  41.152  28.292 0.0000000000
105102  -50.627  40.690  23.557 0.0000000000
99767  -51.420  31.280  39.004 0.0000000000
103346  -49.491  38.522  32.956 0.0000000000
100437  -52.272  32.704  30.987 0.0000000000
96180  -55.281  26.111  35.394 0.0000000000
98481  -49.369  29.187  34.087 0.0000000000
98452  -42.665  29.503  36.365 0.0000000000
119220  -51.270  25.485  44.245 0.0000000000
100532  -48.647  32.073  19.606 0.0000000000
97880  -48.286  27.854  19.123 0.0000000000
97877  -44.702  28.945  20.357 0.0000000000
97114  -44.076  27.802  23.913 0.0000000000
95233  -48.814  25.304  50.195 0.0000000000
96868  -47.504  27.874  47.411 0.0000000000
109170  -44.488  49.618  36.363 0.0000000000
105083  -49.102  41.004  25.953 0.0000000000
101555  -49.250  33.953  40.970 0.0000000000
100999  -50.102  34.276  37.521 0.0000000000
104438  -43.285  39.729  34.375 0.0000000000
102754  -46.441  36.021  32.731 0.0000000000
97097  -51.359  27.565  25.399 0.0000000000
100469  -52.363  32.411  28.452 0.0000000000
97817  -53.958  28.492  28.520 0.0000000000
98492  -53.421  29.046  33.067 0.0000000000
95428  -55.150  25.341  30.834 0.0000000000
124221  -52.631  27.138  34.147 0.0000000000
97044  -50.578  27.275  30.746 0.0000000000
98510  -43.762  29.337  31.702 0.0000000000
101096  -45.425  33.606  25.923 0.0000000000
100468  -46.098  32.009  28.764 0.0000000000
98587  -46.279  29.376  24.116 0.0000000000
96292  -49.228  26.166  22.435 0.0000000000
94708  -48.970  23.838  24.848 0.0000000000
96262  -48.429  26.108  27.446 0.0000000000
95486  -45.178  24.748  25.421 0.0000000000
97079  -42.133  26.853  27.738 0.0000000000
92608  -50.216  21.671  53.399 0.0000000000
95226  -51.982  25.673  51.437 0.0000000000
121386  -53.203  27.252  48.319 0.0000000000
107782  -42.619  47.207  37.226 0.0000000000
107358  -43.087  45.500  35.597 0.0000000000
105535  -41.878  41.638  32.179 0.0000000000
103925  -44.352  38.397  28.893 0.0000000000
103412  -47.026  37.543  25.400 0.0000000000
102239  -49.674  35.766  23.200 0.0000000000
103464  -49.339  36.629  20.382 0.0000000000
105144  -49.797  40.492  20.241 0.0000000000
99091  -48.884  30.713  44.259 0.0000000000
98390  -50.717  29.642  42.871 0.0000000000
97656  -53.674  28.385  42.634 0.0000000000
104442  -52.704  40.560  33.418 0.0000000000
101061  -49.259  33.733  30.250 0.0000000000
102768  -52.886  36.782  30.711 0.0000000000
102156  -51.187  35.593  34.229 0.0000000000
99793  -51.446  31.678  35.413 0.0000000000
140048  -54.190  29.610  37.505 0.0000000000
140462  -54.923  26.198  40.567 0.0000000000
96137  -52.945  26.232  39.084 0.0000000000
97690  -50.189  28.211  38.477 0.0000000000
130425  -47.733  29.349  38.534 0.0000000000
98528  -47.896  29.168  30.940 0.0000000000
118526  -46.412  30.554  34.587 0.0000000000
97702  -44.685  28.458  37.750 0.0000000000
95265  -53.132  25.713  48.553 0.0000000000
95280  -51.741  25.012  47.732 0.0000000000
95306  -53.174  25.549  45.113 0.0000000000
100530  -47.385  32.514  19.270 0.0000000000
128578  -46.836  30.813  18.835 0.0000000000
99913  -45.489  31.241  20.212 0.0000000000
99283  -43.999  30.334  21.430 0.0000000000
102120  -51.115  36.454  36.962 0.0000000000
128237  -43.258  38.110  32.911 0.0000000000
96271  -52.119  25.064  26.379 0.0000000000
97834  -52.606  27.851  26.717 0.0000000000
124143  -53.841  26.166  27.672 0.0000000000
97063  -54.957  26.827  29.534 0.0000000000
95445  -54.233  23.980  28.868 0.0000000000
96214  -52.532  26.290  30.914 0.0000000000
96235  -52.278  25.202  29.321 0.0000000000
101108  -46.033  33.324  24.596 0.0000000000
100485  -45.475  31.875  25.335 0.0000000000
99276  -46.332  30.781  22.816 0.0000000000
95532  -46.952  25.978  19.458 0.0000000000
97124  -47.864  26.543  20.923 0.0000000000
94747  -47.962  24.664  20.664 0.0000000000
95517  -49.841  25.078  22.230 0.0000000000
94724  -46.862  23.967  22.475 0.0000000000
94706  -46.764  24.035  24.582 0.0000000000
94722  -45.254  24.845  23.238 0.0000000000
97830  -43.140  27.702  26.231 0.0000000000
123999  -49.387  27.126  49.518 0.0000000000
94536  -50.210  25.138  50.852 0.0000000000
138080  -51.103  27.160  50.060 0.0000000000
96831  -52.383  27.186  50.193 0.0000000000
96852  -51.519  27.417  48.266 0.0000000000
108725  -47.290  49.352  35.709 0.0000000000
108231  -45.512  48.294  36.853 0.0000000000
107797  -44.894  47.102  34.675 0.0000000000
106918  -41.919  44.052  34.130 0.0000000000
107366  -42.751  45.130  33.306 0.0000000000
105562  -44.941  41.919  29.243 0.0000000000
126977  -43.900  41.136  29.783 0.0000000000
104497  -44.969  39.771  28.558 0.0000000000
103949  -45.729  38.170  27.081 0.0000000000
104505  -46.352  39.495  27.127 0.0000000000
105092  -50.313  40.900  24.984 0.0000000000
103978  -49.665  38.529  24.479 0.0000000000
103990  -50.667  38.488  23.452 0.0000000000
138955  -50.477  35.592  22.124 0.0000000000
104004  -50.490  38.342  21.931 0.0000000000
104016  -49.435  38.165  20.329 0.0000000000
105128  -50.524  40.153  21.956 0.0000000000
102082  -49.894  35.194  46.954 0.0000000000
100936  -48.127  33.943  46.237 0.0000000000
120397  -48.359  33.359  44.906 0.0000000000
99090  -48.209  30.718  44.650 0.0000000000
100951  -48.243  33.092  43.646 0.0000000000
99765  -50.010  31.948  39.765 0.0000000000
121771  -49.406  31.320  41.000 0.0000000000
99101  -51.065  30.118  40.861 0.0000000000
97655  -52.653  28.808  42.772 0.0000000000
98405  -52.555  29.616  40.495 0.0000000000
141560  -49.850  42.098  33.854 0.0000000000
104981  -50.552  42.710  34.677 0.0000000000
103887  -51.486  41.059  32.841 0.0000000000
99227  -47.257  30.726  28.040 0.0000000000
100457  -47.394  32.189  29.638 0.0000000000
99852  -48.640  31.301  28.636 0.0000000000
100462  -53.250  32.602  29.131 0.0000000000
101663  -52.638  34.595  29.565 0.0000000000
101643  -53.167  34.973  30.210 0.0000000000
134462  -53.059  36.357  31.761 0.0000000000
130307  -51.732  34.111  32.086 0.0000000000
140181  -50.607  33.930  33.776 0.0000000000
99815  -51.327  31.721  32.555 0.0000000000
97015  -55.348  27.178  33.766 0.0000000000
98472  -53.821  29.313  35.025 0.0000000000
97731  -55.439  27.597  36.194 0.0000000000
97693  -55.223  27.797  39.080 0.0000000000
96152  -55.397  26.360  38.363 0.0000000000
95383  -54.464  25.605  39.593 0.0000000000
96160  -54.312  25.744  37.835 0.0000000000
97747  -51.023  28.202  34.163 0.0000000000
97730  -51.257  28.081  36.396 0.0000000000
98458  -49.956  29.011  36.142 0.0000000000
98428  -49.140  29.005  38.060 0.0000000000
98468  -48.572  29.866  36.171 0.0000000000
96246  -46.137  27.035  28.006 0.0000000000
97059  -48.155  27.760  29.094 0.0000000000
132662  -46.034  28.688  29.476 0.0000000000
99178  -42.917  30.163  34.130 0.0000000000
99181  -45.343  30.578  33.262 0.0000000000
99156  -44.417  30.469  35.439 0.0000000000
98455  -45.510  30.321  36.394 0.0000000000
98454  -44.207  29.811  36.561 0.0000000000
96963  -43.925  27.636  37.586 0.0000000000
93262  -53.208  22.849  52.344 0.0000000000
95322  -50.203  25.662  43.584 0.0000000000
100517  -49.066  32.332  21.081 0.0000000000
129579  -47.999  30.935  20.957 0.0000000000
99307  -48.678  29.805  18.900 0.0000000000
97884  -47.136  28.335  18.475 0.0000000000
97134  -45.060  27.406  20.351 0.0000000000
96301  -44.733  26.493  22.722 0.0000000000
137820  -44.302  28.463  21.394 0.0000000000
93898  -48.403  23.421  50.609 0.0000000000
94548  -47.996  24.986  49.967 0.0000000000
96870  -48.958  27.639  47.526 0.0000000000
109195  -45.928  49.996  33.284 0.0000000000
105592  -47.758  41.683  27.270 0.0000000000
106123  -49.969  42.332  23.829 0.0000000000
106139  -50.146  42.693  22.866 0.0000000000
102096  -50.027  34.938  42.105 0.0000000000
101563  -49.983  34.214  39.717 0.0000000000
100387  -50.336  32.737  38.486 0.0000000000
102743  -47.890  37.008  33.011 0.0000000000
126497  -50.436  28.395  25.425 0.0000000000
99244  -49.984  30.480  27.499 0.0000000000
137398  -51.848  29.411  26.422 0.0000000000
98544  -53.252  30.468  27.978 0.0000000000
98537  -53.338  30.171  29.470 0.0000000000
99195  -52.131  30.414  32.168 0.0000000000
97798  -54.072  28.328  30.629 0.0000000000
97769  -55.174  27.122  32.245 0.0000000000
96198  -55.262  26.062  33.581 0.0000000000
97004  -54.461  26.079  34.795 0.0000000000
96196  -53.902  26.199  32.997 0.0000000000
97022  -51.575  27.408  32.347 0.0000000000
117645  -49.844  28.263  32.104 0.0000000000
97791  -44.413  28.669  30.226 0.0000000000
103311  -48.585  37.477  36.282 0.0000000000
102200  -44.499  35.237  29.011 0.0000000000
101069  -45.137  33.858  29.610 0.0000000000
140864  -45.365  32.424  26.893 0.0000000000
99259  -45.913  30.559  26.080 0.0000000000
97842  -47.083  28.777  25.048 0.0000000000
131637  -46.730  29.359  21.640 0.0000000000
97116  -46.888  28.086  22.860 0.0000000000
97104  -48.516  27.678  24.186 0.0000000000
130222  -50.144  26.606  23.695 0.0000000000
95498  -50.413  24.995  24.944 0.0000000000
94700  -50.981  23.316  26.287 0.0000000000
95453  -50.599  24.582  27.638 0.0000000000
95479  -48.745  24.461  26.045 0.0000000000
138430  -46.305  25.700  26.721 0.0000000000
96259  -45.002  26.048  27.555 0.0000000000
96282  -44.186  26.148  24.643 0.0000000000
136925  -43.285  25.610  26.575 0.0000000000
93891  -49.545  23.299  51.428 0.0000000000
93882  -51.055  23.111  52.706 0.0000000000
93874  -52.740  23.386  53.134 0.0000000000
95219  -53.125  25.224  52.187 0.0000000000
96023  -52.969  26.613  49.869 0.0000000000
96062  -54.047  26.797  47.035 0.0000000000
107340  -44.093  47.101  39.539 0.0000000000
118589  -44.259  47.500  38.155 0.0000000000
141790  -43.586  45.389  37.200 0.0000000000
106030  -42.017  42.379  34.976 0.0000000000
104996  -42.284  40.513  33.718 0.0000000000
103904  -42.784  38.804  32.015 0.0000000000
107374  -43.658  45.337  31.789 0.0000000000
106044  -42.518  42.482  31.359 0.0000000000
104485  -43.283  39.524  30.358 0.0000000000
102784  -44.213  36.614  29.197 0.0000000000
132708  -45.097  35.914  27.184 0.0000000000
102226  -46.045  35.247  25.475 0.0000000000
101703  -46.739  34.839  24.369 0.0000000000
129774  -47.782  38.824  25.545 0.0000000000
128036  -47.824  36.967  24.517 0.0000000000
101712  -48.154  34.684  23.169 0.0000000000
101128  -49.865  34.079  21.827 0.0000000000
101734  -48.521  34.361  19.755 0.0000000000
131590  -47.822  36.337  19.687 0.0000000000
104015  -48.586  38.441  19.704 0.0000000000
106156  -50.544  42.130  21.374 0.0000000000
123246  -48.107  28.604  45.489 0.0000000000
133899  -49.430  28.449  45.445 0.0000000000
100364  -48.365  32.492  41.987 0.0000000000
98386  -49.805  29.932  43.755 0.0000000000
96902  -50.654  28.042  45.875 0.0000000000
97644  -51.948  28.263  45.022 0.0000000000
96908  -53.720  28.036  44.733 0.0000000000
96913  -54.432  27.408  44.041 0.0000000000
121978  -50.393  38.365  35.099 0.0000000000
101637  -46.269  34.183  31.358 0.0000000000
101625  -47.575  34.993  31.839 0.0000000000
128569  -49.542  36.854  32.049 0.0000000000
100459  -50.049  32.956  29.330 0.0000000000
102179  -50.526  35.851  30.760 0.0000000000
103357  -51.805  38.407  31.765 0.0000000000
103898  -53.270  39.905  32.645 0.0000000000
103336  -53.135  38.347  34.330 0.0000000000
139161  -51.946  37.017  36.016 0.0000000000
101604  -50.224  34.558  35.789 0.0000000000
100409  -50.548  32.903  35.803 0.0000000000
99779  -51.892  31.567  37.203 0.0000000000
99172  -52.504  30.223  34.167 0.0000000000
99160  -52.923  30.447  35.774 0.0000000000
99127  -53.324  30.192  38.417 0.0000000000
97691  -54.035  29.313  39.532 0.0000000000
97665  -54.573  27.894  41.535 0.0000000000
95327  -54.210  25.808  43.183 0.0000000000
95343  -53.805  25.584  42.430 0.0000000000
136019  -52.303  25.873  41.621 0.0000000000
96107  -51.414  26.308  41.410 0.0000000000
96985  -52.775  26.892  36.686 0.0000000000
139562  -51.758  27.091  38.998 0.0000000000
96945  -50.312  27.217  40.505 0.0000000000
120214  -49.152  27.653  40.489 0.0000000000
130732  -47.530  28.350  40.150 0.0000000000
138744  -50.339  26.341  29.031 0.0000000000
97796  -49.224  27.908  30.360 0.0000000000
98501  -49.084  28.876  32.278 0.0000000000
98512  -45.303  29.937  31.200 0.0000000000
98499  -47.434  30.017  32.461 0.0000000000
99170  -48.194  29.873  34.086 0.0000000000
99144  -47.223  30.289  36.583 0.0000000000
98425  -46.226  29.388  38.468 0.0000000000
95282  -53.361  25.746  47.340 0.0000000000
95264  -52.350  25.229  48.345 0.0000000000
95286  -52.919  25.521  46.857 0.0000000000
95292  -52.832  25.511  46.046 0.0000000000
95293  -53.824  25.866  45.767 0.0000000000
101140  -46.743  33.363  19.796 0.0000000000
100524  -46.464  32.406  19.717 0.0000000000
100516  -45.277  32.397  20.993 0.0000000000
102111  -51.498  36.850  36.988 0.0000000000
132502  -51.140  36.620  37.201 0.0000000000
102764  -43.793  36.631  31.578 0.0000000000
102752  -44.345  36.520  32.624 0.0000000000
102176  -44.229  35.983  31.486 0.0000000000
95482  -52.920  23.583  27.217 0.0000000000
96272  -52.852  25.218  26.856 0.0000000000
95471  -53.816  23.643  27.920 0.0000000000
95457  -54.480  24.140  28.642 0.0000000000
95456  -53.889  23.632  28.184 0.0000000000
95444  -53.404  23.808  28.503 0.0000000000
96251  -52.305  24.105  28.326 0.0000000000
101126  -46.971  33.005  23.116 0.0000000000
100503  -46.506  32.191  23.226 0.0000000000
99897  -46.739  31.673  22.578 0.0000000000
95528  -46.202  25.923  19.772 0.0000000000
95533  -47.360  25.629  19.740 0.0000000000
94746  -46.905  24.715  20.609 0.0000000000
94736  -48.068  24.311  21.647 0.0000000000
119462  -46.197  24.260  22.148 0.0000000000
94723  -45.862  24.202  23.137 0.0000000000
95515  -45.519  24.879  22.320 0.0000000000
92625  -48.408  21.953  51.725 0.0000000000
96838  -49.936  27.412  49.253 0.0000000000
96031  -50.214  27.016  49.916 0.0000000000
96851  -50.645  27.476  48.799 0.0000000000
136065  -51.562  27.444  49.063 0.0000000000
108236  -46.651  48.543  34.499 0.0000000000
108235  -45.665  47.847  35.317 0.0000000000
108239  -45.724  47.629  33.763 0.0000000000
107367  -43.387  45.755  33.702 0.0000000000
107799  -44.319  46.223  32.864 0.0000000000
106062  -45.518  42.737  28.928 0.0000000000
106500  -45.128  43.348  29.176 0.0000000000
105563  -45.715  41.927  28.669 0.0000000000
105575  -45.214  41.128  28.805 0.0000000000
105043  -45.397  40.382  28.393 0.0000000000
104504  -45.842  39.437  27.564 0.0000000000
105058  -46.132  40.314  27.701 0.0000000000
105101  -50.484  40.982  24.381 0.0000000000
104539  -50.192  39.371  24.551 0.0000000000
131810  -50.708  39.859  23.707 0.0000000000
103997  -50.700  37.907  22.745 0.0000000000
104552  -50.629  39.512  22.550 0.0000000000
104564  -50.454  39.257  21.838 0.0000000000
105108  -50.598  40.789  22.525 0.0000000000
102079  -50.853  36.256  45.984 0.0000000000
102083  -50.423  35.718  46.020 0.0000000000
102087  -49.459  35.044  45.368 0.0000000000
125002  -48.766  34.305  45.046 0.0000000000
139214  -48.385  34.037  43.846 0.0000000000
99766  -50.631  31.604  39.424 0.0000000000
99107  -50.212  31.265  40.187 0.0000000000
99119  -51.100  30.896  39.719 0.0000000000
98404  -51.755  29.783  40.844 0.0000000000
99120  -51.930  30.626  39.344 0.0000000000
103884  -48.255  39.520  33.744 0.0000000000
104454  -49.396  40.575  33.573 0.0000000000
104455  -50.594  41.836  33.568 0.0000000000
103886  -50.271  40.350  33.129 0.0000000000
99242  -47.678  30.265  27.527 0.0000000000
99228  -48.211  30.697  28.119 0.0000000000
99243  -48.869  30.162  27.478 0.0000000000
100449  -53.007  32.840  29.929 0.0000000000
101063  -53.170  34.338  29.870 0.0000000000
130661  -52.384  33.389  31.045 0.0000000000
101642  -52.714  34.813  31.192 0.0000000000
101051  -52.067  33.771  31.519 0.0000000000
100431  -51.063  32.930  32.724 0.0000000000
120032  -51.601  32.062  31.781 0.0000000000
96189  -55.474  26.480  34.866 0.0000000000
97739  -55.121  27.956  35.190 0.0000000000
96181  -55.528  26.593  36.077 0.0000000000
96986  -55.561  26.734  37.034 0.0000000000
96172  -55.327  26.041  36.708 0.0000000000
96161  -55.033  25.745  37.412 0.0000000000
96171  -55.069  25.826  36.336 0.0000000000
97746  -50.122  28.774  34.339 0.0000000000
120743  -50.756  28.481  34.982 0.0000000000
98470  -50.071  28.939  35.274 0.0000000000
134492  -49.555  29.214  34.794 0.0000000000
97070  -45.609  27.608  28.634 0.0000000000
97071  -46.628  27.602  28.466 0.0000000000
97807  -45.444  28.305  29.233 0.0000000000
99154  -42.885  30.198  34.924 0.0000000000
99166  -43.427  30.426  34.546 0.0000000000
99155  -43.621  30.403  35.197 0.0000000000
99141  -43.915  30.185  35.915 0.0000000000
98453  -43.485  29.810  36.300 0.0000000000
97715  -43.352  28.669  37.318 0.0000000000
98436  -42.741  29.055  37.008 0.0000000000
93901  -53.092  24.010  51.394 0.0000000000
95304  -50.581  25.282  44.754 0.0000000000
95323  -51.071  25.633  43.553 0.0000000000
120779  -49.007  32.162  20.315 0.0000000000
99916  -48.799  31.346  19.809 0.0000000000
99923  -48.580  31.197  19.247 0.0000000000
98618  -45.739  29.538  19.377 0.0000000000
98619  -46.588  29.300  18.654 0.0000000000
132051  -46.037  28.552  18.931 0.0000000000
97135  -45.662  27.121  19.531 0.0000000000
97878  -45.301  28.066  19.656 0.0000000000
97128  -44.601  27.654  21.358 0.0000000000
129053  -44.211  28.978  21.110 0.0000000000
98597  -43.558  29.567  22.293 0.0000000000
94547  -47.174  24.708  49.711 0.0000000000
96849  -48.510  27.609  48.383 0.0000000000
96869  -48.161  27.769  47.534 0.0000000000
109717  -46.574  51.701  34.813 0.0000000000
106117  -49.686  42.461  24.997 0.0000000000
106568  -49.052  43.664  23.340 0.0000000000
106987  -48.134  44.152  23.999 0.0000000000
101580  -50.918  35.647  37.800 0.0000000000
101571  -50.953  35.432  38.720 0.0000000000
101570  -50.221  34.432  38.763 0.0000000000
100977  -49.808  33.524  39.369 0.0000000000
100987  -50.015  33.745  38.522 0.0000000000
105503  -43.012  41.491  35.581 0.0000000000
102742  -46.862  36.761  33.173 0.0000000000
97844  -51.193  28.277  25.543 0.0000000000
98567  -51.104  29.496  26.387 0.0000000000
129831  -51.555  28.860  26.010 0.0000000000
97824  -53.488  28.716  27.788 0.0000000000
98556  -53.100  29.650  27.537 0.0000000000
98545  -53.542  29.615  28.229 0.0000000000
99221  -53.498  30.416  28.651 0.0000000000
98538  -53.768  29.281  29.073 0.0000000000
98530  -53.483  29.181  30.099 0.0000000000
136986  -54.021  28.486  29.776 0.0000000000
95437  -55.225  25.226  30.353 0.0000000000
97046  -55.303  26.185  30.530 0.0000000000
96225  -55.244  25.591  31.035 0.0000000000
97024  -55.355  26.164  32.534 0.0000000000
96217  -55.188  25.834  31.816 0.0000000000
96197  -54.994  25.856  33.368 0.0000000000
96216  -54.845  25.564  31.553 0.0000000000
97045  -51.612  26.747  30.895 0.0000000000
97033  -52.315  26.709  31.682 0.0000000000
97032  -51.125  27.356  31.559 0.0000000000
97767  -50.651  27.828  32.219 0.0000000000
123933  -50.242  27.772  31.510 0.0000000000
101674  -45.063  34.477  27.160 0.0000000000
101084  -44.965  33.897  28.335 0.0000000000
121635  -45.296  32.896  26.457 0.0000000000
99270  -45.764  30.518  24.424 0.0000000000
99874  -45.569  31.186  25.687 0.0000000000
98576  -45.798  30.412  25.169 0.0000000000
99252  -46.509  29.904  26.166 0.0000000000
97841  -46.542  29.197  24.828 0.0000000000
98612  -48.520  29.601  19.579 0.0000000000
98606  -47.550  29.454  20.636 0.0000000000
97872  -47.162  28.580  20.953 0.0000000000
96303  -48.502  26.170  21.577 0.0000000000
97123  -47.240  27.549  21.922 0.0000000000
97117  -47.749  27.088  22.539 0.0000000000
97103  -47.460  27.769  23.574 0.0000000000
124827  -48.437  27.095  23.293 0.0000000000
97105  -49.805  27.423  24.226 0.0000000000
96293  -49.931  26.016  22.874 0.0000000000
94727  -49.361  24.638  23.117 0.0000000000
95504  -49.896  25.103  23.107 0.0000000000
133111  -49.463  24.375  24.247 0.0000000000
94710  -50.543  23.736  25.700 0.0000000000
94709  -49.793  23.862  25.346 0.0000000000
95480  -49.858  23.711  26.159 0.0000000000
95489  -48.382  24.113  25.330 0.0000000000
94705  -45.768  24.412  24.861 0.0000000000
95477  -46.649  25.120  26.096 0.0000000000
95476  -45.495  25.156  26.194 0.0000000000
95465  -45.635  25.863  27.068 0.0000000000
97115  -44.410  27.171  23.350 0.0000000000
96291  -44.566  26.103  23.736 0.0000000000
97102  -44.264  26.941  24.119 0.0000000000
97087  -42.600  27.035  26.932 0.0000000000
125442  -43.286  25.969  26.150 0.0000000000
94534  -48.563  24.315  50.376 0.0000000000
93890  -48.883  23.092  51.068 0.0000000000
93899  -49.105  23.777  50.818 0.0000000000
95225  -51.187  25.366  51.292 0.0000000000
94526  -50.766  24.461  51.561 0.0000000000
94517  -51.377  23.923  52.331 0.0000000000
93883  -52.153  23.430  53.158 0.0000000000
94518  -52.229  24.260  52.703 0.0000000000
94519  -53.028  24.503  52.742 0.0000000000
95218  -52.836  25.010  52.598 0.0000000000
96841  -52.770  27.279  49.195 0.0000000000
96842  -52.907  27.152  49.498 0.0000000000
96853  -53.161  27.097  48.727 0.0000000000
96033  -53.369  26.778  48.781 0.0000000000
96873  -53.651  27.155  47.695 0.0000000000
107781  -40.640  46.645  35.888 0.0000000000
107346  -40.824  45.937  36.650 0.0000000000
107347  -42.069  46.443  37.543 0.0000000000
107339  -42.768  46.403  38.712 0.0000000000
107777  -43.544  47.112  38.615 0.0000000000
109179  -42.847  49.921  35.693 0.0000000000
108707  -44.392  48.713  36.959 0.0000000000
123831  -44.810  47.556  37.315 0.0000000000
107784  -44.851  48.159  37.542 0.0000000000
107359  -44.310  46.771  36.896 0.0000000000
107349  -44.713  47.274  38.619 0.0000000000
107348  -43.895  46.083  37.100 0.0000000000
135584  -42.815  44.904  36.040 0.0000000000
106911  -42.272  43.888  35.525 0.0000000000
106485  -41.666  43.086  33.089 0.0000000000
106037  -41.658  42.281  33.584 0.0000000000
105525  -41.737  41.534  32.957 0.0000000000
104467  -42.550  39.442  32.482 0.0000000000
105015  -42.314  40.195  32.098 0.0000000000
106927  -42.601  44.130  32.107 0.0000000000
106494  -42.912  43.073  31.212 0.0000000000
131317  -44.394  39.433  29.065 0.0000000000
105032  -43.546  40.268  30.011 0.0000000000
103920  -43.853  38.659  29.567 0.0000000000
131757  -43.492  38.183  30.173 0.0000000000
103380  -43.889  37.628  29.533 0.0000000000
102789  -44.592  36.647  28.304 0.0000000000
103392  -44.875  37.363  27.938 0.0000000000
103405  -46.307  37.382  26.027 0.0000000000
102806  -45.868  36.639  26.209 0.0000000000
102818  -46.505  36.613  25.488 0.0000000000
102232  -46.549  35.376  24.873 0.0000000000
102826  -46.875  36.098  24.829 0.0000000000
105074  -48.518  41.079  26.436 0.0000000000
130474  -47.452  40.021  26.500 0.0000000000
105082  -48.253  40.302  26.091 0.0000000000
103424  -49.453  37.391  23.996 0.0000000000
103977  -48.766  38.064  24.606 0.0000000000
102836  -49.246  36.529  23.645 0.0000000000
102835  -48.545  36.076  23.687 0.0000000000
135178  -49.404  35.008  22.766 0.0000000000
101720  -49.307  34.317  22.362 0.0000000000
102245  -50.201  35.239  22.486 0.0000000000
124876  -50.277  36.417  21.499 0.0000000000
102263  -49.905  34.559  20.970 0.0000000000
102262  -49.004  35.028  20.067 0.0000000000
126199  -48.110  34.983  19.632 0.0000000000
102261  -48.070  35.588  19.618 0.0000000000
130962  -48.391  36.895  19.750 0.0000000000
123903  -49.259  38.862  19.978 0.0000000000
104583  -48.801  39.281  19.644 0.0000000000
104582  -48.068  39.186  19.694 0.0000000000
105154  -49.199  40.462  19.576 0.0000000000
106570  -50.425  43.005  21.935 0.0000000000
99089  -47.246  30.741  44.694 0.0000000000
99741  -48.444  31.366  44.451 0.0000000000
98373  -48.038  29.218  44.999 0.0000000000
139359  -48.668  29.386  44.816 0.0000000000
97642  -48.816  28.818  45.141 0.0000000000
120296  -49.167  29.471  44.652 0.0000000000
121888  -49.112  34.297  41.814 0.0000000000
100963  -48.543  33.419  41.662 0.0000000000
99097  -50.261  30.092  42.290 0.0000000000
99096  -49.625  30.569  42.515 0.0000000000
122448  -50.404  29.559  43.624 0.0000000000
97647  -50.317  28.861  44.670 0.0000000000
97651  -50.756  29.061  44.157 0.0000000000
96903  -51.570  28.041  45.799 0.0000000000
97648  -51.725  28.711  44.109 0.0000000000
97663  -53.205  28.803  41.962 0.0000000000
97652  -52.623  28.574  43.649 0.0000000000
118605  -53.322  28.408  43.294 0.0000000000
96909  -54.079  27.888  44.263 0.0000000000
96912  -54.121  27.981  43.439 0.0000000000
104441  -50.973  41.301  34.293 0.0000000000
140746  -49.545  38.471  35.291 0.0000000000
131145  -45.536  33.294  29.633 0.0000000000
124086  -45.536  33.701  30.252 0.0000000000
100445  -46.065  33.008  30.056 0.0000000000
101060  -48.303  33.386  30.501 0.0000000000
101050  -47.732  33.801  31.031 0.0000000000
101639  -48.100  34.512  31.353 0.0000000000
101626  -48.510  35.262  31.607 0.0000000000
102178  -49.455  35.553  31.254 0.0000000000
99230  -50.582  31.258  27.964 0.0000000000
99840  -50.025  32.307  28.939 0.0000000000
100460  -51.510  32.962  28.797 0.0000000000
102188  -52.632  35.812  30.100 0.0000000000
101654  -51.490  34.894  29.779 0.0000000000
102767  -51.633  36.667  30.721 0.0000000000
102757  -50.992  37.295  31.438 0.0000000000
103367  -52.475  37.525  31.139 0.0000000000
103358  -52.963  38.542  31.921 0.0000000000
102744  -52.828  36.577  32.790 0.0000000000
102735  -53.268  37.933  33.927 0.0000000000
102734  -52.716  37.509  34.875 0.0000000000
102727  -52.198  37.436  36.039 0.0000000000
102150  -51.700  36.621  35.293 0.0000000000
102141  -51.141  36.329  35.683 0.0000000000
102149  -50.823  35.630  35.027 0.0000000000
100418  -50.588  32.774  34.353 0.0000000000
131873  -50.488  32.896  35.028 0.0000000000
138959  -50.846  32.365  35.405 0.0000000000
100403  -51.261  32.156  36.882 0.0000000000
99785  -51.743  31.646  36.371 0.0000000000
98502  -52.709  29.704  32.620 0.0000000000
99184  -52.230  30.310  33.185 0.0000000000
98491  -52.897  29.680  33.569 0.0000000000
125094  -54.211  29.326  36.033 0.0000000000
133816  -53.512  29.878  35.693 0.0000000000
99147  -53.534  30.096  36.463 0.0000000000
99146  -53.118  30.570  37.022 0.0000000000
98445  -53.860  29.900  37.941 0.0000000000
99121  -53.339  29.904  39.156 0.0000000000
98417  -54.504  29.183  38.850 0.0000000000
96123  -55.234  27.159  39.713 0.0000000000
96955  -55.007  27.943  39.977 0.0000000000
96109  -54.903  26.643  41.220 0.0000000000
141921  -54.786  26.963  42.471 0.0000000000
133192  -54.679  26.351  41.937 0.0000000000
95357  -54.473  25.899  41.110 0.0000000000
96138  -53.628  25.686  39.736 0.0000000000
95369  -53.224  25.671  41.143 0.0000000000
96121  -53.217  25.768  40.421 0.0000000000
96093  -51.409  25.989  42.216 0.0000000000
96108  -52.252  26.164  40.746 0.0000000000
97003  -53.097  26.839  34.893 0.0000000000
96178  -53.884  26.272  35.455 0.0000000000
96995  -52.969  26.897  35.815 0.0000000000
97719  -51.087  28.022  37.287 0.0000000000
96966  -51.655  27.444  37.880 0.0000000000
96965  -50.745  27.669  38.940 0.0000000000
96946  -51.056  27.094  40.083 0.0000000000
122627  -50.573  27.460  39.689 0.0000000000
96953  -49.885  27.667  39.915 0.0000000000
136530  -50.025  27.935  39.249 0.0000000000
98427  -48.514  29.006  38.628 0.0000000000
97688  -48.572  28.589  39.324 0.0000000000
98415  -47.886  28.972  39.150 0.0000000000
97686  -46.620  28.427  39.976 0.0000000000
138345  -47.270  29.166  38.985 0.0000000000
96263  -49.423  25.583  27.572 0.0000000000
96249  -49.770  26.199  28.402 0.0000000000
96248  -48.747  26.601  28.112 0.0000000000
97808  -47.693  28.405  29.621 0.0000000000
120251  -48.999  27.610  29.558 0.0000000000
97795  -48.619  28.507  30.669 0.0000000000
122313  -49.221  28.255  31.101 0.0000000000
97777  -44.053  29.038  30.934 0.0000000000
98511  -44.487  29.735  31.373 0.0000000000
136698  -46.131  30.562  33.651 0.0000000000
122393  -46.054  30.460  32.894 0.0000000000
99182  -46.796  30.355  33.036 0.0000000000
98488  -47.631  30.073  33.384 0.0000000000
99169  -47.402  30.280  34.329 0.0000000000
99159  -48.019  30.127  34.928 0.0000000000
121637  -47.160  30.408  35.210 0.0000000000
121694  -45.091  29.839  36.961 0.0000000000
99132  -45.944  30.121  37.130 0.0000000000
98424  -45.702  29.282  38.234 0.0000000000
97685  -45.607  28.440  39.152 0.0000000000
95245  -52.640  25.219  49.186 0.0000000000
94570  -51.930  24.679  49.018 0.0000000000
94580  -51.012  24.506  48.016 0.0000000000
100531  -48.042  32.536  19.216 0.0000000000
99922  -48.076  31.687  18.913 0.0000000000
99921  -46.998  31.644  19.028 0.0000000000
99920  -46.193  31.034  19.442 0.0000000000
99291  -45.078  30.601  20.376 0.0000000000
98605  -44.334  29.671  20.924 0.0000000000
99290  -44.556  30.445  20.819 0.0000000000
102112  -52.132  36.942  37.668 0.0000000000
101579  -50.701  35.614  37.237 0.0000000000
104453  -43.074  39.277  33.847 0.0000000000
103882  -43.832  38.281  33.730 0.0000000000
133309  -45.654  35.875  32.611 0.0000000000
97089  -51.684  26.705  25.801 0.0000000000
97833  -51.928  27.932  25.918 0.0000000000
97090  -52.334  26.693  26.478 0.0000000000
97081  -53.029  26.517  27.110 0.0000000000
97082  -54.006  27.435  28.041 0.0000000000
97062  -54.553  27.237  28.752 0.0000000000
96252  -54.597  25.743  28.385 0.0000000000
95458  -54.879  24.438  29.186 0.0000000000
95436  -55.045  24.795  30.087 0.0000000000
96224  -54.617  25.196  30.685 0.0000000000
96236  -53.335  24.800  29.543 0.0000000000
96222  -52.321  26.013  30.218 0.0000000000
96221  -51.315  26.417  30.062 0.0000000000
101107  -45.654  33.200  25.270 0.0000000000
129194  -45.437  32.670  25.701 0.0000000000
125894  -45.673  32.585  24.903 0.0000000000
99886  -45.749  31.208  24.122 0.0000000000
98593  -46.125  29.838  23.219 0.0000000000
97136  -48.035  27.211  19.033 0.0000000000
97130  -47.873  26.898  19.764 0.0000000000
131888  -47.711  26.392  19.590 0.0000000000
96311  -48.121  25.801  20.114 0.0000000000
95524  -49.267  24.964  20.952 0.0000000000
96305  -49.771  25.320  22.111 0.0000000000
94737  -49.254  24.813  21.323 0.0000000000
134056  -48.640  24.368  22.205 0.0000000000
94716  -47.740  23.714  23.846 0.0000000000
94707  -47.975  23.819  24.688 0.0000000000
94715  -46.745  23.816  23.542 0.0000000000
94714  -45.850  24.190  24.156 0.0000000000
94704  -45.100  24.575  24.737 0.0000000000
97840  -43.479  28.063  25.443 0.0000000000
92617  -49.712  22.105  52.536 0.0000000000
95244  -49.249  26.365  49.997 0.0000000000
95234  -49.532  25.521  50.402 0.0000000000
96019  -50.132  26.141  50.392 0.0000000000
95235  -50.809  25.921  50.777 0.0000000000
95236  -51.741  26.288  50.964 0.0000000000
96012  -52.597  26.218  51.261 0.0000000000
96032  -51.757  26.982  50.416 0.0000000000
96840  -52.168  27.388  49.607 0.0000000000
118938  -52.532  27.420  47.870 0.0000000000
107791  -41.483  47.243  36.028 0.0000000000
109172  -46.714  49.944  36.762 0.0000000000
108709  -46.149  49.195  37.069 0.0000000000
108232  -46.345  48.611  36.146 0.0000000000
107793  -44.979  47.559  36.289 0.0000000000
107792  -44.327  46.827  35.666 0.0000000000
106915  -42.338  44.559  34.815 0.0000000000
107362  -42.712  45.277  34.341 0.0000000000
106919  -42.224  44.590  33.815 0.0000000000
106489  -41.847  42.958  32.380 0.0000000000
106498  -44.049  43.900  30.306 0.0000000000
106051  -43.711  42.567  30.372 0.0000000000
139898  -44.410  41.560  29.525 0.0000000000
105042  -44.778  40.343  28.913 0.0000000000
103926  -44.884  39.044  28.403 0.0000000000
103933  -44.850  38.179  28.205 0.0000000000
103934  -45.417  38.777  27.742 0.0000000000
103935  -45.954  38.926  27.243 0.0000000000
103963  -46.674  38.131  26.023 0.0000000000
105084  -49.803  40.939  25.449 0.0000000000
128365  -49.172  40.233  25.523 0.0000000000
104532  -50.033  40.170  25.077 0.0000000000
103434  -50.404  37.189  23.389 0.0000000000
102851  -50.460  35.953  22.826 0.0000000000
103435  -50.692  37.134  22.846 0.0000000000
103446  -50.531  37.321  21.997 0.0000000000
103453  -49.817  37.341  20.835 0.0000000000
104003  -50.097  38.001  21.205 0.0000000000
123509  -49.924  38.874  20.901 0.0000000000
105145  -50.316  40.655  21.073 0.0000000000
129248  -50.880  36.757  45.877 0.0000000000
102078  -50.419  35.872  46.695 0.0000000000
129274  -49.419  34.910  47.359 0.0000000000
101542  -49.266  34.549  46.721 0.0000000000
99740  -47.959  31.498  44.797 0.0000000000
129510  -48.280  32.560  44.647 0.0000000000
100356  -48.497  32.035  44.134 0.0000000000
99747  -48.828  31.324  43.578 0.0000000000
100368  -49.086  32.660  40.496 0.0000000000
100367  -48.647  32.652  41.182 0.0000000000
99755  -49.476  31.973  40.319 0.0000000000
127327  -50.266  30.637  40.899 0.0000000000
98394  -50.895  29.723  42.149 0.0000000000
98391  -51.593  29.326  42.591 0.0000000000
98395  -51.459  29.656  41.570 0.0000000000
122983  -52.191  29.489  41.215 0.0000000000
98396  -52.921  29.183  41.250 0.0000000000
104997  -50.542  42.611  34.080 0.0000000000
104998  -50.917  41.759  33.606 0.0000000000
104989  -52.494  41.580  33.072 0.0000000000
99850  -46.536  31.285  28.214 0.0000000000
100456  -46.469  32.352  29.497 0.0000000000
99837  -46.924  31.714  29.026 0.0000000000
100458  -48.414  32.282  29.602 0.0000000000
100448  -48.989  32.964  29.895 0.0000000000
99841  -53.145  32.416  28.745 0.0000000000
101071  -52.581  33.843  29.231 0.0000000000
135022  -53.061  34.294  29.640 0.0000000000
101656  -53.113  34.825  29.850 0.0000000000
102778  -53.040  36.110  30.477 0.0000000000
102170  -53.239  37.050  31.624 0.0000000000
141347  -53.256  36.367  31.145 0.0000000000
102169  -52.494  35.788  32.379 0.0000000000
102157  -51.822  35.628  33.238 0.0000000000
101618  -51.045  34.708  33.492 0.0000000000
101040  -51.055  33.839  32.902 0.0000000000
100424  -50.680  33.055  33.605 0.0000000000
99799  -50.829  32.189  33.930 0.0000000000
97748  -54.249  28.420  33.488 0.0000000000
98482  -53.647  29.078  34.017 0.0000000000
97749  -54.677  28.246  34.424 0.0000000000
125895  -55.035  28.347  35.974 0.0000000000
98460  -54.650  28.985  36.631 0.0000000000
97706  -54.961  28.660  38.570 0.0000000000
97707  -55.356  27.842  38.199 0.0000000000
96968  -55.472  27.141  38.514 0.0000000000
96122  -55.129  26.229  39.795 0.0000000000
95371  -54.692  25.787  40.133 0.0000000000
95384  -54.848  25.634  38.907 0.0000000000
95394  -54.125  25.622  38.811 0.0000000000
96150  -53.228  26.263  38.197 0.0000000000
97002  -51.860  27.663  34.674 0.0000000000
96994  -52.222  27.453  35.398 0.0000000000
129027  -51.402  28.025  35.461 0.0000000000
97738  -50.662  28.547  35.820 0.0000000000
97718  -50.289  28.485  37.614 0.0000000000
97717  -49.740  28.644  38.108 0.0000000000
98444  -49.840  29.005  36.992 0.0000000000
98443  -49.141  29.316  37.348 0.0000000000
98456  -48.497  29.786  36.993 0.0000000000
97080  -47.030  27.016  27.908 0.0000000000
138257  -48.232  27.204  28.474 0.0000000000
97072  -47.520  27.446  28.462 0.0000000000
97058  -47.201  28.044  28.981 0.0000000000
97794  -47.308  28.962  30.139 0.0000000000
98487  -43.144  29.954  33.301 0.0000000000
98497  -44.165  30.049  32.144 0.0000000000
99179  -43.632  30.452  33.845 0.0000000000
99180  -44.482  30.595  33.605 0.0000000000
99168  -45.298  30.674  34.286 0.0000000000
126374  -45.800  30.526  35.874 0.0000000000
99157  -45.164  30.497  35.696 0.0000000000
98438  -44.426  29.384  37.068 0.0000000000
127387  -44.487  27.853  37.744 0.0000000000
97701  -43.987  28.186  37.466 0.0000000000
96976  -43.200  28.110  37.642 0.0000000000
92618  -53.003  22.169  52.638 0.0000000000
100512  -48.262  32.442  21.653 0.0000000000
99898  -47.487  31.906  21.891 0.0000000000
99907  -48.397  31.690  21.142 0.0000000000
99293  -48.701  30.486  19.586 0.0000000000
142224  -48.731  29.214  18.964 0.0000000000
99306  -48.073  29.993  18.497 0.0000000000
98624  -47.563  29.203  18.419 0.0000000000
97140  -47.779  27.610  18.711 0.0000000000
139994  -46.534  27.440  18.825 0.0000000000
96321  -46.386  26.529  19.337 0.0000000000
96310  -45.275  26.154  21.103 0.0000000000
96302  -45.120  25.852  22.040 0.0000000000
96309  -44.866  26.774  21.773 0.0000000000
97122  -44.497  27.434  22.385 0.0000000000
97859  -44.125  28.067  22.973 0.0000000000
98604  -43.859  29.612  21.590 0.0000000000
97864  -43.779  28.853  22.600 0.0000000000
93259  -48.264  22.605  51.002 0.0000000000
126655  -47.816  23.061  50.476 0.0000000000
94533  -47.724  23.882  50.138 0.0000000000
95242  -47.445  25.737  49.571 0.0000000000
95243  -48.288  26.042  49.782 0.0000000000
96030  -48.603  26.948  49.464 0.0000000000
96837  -48.979  27.466  49.073 0.0000000000
96850  -49.571  27.543  48.387 0.0000000000
109699  -45.507  51.553  35.402 0.0000000000
135330  -47.368  51.263  35.707 0.0000000000
108730  -47.643  50.252  34.417 0.0000000000
108729  -46.895  49.252  33.756 0.0000000000
105591  -47.100  41.832  27.705 0.0000000000
130506  -49.475  42.538  26.288 0.0000000000
106110  -49.770  42.145  25.594 0.0000000000
105620  -50.151  41.654  24.749 0.0000000000
105627  -50.383  41.531  23.772 0.0000000000
105628  -50.513  41.443  22.894 0.0000000000
120301  -49.685  43.068  23.350 0.0000000000
101564  -50.822  35.113  39.800 0.0000000000
101562  -49.434  33.770  40.409 0.0000000000
100969  -49.416  33.303  40.083 0.0000000000
100376  -50.244  32.319  39.208 0.0000000000
99774  -50.885  31.930  38.695 0.0000000000
131230  -47.943  38.449  33.552 0.0000000000
132259  -48.377  37.904  33.253 0.0000000000
97831  -49.834  28.950  25.914 0.0000000000
98553  -49.713  29.900  27.042 0.0000000000
98566  -50.166  29.478  26.469 0.0000000000
99245  -51.048  30.670  27.367 0.0000000000
135721  -51.979  30.735  27.351 0.0000000000
98568  -52.246  28.798  26.428 0.0000000000
99246  -52.604  30.292  27.367 0.0000000000
123339  -52.804  31.030  27.822 0.0000000000
99842  -53.317  31.923  28.817 0.0000000000
99830  -53.329  31.817  29.180 0.0000000000
99212  -52.342  31.261  30.798 0.0000000000
99204  -51.796  31.240  31.738 0.0000000000
98529  -52.866  29.896  30.595 0.0000000000
98516  -53.301  29.069  31.132 0.0000000000
97781  -54.152  28.235  31.629 0.0000000000
97799  -54.669  27.540  30.100 0.0000000000
97782  -54.955  27.215  31.136 0.0000000000
97768  -54.186  28.296  32.598 0.0000000000
97759  -54.883  27.596  33.129 0.0000000000
138374  -55.399  26.391  33.442 0.0000000000
96188  -55.272  26.104  34.465 0.0000000000
123797  -55.145  25.960  34.830 0.0000000000
96187  -55.066  25.916  34.167 0.0000000000
96186  -53.885  26.286  33.969 0.0000000000
97014  -52.751  26.926  33.413 0.0000000000
96206  -53.740  26.113  32.124 0.0000000000
97023  -52.629  26.813  32.592 0.0000000000
121349  -51.925  27.413  33.025 0.0000000000
97758  -51.070  27.921  33.094 0.0000000000
97766  -49.740  28.634  32.883 0.0000000000
97806  -44.715  28.240  29.564 0.0000000000
97042  -44.045  27.739  30.003 0.0000000000
97776  -43.455  28.339  31.425 0.0000000000
97765  -43.145  28.629  32.150 0.0000000000
98495  -42.820  28.994  32.887 0.0000000000
98486  -42.570  29.337  33.680 0.0000000000
98479  -42.399  29.587  34.498 0.0000000000
98466  -42.300  29.612  35.415 0.0000000000
102193  -44.461  35.335  29.797 0.0000000000
101650  -44.683  34.873  30.272 0.0000000000
101661  -44.732  34.581  29.525 0.0000000000
101079  -45.276  33.343  28.902 0.0000000000
100467  -45.580  32.569  28.411 0.0000000000
100480  -45.400  31.981  26.222 0.0000000000
99861  -45.589  31.718  27.059 0.0000000000
99862  -46.027  31.228  27.533 0.0000000000
99241  -46.641  30.620  27.424 0.0000000000
98564  -47.139  29.877  26.839 0.0000000000
136199  -47.973  29.354  26.399 0.0000000000
99906  -47.127  31.083  21.800 0.0000000000
99284  -46.506  30.112  22.195 0.0000000000
98598  -46.432  29.357  22.477 0.0000000000
97129  -47.310  27.689  21.025 0.0000000000
97866  -46.722  28.529  22.046 0.0000000000
118995  -46.443  28.947  23.087 0.0000000000
97851  -47.361  28.300  24.402 0.0000000000
120419  -48.068  28.423  25.043 0.0000000000
97843  -48.795  28.801  25.755 0.0000000000
121488  -49.704  28.459  25.382 0.0000000000
97095  -50.138  27.909  24.881 0.0000000000
97106  -50.503  27.164  24.433 0.0000000000
129383  -49.891  25.456  22.604 0.0000000000
96284  -50.509  26.191  24.222 0.0000000000
96277  -51.057  26.772  25.008 0.0000000000
96278  -51.348  25.338  25.719 0.0000000000
95491  -51.352  23.603  26.123 0.0000000000
94693  -51.455  23.320  26.569 0.0000000000
95454  -51.932  23.447  27.513 0.0000000000
94692  -50.848  23.297  26.388 0.0000000000
95467  -49.081  25.054  26.811 0.0000000000
95466  -48.067  25.560  26.758 0.0000000000
95488  -47.247  24.409  25.384 0.0000000000
95478  -47.672  24.929  26.064 0.0000000000
96261  -47.499  26.354  27.375 0.0000000000
96260  -46.507  26.375  27.363 0.0000000000
125867  -45.746  26.470  27.629 0.0000000000
96244  -44.471  26.212  28.160 0.0000000000
95514  -44.986  25.552  22.972 0.0000000000
95503  -44.852  25.198  23.702 0.0000000000
139774  -44.107  25.377  25.240 0.0000000000
97094  -43.464  27.014  25.745 0.0000000000
96276  -43.721  26.046  25.435 0.0000000000
95474  -43.757  25.242  25.998 0.0000000000
122958  -49.120  22.512  51.682 0.0000000000
93260  -50.049  22.821  52.167 0.0000000000
94525  -49.874  24.118  51.149 0.0000000000
93892  -50.419  23.593  51.850 0.0000000000
93253  -50.638  22.346  53.014 0.0000000000
93247  -52.034  22.467  53.507 0.0000000000
93248  -52.733  22.739  53.170 0.0000000000
93885  -53.163  23.419  52.799 0.0000000000
94528  -53.104  24.447  51.958 0.0000000000
94538  -53.222  24.907  51.036 0.0000000000
96013  -53.014  26.374  51.147 0.0000000000
96014  -53.196  26.405  50.764 0.0000000000
95237  -53.113  25.792  50.416 0.0000000000
95246  -53.168  25.969  49.342 0.0000000000
95266  -53.616  26.013  47.929 0.0000000000
95288  -54.077  26.376  46.400 0.0000000000
134067  -42.324  47.686  36.337 0.0000000000
108220  -44.823  48.283  37.511 0.0000000000
128413  -44.427  47.935  37.816 0.0000000000
107783  -44.069  47.504  38.374 0.0000000000
107773  -44.444  47.307  39.108 0.0000000000
106901  -44.724  46.740  38.794 0.0000000000
106900  -44.166  45.378  38.183 0.0000000000
140087  -42.664  43.504  36.247 0.0000000000
127423  -42.562  42.212  35.612 0.0000000000
105513  -42.360  41.629  34.994 0.0000000000
106914  -41.954  43.793  34.641 0.0000000000
105512  -41.877  41.858  34.351 0.0000000000
104437  -42.712  39.852  33.888 0.0000000000
104452  -42.692  39.397  33.304 0.0000000000
103895  -43.115  38.113  32.276 0.0000000000
103366  -43.407  37.441  31.742 0.0000000000
107802  -44.776  46.924  32.483 0.0000000000
107371  -43.630  45.556  32.558 0.0000000000
106486  -41.994  43.663  32.582 0.0000000000
106043  -41.975  42.406  31.934 0.0000000000
105548  -42.734  41.910  30.972 0.0000000000
131112  -42.690  41.104  30.930 0.0000000000
105022  -42.559  40.257  31.306 0.0000000000
103910  -42.867  38.964  31.375 0.0000000000
103373  -43.332  37.841  30.882 0.0000000000
121962  -43.804  36.814  30.086 0.0000000000
129062  -44.340  35.830  29.314 0.0000000000
102207  -44.913  35.216  27.517 0.0000000000
102214  -45.215  35.193  26.810 0.0000000000
103393  -45.316  37.353  27.284 0.0000000000
102805  -45.494  35.915  26.501 0.0000000000
101690  -45.682  34.505  25.682 0.0000000000
101691  -46.197  34.653  25.015 0.0000000000
127194  -46.393  34.099  24.451 0.0000000000
101711  -47.062  34.344  23.771 0.0000000000
105072  -46.895  40.170  27.007 0.0000000000
104520  -46.924  39.450  26.544 0.0000000000
141600  -47.252  38.283  25.608 0.0000000000
103965  -48.650  38.753  25.044 0.0000000000
103964  -47.864  38.072  25.048 0.0000000000
102819  -47.221  36.827  24.884 0.0000000000
102827  -47.663  36.279  24.279 0.0000000000
101704  -47.330  34.994  23.864 0.0000000000
130392  -48.105  33.211  22.240 0.0000000000
101127  -49.243  33.627  21.904 0.0000000000
101134  -49.613  33.406  21.335 0.0000000000
101143  -49.550  33.280  20.784 0.0000000000
102253  -50.211  34.676  21.818 0.0000000000
101727  -49.849  33.947  21.345 0.0000000000
101142  -48.971  33.526  19.984 0.0000000000
101745  -48.063  33.805  19.501 0.0000000000
101141  -47.319  33.882  19.608 0.0000000000
103463  -48.894  37.540  19.942 0.0000000000
103462  -48.076  37.701  19.674 0.0000000000
105640  -50.560  41.478  22.010 0.0000000000
105659  -50.436  41.381  21.123 0.0000000000
105671  -50.122  41.137  20.419 0.0000000000
96892  -47.137  28.122  46.807 0.0000000000
98382  -47.654  29.964  44.752 0.0000000000
97641  -47.372  28.761  45.464 0.0000000000
96893  -47.959  27.991  46.738 0.0000000000
134132  -48.611  27.809  46.842 0.0000000000
96894  -49.331  27.769  46.672 0.0000000000
96901  -49.761  28.041  45.938 0.0000000000
101549  -48.439  34.001  42.748 0.0000000000
100957  -48.225  33.119  42.519 0.0000000000
99752  -48.763  31.886  41.521 0.0000000000
99095  -49.146  31.044  42.767 0.0000000000
131078  -49.389  30.529  43.470 0.0000000000
98383  -49.910  29.439  44.297 0.0000000000
97643  -50.249  28.443  45.276 0.0000000000
96895  -50.346  27.689  46.680 0.0000000000
139420  -51.182  27.808  46.358 0.0000000000
96896  -52.067  27.751  46.434 0.0000000000
96897  -53.011  27.650  46.604 0.0000000000
97654  -51.941  28.927  43.322 0.0000000000
96904  -53.024  28.089  45.091 0.0000000000
96898  -53.702  27.541  46.385 0.0000000000
96906  -54.131  27.320  45.925 0.0000000000
96069  -54.277  26.941  46.224 0.0000000000
95294  -54.230  26.440  45.590 0.0000000000
103850  -48.409  38.239  35.959 0.0000000000
103320  -49.050  37.964  35.698 0.0000000000
103312  -49.758  37.162  36.256 0.0000000000
101635  -44.838  34.798  30.927 0.0000000000
102165  -46.083  35.340  32.296 0.0000000000
101058  -46.609  33.214  30.524 0.0000000000
101638  -47.175  34.271  31.484 0.0000000000
102166  -47.025  35.475  32.334 0.0000000000
102755  -47.439  36.225  32.681 0.0000000000
102756  -48.448  36.489  32.467 0.0000000000
103355  -48.935  37.369  32.718 0.0000000000
99229  -49.319  30.881  28.089 0.0000000000
125299  -49.271  32.453  29.406 0.0000000000
142396  -49.873  33.489  29.713 0.0000000000
101662  -51.693  34.284  29.434 0.0000000000
101062  -50.393  34.185  29.861 0.0000000000
101640  -49.874  35.143  30.679 0.0000000000
102766  -50.095  36.350  31.364 0.0000000000
103356  -50.223  37.883  32.282 0.0000000000
103896  -50.985  39.452  32.494 0.0000000000
104469  -52.952  40.981  32.733 0.0000000000
104470  -53.241  40.564  32.840 0.0000000000
127889  -53.240  37.926  31.983 0.0000000000
103347  -53.508  38.693  33.403 0.0000000000
103872  -52.983  38.976  34.190 0.0000000000
103857  -52.512  38.129  35.104 0.0000000000
103322  -51.323  37.392  35.967 0.0000000000
102716  -50.630  36.565  36.615 0.0000000000
102131  -50.789  36.203  36.822 0.0000000000
101597  -50.225  34.910  36.469 0.0000000000
101009  -50.093  34.237  36.759 0.0000000000
134602  -50.272  34.271  35.111 0.0000000000
101019  -50.267  33.682  35.505 0.0000000000
101000  -50.226  33.499  37.103 0.0000000000
100395  -50.702  32.659  37.448 0.0000000000
100396  -51.333  32.019  37.554 0.0000000000
99775  -51.775  31.478  38.117 0.0000000000
99194  -51.634  30.992  32.793 0.0000000000
99183  -51.769  30.860  33.819 0.0000000000
136842  -53.155  29.689  34.374 0.0000000000
98471  -53.014  30.077  35.020 0.0000000000
99794  -52.302  31.085  35.948 0.0000000000
99786  -52.462  31.104  36.741 0.0000000000
99780  -52.560  30.981  37.493 0.0000000000
142004  -52.114  30.924  38.709 0.0000000000
99109  -52.572  30.051  39.639 0.0000000000
98416  -53.229  29.600  39.867 0.0000000000
98397  -53.617  29.135  40.550 0.0000000000
97692  -54.758  28.681  39.385 0.0000000000
97676  -54.453  28.645  40.227 0.0000000000
132562  -54.023  28.381  41.840 0.0000000000
96920  -54.639  27.209  43.172 0.0000000000
96077  -54.548  26.487  43.662 0.0000000000
95307  -54.014  25.859  44.804 0.0000000000
127320  -53.878  25.655  43.856 0.0000000000
133911  -53.301  25.549  44.337 0.0000000000
95325  -52.838  25.515  43.565 0.0000000000
95356  -53.908  25.593  41.548 0.0000000000
95355  -53.125  25.587  41.934 0.0000000000
95341  -51.862  25.641  42.961 0.0000000000
95340  -50.803  25.840  42.954 0.0000000000
96170  -53.976  26.135  36.288 0.0000000000
96159  -53.529  26.249  37.273 0.0000000000
96977  -51.871  27.519  37.001 0.0000000000
96978  -52.511  26.904  37.602 0.0000000000
96136  -52.075  26.728  39.327 0.0000000000
96120  -51.741  26.681  40.023 0.0000000000
96106  -50.551  26.711  41.281 0.0000000000
135577  -49.983  26.589  41.901 0.0000000000
96105  -49.038  26.780  41.942 0.0000000000
96932  -48.549  27.311  41.304 0.0000000000
97689  -49.248  28.108  39.637 0.0000000000
96944  -48.021  27.853  40.708 0.0000000000
96250  -51.007  25.087  28.388 0.0000000000
96234  -51.210  25.806  29.181 0.0000000000
97061  -50.305  26.874  29.841 0.0000000000
97073  -48.907  27.135  28.803 0.0000000000
97060  -49.591  27.414  29.901 0.0000000000
97043  -49.875  27.481  30.375 0.0000000000
97780  -49.662  28.098  31.471 0.0000000000
98490  -49.114  29.147  33.234 0.0000000000
97792  -45.325  28.967  29.868 0.0000000000
99203  -45.679  30.222  31.760 0.0000000000
98513  -46.240  29.968  31.291 0.0000000000
127975  -47.221  29.814  31.565 0.0000000000
98514  -48.181  29.447  32.001 0.0000000000
98489  -48.409  29.618  33.333 0.0000000000
117635  -48.793  29.492  33.875 0.0000000000
132412  -48.521  29.880  35.438 0.0000000000
135279  -47.950  30.114  36.603 0.0000000000
99134  -47.600  29.975  37.315 0.0000000000
99143  -46.344  30.403  36.418 0.0000000000
99133  -46.724  30.142  37.214 0.0000000000
98426  -46.934  29.514  38.428 0.0000000000
91963  -49.329  21.454  52.970 0.0000000000
92612  -52.993  22.252  53.043 0.0000000000
93254  -53.088  22.761  52.949 0.0000000000
93875  -53.121  23.272  53.208 0.0000000000
93884  -52.724  24.121  53.124 0.0000000000
93893  -53.230  23.666  52.138 0.0000000000
94512  -53.128  23.780  53.138 0.0000000000
94527  -51.745  24.778  52.021 0.0000000000
94535  -49.343  24.661  50.598 0.0000000000
94551  -53.039  25.230  50.081 0.0000000000
94698  -49.461  23.834  25.533 0.0000000000
94699  -50.380  23.472  25.968 0.0000000000
94713  -45.156  24.587  23.936 0.0000000000
94717  -48.669  23.985  24.037 0.0000000000
94718  -49.979  24.273  24.900 0.0000000000
94725  -47.730  23.933  22.847 0.0000000000
94726  -48.589  24.196  23.072 0.0000000000
94734  -46.118  24.603  21.375 0.0000000000
94735  -46.974  24.272  21.439 0.0000000000
94738  -49.439  24.768  22.090 0.0000000000
94748  -48.875  24.838  20.820 0.0000000000
94752  -47.690  25.133  20.071 0.0000000000
95227  -52.996  25.729  51.828 0.0000000000
95228  -53.086  25.687  51.426 0.0000000000
95247  -53.510  26.282  48.507 0.0000000000
95281  -52.564  25.401  47.505 0.0000000000
95283  -53.854  26.237  47.206 0.0000000000
95308  -54.321  26.044  44.162 0.0000000000
95324  -51.844  25.540  43.723 0.0000000000
95326  -53.650  25.572  43.130 0.0000000000
95342  -52.978  25.563  42.692 0.0000000000
95344  -54.267  25.827  42.155 0.0000000000
95354  -52.328  25.703  42.266 0.0000000000
95370  -54.043  25.561  40.525 0.0000000000
95395  -54.790  25.650  38.261 0.0000000000
95435  -54.414  24.649  29.782 0.0000000000
95446  -54.781  24.377  29.313 0.0000000000
95447  -55.087  24.783  29.616 0.0000000000
95468  -50.202  24.014  26.889 0.0000000000
95469  -51.299  23.255  26.910 0.0000000000
95470  -52.157  23.304  26.925 0.0000000000
95475  -44.394  25.032  26.066 0.0000000000
95481  -51.945  23.426  26.580 0.0000000000
95485  -44.476  24.944  25.360 0.0000000000
95487  -46.158  24.626  25.423 0.0000000000
95490  -50.856  24.603  25.507 0.0000000000
95496  -44.573  25.170  24.504 0.0000000000
95497  -50.059  25.164  24.088 0.0000000000
95516  -49.670  25.008  21.522 0.0000000000
95521  -45.797  25.627  20.433 0.0000000000
95522  -46.137  25.024  20.698 0.0000000000
95523  -48.539  25.147  20.442 0.0000000000
95529  -46.676  25.354  20.025 0.0000000000
96020  -50.940  26.636  50.402 0.0000000000
96021  -52.642  26.825  50.836 0.0000000000
96022  -52.918  26.965  50.444 0.0000000000
96045  -53.748  26.659  47.878 0.0000000000
96071  -54.424  26.995  45.409 0.0000000000
96072  -54.510  26.822  44.555 0.0000000000
96091  -49.491  26.339  42.509 0.0000000000
96094  -54.580  26.333  42.771 0.0000000000
96104  -48.001  26.881  41.925 0.0000000000
96119  -51.220  26.703  40.683 0.0000000000
96139  -55.157  25.895  38.976 0.0000000000
96140  -55.365  26.712  39.086 0.0000000000
96151  -55.115  25.792  38.248 0.0000000000
96162  -55.364  26.140  37.571 0.0000000000
96179  -54.828  25.904  35.496 0.0000000000
96199  -55.431  26.461  34.103 0.0000000000
96207  -54.960  25.775  32.507 0.0000000000
96208  -55.265  26.015  32.859 0.0000000000
96215  -53.554  25.891  31.284 0.0000000000
96223  -53.406  25.502  30.452 0.0000000000
96233  -49.618  26.993  29.278 0.0000000000
96237  -55.246  25.633  29.684 0.0000000000
96245  -45.318  26.779  28.136 0.0000000000
96247  -47.896  26.848  27.956 0.0000000000
96253  -55.074  24.977  29.071 0.0000000000
96264  -53.599  24.653  27.430 0.0000000000
96265  -54.248  24.560  27.926 0.0000000000
96270  -47.116  25.762  26.744 0.0000000000
96283  -50.104  25.829  23.264 0.0000000000
96304  -49.460  25.233  21.402 0.0000000000
96312  -48.796  25.356  20.721 0.0000000000
96315  -45.039  26.911  20.943 0.0000000000
96316  -45.524  26.468  20.116 0.0000000000
96317  -47.850  25.695  19.959 0.0000000000
96839  -51.028  27.352  49.529 0.0000000000
96848  -47.529  27.652  48.249 0.0000000000
96872  -53.423  27.397  47.319 0.0000000000
96874  -53.851  27.054  47.561 0.0000000000
96899  -53.947  27.193  46.915 0.0000000000
96905  -53.787  27.800  45.510 0.0000000000
96910  -54.207  27.523  44.962 0.0000000000
96919  -54.454  27.759  42.445 0.0000000000
96933  -49.615  27.071  41.263 0.0000000000
96934  -54.808  27.193  41.833 0.0000000000
96943  -47.039  27.906  40.709 0.0000000000
96954  -51.346  27.195  39.404 0.0000000000
96967  -52.202  26.886  38.542 0.0000000000
96979  -55.576  26.942  37.845 0.0000000000
96984  -52.047  27.530  36.129 0.0000000000
96996  -55.516  27.218  35.451 0.0000000000
97005  -55.445  27.216  34.622 0.0000000000
97013  -51.825  27.601  33.760 0.0000000000
97016  -55.367  26.143  33.051 0.0000000000
97034  -55.353  26.146  31.620 0.0000000000
97055  -44.390  27.364  29.344 0.0000000000
97056  -44.942  27.821  29.051 0.0000000000
97057  -46.283  28.189  29.001 0.0000000000
97074  -55.008  26.120  29.042 0.0000000000
97088  -43.080  26.762  26.351 0.0000000000
97096  -50.842  27.719  25.048 0.0000000000
97101  -43.864  27.236  24.841 0.0000000000
97118  -49.525  26.830  23.452 0.0000000000
97628  -47.660  28.328  46.048 0.0000000000
97629  -48.702  28.176  45.989 0.0000000000
97646  -49.652  28.876  44.907 0.0000000000
97649  -52.738  28.335  44.424 0.0000000000
97650  -53.487  28.243  43.973 0.0000000000
97664  -53.618  28.806  41.334 0.0000000000
97675  -48.417  28.227  40.020 0.0000000000
97677  -54.764  27.953  40.769 0.0000000000
97687  -47.283  28.787  39.540 0.0000000000
97704  -49.364  28.514  38.786 0.0000000000
97705  -50.898  27.862  38.146 0.0000000000
97716  -44.184  28.831  37.311 0.0000000000
97720  -55.060  28.558  37.745 0.0000000000
97721  -55.455  27.667  37.398 0.0000000000
97729  -50.527  28.557  36.700 0.0000000000
97745  -49.731  28.829  33.592 0.0000000000
97757  -50.335  28.457  33.452 0.0000000000
97778  -48.735  28.791  31.442 0.0000000000
97779  -49.311  28.456  31.675 0.0000000000
97790  -43.737  28.076  30.695 0.0000000000
97797  -49.780  27.798  30.938 0.0000000000
97809  -48.484  28.193  29.903 0.0000000000
97810  -54.329  28.031  29.256 0.0000000000
97823  -53.304  27.695  27.397 0.0000000000
97832  -50.743  28.942  25.907 0.0000000000
97850  -46.734  28.809  24.460 0.0000000000
97852  -49.206  28.136  24.915 0.0000000000
97860  -46.751  28.542  23.770 0.0000000000
97865  -44.212  28.273  22.077 0.0000000000
97870  -43.905  28.962  21.803 0.0000000000
97871  -44.617  28.253  20.681 0.0000000000
97873  -47.707  27.870  20.088 0.0000000000
97879  -48.071  28.653  19.793 0.0000000000
97885  -48.333  28.109  18.904 0.0000000000
97886  -48.563  28.734  18.887 0.0000000000
97891  -48.115  28.438  18.570 0.0000000000
98385  -49.310  30.062  44.219 0.0000000000
98387  -51.185  29.209  43.457 0.0000000000
98389  -50.023  30.034  43.093 0.0000000000
98392  -52.334  29.231  41.906 0.0000000000
98413  -45.885  28.978  38.886 0.0000000000
98423  -45.040  29.166  37.636 0.0000000000
98429  -53.962  29.653  38.655 0.0000000000
98430  -54.507  29.306  38.090 0.0000000000
98437  -43.570  29.307  36.874 0.0000000000
98439  -45.697  29.649  37.674 0.0000000000
98440  -46.356  29.768  37.840 0.0000000000
98441  -47.506  29.671  37.999 0.0000000000
98442  -48.317  29.498  37.859 0.0000000000
98446  -54.646  29.119  37.299 0.0000000000
98451  -41.778  29.144  36.087 0.0000000000
98457  -49.244  29.440  36.537 0.0000000000
98459  -54.181  29.580  36.884 0.0000000000
98467  -43.109  30.036  35.696 0.0000000000
98469  -49.281  29.448  35.573 0.0000000000
98473  -54.560  28.676  35.368 0.0000000000
98478  -41.934  29.059  34.788 0.0000000000
98480  -48.837  29.615  34.681 0.0000000000
98496  -43.468  29.638  32.497 0.0000000000
98498  -46.451  30.262  32.170 0.0000000000
98500  -48.587  29.364  32.711 0.0000000000
98503  -53.310  29.036  32.112 0.0000000000
98515  -52.671  29.762  31.632 0.0000000000
98552  -48.122  29.759  27.038 0.0000000000
98554  -50.575  30.040  26.925 0.0000000000
98555  -51.676  30.099  26.852 0.0000000000
98569  -52.876  28.793  27.097 0.0000000000
98577  -46.678  29.388  25.519 0.0000000000
98578  -47.622  28.991  25.703 0.0000000000
98586  -45.933  29.978  24.545 0.0000000000
98592  -45.908  30.012  24.014 0.0000000000
98611  -44.994  29.794  20.206 0.0000000000
98613  -48.772  29.684  19.053 0.0000000000
98620  -48.699  28.826  18.995 0.0000000000
98625  -48.419  29.194  18.652 0.0000000000
99099  -49.830  30.611  41.659 0.0000000000
99100  -50.600  30.103  41.542 0.0000000000
99108  -51.678  30.213  40.163 0.0000000000
99135  -53.236  30.408  37.715 0.0000000000
99136  -53.711  30.042  37.264 0.0000000000
99142  -44.715  30.244  36.178 0.0000000000
99145  -47.791  30.242  35.850 0.0000000000
99158  -46.375  30.530  35.558 0.0000000000
99167  -44.236  30.613  34.580 0.0000000000
99171  -52.151  30.806  34.957 0.0000000000
99191  -43.866  30.336  32.978 0.0000000000
99192  -44.675  30.424  32.698 0.0000000000
99193  -45.510  30.402  32.420 0.0000000000
99202  -44.935  30.214  31.885 0.0000000000
99205  -52.344  30.564  31.162 0.0000000000
99213  -52.897  30.953  29.967 0.0000000000
99220  -53.454  31.204  28.991 0.0000000000
99231  -51.824  31.280  27.722 0.0000000000
99232  -53.264  31.220  28.456 0.0000000000
99240  -45.939  30.914  26.884 0.0000000000
99271  -45.925  30.585  23.684 0.0000000000
99282  -43.500  30.249  22.046 0.0000000000
99285  -47.239  30.229  21.276 0.0000000000
99292  -48.276  30.356  20.361 0.0000000000
99298  -45.579  30.421  19.788 0.0000000000
99299  -46.297  30.212  19.071 0.0000000000
99300  -48.682  30.446  19.213 0.0000000000
99305  -47.120  30.092  18.540 0.0000000000
99750  -48.698  31.678  42.418 0.0000000000
99753  -49.166  31.151  41.934 0.0000000000
99754  -48.968  32.091  40.873 0.0000000000
99792  -50.854  32.201  34.750 0.0000000000
99800  -51.333  31.513  34.395 0.0000000000
99806  -50.952  32.269  33.110 0.0000000000
99807  -51.243  31.570  33.431 0.0000000000
99822  -52.209  31.913  30.910 0.0000000000
99829  -52.930  31.917  29.920 0.0000000000
99838  -47.970  31.694  29.163 0.0000000000
99839  -48.998  31.890  29.111 0.0000000000
99849  -45.793  31.834  27.946 0.0000000000
99851  -47.560  31.191  28.575 0.0000000000
99853  -49.718  31.600  28.555 0.0000000000
99854  -50.920  32.051  28.451 0.0000000000
99855  -52.885  31.811  28.254 0.0000000000
99868  -45.629  31.269  26.383 0.0000000000
99879  -45.571  31.140  24.889 0.0000000000
99887  -46.160  31.382  23.390 0.0000000000
99908  -48.966  31.990  20.531 0.0000000000
99912  -44.871  31.047  20.717 0.0000000000
99914  -46.141  31.707  19.743 0.0000000000
99915  -48.716  31.188  20.315 0.0000000000
99928  -47.633  30.854  18.646 0.0000000000
99929  -48.432  30.661  18.835 0.0000000000
100348  -48.177  32.114  44.738 0.0000000000
100362  -48.379  32.275  43.009 0.0000000000
100375  -49.663  32.653  39.765 0.0000000000
100386  -49.931  32.989  39.085 0.0000000000
100388  -50.955  32.254  38.061 0.0000000000
100402  -50.644  32.815  36.600 0.0000000000
100410  -51.096  32.264  36.078 0.0000000000
100432  -51.618  32.888  31.868 0.0000000000
100438  -53.012  33.597  30.194 0.0000000000
100446  -46.908  32.701  30.141 0.0000000000
100447  -47.884  32.720  30.134 0.0000000000
100455  -45.780  32.708  29.248 0.0000000000
100461  -53.006  33.072  28.874 0.0000000000
100475  -45.451  32.464  27.573 0.0000000000
100492  -46.155  32.640  23.987 0.0000000000
100502  -45.978  31.865  23.832 0.0000000000
100518  -49.367  32.662  20.835 0.0000000000
100523  -45.695  32.073  20.355 0.0000000000
100525  -49.123  32.723  20.249 0.0000000000
100968  -48.920  33.268  40.779 0.0000000000
100988  -50.232  33.300  37.876 0.0000000000
101010  -50.264  33.542  36.310 0.0000000000
101018  -50.134  34.145  36.161 0.0000000000
101027  -50.416  33.582  34.532 0.0000000000
101041  -51.448  33.460  32.272 0.0000000000
101048  -46.078  33.628  30.736 0.0000000000
101049  -46.837  33.654  31.020 0.0000000000
101052  -52.913  34.189  30.554 0.0000000000
101059  -47.368  33.212  30.597 0.0000000000
101070  -50.982  33.630  29.319 0.0000000000
101072  -53.033  33.591  29.524 0.0000000000
101078  -44.912  34.024  29.015 0.0000000000
101085  -45.231  33.187  27.989 0.0000000000
101090  -45.197  33.707  26.787 0.0000000000
101117  -46.637  33.548  23.820 0.0000000000
101118  -47.521  33.808  23.096 0.0000000000
101133  -49.138  32.914  21.461 0.0000000000
101139  -45.861  32.907  20.525 0.0000000000
101152  -47.633  33.225  19.406 0.0000000000
101153  -48.442  33.005  19.572 0.0000000000
101550  -49.145  34.634  42.670 0.0000000000
101590  -50.355  35.188  36.948 0.0000000000
101605  -50.421  35.123  35.391 0.0000000000
101611  -50.536  34.635  34.475 0.0000000000
101624  -46.622  34.797  31.894 0.0000000000
101627  -51.892  34.899  32.417 0.0000000000
101636  -45.459  34.278  31.008 0.0000000000
101641  -50.846  35.352  30.291 0.0000000000
101651  -45.027  34.307  30.297 0.0000000000
101652  -48.639  34.101  30.809 0.0000000000
101653  -49.537  34.456  30.497 0.0000000000
101655  -52.665  35.239  29.804 0.0000000000
101668  -44.737  34.577  28.666 0.0000000000
101673  -44.862  34.532  27.902 0.0000000000
101680  -45.327  34.438  26.420 0.0000000000
101702  -45.842  33.897  25.153 0.0000000000
101719  -48.461  33.945  22.519 0.0000000000
101733  -47.569  34.550  19.644 0.0000000000
101735  -49.437  34.070  20.495 0.0000000000
102077  -49.699  35.218  47.146 0.0000000000
102132  -51.042  36.544  36.361 0.0000000000
102140  -50.553  35.680  36.173 0.0000000000
102167  -48.003  35.708  32.190 0.0000000000
102168  -48.983  36.005  31.866 0.0000000000
102177  -45.149  34.903  31.468 0.0000000000
102180  -52.890  35.711  31.512 0.0000000000
102181  -53.170  35.790  30.659 0.0000000000
102186  -44.403  35.495  30.694 0.0000000000
102187  -51.613  35.962  30.309 0.0000000000
102189  -53.075  35.450  30.161 0.0000000000
102206  -44.669  35.235  28.253 0.0000000000
102225  -45.569  35.203  26.109 0.0000000000
102233  -47.131  35.528  24.318 0.0000000000
102238  -47.845  35.524  23.742 0.0000000000
102701  -51.819  37.209  37.501 0.0000000000
102708  -50.899  36.772  37.005 0.0000000000
102717  -51.994  37.032  36.148 0.0000000000
102745  -53.405  37.820  32.762 0.0000000000
102751  -43.793  36.872  32.343 0.0000000000
102753  -44.991  36.144  32.689 0.0000000000
102765  -44.085  36.343  32.079 0.0000000000
102769  -53.199  36.540  30.919 0.0000000000
102776  -44.162  36.046  29.963 0.0000000000
102777  -52.483  36.321  30.385 0.0000000000
102794  -44.978  36.630  27.570 0.0000000000
102795  -45.403  36.630  26.890 0.0000000000
102817  -45.930  35.920  25.821 0.0000000000
102828  -48.481  36.802  24.096 0.0000000000
102837  -50.122  36.529  23.332 0.0000000000
102838  -50.598  36.583  23.019 0.0000000000
102852  -50.580  36.437  22.481 0.0000000000
102880  -48.733  36.018  19.920 0.0000000000
102881  -49.885  35.532  20.921 0.0000000000
103306  -48.021  37.080  36.976 0.0000000000
103313  -50.992  36.878  36.339 0.0000000000
103321  -50.004  37.603  35.648 0.0000000000
103323  -52.291  37.474  36.037 0.0000000000
103335  -52.706  37.959  35.297 0.0000000000
103342  -43.683  37.831  33.279 0.0000000000
103345  -47.402  37.634  33.433 0.0000000000
103353  -43.519  37.535  32.646 0.0000000000
103354  -43.996  37.113  33.053 0.0000000000
103359  -53.412  38.859  32.593 0.0000000000
103368  -53.057  37.340  31.307 0.0000000000
103386  -44.430  37.465  28.665 0.0000000000
103404  -45.763  37.366  26.637 0.0000000000
103413  -47.610  37.390  24.859 0.0000000000
103423  -48.304  37.464  24.515 0.0000000000
103856  -51.610  38.186  35.134 0.0000000000
103873  -53.377  39.186  33.599 0.0000000000
103880  -42.880  38.697  32.761 0.0000000000
103881  -43.266  38.614  33.443 0.0000000000
103885  -48.865  39.063  33.419 0.0000000000
103888  -53.570  39.729  33.004 0.0000000000
103897  -52.428  39.720  32.280 0.0000000000
103905  -43.072  38.294  31.501 0.0000000000
103911  -43.164  38.735  30.752 0.0000000000
103919  -43.483  38.909  30.104 0.0000000000
103950  -46.399  38.716  26.651 0.0000000000
103951  -47.071  38.820  26.054 0.0000000000
103979  -50.410  38.694  24.123 0.0000000000
103989  -50.322  37.957  23.856 0.0000000000
104443  -53.329  40.186  33.166 0.0000000000
104456  -51.513  41.644  33.189 0.0000000000
104457  -52.367  41.636  33.010 0.0000000000
104458  -52.898  41.149  32.884 0.0000000000
104468  -52.045  40.712  32.569 0.0000000000
104477  -42.611  39.520  31.692 0.0000000000
104484  -42.843  39.526  30.983 0.0000000000
104492  -43.759  39.511  29.728 0.0000000000
104498  -45.435  39.625  28.060 0.0000000000
104521  -47.611  39.486  26.026 0.0000000000
104530  -48.454  39.509  25.538 0.0000000000
104531  -49.400  39.432  25.056 0.0000000000
104540  -50.668  39.274  23.994 0.0000000000
104546  -50.726  39.307  23.263 0.0000000000
104584  -49.411  39.662  20.019 0.0000000000
104603  -48.450  39.751  19.633 0.0000000000
104604  -48.909  39.897  19.536 0.0000000000
104974  -42.803  40.919  34.970 0.0000000000
104983  -42.715  40.385  34.387 0.0000000000
104988  -52.043  41.652  33.182 0.0000000000
104995  -41.932  40.873  33.162 0.0000000000
105005  -42.259  40.163  32.975 0.0000000000
105014  -41.980  40.881  32.503 0.0000000000
105023  -42.986  40.251  30.626 0.0000000000
105033  -44.158  40.292  29.443 0.0000000000
105059  -46.999  40.994  27.412 0.0000000000
105073  -47.738  40.820  26.810 0.0000000000
105093  -50.519  40.161  24.408 0.0000000000
105127  -50.142  39.844  20.978 0.0000000000
105517  -41.875  41.340  33.691 0.0000000000
105518  -42.268  41.087  34.367 0.0000000000
105536  -42.277  41.745  31.495 0.0000000000
105549  -43.356  41.745  30.406 0.0000000000
105561  -44.200  42.126  29.839 0.0000000000
105576  -46.447  41.939  28.178 0.0000000000
105604  -48.456  41.694  26.825 0.0000000000
105613  -49.651  41.698  25.830 0.0000000000
105614  -49.970  41.470  25.327 0.0000000000
106029  -41.892  43.147  34.852 0.0000000000
106034  -41.753  42.585  34.356 0.0000000000
106040  -41.710  42.318  32.662 0.0000000000
106050  -43.120  42.512  30.826 0.0000000000
106061  -44.810  42.826  29.536 0.0000000000
106124  -50.348  42.047  23.137 0.0000000000
106140  -50.471  42.142  22.364 0.0000000000
106475  -42.251  42.964  35.607 0.0000000000
106479  -41.708  43.283  34.009 0.0000000000
106490  -42.327  43.231  31.816 0.0000000000
106491  -43.081  43.777  31.408 0.0000000000
106549  -49.335  43.108  25.243 0.0000000000
106556  -49.412  43.029  24.178 0.0000000000
106922  -41.860  43.890  33.415 0.0000000000
106923  -42.311  44.436  32.925 0.0000000000
106924  -43.019  44.874  32.393 0.0000000000
107345  -39.802  45.497  36.270 0.0000000000
107363  -43.478  46.024  35.003 0.0000000000
107796  -44.165  46.409  34.135 0.0000000000
108219  -43.414  47.803  37.215 0.0000000000
108221  -45.335  48.698  37.258 0.0000000000
108222  -46.021  48.869  37.134 0.0000000000
108240  -46.052  48.342  33.256 0.0000000000
108708  -45.298  48.829  37.262 0.0000000000
108710  -46.930  49.725  36.688 0.0000000000
108719  -43.406  49.149  36.174 0.0000000000
108720  -46.694  49.385  36.688 0.0000000000
108721  -47.615  50.008  36.315 0.0000000000
108726  -47.941  50.235  35.382 0.0000000000
109171  -45.634  50.079  36.505 0.0000000000
109181  -44.676  50.861  35.721 0.0000000000
109182  -47.868  50.851  35.726 0.0000000000
109186  -47.931  50.951  35.052 0.0000000000
109196  -46.896  50.076  33.726 0.0000000000
109683  -46.637  50.977  36.074 0.0000000000
109684  -47.376  50.442  36.311 0.0000000000
109700  -46.544  51.730  35.296 0.0000000000
109701  -47.450  51.459  35.208 0.0000000000
109718  -47.379  51.060  34.534 0.0000000000
109734  -46.556  50.881  34.000 0.0000000000
117700  -52.771  27.888  45.816 0.0000000000
118596  -51.493  27.527  47.158 0.0000000000
119322  -45.651  30.613  35.191 0.0000000000
119995  -54.219  28.495  41.050 0.0000000000
120492  -52.083  36.500  34.027 0.0000000000
120670  -54.509  25.819  37.029 0.0000000000
120930  -46.892  30.414  33.796 0.0000000000
121309  -52.882  30.648  36.409 0.0000000000
121318  -52.401  27.397  48.834 0.0000000000
121417  -48.994  34.828  31.054 0.0000000000
121803  -46.150  37.969  26.469 0.0000000000
121885  -53.046  25.612  47.940 0.0000000000
121979  -49.898  34.320  40.412 0.0000000000
122177  -48.035  28.681  30.239 0.0000000000
122791  -50.513  40.905  21.753 0.0000000000
123276  -47.935  28.619  39.664 0.0000000000
123358  -48.575  29.957  44.620 0.0000000000
123783  -50.990  28.594  44.759 0.0000000000
124153  -46.385  30.355  26.693 0.0000000000
124184  -46.826  28.590  29.513 0.0000000000
124222  -52.435  29.553  26.889 0.0000000000
124378  -42.993  44.407  36.654 0.0000000000
125097  -42.171  26.130  28.179 0.0000000000
126560  -51.851  35.512  29.954 0.0000000000
126608  -52.966  37.257  33.728 0.0000000000
126806  -52.681  30.426  38.904 0.0000000000
126839  -55.398  26.662  33.025 0.0000000000
127098  -45.226  37.974  27.640 0.0000000000
127232  -44.576  41.059  29.284 0.0000000000
127398  -50.268  34.613  38.012 0.0000000000
127403  -52.622  26.193  39.890 0.0000000000
127476  -46.970  30.437  35.942 0.0000000000
127545  -50.347  34.790  30.247 0.0000000000
127687  -46.163  29.703  24.957 0.0000000000
127723  -50.007  34.623  22.232 0.0000000000
128035  -46.387  35.853  25.298 0.0000000000
128166  -46.493  41.249  27.872 0.0000000000
128444  -50.646  37.707  23.256 0.0000000000
128661  -45.060  33.811  27.552 0.0000000000
128921  -50.845  25.713  25.075 0.0000000000
129101  -50.847  30.597  40.344 0.0000000000
129116  -43.594  37.059  30.883 0.0000000000
129635  -45.673  31.873  24.509 0.0000000000
129713  -54.330  26.422  44.901 0.0000000000
130256  -50.323  28.242  32.732 0.0000000000
130329  -44.479  35.920  28.639 0.0000000000
130355  -49.640  28.897  37.613 0.0000000000
130530  -51.879  41.035  33.584 0.0000000000
130552  -42.209  40.966  31.714 0.0000000000
130706  -51.676  31.795  28.105 0.0000000000
130923  -50.689  40.050  22.948 0.0000000000
130963  -53.545  27.032  48.152 0.0000000000
131026  -50.668  38.782  22.663 0.0000000000
131207  -43.291  40.894  30.337 0.0000000000
131528  -44.708  35.377  31.511 0.0000000000
131918  -44.730  35.925  27.885 0.0000000000
132167  -48.071  29.730  32.766 0.0000000000
132198  -45.296  28.967  19.688 0.0000000000
132826  -46.756  29.960  44.757 0.0000000000
132865  -47.466  49.513  34.674 0.0000000000
132912  -47.011  29.863  37.783 0.0000000000
132942  -53.240  23.959  52.569 0.0000000000
133191  -55.520  27.397  36.698 0.0000000000
133223  -54.908  25.720  39.461 0.0000000000
134184  -46.161  29.986  25.575 0.0000000000
134342  -51.433  27.381  38.662 0.0000000000
134930  -49.718  27.582  47.376 0.0000000000
135191  -45.216  33.074  27.197 0.0000000000
135237  -52.704  27.263  49.840 0.0000000000
135485  -50.552  25.487  44.071 0.0000000000
135515  -44.934  30.653  35.047 0.0000000000
135623  -47.415  26.678  19.071 0.0000000000
135984  -51.047  28.296  45.345 0.0000000000
136255  -54.861  27.385  41.190 0.0000000000
136867  -51.697  27.350  49.987 0.0000000000
136872  -53.306  24.902  51.773 0.0000000000
136891  -55.086  27.060  40.502 0.0000000000
136983  -47.713  26.884  21.791 0.0000000000
137431  -55.174  28.308  36.850 0.0000000000
137534  -50.550  32.726  37.987 0.0000000000
137814  -51.243  32.332  32.448 0.0000000000
137986  -52.641  30.731  38.210 0.0000000000
138284  -45.990  29.563  38.094 0.0000000000
138318  -48.681  35.420  23.315 0.0000000000
138613  -52.548  27.552  47.056 0.0000000000
138975  -41.482  46.623  36.574 0.0000000000
139078  -51.240  28.136  34.825 0.0000000000
139239  -47.141  29.453  26.171 0.0000000000
139472  -42.482  39.980  33.480 0.0000000000
139649  -47.480  26.090  19.527 0.0000000000
139938  -51.716  24.225  26.154 0.0000000000
140017  -55.491  26.510  35.391 0.0000000000
140684  -55.291  26.045  36.103 0.0000000000
141422  -54.772  27.864  33.714 0.0000000000
142304  -43.583  37.482  30.302 0.0000000000
