#!ascii label  , from subject sub-v1s5x0050737_ses-1 vox2ras=TkReg
1559
36496  10.353  -38.454  87.568 0.0000000000
126124  39.728  -12.374  60.612 0.0000000000
46588  28.643  -28.852  74.122 0.0000000000
49623  39.320  -25.476  76.917 0.0000000000
44414  20.570  -31.105  75.961 0.0000000000
40233  19.355  -33.779  86.821 0.0000000000
70603  46.430  -4.571  55.147 0.0000000000
66809  49.030  -8.127  63.540 0.0000000000
57727  37.297  -17.499  67.957 0.0000000000
75533  50.043  0.055  47.800 0.0000000000
44361  27.911  -29.891  80.205 0.0000000000
39287  14.265  -35.031  86.532 0.0000000000
69603  45.752  -5.567  59.278 0.0000000000
67738  42.345  -7.283  57.883 0.0000000000
61886  41.516  -13.486  65.536 0.0000000000
120960  46.285  -11.401  66.464 0.0000000000
142942  36.821  -14.304  64.891 0.0000000000
126976  35.402  -25.453  70.588 0.0000000000
46582  34.129  -28.077  74.787 0.0000000000
44329  23.394  -29.949  82.214 0.0000000000
40228  24.230  -34.509  86.560 0.0000000000
40300  20.581  -34.033  81.159 0.0000000000
40304  15.364  -34.485  81.783 0.0000000000
47551  23.706  -27.519  75.319 0.0000000000
72610  49.575  -1.708  55.907 0.0000000000
71548  48.702  -2.318  60.855 0.0000000000
63964  45.437  -11.240  61.368 0.0000000000
60820  37.105  -13.634  70.673 0.0000000000
139307  39.760  -22.323  72.213 0.0000000000
120201  48.180  -2.480  50.992 0.0000000000
72641  52.741  -1.995  52.314 0.0000000000
72680  56.955  -2.503  49.865 0.0000000000
45323  27.101  -29.624  84.104 0.0000000000
37392  12.221  -37.128  87.309 0.0000000000
130759  13.998  -35.288  90.010 0.0000000000
37366  12.348  -37.063  90.503 0.0000000000
68692  42.463  -6.260  56.086 0.0000000000
62931  41.020  -12.928  67.795 0.0000000000
63893  43.689  -11.708  68.597 0.0000000000
32671  7.855  -43.077  91.163 0.0000000000
59888  36.872  -15.269  62.319 0.0000000000
47621  28.624  -27.781  71.255 0.0000000000
47599  31.814  -27.682  72.072 0.0000000000
45482  31.128  -29.208  74.708 0.0000000000
44388  21.886  -29.747  78.761 0.0000000000
42248  22.182  -32.514  81.525 0.0000000000
41284  20.847  -32.846  78.692 0.0000000000
46551  21.723  -28.404  75.970 0.0000000000
46522  23.649  -28.577  78.125 0.0000000000
126134  21.662  -34.572  85.968 0.0000000000
71599  48.414  -3.725  55.340 0.0000000000
71569  48.309  -2.121  58.203 0.0000000000
70580  46.839  -3.662  57.335 0.0000000000
124303  47.527  -6.581  61.788 0.0000000000
69574  48.212  -4.385  62.422 0.0000000000
64991  38.934  -10.694  59.031 0.0000000000
65953  41.532  -9.662  59.449 0.0000000000
63967  43.162  -12.014  61.064 0.0000000000
128612  34.658  -15.308  67.347 0.0000000000
61849  34.119  -13.118  68.183 0.0000000000
59785  36.603  -15.413  69.265 0.0000000000
49661  37.084  -25.796  73.365 0.0000000000
51855  38.084  -23.828  70.956 0.0000000000
51817  39.812  -23.818  74.189 0.0000000000
72645  45.393  -2.465  52.824 0.0000000000
73671  46.106  -1.470  50.964 0.0000000000
71632  47.586  -3.341  53.516 0.0000000000
71630  49.620  -3.132  53.622 0.0000000000
72722  54.904  -1.673  46.558 0.0000000000
120658  53.172  -2.205  48.433 0.0000000000
122215  55.114  -2.241  50.944 0.0000000000
72683  51.742  -2.433  49.509 0.0000000000
126682  28.107  -29.500  77.028 0.0000000000
45422  30.793  -29.807  76.972 0.0000000000
44358  30.601  -30.277  80.439 0.0000000000
40236  16.336  -34.236  86.240 0.0000000000
40189  19.649  -33.873  90.235 0.0000000000
40192  16.737  -34.146  89.922 0.0000000000
70605  44.674  -4.493  54.686 0.0000000000
140597  45.776  -4.642  57.611 0.0000000000
69627  44.639  -5.685  56.604 0.0000000000
68662  44.472  -6.394  58.610 0.0000000000
66841  45.838  -8.129  60.629 0.0000000000
61937  41.032  -13.883  62.418 0.0000000000
62971  43.893  -12.838  63.720 0.0000000000
134932  43.441  -12.596  65.582 0.0000000000
55851  36.340  -19.701  65.842 0.0000000000
51749  40.974  -24.057  77.996 0.0000000000
35600  8.776  -39.787  88.320 0.0000000000
36477  10.725  -39.020  90.316 0.0000000000
33659  8.990  -41.420  90.979 0.0000000000
61961  37.678  -13.471  60.345 0.0000000000
60953  39.217  -14.858  62.558 0.0000000000
126631  39.109  -14.414  65.093 0.0000000000
134367  38.886  -13.345  67.226 0.0000000000
48665  32.248  -26.128  69.200 0.0000000000
48572  34.455  -26.689  72.501 0.0000000000
47548  36.372  -27.225  75.795 0.0000000000
121843  33.943  -29.464  78.157 0.0000000000
46531  36.033  -28.229  77.957 0.0000000000
44301  25.176  -29.924  85.338 0.0000000000
42198  25.111  -32.215  86.798 0.0000000000
43254  23.733  -31.422  84.409 0.0000000000
40274  22.326  -34.344  83.709 0.0000000000
120578  19.602  -33.814  83.932 0.0000000000
40343  18.884  -33.898  78.868 0.0000000000
40303  17.815  -34.188  81.649 0.0000000000
120577  17.186  -34.102  84.287 0.0000000000
40281  14.867  -34.687  84.327 0.0000000000
38384  12.842  -36.109  85.033 0.0000000000
37415  9.993  -37.723  85.403 0.0000000000
47602  26.311  -27.789  72.212 0.0000000000
48574  24.096  -26.779  72.270 0.0000000000
46590  26.376  -28.365  74.692 0.0000000000
45427  25.595  -28.839  77.887 0.0000000000
122955  25.614  -29.463  80.941 0.0000000000
70552  49.668  -2.936  59.753 0.0000000000
70553  47.374  -3.578  59.944 0.0000000000
66877  41.111  -8.056  58.049 0.0000000000
66844  43.864  -9.021  60.044 0.0000000000
65924  47.424  -9.632  62.047 0.0000000000
63943  46.631  -11.845  64.078 0.0000000000
64955  48.666  -11.054  64.275 0.0000000000
60908  34.134  -13.787  64.569 0.0000000000
61866  35.599  -12.989  67.295 0.0000000000
121611  38.559  -12.064  70.445 0.0000000000
53940  37.174  -21.789  68.205 0.0000000000
55809  38.698  -19.677  69.567 0.0000000000
52810  41.216  -22.121  74.994 0.0000000000
55787  41.000  -19.663  73.190 0.0000000000
57695  39.606  -17.715  70.733 0.0000000000
59766  39.675  -15.512  72.240 0.0000000000
60802  39.616  -13.727  73.263 0.0000000000
73683  49.342  -1.475  49.331 0.0000000000
72657  50.569  -2.816  51.569 0.0000000000
72622  51.164  -1.846  54.696 0.0000000000
44300  28.000  -29.891  84.600 0.0000000000
37393  11.583  -37.595  87.196 0.0000000000
37381  12.502  -37.036  88.660 0.0000000000
36489  11.462  -38.141  88.744 0.0000000000
62874  40.960  -12.020  69.572 0.0000000000
62892  42.011  -12.069  69.169 0.0000000000
30742  5.170  -44.495  90.140 0.0000000000
46627  28.889  -28.452  72.721 0.0000000000
46606  30.514  -28.509  73.116 0.0000000000
136222  30.325  -29.171  74.427 0.0000000000
44401  21.357  -30.103  77.397 0.0000000000
122808  21.486  -31.665  79.024 0.0000000000
43312  20.686  -31.722  77.145 0.0000000000
46593  21.148  -28.186  74.512 0.0000000000
45465  21.278  -29.205  76.035 0.0000000000
133792  21.792  -29.207  77.476 0.0000000000
40232  20.286  -33.949  86.859 0.0000000000
40217  20.451  -33.950  88.711 0.0000000000
70589  47.682  -4.132  54.993 0.0000000000
71588  47.495  -3.344  56.741 0.0000000000
127233  47.037  -4.200  56.382 0.0000000000
67688  47.883  -7.286  62.201 0.0000000000
67687  48.510  -6.468  62.915 0.0000000000
63976  39.974  -11.629  60.180 0.0000000000
63981  41.061  -10.824  60.073 0.0000000000
62994  41.566  -12.156  60.955 0.0000000000
57744  36.261  -17.690  66.196 0.0000000000
58755  35.441  -16.310  66.590 0.0000000000
59793  35.677  -15.409  68.202 0.0000000000
58741  36.964  -16.709  68.100 0.0000000000
49644  38.076  -25.750  74.700 0.0000000000
50748  38.722  -24.940  73.937 0.0000000000
49642  39.175  -25.100  75.173 0.0000000000
132869  45.704  -3.437  53.908 0.0000000000
125893  46.205  -2.594  52.764 0.0000000000
71613  47.248  -3.819  54.271 0.0000000000
71612  48.279  -3.656  54.333 0.0000000000
73728  51.852  -0.776  46.930 0.0000000000
73714  51.460  -1.059  47.680 0.0000000000
72690  52.385  -2.194  48.831 0.0000000000
143501  50.622  -0.987  48.286 0.0000000000
131234  28.143  -29.897  79.077 0.0000000000
44373  29.716  -30.256  79.165 0.0000000000
134396  29.191  -30.183  80.428 0.0000000000
40237  15.629  -34.370  86.618 0.0000000000
138480  16.213  -34.221  88.012 0.0000000000
40207  15.533  -34.389  88.219 0.0000000000
142120  14.319  -35.010  91.918 0.0000000000
40172  15.367  -34.631  91.865 0.0000000000
123714  43.749  -4.614  54.675 0.0000000000
69639  44.586  -5.164  55.349 0.0000000000
69656  43.217  -5.183  55.098 0.0000000000
68669  42.811  -6.833  57.475 0.0000000000
68668  43.528  -6.550  57.710 0.0000000000
68663  43.769  -6.729  58.382 0.0000000000
67716  45.244  -7.198  59.842 0.0000000000
67717  44.508  -7.505  59.575 0.0000000000
61912  41.668  -13.817  64.290 0.0000000000
61911  42.356  -13.470  64.390 0.0000000000
61885  42.717  -12.846  65.801 0.0000000000
71636  43.414  -3.284  53.664 0.0000000000
34619  8.632  -40.710  89.455 0.0000000000
33666  8.225  -41.385  89.692 0.0000000000
61968  36.198  -13.716  59.691 0.0000000000
60981  38.112  -14.152  61.039 0.0000000000
126338  36.675  -14.627  60.629 0.0000000000
59866  36.241  -14.997  63.022 0.0000000000
59843  37.607  -15.137  63.488 0.0000000000
128340  37.969  -14.624  64.682 0.0000000000
61863  39.222  -13.603  66.481 0.0000000000
60855  37.666  -13.773  66.053 0.0000000000
48643  30.610  -26.622  69.254 0.0000000000
46603  33.089  -28.090  73.759 0.0000000000
47597  33.323  -27.381  72.633 0.0000000000
47580  34.702  -27.251  73.816 0.0000000000
48546  35.917  -26.759  74.171 0.0000000000
47549  35.596  -27.539  75.397 0.0000000000
138890  31.887  -30.053  79.015 0.0000000000
45420  32.438  -29.623  77.228 0.0000000000
45390  33.149  -29.830  79.321 0.0000000000
46511  35.627  -28.867  79.410 0.0000000000
47521  37.265  -27.484  78.782 0.0000000000
44328  23.957  -29.825  82.819 0.0000000000
44303  23.995  -30.604  84.403 0.0000000000
43265  23.393  -30.843  83.607 0.0000000000
41240  21.834  -33.382  81.435 0.0000000000
41212  22.645  -33.373  83.041 0.0000000000
138271  21.349  -34.224  82.630 0.0000000000
40262  21.621  -34.429  84.326 0.0000000000
40288  20.446  -34.131  82.624 0.0000000000
41309  18.421  -33.577  77.485 0.0000000000
126119  15.277  -34.498  80.877 0.0000000000
120794  16.530  -34.455  80.290 0.0000000000
122327  17.001  -34.344  81.898 0.0000000000
40289  17.692  -34.135  82.554 0.0000000000
121328  16.350  -34.377  83.120 0.0000000000
40266  16.445  -34.266  84.555 0.0000000000
39320  14.562  -34.778  83.327 0.0000000000
142287  11.571  -36.961  85.243 0.0000000000
47636  26.519  -27.317  70.543 0.0000000000
47638  25.022  -26.920  70.960 0.0000000000
47570  22.402  -27.159  74.665 0.0000000000
47568  23.992  -27.351  74.506 0.0000000000
47584  24.948  -27.475  73.336 0.0000000000
46591  25.367  -28.026  74.992 0.0000000000
46546  26.014  -28.584  76.347 0.0000000000
46547  25.326  -28.422  76.724 0.0000000000
45375  23.308  -29.384  80.447 0.0000000000
45393  24.938  -29.166  79.579 0.0000000000
45358  24.577  -29.412  81.413 0.0000000000
45342  25.498  -29.517  82.840 0.0000000000
41181  24.913  -32.978  86.861 0.0000000000
35578  11.008  -39.159  92.529 0.0000000000
120857  11.309  -38.588  91.926 0.0000000000
72587  49.511  -1.294  57.840 0.0000000000
71558  48.803  -2.167  60.008 0.0000000000
71557  49.375  -2.192  59.695 0.0000000000
71547  49.109  -2.245  60.463 0.0000000000
123023  49.342  -2.894  61.570 0.0000000000
70565  45.844  -4.596  58.262 0.0000000000
70564  46.475  -4.053  58.670 0.0000000000
69601  47.059  -4.347  60.273 0.0000000000
70516  49.500  -3.417  63.137 0.0000000000
64982  43.321  -10.632  60.521 0.0000000000
65951  43.121  -9.270  59.842 0.0000000000
145172  44.782  -10.120  60.661 0.0000000000
65934  45.777  -9.414  60.938 0.0000000000
64972  46.726  -10.316  61.742 0.0000000000
62947  45.116  -12.215  64.756 0.0000000000
62960  45.281  -12.319  63.895 0.0000000000
63929  46.651  -11.715  65.026 0.0000000000
61914  32.624  -13.408  65.429 0.0000000000
61818  35.704  -13.333  69.710 0.0000000000
142193  34.766  -12.847  68.136 0.0000000000
135071  36.331  -12.898  69.837 0.0000000000
62914  37.176  -12.529  69.573 0.0000000000
62861  37.588  -12.942  70.703 0.0000000000
49743  34.094  -25.290  68.795 0.0000000000
50810  35.647  -24.703  69.282 0.0000000000
51854  38.676  -23.396  71.359 0.0000000000
51882  37.378  -23.104  69.380 0.0000000000
52883  38.688  -22.217  70.417 0.0000000000
53938  38.064  -20.791  68.941 0.0000000000
54887  39.550  -20.774  71.000 0.0000000000
51779  41.405  -23.134  76.745 0.0000000000
56712  41.081  -18.855  73.248 0.0000000000
56727  40.343  -18.523  71.754 0.0000000000
57680  40.875  -17.833  72.846 0.0000000000
58712  39.418  -16.328  71.175 0.0000000000
134694  40.726  -16.855  72.950 0.0000000000
72676  46.812  -1.687  50.736 0.0000000000
72686  48.566  -1.659  49.805 0.0000000000
72673  49.686  -2.653  50.470 0.0000000000
72659  48.991  -2.728  51.129 0.0000000000
71611  49.851  -3.081  54.679 0.0000000000
71610  50.502  -2.675  54.253 0.0000000000
71597  50.429  -2.191  55.277 0.0000000000
73640  50.865  -0.307  55.650 0.0000000000
71682  55.445  -2.520  47.804 0.0000000000
72654  53.522  -2.193  51.486 0.0000000000
138171  54.190  -0.718  53.399 0.0000000000
72630  53.156  -1.125  53.516 0.0000000000
142752  27.797  -29.633  82.537 0.0000000000
45354  29.118  -29.907  81.970 0.0000000000
45321  28.906  -29.523  83.766 0.0000000000
143903  13.058  -36.251  87.044 0.0000000000
39268  14.014  -35.313  88.555 0.0000000000
38348  13.425  -35.878  88.445 0.0000000000
38323  12.858  -36.391  90.295 0.0000000000
38315  13.170  -35.909  92.127 0.0000000000
68693  41.697  -6.205  55.872 0.0000000000
67751  41.265  -7.093  56.996 0.0000000000
61843  41.470  -13.038  66.999 0.0000000000
62929  42.578  -12.484  67.422 0.0000000000
62909  42.338  -12.347  68.287 0.0000000000
63883  43.351  -11.443  69.385 0.0000000000
32687  7.147  -42.358  89.446 0.0000000000
31694  6.518  -43.658  90.162 0.0000000000
30731  7.047  -44.742  91.876 0.0000000000
59917  36.105  -15.044  60.788 0.0000000000
60929  35.377  -14.577  63.455 0.0000000000
47632  30.417  -27.258  70.484 0.0000000000
46641  30.094  -27.902  71.701 0.0000000000
46605  31.439  -28.452  73.355 0.0000000000
46563  32.888  -28.729  74.920 0.0000000000
44362  22.760  -29.834  80.890 0.0000000000
144772  22.589  -30.658  81.850 0.0000000000
43292  22.050  -31.185  80.747 0.0000000000
42258  21.813  -32.033  80.335 0.0000000000
41255  20.947  -33.524  79.879 0.0000000000
40293  13.745  -34.677  81.677 0.0000000000
137317  13.084  -34.568  81.035 0.0000000000
47571  21.713  -27.448  74.591 0.0000000000
46568  22.192  -27.808  75.758 0.0000000000
46549  23.275  -28.007  76.736 0.0000000000
45445  22.221  -28.708  77.363 0.0000000000
45410  22.434  -29.355  79.190 0.0000000000
40245  23.418  -35.042  86.145 0.0000000000
139975  48.951  -3.234  55.610 0.0000000000
72588  48.631  -1.738  57.459 0.0000000000
71577  47.909  -2.348  57.081 0.0000000000
71578  47.476  -2.831  57.763 0.0000000000
71570  47.972  -2.597  58.984 0.0000000000
68638  46.531  -6.331  60.621 0.0000000000
69593  46.758  -5.374  60.480 0.0000000000
68627  47.570  -5.413  61.726 0.0000000000
68610  49.225  -5.472  63.618 0.0000000000
66869  39.887  -8.979  58.226 0.0000000000
65954  40.820  -10.122  59.469 0.0000000000
64983  42.431  -10.427  60.254 0.0000000000
63965  44.761  -11.658  61.296 0.0000000000
120109  46.954  -11.418  65.909 0.0000000000
60884  32.196  -14.087  66.753 0.0000000000
61869  32.875  -13.487  66.917 0.0000000000
59795  34.027  -14.351  68.034 0.0000000000
145089  34.992  -14.431  68.726 0.0000000000
60832  36.547  -14.619  70.001 0.0000000000
49695  36.442  -25.434  71.666 0.0000000000
50795  36.699  -24.637  70.312 0.0000000000
50772  37.948  -24.758  72.109 0.0000000000
50770  39.106  -23.981  72.891 0.0000000000
51834  39.647  -23.538  73.386 0.0000000000
72646  44.686  -2.014  52.466 0.0000000000
73673  44.527  -0.857  51.630 0.0000000000
134447  45.358  -2.027  52.231 0.0000000000
72644  46.827  -2.536  52.285 0.0000000000
72660  47.534  -2.490  51.642 0.0000000000
138848  48.679  -2.956  52.469 0.0000000000
71631  48.624  -3.223  53.290 0.0000000000
126934  49.116  -3.449  54.960 0.0000000000
74675  52.358  -0.532  46.238 0.0000000000
72707  53.622  -2.020  47.693 0.0000000000
71670  55.065  -2.688  49.359 0.0000000000
72667  56.143  -2.295  50.593 0.0000000000
71664  54.068  -2.639  49.927 0.0000000000
72669  53.366  -2.549  50.573 0.0000000000
72655  52.664  -2.496  51.191 0.0000000000
143022  28.529  -29.283  75.682 0.0000000000
123641  30.145  -29.645  76.186 0.0000000000
45423  29.812  -29.802  76.982 0.0000000000
44384  30.406  -30.181  78.556 0.0000000000
44371  31.471  -30.221  79.792 0.0000000000
40235  17.654  -33.996  86.283 0.0000000000
40218  18.963  -33.822  87.667 0.0000000000
122328  17.843  -33.967  88.732 0.0000000000
40191  17.664  -33.937  89.903 0.0000000000
40194  15.065  -34.564  89.810 0.0000000000
40170  17.004  -34.326  91.707 0.0000000000
70604  45.647  -4.530  54.843 0.0000000000
120243  46.485  -4.718  55.957 0.0000000000
70592  45.192  -4.929  55.216 0.0000000000
70573  45.398  -5.169  56.955 0.0000000000
69612  45.466  -5.266  58.571 0.0000000000
69628  43.845  -6.008  56.266 0.0000000000
68667  44.208  -6.159  57.953 0.0000000000
68661  45.144  -6.025  58.890 0.0000000000
68639  45.891  -6.820  60.202 0.0000000000
67697  46.382  -7.345  60.779 0.0000000000
141967  47.543  -8.007  61.878 0.0000000000
61948  40.677  -13.470  61.816 0.0000000000
61946  42.446  -13.187  62.001 0.0000000000
61935  42.609  -13.456  62.850 0.0000000000
62962  43.696  -12.756  64.630 0.0000000000
63918  44.824  -11.883  66.505 0.0000000000
62928  43.289  -12.270  67.151 0.0000000000
63905  44.751  -11.688  67.394 0.0000000000
63903  46.278  -10.980  67.273 0.0000000000
56773  36.920  -18.537  66.838 0.0000000000
50714  39.927  -24.913  76.717 0.0000000000
73667  43.412  -1.344  52.604 0.0000000000
72633  44.438  -2.528  53.042 0.0000000000
71615  44.838  -3.597  54.059 0.0000000000
77301  51.194  2.754  47.220 0.0000000000
77295  50.102  2.945  47.949 0.0000000000
35605  9.199  -39.241  87.819 0.0000000000
35598  10.305  -38.843  88.760 0.0000000000
35592  9.647  -39.751  89.681 0.0000000000
35587  9.807  -40.020  90.448 0.0000000000
34606  10.002  -40.538  91.963 0.0000000000
32677  8.270  -42.425  91.063 0.0000000000
63005  38.273  -12.128  59.721 0.0000000000
63006  36.986  -12.365  59.249 0.0000000000
142793  39.031  -12.687  60.528 0.0000000000
61949  39.842  -13.670  61.674 0.0000000000
142951  40.596  -14.303  62.813 0.0000000000
60902  40.338  -14.478  64.299 0.0000000000
135933  37.346  -15.155  61.820 0.0000000000
59841  39.013  -15.068  63.782 0.0000000000
60877  40.338  -14.079  65.242 0.0000000000
136781  40.212  -13.603  66.203 0.0000000000
61825  40.080  -13.027  67.878 0.0000000000
62893  39.976  -12.221  69.405 0.0000000000
49729  33.520  -25.768  69.432 0.0000000000
119974  32.114  -26.911  70.708 0.0000000000
48595  33.647  -26.602  71.472 0.0000000000
48594  34.812  -26.061  71.516 0.0000000000
49680  36.255  -26.100  73.023 0.0000000000
48544  37.377  -26.213  74.758 0.0000000000
48526  38.083  -26.337  76.717 0.0000000000
45460  31.386  -29.436  75.552 0.0000000000
45438  32.617  -29.399  76.320 0.0000000000
45437  34.003  -29.007  76.546 0.0000000000
45400  34.861  -29.296  79.173 0.0000000000
46521  34.648  -29.107  77.821 0.0000000000
46543  35.259  -28.315  76.624 0.0000000000
47540  36.516  -27.429  76.689 0.0000000000
48520  37.640  -26.886  77.779 0.0000000000
49615  38.768  -26.141  78.012 0.0000000000
44279  25.993  -30.369  86.214 0.0000000000
44280  25.363  -30.596  86.206 0.0000000000
43244  24.666  -31.529  85.913 0.0000000000
41191  23.985  -33.514  85.296 0.0000000000
42239  22.867  -31.541  83.000 0.0000000000
41202  23.467  -33.444  84.379 0.0000000000
40260  23.350  -34.282  84.771 0.0000000000
120001  22.181  -34.658  85.166 0.0000000000
40246  21.193  -34.328  85.228 0.0000000000
40248  19.406  -33.704  85.305 0.0000000000
41322  19.620  -32.929  76.947 0.0000000000
41271  19.742  -33.706  78.947 0.0000000000
144785  19.672  -33.944  80.163 0.0000000000
122505  17.230  -34.125  78.669 0.0000000000
134974  18.008  -34.261  80.086 0.0000000000
121572  19.156  -33.930  82.088 0.0000000000
120575  18.788  -33.852  82.888 0.0000000000
40264  18.379  -33.706  84.487 0.0000000000
40249  18.467  -33.703  85.247 0.0000000000
120582  17.035  -34.128  85.868 0.0000000000
40252  15.660  -34.389  85.752 0.0000000000
39295  14.260  -35.043  85.661 0.0000000000
39310  13.674  -35.243  83.541 0.0000000000
133988  13.379  -35.584  84.311 0.0000000000
39296  13.647  -35.553  86.082 0.0000000000
142614  12.502  -36.568  85.842 0.0000000000
37405  11.311  -37.500  86.368 0.0000000000
37406  10.542  -37.848  86.226 0.0000000000
36506  9.423  -38.519  86.543 0.0000000000
35613  8.087  -39.189  86.433 0.0000000000
47634  28.194  -27.473  70.555 0.0000000000
46644  27.634  -28.059  72.003 0.0000000000
46609  27.264  -28.378  73.375 0.0000000000
47625  24.905  -27.061  71.705 0.0000000000
46630  26.380  -28.051  73.038 0.0000000000
46589  27.256  -28.657  74.771 0.0000000000
45442  27.631  -29.204  76.406 0.0000000000
45425  27.378  -29.364  77.403 0.0000000000
45391  26.712  -29.502  78.952 0.0000000000
45428  24.634  -28.638  78.114 0.0000000000
45392  25.898  -29.338  79.220 0.0000000000
45373  26.501  -29.580  80.487 0.0000000000
45341  26.359  -29.528  82.369 0.0000000000
138196  26.225  -29.584  84.235 0.0000000000
36476  11.303  -38.447  90.140 0.0000000000
37354  12.222  -37.218  92.906 0.0000000000
72577  49.243  -1.671  58.534 0.0000000000
70572  46.245  -4.027  57.859 0.0000000000
70563  47.218  -3.406  59.224 0.0000000000
71559  48.052  -2.714  60.034 0.0000000000
69582  47.904  -3.955  61.968 0.0000000000
70532  48.615  -3.119  62.286 0.0000000000
71532  49.128  -2.845  62.147 0.0000000000
67752  40.426  -7.169  56.810 0.0000000000
67732  41.910  -7.857  58.243 0.0000000000
66868  40.701  -8.771  58.419 0.0000000000
66866  42.273  -8.319  58.797 0.0000000000
67719  43.020  -8.057  59.027 0.0000000000
66842  45.391  -8.762  60.579 0.0000000000
66832  47.209  -8.563  61.647 0.0000000000
131095  48.554  -8.766  63.024 0.0000000000
62986  44.018  -12.598  62.032 0.0000000000
62985  44.755  -12.218  61.843 0.0000000000
63957  46.274  -11.749  62.603 0.0000000000
63928  47.593  -11.465  65.331 0.0000000000
63942  47.377  -11.591  64.482 0.0000000000
63956  47.021  -11.458  62.819 0.0000000000
64961  48.336  -10.359  63.156 0.0000000000
65915  48.699  -9.619  63.337 0.0000000000
60956  33.598  -14.545  62.639 0.0000000000
60907  35.186  -14.125  64.418 0.0000000000
61889  33.424  -13.234  66.455 0.0000000000
61887  35.515  -13.377  66.328 0.0000000000
60856  36.585  -13.585  66.196 0.0000000000
61846  38.213  -13.135  67.700 0.0000000000
62913  38.304  -12.474  69.120 0.0000000000
143058  39.264  -11.937  70.135 0.0000000000
51883  36.706  -23.652  69.106 0.0000000000
53957  37.129  -21.109  67.687 0.0000000000
134064  37.509  -19.725  67.721 0.0000000000
56752  37.964  -18.364  68.595 0.0000000000
50730  40.275  -24.121  75.729 0.0000000000
51816  40.365  -23.340  74.645 0.0000000000
52827  40.486  -22.373  73.719 0.0000000000
53856  41.195  -21.356  74.373 0.0000000000
134670  40.645  -21.030  73.040 0.0000000000
55794  39.856  -19.951  71.268 0.0000000000
56733  39.291  -18.498  70.303 0.0000000000
57703  38.494  -17.586  69.532 0.0000000000
58720  38.399  -16.228  70.125 0.0000000000
59773  37.969  -15.261  70.600 0.0000000000
60819  37.639  -14.247  71.042 0.0000000000
59753  40.559  -15.391  73.499 0.0000000000
59761  39.307  -14.675  72.547 0.0000000000
61802  38.343  -13.200  71.802 0.0000000000
62859  38.826  -12.419  71.825 0.0000000000
76385  48.972  1.640  48.313 0.0000000000
74658  49.648  -0.161  48.275 0.0000000000
73682  50.090  -1.733  49.213 0.0000000000
122736  50.967  -2.850  50.865 0.0000000000
72642  51.825  -2.335  52.418 0.0000000000
71647  50.114  -2.855  52.291 0.0000000000
127339  51.508  -2.283  53.185 0.0000000000
121408  52.315  -1.663  53.420 0.0000000000
141662  52.045  -0.063  54.976 0.0000000000
44278  26.814  -30.589  85.943 0.0000000000
44277  27.626  -30.910  85.534 0.0000000000
36495  11.107  -38.151  87.904 0.0000000000
135541  10.878  -38.474  88.590 0.0000000000
63885  41.660  -11.630  70.023 0.0000000000
128580  29.010  -28.730  73.517 0.0000000000
46587  29.532  -29.010  74.095 0.0000000000
43326  20.888  -30.885  76.772 0.0000000000
43311  21.120  -31.056  77.615 0.0000000000
44426  20.905  -30.210  76.116 0.0000000000
142398  21.124  -30.191  76.777 0.0000000000
121573  19.899  -33.829  87.721 0.0000000000
144920  46.987  -4.284  54.834 0.0000000000
70590  47.101  -4.407  55.514 0.0000000000
66822  48.488  -7.735  62.890 0.0000000000
126274  49.053  -7.008  63.553 0.0000000000
67681  49.547  -7.515  64.186 0.0000000000
63975  40.640  -11.367  60.250 0.0000000000
62995  40.641  -12.079  60.698 0.0000000000
57739  36.694  -17.770  66.783 0.0000000000
58754  36.232  -16.883  66.834 0.0000000000
57728  36.828  -17.203  67.422 0.0000000000
58742  36.342  -16.336  67.698 0.0000000000
49631  38.677  -25.818  76.348 0.0000000000
125724  38.560  -25.635  75.415 0.0000000000
49630  39.366  -25.212  75.982 0.0000000000
71614  46.288  -3.995  54.417 0.0000000000
71633  46.605  -3.380  53.737 0.0000000000
74668  50.549  -0.068  47.408 0.0000000000
130892  50.779  -0.710  47.882 0.0000000000
73696  51.048  -1.326  48.370 0.0000000000
144193  50.397  -0.370  47.850 0.0000000000
44375  27.726  -29.815  79.537 0.0000000000
44374  28.383  -30.013  79.638 0.0000000000
44360  28.583  -30.069  80.303 0.0000000000
40238  14.913  -34.568  87.005 0.0000000000
40221  15.580  -34.370  87.465 0.0000000000
40222  14.868  -34.603  87.912 0.0000000000
70606  42.929  -4.441  54.456 0.0000000000
67737  43.065  -7.027  58.145 0.0000000000
67729  44.078  -7.046  59.002 0.0000000000
67730  43.380  -7.350  58.724 0.0000000000
120973  41.767  -13.575  64.873 0.0000000000
134775  42.220  -13.252  65.323 0.0000000000
34620  7.912  -41.034  88.916 0.0000000000
61969  35.634  -13.504  59.290 0.0000000000
61962  36.827  -13.975  60.217 0.0000000000
60983  36.129  -14.466  60.188 0.0000000000
60928  36.751  -14.868  63.717 0.0000000000
60905  37.284  -14.683  64.381 0.0000000000
60879  38.263  -14.301  65.240 0.0000000000
60880  37.299  -14.194  65.254 0.0000000000
47567  33.926  -27.751  73.944 0.0000000000
47566  34.580  -27.633  74.432 0.0000000000
47550  34.851  -27.817  75.079 0.0000000000
44370  32.377  -30.024  79.582 0.0000000000
44382  32.496  -29.871  78.772 0.0000000000
44315  23.412  -30.309  82.959 0.0000000000
40299  21.339  -33.900  81.429 0.0000000000
40287  21.737  -33.937  82.046 0.0000000000
120362  20.949  -34.158  81.949 0.0000000000
40320  16.183  -34.447  81.219 0.0000000000
133850  16.204  -34.421  82.234 0.0000000000
40291  15.446  -34.509  82.751 0.0000000000
47569  23.181  -27.226  74.784 0.0000000000
47586  23.242  -26.870  73.955 0.0000000000
46592  24.543  -27.650  74.893 0.0000000000
46566  24.578  -27.811  75.458 0.0000000000
120725  25.138  -28.187  75.989 0.0000000000
121629  23.996  -27.815  76.100 0.0000000000
45359  23.527  -29.596  81.357 0.0000000000
45374  24.017  -29.298  80.743 0.0000000000
45344  23.988  -29.609  82.052 0.0000000000
143762  24.632  -33.685  86.669 0.0000000000
35573  10.826  -39.668  93.461 0.0000000000
35572  11.309  -38.765  93.590 0.0000000000
120034  49.701  -0.927  56.264 0.0000000000
72595  49.888  -0.867  57.092 0.0000000000
72596  49.042  -1.414  56.667 0.0000000000
71537  48.981  -2.417  61.270 0.0000000000
69611  46.049  -4.764  59.000 0.0000000000
69602  46.401  -5.064  59.746 0.0000000000
64974  44.819  -10.853  60.883 0.0000000000
64981  44.160  -10.364  60.578 0.0000000000
64973  46.102  -10.826  61.522 0.0000000000
127166  45.468  -10.287  60.993 0.0000000000
63930  45.742  -11.887  65.271 0.0000000000
142490  46.255  -11.648  65.752 0.0000000000
61915  31.939  -13.439  65.459 0.0000000000
60825  36.365  -13.614  70.215 0.0000000000
61829  35.464  -12.932  69.274 0.0000000000
62896  37.258  -12.737  70.224 0.0000000000
61810  36.922  -13.122  70.430 0.0000000000
49728  34.378  -25.494  69.609 0.0000000000
50811  34.898  -25.022  69.027 0.0000000000
49727  35.168  -25.248  69.808 0.0000000000
51853  39.230  -22.958  71.772 0.0000000000
52864  38.960  -22.688  71.097 0.0000000000
52882  39.212  -22.094  71.007 0.0000000000
53901  39.166  -21.499  70.696 0.0000000000
53883  39.620  -21.601  71.471 0.0000000000
56706  41.488  -18.880  74.183 0.0000000000
57673  41.298  -18.045  73.747 0.0000000000
136925  41.084  -17.303  73.485 0.0000000000
72675  47.431  -2.113  50.852 0.0000000000
134277  48.076  -2.095  50.395 0.0000000000
72674  48.807  -2.346  50.391 0.0000000000
71598  49.595  -2.837  55.469 0.0000000000
72609  50.200  -0.833  55.841 0.0000000000
71669  56.318  -2.698  49.196 0.0000000000
71674  56.830  -2.651  48.477 0.0000000000
123297  57.843  -2.523  48.995 0.0000000000
72679  58.359  -2.354  49.881 0.0000000000
72640  53.763  -1.552  52.500 0.0000000000
122202  27.124  -29.577  82.966 0.0000000000
120095  28.110  -29.681  84.267 0.0000000000
38363  12.724  -36.597  87.482 0.0000000000
38362  13.236  -36.059  87.664 0.0000000000
38349  12.881  -36.472  88.222 0.0000000000
37372  12.491  -37.029  89.565 0.0000000000
38322  13.307  -35.819  91.185 0.0000000000
38316  12.726  -36.423  91.347 0.0000000000
68694  40.873  -6.123  55.690 0.0000000000
68678  41.019  -6.657  56.334 0.0000000000
62930  41.843  -12.703  67.660 0.0000000000
32688  6.233  -42.687  89.060 0.0000000000
30741  6.205  -44.322  90.443 0.0000000000
138959  6.580  -44.680  91.069 0.0000000000
130910  28.901  -27.517  70.660 0.0000000000
121284  30.043  -27.570  71.001 0.0000000000
46586  30.860  -28.833  73.935 0.0000000000
46585  31.716  -28.771  74.139 0.0000000000
46584  32.579  -28.560  74.302 0.0000000000
45481  32.074  -29.066  74.983 0.0000000000
44376  22.005  -30.012  79.591 0.0000000000
43299  22.223  -30.316  80.412 0.0000000000
42282  21.125  -32.139  78.476 0.0000000000
42269  21.524  -32.205  79.597 0.0000000000
134723  21.251  -32.391  79.021 0.0000000000
41254  21.489  -32.907  80.086 0.0000000000
41269  21.151  -32.963  79.370 0.0000000000
45486  21.218  -28.738  75.250 0.0000000000
46569  21.682  -27.954  75.250 0.0000000000
47553  22.079  -27.522  75.161 0.0000000000
46550  22.341  -28.188  76.574 0.0000000000
139057  21.756  -29.619  78.054 0.0000000000
45430  22.195  -29.081  78.265 0.0000000000
45376  22.605  -29.604  80.041 0.0000000000
39294  22.606  -34.956  85.960 0.0000000000
40230  22.099  -34.829  86.784 0.0000000000
71587  48.344  -3.146  56.222 0.0000000000
70571  46.980  -3.389  58.298 0.0000000000
68628  47.027  -6.529  61.231 0.0000000000
68637  47.049  -5.690  61.047 0.0000000000
68619  48.026  -5.896  62.334 0.0000000000
65003  38.363  -10.247  58.473 0.0000000000
65002  39.320  -9.798  58.561 0.0000000000
64990  39.861  -10.372  59.230 0.0000000000
139258  41.948  -11.626  60.714 0.0000000000
63974  41.817  -10.958  60.389 0.0000000000
63973  42.655  -11.344  60.691 0.0000000000
63972  43.456  -11.501  60.845 0.0000000000
63966  43.976  -12.109  61.286 0.0000000000
59828  32.488  -14.750  66.512 0.0000000000
59810  32.749  -14.348  67.040 0.0000000000
129262  33.587  -14.609  67.374 0.0000000000
59792  36.415  -15.876  68.466 0.0000000000
59794  34.863  -14.873  68.054 0.0000000000
59786  35.687  -14.834  69.008 0.0000000000
60833  35.814  -14.146  69.730 0.0000000000
122415  36.736  -25.605  72.484 0.0000000000
49694  37.248  -25.117  71.872 0.0000000000
49679  37.541  -25.273  72.664 0.0000000000
50747  39.367  -24.595  74.554 0.0000000000
50763  38.649  -24.653  73.199 0.0000000000
50762  39.244  -24.279  73.687 0.0000000000
71650  46.843  -2.887  53.055 0.0000000000
71649  47.794  -2.899  52.565 0.0000000000
72708  52.708  -1.841  47.970 0.0000000000
73712  53.020  -1.562  47.116 0.0000000000
71675  54.730  -2.597  48.520 0.0000000000
72689  53.872  -2.417  48.460 0.0000000000
71676  54.082  -2.611  49.161 0.0000000000
72682  52.539  -2.550  49.630 0.0000000000
71665  53.242  -2.631  49.861 0.0000000000
72670  52.598  -2.639  50.349 0.0000000000
138420  52.005  -2.666  50.079 0.0000000000
45441  28.483  -29.475  76.511 0.0000000000
45440  29.249  -29.589  76.321 0.0000000000
45424  28.887  -29.735  77.154 0.0000000000
44372  30.546  -30.289  79.449 0.0000000000
44357  31.402  -30.213  80.929 0.0000000000
121034  17.002  -34.145  86.680 0.0000000000
143173  17.628  -34.058  86.989 0.0000000000
40219  17.109  -34.107  87.684 0.0000000000
134391  15.956  -34.314  89.006 0.0000000000
40206  16.901  -34.120  88.828 0.0000000000
120742  18.284  -33.896  90.909 0.0000000000
126238  17.416  -33.999  90.916 0.0000000000
39256  14.407  -34.973  89.323 0.0000000000
39245  14.556  -34.861  90.429 0.0000000000
142652  44.461  -5.590  55.896 0.0000000000
69638  45.180  -5.304  55.929 0.0000000000
69618  45.299  -5.103  57.889 0.0000000000
69619  44.745  -5.654  57.496 0.0000000000
69641  42.408  -5.714  55.482 0.0000000000
69640  43.171  -5.870  55.745 0.0000000000
68691  43.083  -6.277  56.333 0.0000000000
69613  44.853  -5.717  58.233 0.0000000000
68650  45.491  -6.402  59.564 0.0000000000
67705  45.679  -7.528  60.328 0.0000000000
67696  47.152  -7.544  61.502 0.0000000000
66833  46.509  -8.277  61.131 0.0000000000
61936  41.812  -13.679  62.607 0.0000000000
61910  42.936  -13.027  64.983 0.0000000000
61927  43.172  -13.175  64.082 0.0000000000
62948  44.291  -12.406  65.147 0.0000000000
62937  44.130  -12.218  66.016 0.0000000000
62908  43.136  -12.153  68.023 0.0000000000
63906  43.926  -11.911  67.743 0.0000000000
63892  44.624  -11.369  68.356 0.0000000000
63904  45.494  -11.154  67.805 0.0000000000
64910  46.275  -10.448  68.152 0.0000000000
135155  36.191  -18.940  65.558 0.0000000000
56774  36.509  -18.385  66.210 0.0000000000
55837  36.658  -19.184  66.312 0.0000000000
143428  43.161  -1.909  52.914 0.0000000000
72647  43.852  -1.984  52.686 0.0000000000
72634  43.433  -2.584  53.206 0.0000000000
71616  43.849  -3.888  54.162 0.0000000000
71635  44.189  -3.138  53.586 0.0000000000
138083  45.433  -3.975  54.388 0.0000000000
77302  50.571  2.649  47.500 0.0000000000
35599  9.574  -39.393  88.775 0.0000000000
34613  8.855  -41.072  90.253 0.0000000000
34618  9.260  -40.389  89.980 0.0000000000
34612  9.484  -40.718  90.929 0.0000000000
35580  10.042  -40.149  91.155 0.0000000000
32678  7.685  -42.555  90.333 0.0000000000
63004  38.568  -11.482  59.423 0.0000000000
143671  37.492  -11.441  58.873 0.0000000000
61967  36.919  -13.164  59.734 0.0000000000
62998  37.656  -12.607  59.740 0.0000000000
62997  38.374  -12.695  60.186 0.0000000000
61959  39.407  -13.168  61.038 0.0000000000
61960  38.589  -13.354  60.749 0.0000000000
60970  38.347  -14.580  61.596 0.0000000000
60969  39.514  -14.380  62.139 0.0000000000
121274  39.896  -14.671  62.842 0.0000000000
60926  40.504  -14.481  63.421 0.0000000000
60927  39.764  -14.841  63.613 0.0000000000
59903  36.528  -15.192  61.560 0.0000000000
60904  38.706  -14.770  64.519 0.0000000000
59865  38.448  -15.199  63.228 0.0000000000
60903  39.488  -14.749  64.351 0.0000000000
140802  39.788  -14.390  64.916 0.0000000000
60878  39.575  -14.019  65.639 0.0000000000
61845  39.689  -13.316  67.127 0.0000000000
62911  40.483  -12.634  68.537 0.0000000000
62912  39.486  -12.616  68.734 0.0000000000
49730  32.861  -25.861  69.062 0.0000000000
48641  32.826  -26.161  69.673 0.0000000000
47618  31.567  -27.385  71.322 0.0000000000
121740  31.245  -27.131  70.614 0.0000000000
47617  32.364  -27.238  71.563 0.0000000000
48573  33.824  -26.893  72.234 0.0000000000
129181  34.339  -26.438  71.832 0.0000000000
48616  34.252  -26.130  71.020 0.0000000000
48593  35.082  -26.260  72.223 0.0000000000
48571  35.595  -26.307  72.820 0.0000000000
47564  36.118  -27.021  74.941 0.0000000000
48545  36.620  -26.529  74.501 0.0000000000
48536  36.864  -26.690  75.292 0.0000000000
48535  37.486  -26.400  75.483 0.0000000000
48527  37.263  -26.773  76.270 0.0000000000
122720  30.899  -29.622  76.100 0.0000000000
45419  33.226  -29.543  77.695 0.0000000000
137792  33.285  -29.371  76.858 0.0000000000
45458  33.396  -29.067  76.064 0.0000000000
45418  33.971  -29.279  77.341 0.0000000000
46519  36.171  -28.373  78.859 0.0000000000
46520  35.346  -28.854  78.451 0.0000000000
46532  35.330  -28.566  77.479 0.0000000000
47531  35.940  -28.007  77.079 0.0000000000
47530  36.576  -27.657  77.556 0.0000000000
48515  37.621  -27.099  78.404 0.0000000000
48519  38.177  -26.459  77.529 0.0000000000
44290  25.518  -30.044  85.885 0.0000000000
44291  24.969  -30.243  85.712 0.0000000000
43253  24.471  -30.780  85.247 0.0000000000
137508  24.205  -31.679  85.174 0.0000000000
42212  24.376  -32.439  85.649 0.0000000000
42213  23.861  -32.491  84.785 0.0000000000
129360  22.315  -31.385  81.573 0.0000000000
43285  22.636  -31.061  82.349 0.0000000000
42240  22.521  -32.004  82.235 0.0000000000
144641  22.663  -33.959  83.445 0.0000000000
41211  23.065  -33.390  83.667 0.0000000000
40273  23.010  -34.135  83.993 0.0000000000
120006  23.041  -34.872  85.259 0.0000000000
40261  22.625  -34.525  84.496 0.0000000000
40263  20.586  -34.141  83.917 0.0000000000
120916  20.711  -34.155  84.673 0.0000000000
40247  20.286  -33.936  85.315 0.0000000000
120581  19.933  -33.838  84.624 0.0000000000
41287  18.476  -33.808  78.219 0.0000000000
41286  19.235  -33.583  78.048 0.0000000000
40330  20.150  -33.818  79.807 0.0000000000
40331  19.256  -33.971  79.746 0.0000000000
40345  16.332  -34.152  78.669 0.0000000000
128100  17.141  -34.375  81.014 0.0000000000
40319  17.356  -34.372  80.182 0.0000000000
40318  17.936  -34.235  80.791 0.0000000000
40302  18.669  -34.047  81.301 0.0000000000
121571  18.395  -33.993  82.221 0.0000000000
121037  17.264  -34.177  83.396 0.0000000000
120574  18.106  -33.914  83.237 0.0000000000
40279  17.899  -33.842  84.006 0.0000000000
40265  17.774  -33.854  84.785 0.0000000000
40250  17.698  -33.912  85.539 0.0000000000
120579  17.092  -34.070  85.080 0.0000000000
40267  15.676  -34.429  84.851 0.0000000000
123481  14.931  -34.651  85.240 0.0000000000
144624  13.533  -35.084  82.661 0.0000000000
38395  12.521  -36.162  84.249 0.0000000000
39304  13.573  -35.573  85.249 0.0000000000
141145  13.124  -35.997  85.706 0.0000000000
37414  11.020  -37.329  85.492 0.0000000000
37413  11.772  -37.035  85.725 0.0000000000
36507  8.663  -38.645  86.136 0.0000000000
36498  8.899  -38.985  86.960 0.0000000000
47623  26.222  -27.509  71.334 0.0000000000
120981  26.977  -27.598  71.068 0.0000000000
47601  27.006  -27.843  71.717 0.0000000000
46628  27.922  -28.335  72.635 0.0000000000
46629  27.092  -28.128  72.480 0.0000000000
47604  24.892  -27.253  72.526 0.0000000000
137487  25.754  -28.045  74.253 0.0000000000
46631  25.675  -27.860  73.575 0.0000000000
46610  26.399  -28.223  73.844 0.0000000000
121076  27.016  -28.460  74.157 0.0000000000
45463  27.517  -28.916  75.494 0.0000000000
46564  26.799  -28.632  75.296 0.0000000000
45444  25.884  -28.727  77.117 0.0000000000
45443  26.695  -28.973  76.802 0.0000000000
45426  26.461  -29.105  77.630 0.0000000000
45405  26.981  -29.426  78.215 0.0000000000
45406  26.163  -29.213  78.425 0.0000000000
46535  23.475  -28.311  77.415 0.0000000000
136940  24.241  -28.391  77.583 0.0000000000
129094  24.805  -29.297  80.462 0.0000000000
127320  25.727  -29.432  80.062 0.0000000000
121153  26.445  -29.554  81.397 0.0000000000
45357  25.528  -29.476  81.876 0.0000000000
45324  25.513  -29.600  83.814 0.0000000000
45304  25.669  -29.678  84.764 0.0000000000
45292  25.893  -29.800  85.448 0.0000000000
43227  25.602  -31.944  87.099 0.0000000000
40204  19.396  -33.774  89.431 0.0000000000
129592  19.587  -33.781  88.607 0.0000000000
35591  10.205  -39.198  89.507 0.0000000000
36483  10.934  -38.616  89.368 0.0000000000
128486  11.312  -38.517  90.983 0.0000000000
37348  12.254  -37.473  93.907 0.0000000000
37360  11.707  -37.885  91.848 0.0000000000
38300  12.875  -36.521  93.759 0.0000000000
37341  12.833  -37.205  94.194 0.0000000000
134314  46.195  -4.468  56.925 0.0000000000
70554  46.728  -4.222  59.473 0.0000000000
71549  47.824  -3.049  60.917 0.0000000000
69592  47.385  -4.473  61.177 0.0000000000
70524  49.174  -3.082  62.694 0.0000000000
71538  48.648  -2.603  61.617 0.0000000000
67741  39.929  -7.747  57.274 0.0000000000
67753  39.561  -7.255  56.720 0.0000000000
67740  40.758  -7.625  57.437 0.0000000000
67739  41.573  -7.476  57.642 0.0000000000
140111  40.285  -9.557  58.823 0.0000000000
65966  41.107  -9.284  58.997 0.0000000000
66855  42.659  -8.800  59.355 0.0000000000
66854  43.427  -8.528  59.556 0.0000000000
66853  44.200  -8.279  59.814 0.0000000000
66843  44.631  -8.830  60.288 0.0000000000
65933  46.556  -9.278  61.363 0.0000000000
126275  47.919  -8.525  62.289 0.0000000000
65923  48.171  -9.561  62.696 0.0000000000
61945  43.275  -13.017  62.398 0.0000000000
62978  43.996  -12.802  62.857 0.0000000000
62959  45.962  -12.068  63.619 0.0000000000
62969  45.390  -12.316  63.112 0.0000000000
62968  45.963  -12.075  62.987 0.0000000000
63958  45.507  -12.100  62.390 0.0000000000
63951  46.538  -11.837  63.283 0.0000000000
63941  48.177  -11.375  64.791 0.0000000000
63949  47.970  -11.366  63.982 0.0000000000
63950  47.253  -11.594  63.617 0.0000000000
64962  47.832  -11.090  63.093 0.0000000000
138622  48.378  -10.925  63.626 0.0000000000
60931  32.897  -14.011  63.530 0.0000000000
120722  33.713  -14.044  63.804 0.0000000000
60930  34.629  -14.237  63.827 0.0000000000
61868  33.615  -13.245  67.414 0.0000000000
61848  35.654  -12.731  68.358 0.0000000000
61867  34.511  -12.937  67.472 0.0000000000
61865  36.830  -13.257  67.091 0.0000000000
61847  37.137  -12.900  67.928 0.0000000000
62895  37.918  -12.312  70.024 0.0000000000
62894  38.903  -12.228  69.643 0.0000000000
50794  37.426  -24.253  70.606 0.0000000000
50809  36.382  -24.355  69.543 0.0000000000
50808  37.109  -23.956  69.826 0.0000000000
52896  37.728  -22.380  69.301 0.0000000000
51898  36.874  -23.020  68.751 0.0000000000
52904  37.274  -22.435  68.755 0.0000000000
53958  36.600  -21.848  67.497 0.0000000000
54914  38.580  -20.596  69.618 0.0000000000
54929  37.898  -20.045  68.399 0.0000000000
138524  38.314  -20.038  69.078 0.0000000000
55821  37.811  -19.077  68.178 0.0000000000
55820  38.297  -19.181  68.926 0.0000000000
50698  40.431  -24.505  77.362 0.0000000000
50713  40.414  -24.287  76.504 0.0000000000
51798  41.251  -22.800  75.808 0.0000000000
140298  40.611  -23.475  75.381 0.0000000000
142878  40.839  -22.894  75.041 0.0000000000
52811  40.665  -22.654  74.429 0.0000000000
53846  40.892  -22.041  74.244 0.0000000000
131760  41.390  -20.224  74.145 0.0000000000
54856  41.517  -20.631  74.625 0.0000000000
54865  41.066  -20.354  73.540 0.0000000000
136868  40.972  -21.030  73.756 0.0000000000
54873  40.727  -20.149  72.779 0.0000000000
54874  40.374  -20.619  72.364 0.0000000000
55793  40.339  -19.856  72.037 0.0000000000
56732  39.909  -18.485  71.047 0.0000000000
136160  38.793  -18.177  69.756 0.0000000000
57702  39.024  -17.640  70.088 0.0000000000
58726  38.658  -17.003  69.888 0.0000000000
58711  39.885  -16.285  71.779 0.0000000000
59772  38.814  -15.865  70.850 0.0000000000
59767  39.180  -15.528  71.658 0.0000000000
59768  38.388  -14.929  71.341 0.0000000000
143530  39.202  -15.098  72.154 0.0000000000
58693  41.408  -16.397  74.640 0.0000000000
59752  41.064  -15.527  74.235 0.0000000000
133074  39.885  -14.503  73.237 0.0000000000
60806  39.179  -13.862  72.843 0.0000000000
60811  38.652  -13.896  72.291 0.0000000000
61796  38.867  -13.146  72.421 0.0000000000
128621  49.369  2.927  48.461 0.0000000000
73672  45.322  -1.112  51.210 0.0000000000
74632  44.933  -0.408  51.105 0.0000000000
142903  45.362  -0.640  50.876 0.0000000000
74659  49.089  -0.213  48.685 0.0000000000
73698  49.685  -0.913  48.766 0.0000000000
135210  50.299  -2.862  50.893 0.0000000000
72672  50.518  -2.727  50.232 0.0000000000
72656  51.344  -2.663  51.612 0.0000000000
71648  49.390  -2.990  52.778 0.0000000000
71659  49.216  -2.887  51.972 0.0000000000
71629  50.231  -2.845  53.215 0.0000000000
72632  51.069  -2.383  53.775 0.0000000000
72631  51.761  -1.577  54.113 0.0000000000
141947  52.387  -0.496  54.461 0.0000000000
72621  51.521  -0.421  54.984 0.0000000000
73726  53.311  -1.003  46.230 0.0000000000
145183  54.480  -1.129  45.976 0.0000000000
128451  12.444  -36.965  87.942 0.0000000000
37382  11.918  -37.549  88.096 0.0000000000
131091  12.051  -37.636  89.048 0.0000000000
37373  12.089  -37.578  89.828 0.0000000000
62910  41.384  -12.477  68.563 0.0000000000
46643  28.340  -28.104  71.955 0.0000000000
46626  29.803  -28.336  72.500 0.0000000000
46607  29.653  -28.659  73.290 0.0000000000
130874  30.169  -28.872  73.770 0.0000000000
44389  21.513  -30.394  78.196 0.0000000000
44377  21.676  -30.697  78.954 0.0000000000
43305  21.321  -31.309  78.342 0.0000000000
42299  20.940  -31.876  77.839 0.0000000000
42283  20.646  -32.578  78.028 0.0000000000
45446  21.774  -28.825  76.728 0.0000000000
125086  21.381  -29.597  76.768 0.0000000000
40231  21.187  -34.369  86.827 0.0000000000
40216  21.665  -34.582  87.649 0.0000000000
123747  20.857  -34.156  87.803 0.0000000000
128637  21.243  -34.305  88.773 0.0000000000
71600  47.745  -3.950  55.872 0.0000000000
63983  39.465  -11.183  59.613 0.0000000000
63982  40.310  -10.915  59.792 0.0000000000
143515  41.260  -11.485  60.507 0.0000000000
62987  42.433  -12.201  61.118 0.0000000000
59826  34.549  -15.838  66.416 0.0000000000
59809  35.601  -15.868  67.404 0.0000000000
132224  36.996  -16.282  68.702 0.0000000000
49660  37.636  -25.788  74.076 0.0000000000
49659  38.022  -25.297  73.440 0.0000000000
49643  38.705  -25.261  74.640 0.0000000000
50731  39.708  -24.622  75.394 0.0000000000
71634  45.100  -2.971  53.498 0.0000000000
71651  45.974  -2.931  53.319 0.0000000000
72681  53.270  -2.491  49.135 0.0000000000
73695  51.853  -1.650  48.205 0.0000000000
72691  51.432  -1.946  48.889 0.0000000000
45404  28.186  -29.670  77.688 0.0000000000
44400  28.876  -29.964  78.008 0.0000000000
125765  28.854  -30.093  78.911 0.0000000000
125338  29.077  -30.212  79.748 0.0000000000
44359  29.804  -30.294  80.041 0.0000000000
40220  16.301  -34.229  87.105 0.0000000000
39246  14.001  -35.230  91.066 0.0000000000
129677  14.688  -34.788  91.532 0.0000000000
69655  44.027  -4.988  55.049 0.0000000000
134627  43.903  -5.501  55.524 0.0000000000
68676  42.587  -6.608  56.764 0.0000000000
68675  43.332  -6.448  56.940 0.0000000000
68651  44.807  -6.752  59.253 0.0000000000
67706  45.043  -8.023  60.188 0.0000000000
60925  41.210  -14.143  63.088 0.0000000000
61929  41.938  -13.771  63.524 0.0000000000
137942  43.056  -12.605  66.079 0.0000000000
34634  8.126  -40.135  87.953 0.0000000000
34627  8.368  -40.396  88.661 0.0000000000
63007  36.173  -12.890  59.143 0.0000000000
60982  37.338  -14.388  60.782 0.0000000000
60971  37.709  -14.776  61.401 0.0000000000
59889  36.041  -15.217  62.144 0.0000000000
59842  38.200  -15.013  64.016 0.0000000000
60854  38.685  -13.915  65.881 0.0000000000
48642  31.480  -26.469  69.418 0.0000000000
47583  32.804  -27.832  73.057 0.0000000000
47598  32.584  -27.537  72.331 0.0000000000
47582  33.453  -27.650  73.290 0.0000000000
47581  34.101  -27.205  73.068 0.0000000000
140501  35.316  -26.885  73.826 0.0000000000
47565  35.299  -27.280  74.522 0.0000000000
45403  31.849  -29.921  78.244 0.0000000000
45421  31.652  -29.794  77.437 0.0000000000
143348  32.110  -29.770  77.742 0.0000000000
126766  32.541  -29.733  78.037 0.0000000000
45402  33.218  -29.678  78.507 0.0000000000
46510  36.336  -28.404  79.769 0.0000000000
47522  36.680  -27.839  78.393 0.0000000000
45305  24.855  -29.843  84.409 0.0000000000
44302  24.563  -30.220  84.912 0.0000000000
44314  24.001  -30.130  83.832 0.0000000000
42232  22.683  -32.543  82.762 0.0000000000
41226  22.328  -33.249  82.218 0.0000000000
40286  22.172  -34.083  82.865 0.0000000000
40275  21.524  -34.344  83.398 0.0000000000
143028  20.787  -34.232  83.168 0.0000000000
40276  20.033  -33.987  83.297 0.0000000000
41288  17.710  -33.846  77.931 0.0000000000
121769  15.192  -34.415  80.027 0.0000000000
40335  15.887  -34.373  79.522 0.0000000000
133078  15.801  -34.482  80.382 0.0000000000
40290  16.912  -34.327  82.649 0.0000000000
141047  16.588  -34.280  83.841 0.0000000000
40280  15.695  -34.441  83.816 0.0000000000
134444  11.786  -36.503  84.178 0.0000000000
38385  12.068  -36.637  84.985 0.0000000000
38396  11.338  -36.881  84.778 0.0000000000
47637  25.725  -27.140  70.687 0.0000000000
145003  25.482  -27.234  71.303 0.0000000000
128186  24.187  -27.042  73.164 0.0000000000
47585  24.289  -27.283  73.829 0.0000000000
46611  24.958  -27.666  74.192 0.0000000000
46565  26.093  -28.436  75.539 0.0000000000
45395  23.131  -29.111  79.603 0.0000000000
45408  24.011  -28.840  79.009 0.0000000000
45394  24.000  -29.156  79.981 0.0000000000
45343  24.676  -29.537  82.388 0.0000000000
45325  24.693  -29.694  83.351 0.0000000000
36471  10.886  -39.140  91.347 0.0000000000
37349  11.721  -38.189  93.966 0.0000000000
132155  48.996  -1.941  59.224 0.0000000000
70544  49.345  -2.791  60.577 0.0000000000
69565  49.191  -4.136  63.310 0.0000000000
69573  48.879  -3.585  62.866 0.0000000000
66878  40.301  -8.256  57.842 0.0000000000
65944  42.937  -9.919  60.141 0.0000000000
65952  42.304  -9.617  59.722 0.0000000000
65943  43.602  -9.774  60.265 0.0000000000
65942  44.335  -9.577  60.404 0.0000000000
64980  45.071  -9.490  60.609 0.0000000000
138010  46.136  -10.010  61.300 0.0000000000
64966  47.851  -10.315  62.635 0.0000000000
62961  44.502  -12.544  64.244 0.0000000000
62970  44.652  -12.568  63.381 0.0000000000
63944  45.900  -11.989  64.424 0.0000000000
60909  32.549  -13.557  64.560 0.0000000000
124943  33.308  -13.589  64.725 0.0000000000
122608  34.724  -13.066  68.743 0.0000000000
61828  36.393  -12.612  69.043 0.0000000000
62877  37.992  -12.488  70.630 0.0000000000
51867  37.755  -23.492  70.212 0.0000000000
51866  38.402  -23.070  70.636 0.0000000000
52884  38.042  -22.710  69.907 0.0000000000
52895  38.186  -21.957  69.651 0.0000000000
53921  37.750  -21.679  68.923 0.0000000000
53902  38.663  -21.406  70.018 0.0000000000
54913  39.074  -20.752  70.329 0.0000000000
139269  38.999  -20.087  70.045 0.0000000000
51763  40.964  -23.851  77.059 0.0000000000
51762  41.491  -23.385  77.685 0.0000000000
52789  41.728  -22.445  76.536 0.0000000000
55780  41.317  -19.626  73.817 0.0000000000
55788  40.741  -19.364  72.609 0.0000000000
56720  40.697  -18.608  72.426 0.0000000000
134638  40.526  -17.986  72.103 0.0000000000
57694  40.148  -17.811  71.471 0.0000000000
57687  39.832  -17.030  71.267 0.0000000000
57686  40.381  -17.155  72.106 0.0000000000
58706  40.289  -16.205  72.475 0.0000000000
73677  45.811  -0.834  50.681 0.0000000000
73676  46.560  -1.118  50.416 0.0000000000
72685  49.416  -2.112  49.777 0.0000000000
72658  49.800  -2.869  51.388 0.0000000000
125941  50.818  -0.842  55.371 0.0000000000
72706  55.215  -2.145  47.147 0.0000000000
71681  56.588  -2.548  47.813 0.0000000000
71680  58.077  -2.362  47.882 0.0000000000
72653  54.566  -1.876  51.676 0.0000000000
142601  54.553  -1.325  52.521 0.0000000000
138661  55.096  -0.386  53.672 0.0000000000
45356  27.376  -29.727  80.916 0.0000000000
44347  28.163  -29.921  80.807 0.0000000000
45355  28.142  -29.807  81.679 0.0000000000
45340  28.566  -29.647  82.763 0.0000000000
45301  28.996  -29.640  84.064 0.0000000000
39288  13.611  -35.644  86.982 0.0000000000
39279  14.273  -35.026  87.375 0.0000000000
39280  13.780  -35.479  87.836 0.0000000000
39257  13.703  -35.596  89.258 0.0000000000
38335  13.063  -36.344  89.206 0.0000000000
38334  13.454  -35.772  90.142 0.0000000000
39236  13.833  -35.382  92.229 0.0000000000
38308  13.359  -35.880  93.067 0.0000000000
69642  41.580  -5.604  55.331 0.0000000000
68677  41.833  -6.655  56.536 0.0000000000
67750  42.059  -7.002  57.219 0.0000000000
140314  41.127  -13.379  66.287 0.0000000000
61862  42.001  -13.091  66.228 0.0000000000
62940  42.125  -12.780  66.960 0.0000000000
63894  42.877  -11.938  68.864 0.0000000000
33668  6.636  -42.036  88.725 0.0000000000
32679  6.817  -43.011  89.778 0.0000000000
31693  7.251  -43.265  90.495 0.0000000000
31695  5.598  -43.896  89.876 0.0000000000
30730  7.200  -43.971  91.150 0.0000000000
30722  7.560  -44.206  92.288 0.0000000000
121062  35.976  -14.575  63.828 0.0000000000
47619  30.740  -27.510  71.163 0.0000000000
47600  31.002  -27.785  71.868 0.0000000000
141370  30.522  -28.149  72.353 0.0000000000
46625  31.230  -28.115  72.588 0.0000000000
46624  32.048  -28.034  72.800 0.0000000000
46604  32.291  -28.324  73.551 0.0000000000
46583  33.383  -28.314  74.491 0.0000000000
46562  33.579  -28.606  75.310 0.0000000000
44348  22.873  -30.089  81.674 0.0000000000
44349  22.410  -30.537  81.213 0.0000000000
136969  21.829  -31.145  79.814 0.0000000000
42257  22.056  -31.968  80.990 0.0000000000
42249  21.820  -32.773  80.828 0.0000000000
40315  21.308  -33.568  80.707 0.0000000000
140241  20.621  -33.842  80.404 0.0000000000
40321  14.571  -34.423  80.480 0.0000000000
40305  14.567  -34.527  81.333 0.0000000000
40292  14.533  -34.633  82.258 0.0000000000
47552  22.696  -27.453  75.319 0.0000000000
46567  22.980  -27.687  76.025 0.0000000000
46536  22.744  -28.350  77.205 0.0000000000
45429  22.780  -28.642  77.866 0.0000000000
45409  22.932  -28.855  78.731 0.0000000000
71586  48.956  -2.418  56.039 0.0000000000
72597  48.426  -2.060  56.651 0.0000000000
68649  46.161  -5.974  59.961 0.0000000000
68618  48.596  -4.974  62.962 0.0000000000
65967  39.229  -9.151  58.030 0.0000000000
64989  41.644  -10.264  59.880 0.0000000000
63971  44.102  -11.225  60.848 0.0000000000
60885  31.729  -13.907  66.353 0.0000000000
61891  32.027  -13.571  66.066 0.0000000000
139817  32.556  -13.780  67.042 0.0000000000
60858  33.037  -13.690  67.420 0.0000000000
60857  33.628  -13.667  67.990 0.0000000000
60842  34.339  -13.731  68.507 0.0000000000
60834  35.092  -13.638  69.213 0.0000000000
49710  36.197  -25.235  70.838 0.0000000000
50784  36.999  -24.927  71.074 0.0000000000
50783  37.696  -24.517  71.365 0.0000000000
49678  38.161  -24.912  72.763 0.0000000000
50771  38.533  -24.367  72.458 0.0000000000
50782  38.338  -24.115  71.699 0.0000000000
51845  38.910  -23.679  72.107 0.0000000000
51844  39.472  -23.221  72.556 0.0000000000
52828  40.009  -22.766  73.101 0.0000000000
73665  44.974  -1.538  51.890 0.0000000000
72662  45.731  -1.772  51.642 0.0000000000
120270  46.017  -2.245  52.219 0.0000000000
72661  46.624  -2.069  51.444 0.0000000000
71660  48.386  -2.738  51.785 0.0000000000
125703  49.114  -3.378  54.133 0.0000000000
72723  53.890  -1.642  46.775 0.0000000000
73727  52.539  -1.089  46.775 0.0000000000
129294  54.364  -1.996  47.210 0.0000000000
72688  54.488  -2.347  47.805 0.0000000000
121990  55.754  -2.690  48.529 0.0000000000
71662  55.839  -2.646  49.871 0.0000000000
71663  55.027  -2.578  50.249 0.0000000000
72668  54.240  -2.412  50.783 0.0000000000
45485  28.136  -28.922  74.830 0.0000000000
45484  29.050  -29.188  74.819 0.0000000000
45462  29.559  -29.438  75.506 0.0000000000
44399  30.217  -29.998  77.719 0.0000000000
44385  29.604  -30.128  78.316 0.0000000000
44398  31.037  -29.987  77.947 0.0000000000
44383  31.212  -30.152  78.817 0.0000000000
44346  28.813  -30.031  81.023 0.0000000000
44345  29.734  -30.137  81.073 0.0000000000
44344  30.670  -30.109  81.510 0.0000000000
43342  20.074  -31.764  75.396 0.0000000000
40234  18.376  -33.869  86.751 0.0000000000
133848  18.077  -33.976  87.699 0.0000000000
40205  18.736  -33.820  88.641 0.0000000000
40190  18.732  -33.822  89.926 0.0000000000
39267  14.527  -34.852  88.520 0.0000000000
40208  15.086  -34.542  88.854 0.0000000000
40193  15.859  -34.358  90.144 0.0000000000
40180  15.241  -34.553  90.871 0.0000000000
40179  16.039  -34.409  91.299 0.0000000000
130572  16.638  -34.206  90.869 0.0000000000
70591  45.817  -4.908  55.514 0.0000000000
70581  45.858  -5.006  56.235 0.0000000000
68674  44.076  -6.149  57.141 0.0000000000
61958  40.231  -12.879  61.195 0.0000000000
62988  41.103  -12.772  61.336 0.0000000000
61947  41.538  -13.356  61.920 0.0000000000
61934  43.302  -13.182  63.226 0.0000000000
61928  42.690  -13.445  63.597 0.0000000000
63931  44.929  -12.043  65.630 0.0000000000
127368  45.597  -11.739  66.104 0.0000000000
62939  42.728  -12.627  66.563 0.0000000000
62938  43.424  -12.396  66.371 0.0000000000
62927  44.043  -12.075  66.865 0.0000000000
63917  45.552  -11.514  66.953 0.0000000000
57745  35.814  -17.685  65.635 0.0000000000
57738  37.124  -17.979  67.360 0.0000000000
49614  39.280  -25.656  77.736 0.0000000000
50686  40.383  -24.728  78.372 0.0000000000
73666  44.180  -1.392  52.197 0.0000000000
76392  50.085  1.461  47.317 0.0000000000
77303  49.992  2.199  47.560 0.0000000000
36491  9.907  -38.864  88.088 0.0000000000
36490  10.497  -38.567  88.187 0.0000000000
35586  10.135  -39.531  90.151 0.0000000000
34626  9.038  -40.050  89.166 0.0000000000
122240  10.352  -39.622  90.835 0.0000000000
35579  10.478  -39.772  91.703 0.0000000000
123787  10.508  -39.928  92.540 0.0000000000
33661  7.829  -41.967  89.833 0.0000000000
33660  8.389  -41.820  90.520 0.0000000000
33651  9.326  -41.409  91.834 0.0000000000
34600  9.721  -41.133  92.719 0.0000000000
34594  9.918  -40.967  93.337 0.0000000000
62996  39.061  -12.006  60.047 0.0000000000
63984  37.702  -11.816  59.265 0.0000000000
61950  38.955  -14.032  61.466 0.0000000000
60952  40.269  -14.092  62.287 0.0000000000
60901  41.150  -14.185  63.884 0.0000000000
60876  41.110  -13.955  64.815 0.0000000000
59916  36.952  -14.956  61.154 0.0000000000
59902  38.117  -15.027  62.003 0.0000000000
59887  37.763  -15.228  62.601 0.0000000000
59864  39.197  -15.075  63.085 0.0000000000
139445  40.871  -13.714  65.624 0.0000000000
61844  40.619  -13.242  67.051 0.0000000000
143765  40.734  -12.357  68.988 0.0000000000
49744  33.288  -25.508  68.570 0.0000000000
49711  34.664  -25.668  70.383 0.0000000000
48619  30.895  -26.867  69.940 0.0000000000
141796  31.601  -26.771  70.120 0.0000000000
127069  32.191  -26.499  69.910 0.0000000000
47616  33.118  -27.086  71.881 0.0000000000
48596  32.916  -26.764  71.123 0.0000000000
48618  32.804  -26.471  70.371 0.0000000000
48640  33.311  -26.147  70.079 0.0000000000
49697  34.916  -25.794  71.007 0.0000000000
49696  35.529  -25.731  71.455 0.0000000000
49681  35.928  -25.907  72.284 0.0000000000
48554  35.746  -26.519  73.454 0.0000000000
48553  36.447  -26.333  73.758 0.0000000000
48552  37.038  -26.159  74.081 0.0000000000
48534  38.011  -26.202  75.897 0.0000000000
45483  29.802  -29.298  74.813 0.0000000000
45461  30.469  -29.445  75.314 0.0000000000
45439  31.693  -29.611  76.483 0.0000000000
134805  32.105  -29.371  75.769 0.0000000000
45459  32.784  -29.077  75.547 0.0000000000
46545  34.008  -28.715  75.914 0.0000000000
121970  34.000  -29.596  79.032 0.0000000000
45401  34.568  -29.309  78.526 0.0000000000
46533  34.647  -28.821  76.995 0.0000000000
46544  34.581  -28.539  76.224 0.0000000000
46560  35.094  -28.057  75.835 0.0000000000
47541  35.802  -27.763  76.233 0.0000000000
47529  37.154  -27.353  78.014 0.0000000000
47539  37.126  -27.128  77.231 0.0000000000
136612  37.642  -26.704  77.104 0.0000000000
49624  38.723  -25.995  77.200 0.0000000000
43236  25.751  -31.182  86.730 0.0000000000
43237  25.193  -31.473  86.606 0.0000000000
44281  24.948  -30.776  86.004 0.0000000000
42205  24.836  -32.278  86.517 0.0000000000
41190  24.537  -33.155  86.209 0.0000000000
137692  24.296  -33.956  86.037 0.0000000000
43276  22.977  -30.762  82.883 0.0000000000
135549  23.230  -31.678  83.677 0.0000000000
42231  22.990  -32.495  83.343 0.0000000000
42222  23.390  -32.482  84.019 0.0000000000
135264  23.707  -34.471  85.636 0.0000000000
122047  20.722  -34.115  86.032 0.0000000000
120584  19.818  -33.783  86.050 0.0000000000
120583  18.926  -33.674  86.017 0.0000000000
43327  20.390  -31.726  76.350 0.0000000000
137070  20.514  -32.308  77.472 0.0000000000
41307  20.132  -32.821  77.514 0.0000000000
129889  19.665  -33.208  77.571 0.0000000000
41285  20.172  -33.253  78.242 0.0000000000
41270  20.533  -33.413  79.134 0.0000000000
40316  19.990  -33.968  80.555 0.0000000000
40344  18.073  -34.042  78.772 0.0000000000
40334  16.828  -34.334  79.445 0.0000000000
40333  17.660  -34.251  79.442 0.0000000000
40332  18.425  -34.120  79.546 0.0000000000
40317  18.597  -34.128  80.359 0.0000000000
40301  19.595  -34.006  81.287 0.0000000000
121234  20.023  -34.045  81.981 0.0000000000
120576  19.602  -33.938  82.721 0.0000000000
40277  19.336  -33.816  83.337 0.0000000000
40278  18.733  -33.720  83.788 0.0000000000
120580  19.080  -33.666  84.570 0.0000000000
137668  18.208  -33.791  85.960 0.0000000000
40251  16.384  -34.251  85.398 0.0000000000
40253  14.945  -34.602  86.136 0.0000000000
39309  14.131  -35.052  84.035 0.0000000000
39311  12.843  -35.689  83.448 0.0000000000
39303  14.194  -35.077  84.787 0.0000000000
38372  13.089  -36.138  86.386 0.0000000000
38373  12.590  -36.661  86.746 0.0000000000
37404  12.012  -37.125  86.514 0.0000000000
37394  10.864  -38.011  87.016 0.0000000000
36505  10.134  -38.319  86.817 0.0000000000
36514  9.889  -38.157  86.152 0.0000000000
36497  9.643  -38.726  87.327 0.0000000000
35606  8.314  -39.618  87.353 0.0000000000
35607  7.400  -39.625  86.677 0.0000000000
34635  7.478  -40.123  87.349 0.0000000000
47635  27.349  -27.409  70.502 0.0000000000
47622  27.742  -27.763  71.290 0.0000000000
46608  28.263  -28.574  73.407 0.0000000000
47624  25.563  -27.434  71.960 0.0000000000
47603  25.622  -27.654  72.776 0.0000000000
120105  27.769  -28.632  74.113 0.0000000000
45464  26.793  -28.790  75.978 0.0000000000
140436  27.660  -29.601  78.113 0.0000000000
44387  27.520  -29.688  78.822 0.0000000000
138981  27.144  -29.656  79.405 0.0000000000
46548  24.374  -28.175  76.862 0.0000000000
46534  25.038  -28.500  77.376 0.0000000000
45407  25.215  -29.000  78.696 0.0000000000
122928  26.542  -29.551  79.685 0.0000000000
134399  27.216  -29.606  81.943 0.0000000000
125370  26.303  -29.547  83.371 0.0000000000
45291  26.535  -29.838  85.323 0.0000000000
36482  11.641  -38.100  89.584 0.0000000000
37367  11.814  -37.842  90.603 0.0000000000
37359  12.229  -37.127  91.604 0.0000000000
38309  12.735  -36.432  92.568 0.0000000000
38299  13.444  -36.086  93.538 0.0000000000
70533  48.057  -3.207  61.729 0.0000000000
68679  40.075  -6.625  56.137 0.0000000000
67731  42.666  -7.625  58.467 0.0000000000
66856  41.883  -9.028  59.164 0.0000000000
66867  41.496  -8.545  58.605 0.0000000000
67718  43.748  -7.766  59.291 0.0000000000
66834  46.011  -8.764  60.911 0.0000000000
128216  41.955  -12.768  61.454 0.0000000000
122764  43.143  -12.598  61.609 0.0000000000
62977  44.742  -12.465  62.572 0.0000000000
138763  45.311  -11.860  61.751 0.0000000000
63963  45.927  -11.593  61.930 0.0000000000
64968  46.615  -11.210  62.126 0.0000000000
64967  47.293  -10.737  62.370 0.0000000000
64960  48.830  -10.387  63.775 0.0000000000
131185  49.030  -8.959  63.563 0.0000000000
60955  34.658  -14.601  62.936 0.0000000000
60906  36.271  -14.342  64.565 0.0000000000
61890  32.676  -13.403  66.259 0.0000000000
61913  33.423  -13.413  65.458 0.0000000000
60883  34.367  -13.528  65.418 0.0000000000
61888  34.464  -13.226  66.410 0.0000000000
60882  35.401  -13.726  65.379 0.0000000000
60881  36.353  -13.930  65.403 0.0000000000
61864  38.130  -13.450  66.885 0.0000000000
61827  37.666  -12.702  68.572 0.0000000000
61826  38.951  -13.034  68.045 0.0000000000
50796  35.943  -24.985  70.036 0.0000000000
50824  36.073  -24.092  68.801 0.0000000000
51899  36.361  -23.375  68.439 0.0000000000
54957  36.651  -20.191  66.499 0.0000000000
53939  37.583  -20.997  68.326 0.0000000000
144648  37.462  -20.463  67.872 0.0000000000
54956  37.113  -19.386  67.075 0.0000000000
55828  37.472  -18.993  67.640 0.0000000000
56753  37.535  -18.308  67.916 0.0000000000
57713  37.677  -17.756  68.403 0.0000000000
129966  39.953  -24.643  76.051 0.0000000000
50746  40.033  -24.004  74.969 0.0000000000
51780  40.842  -23.623  76.183 0.0000000000
51833  40.178  -23.100  73.905 0.0000000000
52844  40.348  -21.946  72.971 0.0000000000
139283  41.798  -21.802  75.938 0.0000000000
54848  41.818  -20.435  75.322 0.0000000000
53837  41.634  -21.238  75.162 0.0000000000
53857  40.764  -21.645  73.684 0.0000000000
53868  40.130  -21.376  72.285 0.0000000000
54886  39.980  -20.693  71.734 0.0000000000
139423  39.402  -20.029  70.597 0.0000000000
55800  40.132  -19.185  71.484 0.0000000000
55801  39.659  -19.249  70.794 0.0000000000
55808  39.147  -19.392  70.164 0.0000000000
56739  38.778  -18.857  69.649 0.0000000000
56740  38.392  -18.299  69.232 0.0000000000
58733  37.512  -16.988  68.637 0.0000000000
127736  38.028  -16.740  69.396 0.0000000000
58727  37.337  -16.233  69.146 0.0000000000
58719  39.173  -16.828  70.521 0.0000000000
59779  37.453  -15.577  69.822 0.0000000000
59774  37.065  -14.467  70.479 0.0000000000
58700  41.021  -16.412  73.715 0.0000000000
58701  40.581  -16.045  73.087 0.0000000000
59760  40.071  -15.360  72.840 0.0000000000
59745  40.565  -14.693  73.947 0.0000000000
123860  38.776  -14.659  71.993 0.0000000000
60812  38.069  -13.941  71.655 0.0000000000
60813  37.634  -13.627  71.028 0.0000000000
61803  37.879  -13.260  71.162 0.0000000000
62860  38.198  -12.722  71.182 0.0000000000
62876  38.565  -12.121  71.117 0.0000000000
77296  49.436  2.301  48.060 0.0000000000
76393  49.512  1.511  47.815 0.0000000000
126768  49.204  0.633  48.247 0.0000000000
144987  49.643  0.300  47.997 0.0000000000
73697  50.416  -1.217  48.623 0.0000000000
72692  50.767  -1.697  48.904 0.0000000000
72684  50.840  -2.290  49.486 0.0000000000
123386  50.091  -2.389  49.784 0.0000000000
72671  51.305  -2.724  50.137 0.0000000000
122885  51.828  -2.708  50.836 0.0000000000
123731  52.054  -2.476  51.661 0.0000000000
136218  50.762  -2.648  52.920 0.0000000000
72643  50.994  -2.636  52.317 0.0000000000
36465  11.609  -38.137  93.118 0.0000000000
42197  25.543  -32.449  87.151 0.0000000000
42317  20.144  -32.393  76.823 0.0000000000
43284  22.949  -30.433  82.333 0.0000000000
44326  30.903  -29.850  82.601 0.0000000000
44386  28.213  -29.819  78.440 0.0000000000
45303  26.473  -29.648  84.909 0.0000000000
45322  27.958  -29.573  83.479 0.0000000000
45372  27.201  -29.718  80.032 0.0000000000
46561  34.393  -28.316  75.508 0.0000000000
46642  29.187  -28.081  71.876 0.0000000000
47620  29.395  -27.713  71.169 0.0000000000
48555  34.982  -26.707  73.115 0.0000000000
48597  24.351  -26.669  71.346 0.0000000000
48617  33.473  -26.343  70.717 0.0000000000
49632  37.905  -26.057  75.239 0.0000000000
49712  33.930  -25.934  70.209 0.0000000000
52863  39.371  -22.338  71.497 0.0000000000
52905  36.649  -22.578  68.138 0.0000000000
53920  38.244  -21.304  69.417 0.0000000000
54944  37.127  -20.348  67.291 0.0000000000
56765  37.249  -18.616  67.362 0.0000000000
56784  36.140  -18.234  65.712 0.0000000000
57712  38.016  -17.626  68.959 0.0000000000
58763  35.860  -17.109  66.166 0.0000000000
59886  38.613  -15.090  62.589 0.0000000000
60859  32.313  -13.709  66.593 0.0000000000
60954  38.809  -14.724  62.053 0.0000000000
61804  37.427  -13.288  70.734 0.0000000000
73713  52.229  -1.361  47.448 0.0000000000
74657  50.238  -0.633  48.228 0.0000000000
78212  50.992  3.204  47.732 0.0000000000
120013  38.235  -25.423  74.151 0.0000000000
126744  14.278  -35.037  88.031 0.0000000000
128905  19.279  -34.001  80.579 0.0000000000
130808  49.739  0.776  47.683 0.0000000000
131735  37.072  -15.220  63.012 0.0000000000
133048  40.483  -19.099  72.049 0.0000000000
134251  26.041  -29.950  85.762 0.0000000000
137831  41.239  -20.722  74.096 0.0000000000
140360  53.655  -2.602  49.531 0.0000000000
140742  29.495  -29.946  77.623 0.0000000000
141987  42.510  -12.718  61.542 0.0000000000
142001  21.427  -34.427  88.206 0.0000000000
142254  18.249  -33.953  82.736 0.0000000000
144074  15.466  -34.443  89.408 0.0000000000
