#!ascii label  , from subject sub-v1s5x0050737_ses-1 vox2ras=TkReg
1216
142245  30.010  -24.194  64.221 0.0000000000
71601  37.827  -3.484  55.257 0.0000000000
138295  30.004  -13.909  60.003 0.0000000000
42271  11.755  -31.862  79.759 0.0000000000
54892  22.148  -20.369  71.037 0.0000000000
65947  30.785  -9.931  60.519 0.0000000000
123789  17.487  -27.377  74.761 0.0000000000
41327  15.933  -33.076  76.954 0.0000000000
49701  19.788  -25.223  71.772 0.0000000000
70607  41.973  -4.460  54.516 0.0000000000
55853  31.194  -19.684  65.269 0.0000000000
57781  31.333  -17.289  63.373 0.0000000000
53992  34.882  -21.757  65.001 0.0000000000
74611  41.164  -0.321  55.196 0.0000000000
74630  43.705  -0.516  52.196 0.0000000000
70566  34.397  -4.444  58.742 0.0000000000
66880  38.586  -8.310  57.371 0.0000000000
65984  33.429  -9.233  57.694 0.0000000000
60991  35.401  -14.247  59.688 0.0000000000
48644  29.193  -26.782  69.108 0.0000000000
38409  10.399  -36.375  83.360 0.0000000000
132770  6.446  -37.069  85.873 0.0000000000
36478  5.192  -38.411  90.583 0.0000000000
53981  25.384  -22.504  66.804 0.0000000000
48650  24.332  -26.203  70.161 0.0000000000
61916  25.992  -13.685  64.030 0.0000000000
61892  31.442  -13.737  65.830 0.0000000000
78187  47.637  3.502  50.646 0.0000000000
69660  39.964  -4.651  54.722 0.0000000000
68679  40.075  -6.625  56.137 0.0000000000
54032  30.055  -22.064  63.812 0.0000000000
54029  32.241  -21.252  63.151 0.0000000000
51961  32.857  -23.198  64.168 0.0000000000
73624  37.761  -2.010  56.900 0.0000000000
74596  40.506  -0.515  57.464 0.0000000000
72611  39.056  -2.060  55.101 0.0000000000
72636  41.043  -1.926  53.940 0.0000000000
32690  4.611  -42.851  89.356 0.0000000000
125002  33.748  -6.917  57.476 0.0000000000
67720  32.555  -7.791  59.280 0.0000000000
63977  29.541  -11.552  59.991 0.0000000000
63019  32.129  -12.208  58.693 0.0000000000
60993  32.875  -14.485  59.503 0.0000000000
59906  33.767  -15.062  61.446 0.0000000000
42285  13.634  -32.376  78.388 0.0000000000
40335  15.887  -34.373  79.522 0.0000000000
139949  13.370  -34.305  80.425 0.0000000000
39321  12.490  -35.487  82.583 0.0000000000
40308  10.528  -34.427  81.239 0.0000000000
40255  7.573  -34.778  85.549 0.0000000000
140181  5.484  -37.786  88.346 0.0000000000
54931  23.334  -21.056  68.810 0.0000000000
120755  24.343  -24.298  67.465 0.0000000000
51902  21.714  -23.131  68.800 0.0000000000
46632  19.821  -28.314  72.693 0.0000000000
48577  21.875  -26.444  72.921 0.0000000000
131797  34.457  -17.296  64.459 0.0000000000
59868  30.963  -15.313  65.184 0.0000000000
66837  32.549  -8.681  61.332 0.0000000000
65916  29.874  -8.970  62.827 0.0000000000
63969  27.792  -11.163  61.765 0.0000000000
44454  18.447  -30.079  73.506 0.0000000000
42339  18.382  -32.573  75.259 0.0000000000
44428  16.527  -30.398  75.479 0.0000000000
44402  15.106  -30.442  77.345 0.0000000000
44378  13.165  -30.311  79.188 0.0000000000
52886  19.836  -22.346  70.559 0.0000000000
126380  18.482  -22.905  73.017 0.0000000000
48556  18.385  -26.023  73.028 0.0000000000
56767  29.472  -18.615  66.911 0.0000000000
57746  27.222  -17.577  65.871 0.0000000000
56799  30.695  -18.749  64.119 0.0000000000
55889  33.527  -19.230  63.037 0.0000000000
76354  44.292  1.734  53.514 0.0000000000
75495  42.633  0.137  53.545 0.0000000000
72634  43.433  -2.584  53.206 0.0000000000
71591  35.766  -3.833  56.574 0.0000000000
68681  38.264  -6.698  56.236 0.0000000000
137779  35.822  -6.681  56.528 0.0000000000
66883  35.994  -8.757  57.106 0.0000000000
63993  36.561  -11.371  58.402 0.0000000000
65970  32.284  -9.512  58.844 0.0000000000
135899  34.164  -11.507  58.019 0.0000000000
49783  29.084  -25.521  66.336 0.0000000000
50843  32.730  -25.071  66.943 0.0000000000
72573  36.991  -2.517  59.012 0.0000000000
43278  9.869  -32.241  82.611 0.0000000000
39325  8.755  -34.941  82.667 0.0000000000
37430  7.914  -37.131  84.378 0.0000000000
138034  7.868  -38.703  85.754 0.0000000000
35608  5.969  -39.642  86.738 0.0000000000
34631  4.831  -40.781  88.379 0.0000000000
34614  4.115  -40.897  90.596 0.0000000000
33646  3.219  -42.055  93.432 0.0000000000
51947  27.172  -23.086  65.181 0.0000000000
49785  26.651  -25.032  66.555 0.0000000000
48647  26.351  -26.636  69.213 0.0000000000
49715  21.985  -25.215  70.836 0.0000000000
61953  27.442  -13.041  61.854 0.0000000000
59848  27.963  -15.922  64.327 0.0000000000
60935  28.719  -14.605  63.769 0.0000000000
60958  30.787  -14.219  62.341 0.0000000000
51914  35.460  -23.528  67.438 0.0000000000
77297  48.616  2.866  49.014 0.0000000000
76363  45.219  1.552  51.310 0.0000000000
74646  46.771  0.345  49.858 0.0000000000
70611  38.944  -4.053  54.731 0.0000000000
69644  39.990  -5.275  55.025 0.0000000000
127104  39.327  -5.680  55.362 0.0000000000
51983  29.846  -22.830  63.778 0.0000000000
51981  31.348  -22.866  63.575 0.0000000000
50892  31.595  -24.107  64.490 0.0000000000
72613  37.799  -2.758  55.636 0.0000000000
73643  38.718  -1.800  55.797 0.0000000000
72625  38.783  -2.781  54.899 0.0000000000
72624  39.498  -2.592  54.601 0.0000000000
30751  4.314  -43.489  89.928 0.0000000000
68641  33.372  -6.567  60.388 0.0000000000
67707  33.120  -7.386  60.706 0.0000000000
61974  29.797  -13.234  59.727 0.0000000000
61981  30.998  -13.043  59.048 0.0000000000
60995  31.266  -14.378  59.730 0.0000000000
59920  33.408  -15.118  60.568 0.0000000000
59908  31.907  -14.906  60.806 0.0000000000
42270  12.363  -32.144  79.288 0.0000000000
41273  13.318  -33.369  79.229 0.0000000000
40337  12.600  -33.552  79.730 0.0000000000
126502  11.776  -34.301  80.661 0.0000000000
41257  11.155  -33.300  80.346 0.0000000000
54919  22.648  -20.732  69.346 0.0000000000
53949  22.001  -21.719  68.608 0.0000000000
135143  21.526  -21.359  69.081 0.0000000000
121759  20.224  -29.543  73.639 0.0000000000
59787  26.447  -15.884  68.059 0.0000000000
58765  34.530  -16.390  65.593 0.0000000000
65939  28.784  -9.962  61.769 0.0000000000
65918  28.460  -9.549  63.448 0.0000000000
46615  17.588  -28.994  73.912 0.0000000000
44441  17.755  -30.424  74.087 0.0000000000
45467  17.167  -29.255  74.790 0.0000000000
45431  16.114  -29.164  77.231 0.0000000000
130517  15.406  -29.556  78.225 0.0000000000
44390  14.025  -30.147  78.677 0.0000000000
53877  19.131  -21.246  72.434 0.0000000000
138863  17.773  -25.464  74.866 0.0000000000
49663  18.057  -25.492  73.882 0.0000000000
47590  17.794  -27.209  73.737 0.0000000000
137536  18.044  -27.734  73.229 0.0000000000
56787  29.690  -18.543  65.253 0.0000000000
128502  31.171  -19.571  64.436 0.0000000000
54010  33.662  -21.671  63.668 0.0000000000
55005  32.518  -20.413  62.943 0.0000000000
55003  34.336  -20.405  63.649 0.0000000000
55867  35.310  -19.628  64.460 0.0000000000
54972  36.088  -20.418  65.735 0.0000000000
74601  41.107  -0.211  56.185 0.0000000000
75490  43.054  0.777  54.033 0.0000000000
74618  41.982  -0.184  53.940 0.0000000000
71638  41.707  -3.288  53.942 0.0000000000
134931  41.749  -2.438  53.641 0.0000000000
71637  42.577  -3.064  53.605 0.0000000000
71581  34.930  -4.011  57.765 0.0000000000
69630  35.523  -5.191  56.440 0.0000000000
125319  34.446  -4.941  57.429 0.0000000000
66885  33.570  -8.386  57.558 0.0000000000
66884  34.403  -8.092  57.161 0.0000000000
142309  34.883  -9.571  57.383 0.0000000000
65016  36.228  -10.186  57.667 0.0000000000
65017  35.277  -10.359  57.609 0.0000000000
65935  32.136  -8.930  61.488 0.0000000000
65955  32.068  -9.174  59.801 0.0000000000
65956  31.798  -10.060  59.471 0.0000000000
136012  33.798  -13.012  58.627 0.0000000000
63018  33.094  -12.451  58.536 0.0000000000
61978  34.549  -13.057  58.704 0.0000000000
63007  36.173  -12.890  59.143 0.0000000000
48689  28.973  -26.229  67.863 0.0000000000
48687  30.969  -26.010  68.105 0.0000000000
70555  35.120  -4.084  59.859 0.0000000000
139108  35.267  -3.589  58.673 0.0000000000
72580  35.866  -3.111  57.642 0.0000000000
41344  17.234  -32.864  75.914 0.0000000000
143849  17.290  -33.691  77.484 0.0000000000
39322  11.670  -35.741  82.662 0.0000000000
39311  12.843  -35.689  83.448 0.0000000000
134444  11.786  -36.503  84.178 0.0000000000
38397  9.989  -36.845  83.998 0.0000000000
42233  9.502  -32.684  83.768 0.0000000000
41227  9.186  -33.617  82.315 0.0000000000
41214  8.503  -33.932  83.662 0.0000000000
39298  6.853  -36.307  85.501 0.0000000000
135948  7.298  -36.093  84.727 0.0000000000
38386  7.272  -36.811  84.749 0.0000000000
37417  8.133  -37.762  84.787 0.0000000000
36518  6.959  -38.041  85.420 0.0000000000
36508  7.285  -39.079  86.062 0.0000000000
36510  6.001  -38.337  86.360 0.0000000000
36484  5.129  -38.442  89.543 0.0000000000
121673  5.114  -39.168  87.772 0.0000000000
35593  4.617  -39.802  89.568 0.0000000000
34621  4.437  -40.474  89.677 0.0000000000
35588  4.484  -39.905  90.553 0.0000000000
120781  26.765  -21.986  66.933 0.0000000000
53980  27.296  -22.017  66.396 0.0000000000
52946  25.977  -23.176  65.948 0.0000000000
50859  26.959  -24.591  65.836 0.0000000000
142072  25.651  -24.142  66.305 0.0000000000
49749  23.600  -25.007  68.779 0.0000000000
49747  25.241  -25.559  68.202 0.0000000000
48648  25.497  -26.459  69.411 0.0000000000
50799  19.781  -24.013  71.131 0.0000000000
50798  20.405  -23.993  70.621 0.0000000000
49700  20.608  -25.372  71.561 0.0000000000
48576  22.674  -26.534  73.179 0.0000000000
67755  37.767  -7.281  56.613 0.0000000000
67753  39.561  -7.255  56.720 0.0000000000
66879  39.422  -8.438  57.654 0.0000000000
137327  26.198  -12.282  64.320 0.0000000000
63960  26.763  -12.111  62.801 0.0000000000
61930  26.500  -13.490  63.240 0.0000000000
57758  29.262  -17.528  64.495 0.0000000000
58766  27.002  -16.941  65.306 0.0000000000
58781  28.985  -16.258  64.573 0.0000000000
59829  31.105  -14.259  65.916 0.0000000000
60912  29.679  -14.332  64.940 0.0000000000
60911  30.058  -13.869  64.973 0.0000000000
60933  30.218  -13.697  63.905 0.0000000000
135208  30.808  -13.530  64.649 0.0000000000
60931  32.897  -14.011  63.530 0.0000000000
50841  34.328  -24.527  67.465 0.0000000000
78196  47.927  3.113  49.840 0.0000000000
75498  44.114  0.754  52.051 0.0000000000
76357  45.029  1.878  52.124 0.0000000000
75501  44.532  0.696  51.492 0.0000000000
74635  46.258  -0.355  50.266 0.0000000000
73675  47.477  -1.511  50.200 0.0000000000
128323  17.518  -25.857  76.159 0.0000000000
46552  16.958  -28.006  76.266 0.0000000000
70608  41.197  -4.363  54.524 0.0000000000
69657  42.262  -5.072  54.949 0.0000000000
69642  41.580  -5.604  55.331 0.0000000000
54974  31.066  -20.304  65.342 0.0000000000
55007  31.355  -20.860  63.608 0.0000000000
54031  30.847  -21.759  63.637 0.0000000000
137878  32.646  -22.553  63.626 0.0000000000
52942  33.751  -22.922  64.723 0.0000000000
74592  39.873  -1.075  58.404 0.0000000000
73632  39.382  -0.990  57.106 0.0000000000
74613  39.731  -0.863  56.344 0.0000000000
74612  40.359  -0.729  55.598 0.0000000000
73649  41.123  -1.140  54.009 0.0000000000
72623  40.281  -2.318  54.290 0.0000000000
71617  41.011  -3.652  54.261 0.0000000000
32699  5.696  -42.169  88.568 0.0000000000
69604  33.969  -5.061  59.844 0.0000000000
69614  33.642  -5.474  58.469 0.0000000000
69605  33.534  -5.598  59.281 0.0000000000
68653  32.845  -7.044  58.850 0.0000000000
66886  32.932  -8.553  57.944 0.0000000000
64985  30.201  -10.778  59.990 0.0000000000
64992  31.507  -10.908  59.214 0.0000000000
63985  31.162  -11.992  59.027 0.0000000000
61980  32.334  -13.137  58.791 0.0000000000
60992  33.796  -14.561  59.557 0.0000000000
59919  34.311  -15.196  60.625 0.0000000000
59890  35.206  -15.105  62.082 0.0000000000
47648  28.815  -27.168  69.893 0.0000000000
42301  14.714  -32.752  77.620 0.0000000000
41289  15.881  -33.860  78.001 0.0000000000
41291  14.592  -33.395  78.280 0.0000000000
121230  14.509  -34.189  79.623 0.0000000000
40322  13.885  -34.459  80.858 0.0000000000
39330  11.800  -35.239  81.841 0.0000000000
39323  10.391  -35.442  82.177 0.0000000000
40254  8.015  -34.265  85.101 0.0000000000
129514  7.172  -35.264  86.807 0.0000000000
38364  6.234  -36.537  87.347 0.0000000000
137372  5.671  -38.059  86.977 0.0000000000
38350  6.252  -36.543  88.385 0.0000000000
37374  5.897  -37.163  89.741 0.0000000000
37369  5.577  -37.785  91.088 0.0000000000
131657  24.405  -21.882  67.765 0.0000000000
51933  24.768  -23.335  66.750 0.0000000000
52918  23.679  -22.644  67.525 0.0000000000
121619  22.918  -23.526  68.092 0.0000000000
50812  22.807  -24.645  69.121 0.0000000000
48579  19.566  -26.742  72.311 0.0000000000
48578  20.560  -26.587  72.376 0.0000000000
47588  21.038  -26.955  73.015 0.0000000000
65968  38.620  -9.522  58.060 0.0000000000
60914  25.662  -14.635  65.049 0.0000000000
57780  32.592  -17.108  63.331 0.0000000000
58798  31.218  -16.345  64.048 0.0000000000
58777  32.615  -15.980  64.803 0.0000000000
59844  32.588  -15.414  65.723 0.0000000000
139337  47.229  3.849  52.277 0.0000000000
30733  2.960  -44.829  91.935 0.0000000000
66827  32.592  -8.665  62.821 0.0000000000
65926  30.991  -9.016  61.981 0.0000000000
65937  30.459  -9.505  61.307 0.0000000000
65938  29.566  -9.712  61.508 0.0000000000
139514  28.754  -10.975  60.832 0.0000000000
63000  28.694  -12.350  60.533 0.0000000000
44452  19.592  -30.880  73.871 0.0000000000
43342  20.074  -31.764  75.396 0.0000000000
43358  18.643  -31.558  74.202 0.0000000000
43359  17.358  -31.572  74.868 0.0000000000
43328  16.132  -31.948  75.998 0.0000000000
140196  16.670  -28.794  76.130 0.0000000000
44415  16.130  -30.142  76.085 0.0000000000
43329  15.478  -31.676  76.560 0.0000000000
43314  14.272  -31.462  77.713 0.0000000000
43306  13.297  -31.512  78.533 0.0000000000
128951  12.384  -30.544  79.720 0.0000000000
54906  20.371  -21.079  70.395 0.0000000000
54895  19.568  -21.149  71.584 0.0000000000
52872  18.974  -22.605  71.796 0.0000000000
50787  18.913  -24.194  72.166 0.0000000000
50749  18.083  -23.726  74.307 0.0000000000
50773  18.541  -24.382  72.918 0.0000000000
49683  18.798  -25.568  72.530 0.0000000000
130458  18.834  -27.170  72.505 0.0000000000
45506  19.430  -28.989  72.845 0.0000000000
56769  27.753  -18.164  67.419 0.0000000000
57729  27.097  -17.697  67.276 0.0000000000
56777  28.637  -18.411  66.221 0.0000000000
56801  29.139  -18.093  64.821 0.0000000000
56822  30.265  -18.023  63.846 0.0000000000
55891  31.682  -19.811  63.308 0.0000000000
56838  31.583  -18.892  63.100 0.0000000000
56836  32.539  -18.323  62.749 0.0000000000
56798  34.594  -18.533  63.869 0.0000000000
56785  35.699  -18.385  65.120 0.0000000000
142081  43.988  1.676  54.228 0.0000000000
76355  43.636  1.204  53.717 0.0000000000
74625  43.043  -0.150  52.851 0.0000000000
74627  41.685  -0.761  53.748 0.0000000000
73658  42.684  -1.386  53.001 0.0000000000
70596  36.663  -4.056  55.777 0.0000000000
69646  37.627  -5.097  55.441 0.0000000000
69629  36.272  -5.377  56.074 0.0000000000
136124  36.588  -6.083  56.220 0.0000000000
66893  37.299  -7.909  56.939 0.0000000000
68670  34.392  -6.552  57.068 0.0000000000
66895  35.420  -8.069  56.922 0.0000000000
66882  36.891  -8.616  57.207 0.0000000000
65969  37.841  -9.796  57.966 0.0000000000
63991  37.978  -11.068  58.832 0.0000000000
67708  32.662  -7.911  60.177 0.0000000000
66857  32.342  -8.550  59.031 0.0000000000
65985  32.781  -9.366  58.153 0.0000000000
125303  32.499  -10.870  58.548 0.0000000000
65006  33.018  -10.845  58.209 0.0000000000
64005  34.596  -10.964  57.808 0.0000000000
63994  35.835  -11.624  58.259 0.0000000000
49803  29.575  -25.156  65.594 0.0000000000
50873  31.097  -24.625  65.058 0.0000000000
133883  31.020  -25.394  66.574 0.0000000000
49745  32.435  -25.722  68.420 0.0000000000
72578  37.389  -2.215  58.434 0.0000000000
72600  36.692  -2.930  56.556 0.0000000000
43286  11.233  -31.056  80.935 0.0000000000
44332  10.758  -31.198  82.239 0.0000000000
43294  10.817  -31.827  80.789 0.0000000000
41241  10.044  -33.187  81.351 0.0000000000
40309  9.803  -34.471  81.656 0.0000000000
39313  8.992  -35.665  82.850 0.0000000000
40283  7.812  -35.002  84.029 0.0000000000
38411  8.455  -36.030  83.452 0.0000000000
38410  9.278  -36.398  83.384 0.0000000000
37428  9.578  -37.345  84.544 0.0000000000
36515  9.255  -38.213  85.746 0.0000000000
34636  5.977  -40.417  87.235 0.0000000000
36499  5.584  -38.959  86.904 0.0000000000
35609  5.441  -39.838  87.318 0.0000000000
33678  5.341  -41.457  88.225 0.0000000000
33679  4.685  -41.468  88.804 0.0000000000
123590  4.384  -42.101  89.382 0.0000000000
32681  3.663  -42.402  91.132 0.0000000000
128787  4.067  -40.385  92.301 0.0000000000
33654  3.535  -42.027  92.287 0.0000000000
32672  3.299  -43.026  92.194 0.0000000000
52963  28.447  -22.574  64.564 0.0000000000
52944  27.717  -22.542  65.061 0.0000000000
50895  28.598  -24.008  64.498 0.0000000000
49804  28.641  -25.077  65.646 0.0000000000
49784  28.197  -25.403  66.332 0.0000000000
48690  28.088  -26.097  67.701 0.0000000000
49768  25.543  -25.123  67.421 0.0000000000
144167  26.609  -25.844  67.842 0.0000000000
48645  28.266  -26.793  68.992 0.0000000000
52885  20.446  -22.378  69.861 0.0000000000
144574  21.572  -24.219  69.848 0.0000000000
49733  22.579  -25.040  70.049 0.0000000000
48600  21.880  -26.104  72.131 0.0000000000
48599  22.748  -26.163  71.913 0.0000000000
48623  23.905  -26.255  70.881 0.0000000000
68696  38.758  -6.179  55.746 0.0000000000
64963  27.323  -10.691  63.472 0.0000000000
62990  27.595  -12.084  61.632 0.0000000000
61951  29.018  -13.842  61.070 0.0000000000
57747  26.660  -17.070  65.851 0.0000000000
58784  26.722  -16.234  64.830 0.0000000000
59872  26.996  -15.300  63.874 0.0000000000
59846  29.389  -15.048  64.833 0.0000000000
59870  28.408  -15.207  64.090 0.0000000000
60937  27.233  -14.833  63.457 0.0000000000
60961  28.219  -14.388  62.766 0.0000000000
122161  29.364  -14.218  61.764 0.0000000000
60974  30.253  -14.384  61.559 0.0000000000
60973  31.938  -14.613  61.829 0.0000000000
50871  32.881  -24.275  65.599 0.0000000000
51930  34.476  -23.627  66.333 0.0000000000
52926  35.504  -22.549  66.538 0.0000000000
52905  36.649  -22.578  68.138 0.0000000000
53975  36.276  -21.615  66.865 0.0000000000
140701  49.920  3.423  48.461 0.0000000000
125014  46.114  2.907  52.178 0.0000000000
125736  46.355  2.693  51.288 0.0000000000
74636  45.462  -0.101  50.625 0.0000000000
75520  46.244  1.082  50.183 0.0000000000
77289  47.297  2.404  49.918 0.0000000000
76377  47.934  1.401  49.096 0.0000000000
143565  48.667  0.374  48.719 0.0000000000
70594  38.251  -4.383  55.041 0.0000000000
70593  39.211  -4.810  54.919 0.0000000000
51964  29.902  -23.679  63.926 0.0000000000
51982  30.566  -23.279  63.723 0.0000000000
50893  30.649  -24.111  64.191 0.0000000000
138781  38.227  -2.939  55.161 0.0000000000
71620  38.518  -3.504  54.886 0.0000000000
31696  3.744  -43.666  90.688 0.0000000000
121165  30.592  -13.688  59.499 0.0000000000
60987  30.557  -14.321  60.136 0.0000000000
60985  31.886  -14.807  60.052 0.0000000000
60986  31.204  -14.668  60.413 0.0000000000
132602  12.721  -32.867  79.243 0.0000000000
41274  11.876  -32.872  79.745 0.0000000000
41256  11.817  -33.750  80.217 0.0000000000
42259  11.205  -32.354  80.231 0.0000000000
54904  22.355  -20.462  70.277 0.0000000000
54933  21.997  -21.086  68.946 0.0000000000
123703  21.616  -20.777  69.621 0.0000000000
44439  20.262  -30.308  74.252 0.0000000000
45466  20.801  -29.750  75.192 0.0000000000
58730  26.771  -16.229  68.472 0.0000000000
46595  17.335  -28.375  74.713 0.0000000000
129976  17.573  -26.300  75.318 0.0000000000
49645  17.798  -26.053  74.431 0.0000000000
48547  17.692  -26.662  74.372 0.0000000000
123326  17.662  -28.034  73.882 0.0000000000
56775  30.858  -19.191  65.869 0.0000000000
52960  34.153  -22.145  64.418 0.0000000000
54009  34.478  -21.237  64.137 0.0000000000
54008  35.153  -21.059  64.777 0.0000000000
54973  35.564  -20.443  64.981 0.0000000000
53991  35.596  -21.268  65.578 0.0000000000
75480  41.844  0.217  56.849 0.0000000000
75488  41.779  0.175  55.779 0.0000000000
75487  42.390  0.548  55.328 0.0000000000
75492  41.813  0.058  54.795 0.0000000000
138747  41.647  -3.929  54.248 0.0000000000
70619  42.314  -3.841  54.096 0.0000000000
70618  43.024  -3.729  53.965 0.0000000000
33676  7.052  -41.389  88.393 0.0000000000
70575  34.417  -4.517  57.965 0.0000000000
70574  34.856  -4.413  57.307 0.0000000000
65983  34.235  -9.033  57.377 0.0000000000
65018  34.173  -10.025  57.598 0.0000000000
65936  31.447  -9.286  61.174 0.0000000000
65946  31.537  -9.656  60.250 0.0000000000
61971  34.026  -13.794  58.990 0.0000000000
61970  34.942  -13.659  59.145 0.0000000000
48668  29.525  -26.492  68.489 0.0000000000
48667  30.345  -26.409  68.583 0.0000000000
124412  29.918  -26.679  69.024 0.0000000000
71563  34.904  -3.949  59.100 0.0000000000
71573  34.843  -3.982  58.370 0.0000000000
71572  35.286  -3.538  58.000 0.0000000000
41326  16.632  -33.112  76.546 0.0000000000
41325  17.443  -33.261  76.460 0.0000000000
122412  17.001  -33.526  77.093 0.0000000000
38419  10.841  -35.903  82.745 0.0000000000
38408  11.461  -36.225  83.401 0.0000000000
121074  10.945  -36.678  84.071 0.0000000000
41203  8.997  -33.234  84.138 0.0000000000
37419  6.830  -37.304  85.314 0.0000000000
37407  6.417  -37.819  85.841 0.0000000000
36509  6.595  -38.621  85.949 0.0000000000
36485  4.818  -39.149  90.010 0.0000000000
36479  4.813  -39.055  91.094 0.0000000000
53964  25.544  -22.144  67.205 0.0000000000
53963  26.112  -21.925  67.449 0.0000000000
120219  26.004  -22.295  66.741 0.0000000000
52929  25.806  -22.798  66.293 0.0000000000
50879  25.863  -23.761  66.013 0.0000000000
51932  25.425  -23.230  66.334 0.0000000000
49731  24.130  -25.667  69.390 0.0000000000
48673  24.966  -25.932  68.938 0.0000000000
48649  24.800  -26.229  69.598 0.0000000000
48621  25.135  -26.661  70.195 0.0000000000
50786  19.492  -24.454  71.636 0.0000000000
50785  20.184  -24.663  71.260 0.0000000000
66892  38.128  -7.848  57.007 0.0000000000
133680  38.636  -7.809  57.084 0.0000000000
61917  25.659  -13.892  64.838 0.0000000000
62964  25.869  -13.038  64.587 0.0000000000
62963  26.173  -12.903  63.783 0.0000000000
135107  26.334  -14.177  63.662 0.0000000000
57783  29.808  -17.127  64.109 0.0000000000
138121  30.767  -13.844  65.438 0.0000000000
60910  31.419  -13.451  65.152 0.0000000000
60909  32.549  -13.557  64.560 0.0000000000
79042  48.006  4.114  51.085 0.0000000000
79041  48.632  4.484  50.753 0.0000000000
142440  43.879  0.139  52.000 0.0000000000
74633  44.294  0.023  51.556 0.0000000000
128465  17.482  -25.961  76.865 0.0000000000
48528  17.420  -26.504  76.349 0.0000000000
49625  17.564  -25.210  76.541 0.0000000000
70609  40.419  -4.174  54.485 0.0000000000
69658  41.415  -4.984  54.877 0.0000000000
69659  40.634  -4.843  54.782 0.0000000000
68695  40.079  -5.969  55.466 0.0000000000
68694  40.873  -6.123  55.690 0.0000000000
126514  30.597  -21.375  63.979 0.0000000000
51962  31.970  -23.505  63.992 0.0000000000
51980  32.155  -22.890  63.641 0.0000000000
52961  33.363  -22.458  63.930 0.0000000000
73615  37.885  -1.841  57.826 0.0000000000
73622  39.284  -1.196  57.953 0.0000000000
73623  38.564  -1.434  57.248 0.0000000000
133923  38.998  -1.295  56.371 0.0000000000
73642  39.502  -1.370  55.514 0.0000000000
73641  40.140  -1.243  54.947 0.0000000000
73651  39.775  -1.815  54.744 0.0000000000
70610  39.619  -4.074  54.568 0.0000000000
71618  40.118  -3.298  54.351 0.0000000000
32689  5.293  -42.839  88.981 0.0000000000
69596  33.645  -5.774  60.122 0.0000000000
68642  32.885  -7.134  59.796 0.0000000000
67734  32.707  -7.918  58.410 0.0000000000
64993  30.842  -11.162  59.484 0.0000000000
63986  30.236  -11.753  59.501 0.0000000000
61973  31.584  -13.700  59.151 0.0000000000
61972  32.525  -13.941  59.103 0.0000000000
140676  33.266  -14.099  59.156 0.0000000000
60984  34.685  -14.895  59.987 0.0000000000
59927  33.898  -15.015  60.074 0.0000000000
59905  34.796  -15.235  61.326 0.0000000000
59891  34.430  -14.931  62.079 0.0000000000
70547  34.627  -4.675  60.268 0.0000000000
42302  14.201  -32.183  77.827 0.0000000000
42284  14.187  -32.806  78.136 0.0000000000
40336  13.399  -33.948  79.794 0.0000000000
144350  13.970  -34.037  79.648 0.0000000000
136689  13.947  -34.267  80.118 0.0000000000
137317  13.084  -34.568  81.035 0.0000000000
40324  11.130  -34.076  80.645 0.0000000000
40307  11.359  -34.674  81.143 0.0000000000
39331  10.876  -35.109  81.644 0.0000000000
39270  7.279  -35.323  87.702 0.0000000000
39281  6.701  -35.846  87.090 0.0000000000
138327  6.762  -35.909  88.040 0.0000000000
37368  5.901  -37.187  90.651 0.0000000000
54902  24.441  -20.816  69.721 0.0000000000
54917  24.150  -21.022  68.946 0.0000000000
53946  24.714  -21.445  68.421 0.0000000000
53947  23.872  -21.468  68.322 0.0000000000
53966  23.556  -22.067  67.854 0.0000000000
52907  21.775  -22.449  68.643 0.0000000000
52906  22.439  -22.426  68.265 0.0000000000
51901  22.277  -23.061  68.360 0.0000000000
51884  22.283  -23.826  68.747 0.0000000000
47606  20.178  -27.449  72.593 0.0000000000
46613  20.452  -28.029  73.089 0.0000000000
60886  25.606  -14.201  65.872 0.0000000000
123339  25.681  -14.954  66.317 0.0000000000
58795  33.869  -16.956  64.177 0.0000000000
58796  33.067  -16.600  63.992 0.0000000000
59826  34.549  -15.838  66.416 0.0000000000
59827  33.508  -15.553  66.086 0.0000000000
124824  2.148  -44.417  92.957 0.0000000000
65925  31.908  -8.866  62.044 0.0000000000
65927  30.098  -9.175  62.050 0.0000000000
64969  28.114  -10.357  62.120 0.0000000000
64977  28.422  -10.688  61.390 0.0000000000
63978  28.913  -11.557  60.454 0.0000000000
63968  28.277  -11.615  61.051 0.0000000000
44453  19.188  -30.406  73.454 0.0000000000
43357  19.267  -31.545  74.211 0.0000000000
44440  18.529  -30.871  73.810 0.0000000000
44442  17.046  -30.177  74.823 0.0000000000
130543  17.349  -30.904  74.613 0.0000000000
43360  16.803  -30.997  75.143 0.0000000000
43344  16.745  -31.838  75.463 0.0000000000
46553  16.524  -28.577  76.854 0.0000000000
45432  15.556  -29.763  77.502 0.0000000000
45448  15.834  -29.839  76.786 0.0000000000
44416  15.543  -30.650  76.630 0.0000000000
43313  14.868  -31.134  77.179 0.0000000000
44391  13.540  -30.756  78.570 0.0000000000
44392  12.833  -30.910  79.017 0.0000000000
54894  20.222  -20.595  71.664 0.0000000000
54881  19.730  -20.641  72.367 0.0000000000
52853  18.693  -22.102  72.565 0.0000000000
53895  19.081  -21.772  71.888 0.0000000000
126924  18.679  -22.907  72.391 0.0000000000
51857  18.833  -23.370  72.068 0.0000000000
51846  18.622  -23.591  72.648 0.0000000000
50764  18.246  -24.559  73.709 0.0000000000
49662  18.454  -25.167  73.079 0.0000000000
48580  18.806  -26.391  72.514 0.0000000000
47589  18.283  -27.004  72.920 0.0000000000
45497  18.255  -29.295  73.317 0.0000000000
45507  18.725  -28.808  72.852 0.0000000000
136922  18.967  -29.599  73.059 0.0000000000
44451  19.814  -30.214  73.608 0.0000000000
56768  28.440  -18.440  67.103 0.0000000000
56800  29.915  -18.310  64.447 0.0000000000
56821  31.019  -18.342  63.447 0.0000000000
129050  31.413  -19.971  63.828 0.0000000000
55006  31.868  -20.563  63.151 0.0000000000
55015  32.801  -19.714  62.818 0.0000000000
55904  32.657  -19.001  62.723 0.0000000000
56837  32.009  -18.607  62.759 0.0000000000
56820  33.188  -18.389  62.899 0.0000000000
56819  33.934  -18.430  63.368 0.0000000000
127109  34.243  -19.031  63.465 0.0000000000
55852  35.913  -19.709  65.216 0.0000000000
135488  35.705  -19.071  64.907 0.0000000000
123080  41.051  -0.355  57.861 0.0000000000
77259  44.673  2.230  55.223 0.0000000000
76351  44.046  1.819  54.938 0.0000000000
75494  43.259  0.542  53.187 0.0000000000
72635  42.537  -2.166  53.221 0.0000000000
73668  43.016  -0.807  52.750 0.0000000000
71590  36.336  -3.605  56.254 0.0000000000
69647  36.802  -4.811  55.707 0.0000000000
70582  36.039  -4.446  56.122 0.0000000000
68683  35.802  -6.066  56.413 0.0000000000
134509  36.384  -6.669  56.439 0.0000000000
67756  36.838  -7.285  56.610 0.0000000000
67757  35.849  -7.265  56.662 0.0000000000
68671  33.672  -6.125  57.739 0.0000000000
120632  35.093  -8.855  57.156 0.0000000000
66894  36.371  -7.992  56.874 0.0000000000
65980  37.374  -9.240  57.533 0.0000000000
65981  36.537  -9.395  57.435 0.0000000000
65004  36.770  -10.710  58.105 0.0000000000
63992  37.232  -11.144  58.560 0.0000000000
67701  32.898  -8.169  61.050 0.0000000000
66870  32.569  -8.747  58.442 0.0000000000
65007  32.645  -10.188  58.406 0.0000000000
63998  32.011  -11.330  58.818 0.0000000000
63017  34.137  -12.279  58.340 0.0000000000
63996  33.454  -11.572  58.219 0.0000000000
64006  33.742  -10.844  57.903 0.0000000000
63995  34.956  -11.796  58.134 0.0000000000
49802  30.580  -25.111  65.708 0.0000000000
49782  30.064  -25.520  66.409 0.0000000000
48666  31.664  -26.066  68.677 0.0000000000
49746  31.749  -25.771  68.047 0.0000000000
71579  36.029  -3.264  56.869 0.0000000000
72590  36.500  -2.710  57.251 0.0000000000
134122  19.256  -32.491  75.489 0.0000000000
42318  19.590  -32.642  76.316 0.0000000000
41323  19.078  -32.995  76.334 0.0000000000
40346  15.514  -34.091  78.726 0.0000000000
144624  13.533  -35.084  82.661 0.0000000000
44363  12.306  -30.100  80.490 0.0000000000
43266  10.374  -31.637  82.824 0.0000000000
44318  10.910  -31.106  83.092 0.0000000000
43277  10.249  -31.823  82.040 0.0000000000
43287  10.730  -31.443  81.480 0.0000000000
126414  10.341  -32.239  81.362 0.0000000000
42241  9.852  -32.563  81.920 0.0000000000
40295  8.705  -34.140  82.811 0.0000000000
40294  9.186  -34.373  82.151 0.0000000000
39324  9.540  -35.146  82.198 0.0000000000
40269  7.662  -34.900  84.707 0.0000000000
38398  7.771  -36.297  84.087 0.0000000000
37437  8.508  -36.741  83.866 0.0000000000
125047  9.196  -36.979  83.977 0.0000000000
37429  8.710  -37.334  84.368 0.0000000000
36516  8.415  -38.252  85.380 0.0000000000
35614  6.583  -39.341  86.381 0.0000000000
35607  7.400  -39.625  86.677 0.0000000000
34641  6.624  -39.986  86.855 0.0000000000
140930  6.798  -40.481  87.379 0.0000000000
37395  5.748  -37.356  87.691 0.0000000000
37384  5.406  -38.291  87.657 0.0000000000
35601  4.912  -40.019  88.032 0.0000000000
34630  5.379  -40.618  87.772 0.0000000000
125907  4.325  -41.262  89.577 0.0000000000
33669  3.977  -41.834  90.267 0.0000000000
32680  3.929  -42.804  90.151 0.0000000000
33662  3.825  -41.610  91.178 0.0000000000
35581  4.457  -39.697  91.703 0.0000000000
35574  4.352  -39.702  92.696 0.0000000000
34602  3.635  -41.252  92.865 0.0000000000
32667  2.913  -42.737  93.298 0.0000000000
54013  28.907  -22.047  64.615 0.0000000000
142314  27.124  -22.610  65.513 0.0000000000
120076  27.597  -22.171  65.667 0.0000000000
52964  27.831  -22.985  64.729 0.0000000000
50896  27.772  -23.750  64.848 0.0000000000
50876  28.212  -24.506  65.108 0.0000000000
50877  27.537  -24.347  65.330 0.0000000000
133324  27.391  -25.206  66.374 0.0000000000
49766  27.746  -25.673  66.992 0.0000000000
137213  27.074  -25.478  66.951 0.0000000000
51915  24.174  -23.577  67.228 0.0000000000
50862  24.781  -24.005  66.894 0.0000000000
50844  24.958  -24.573  67.248 0.0000000000
48672  25.782  -26.146  68.657 0.0000000000
48692  26.042  -25.768  67.952 0.0000000000
48671  26.705  -26.237  68.393 0.0000000000
48646  27.275  -26.754  69.086 0.0000000000
47649  27.789  -27.132  69.798 0.0000000000
47650  26.877  -27.061  69.837 0.0000000000
53913  19.851  -21.473  70.787 0.0000000000
53912  20.209  -21.714  70.189 0.0000000000
49716  21.066  -24.829  70.878 0.0000000000
126987  21.160  -24.171  70.187 0.0000000000
50797  21.744  -24.626  70.245 0.0000000000
139084  21.298  -26.402  72.502 0.0000000000
48601  21.000  -25.980  72.017 0.0000000000
47605  23.488  -26.690  73.030 0.0000000000
48575  23.174  -26.442  72.458 0.0000000000
48598  23.574  -26.376  71.672 0.0000000000
68697  37.918  -5.972  55.776 0.0000000000
64956  27.421  -10.363  64.248 0.0000000000
64957  26.881  -11.002  64.314 0.0000000000
62980  26.818  -12.923  62.552 0.0000000000
62979  27.113  -12.384  62.162 0.0000000000
62989  28.131  -12.639  61.146 0.0000000000
61952  28.258  -13.468  61.419 0.0000000000
57740  26.816  -17.408  66.483 0.0000000000
58783  27.506  -16.551  64.747 0.0000000000
59850  26.440  -15.444  64.359 0.0000000000
59849  27.204  -15.833  64.284 0.0000000000
58779  30.360  -15.626  64.777 0.0000000000
58780  29.622  -15.686  64.671 0.0000000000
59869  29.168  -14.751  64.551 0.0000000000
60936  27.921  -14.838  63.399 0.0000000000
60962  27.511  -14.325  62.876 0.0000000000
60959  29.758  -14.024  62.820 0.0000000000
120986  31.124  -14.642  61.231 0.0000000000
120722  33.713  -14.044  63.804 0.0000000000
50858  31.526  -24.980  65.927 0.0000000000
50872  32.015  -24.486  65.330 0.0000000000
50857  32.392  -24.790  66.156 0.0000000000
50840  35.085  -24.209  67.776 0.0000000000
50855  34.042  -24.284  66.692 0.0000000000
124415  34.803  -23.937  67.047 0.0000000000
52927  34.878  -22.931  66.042 0.0000000000
51929  35.179  -23.249  66.757 0.0000000000
52915  36.230  -22.529  67.523 0.0000000000
54945  36.683  -21.054  67.029 0.0000000000
78195  48.728  3.690  49.596 0.0000000000
78194  49.551  4.312  49.535 0.0000000000
78204  49.368  3.556  48.952 0.0000000000
141248  48.932  2.353  48.501 0.0000000000
77263  44.845  2.265  53.798 0.0000000000
77269  45.498  2.481  52.604 0.0000000000
77272  45.662  2.257  51.679 0.0000000000
76362  45.971  1.872  50.734 0.0000000000
75508  46.002  0.365  50.285 0.0000000000
76379  46.708  1.792  50.080 0.0000000000
140103  46.879  1.147  49.799 0.0000000000
76378  47.344  1.653  49.581 0.0000000000
75519  47.438  0.853  49.442 0.0000000000
52975  30.583  -22.459  63.620 0.0000000000
51963  31.237  -23.630  63.910 0.0000000000
72599  37.391  -2.555  56.309 0.0000000000
143270  38.404  -1.716  56.457 0.0000000000
72598  38.072  -2.177  56.083 0.0000000000
72612  38.432  -2.390  55.439 0.0000000000
71619  39.228  -3.401  54.609 0.0000000000
63009  29.661  -12.384  59.716 0.0000000000
63008  30.344  -12.714  59.317 0.0000000000
60994  32.071  -14.419  59.528 0.0000000000
140871  32.502  -14.764  59.848 0.0000000000
59921  32.596  -14.985  60.363 0.0000000000
59907  32.754  -15.043  61.118 0.0000000000
42286  12.964  -32.237  78.815 0.0000000000
124313  13.835  -33.136  78.651 0.0000000000
40323  12.584  -34.189  80.398 0.0000000000
40325  10.561  -33.669  80.876 0.0000000000
39259  6.846  -35.964  89.023 0.0000000000
54918  23.614  -20.724  69.483 0.0000000000
135696  23.198  -21.539  68.342 0.0000000000
54932  22.621  -21.282  68.659 0.0000000000
53929  21.386  -21.873  68.930 0.0000000000
45495  20.098  -28.926  73.119 0.0000000000
46594  20.591  -28.623  73.688 0.0000000000
45487  20.709  -29.215  74.370 0.0000000000
58743  26.153  -16.014  67.246 0.0000000000
57756  35.356  -17.721  65.073 0.0000000000
58775  34.848  -17.135  64.992 0.0000000000
58764  35.285  -16.873  65.719 0.0000000000
65928  29.301  -9.405  62.275 0.0000000000
65917  29.140  -9.215  63.119 0.0000000000
65929  28.586  -9.727  62.589 0.0000000000
45498  17.845  -29.706  73.769 0.0000000000
45488  17.447  -29.716  74.262 0.0000000000
45468  16.671  -29.538  75.593 0.0000000000
46537  16.442  -28.527  77.742 0.0000000000
45411  15.961  -29.117  78.033 0.0000000000
45433  14.867  -30.067  78.057 0.0000000000
52837  18.410  -22.186  73.480 0.0000000000
143454  17.761  -24.889  75.249 0.0000000000
50750  17.947  -24.731  74.550 0.0000000000
48557  17.971  -26.411  73.679 0.0000000000
46614  18.099  -28.475  73.242 0.0000000000
56776  29.757  -18.689  66.103 0.0000000000
56786  30.708  -19.000  64.909 0.0000000000
54028  33.096  -21.097  63.144 0.0000000000
55004  33.487  -20.228  63.126 0.0000000000
55888  34.212  -19.671  63.455 0.0000000000
55868  34.750  -19.240  63.884 0.0000000000
140916  34.748  -19.870  63.899 0.0000000000
74602  40.444  -0.500  56.615 0.0000000000
76349  43.549  1.413  55.391 0.0000000000
75486  42.969  0.940  54.917 0.0000000000
75491  42.439  0.404  54.395 0.0000000000
71639  40.979  -2.805  54.050 0.0000000000
71636  43.414  -3.284  53.664 0.0000000000
71580  35.371  -3.726  57.216 0.0000000000
70583  35.363  -4.416  56.702 0.0000000000
69631  34.872  -5.061  56.890 0.0000000000
68684  34.992  -5.853  56.736 0.0000000000
67744  33.640  -7.595  57.494 0.0000000000
67743  34.175  -7.301  57.185 0.0000000000
65982  35.670  -9.522  57.374 0.0000000000
65005  36.018  -10.935  57.932 0.0000000000
65945  32.047  -9.106  60.785 0.0000000000
129451  34.938  -12.507  58.492 0.0000000000
63016  35.624  -12.335  58.576 0.0000000000
61977  35.338  -13.011  58.852 0.0000000000
49764  29.519  -25.847  67.135 0.0000000000
49763  30.509  -25.762  67.258 0.0000000000
48688  29.985  -26.184  67.882 0.0000000000
134014  31.031  -26.328  68.807 0.0000000000
70546  35.389  -4.353  60.596 0.0000000000
71553  35.831  -3.741  60.207 0.0000000000
71562  35.614  -3.477  59.357 0.0000000000
71561  36.343  -2.924  59.145 0.0000000000
72579  36.521  -2.609  58.228 0.0000000000
71571  35.777  -3.148  58.513 0.0000000000
41343  17.918  -32.965  75.836 0.0000000000
41342  18.579  -32.895  75.846 0.0000000000
41324  18.315  -33.281  76.555 0.0000000000
41310  17.691  -33.548  77.142 0.0000000000
39312  12.152  -35.904  83.151 0.0000000000
38407  12.180  -36.153  83.672 0.0000000000
37427  10.496  -37.168  84.705 0.0000000000
43267  10.018  -32.086  83.462 0.0000000000
135705  9.517  -32.617  83.058 0.0000000000
42242  9.457  -32.922  82.457 0.0000000000
41213  9.020  -33.286  83.114 0.0000000000
39289  7.132  -35.344  85.944 0.0000000000
39297  7.304  -35.480  85.120 0.0000000000
37418  7.426  -37.551  84.950 0.0000000000
36517  7.617  -38.172  85.252 0.0000000000
143834  7.218  -38.543  85.634 0.0000000000
35615  6.096  -39.021  86.399 0.0000000000
37383  5.465  -37.762  89.174 0.0000000000
134043  5.170  -38.446  88.511 0.0000000000
36492  4.802  -39.320  88.818 0.0000000000
35602  4.634  -40.203  88.867 0.0000000000
139222  4.536  -40.834  89.020 0.0000000000
33639  2.508  -42.348  93.974 0.0000000000
52928  26.676  -22.414  66.086 0.0000000000
52945  26.513  -22.901  65.726 0.0000000000
124606  27.014  -23.879  65.331 0.0000000000
50878  26.433  -24.063  65.717 0.0000000000
50860  26.113  -24.443  66.225 0.0000000000
50828  23.957  -24.654  68.079 0.0000000000
49769  24.726  -24.949  67.801 0.0000000000
49748  24.421  -25.320  68.506 0.0000000000
48620  25.997  -26.964  69.948 0.0000000000
51869  19.774  -23.294  70.826 0.0000000000
51868  20.291  -23.122  70.236 0.0000000000
47587  21.926  -26.786  73.856 0.0000000000
47586  23.242  -26.870  73.955 0.0000000000
67754  38.669  -7.359  56.716 0.0000000000
67742  39.133  -7.795  57.165 0.0000000000
62949  26.085  -12.313  65.254 0.0000000000
63945  26.458  -11.633  64.765 0.0000000000
137806  26.498  -11.698  64.084 0.0000000000
120427  26.441  -12.203  63.583 0.0000000000
62972  26.498  -12.742  63.149 0.0000000000
61939  27.099  -13.677  62.573 0.0000000000
57759  28.598  -17.656  64.907 0.0000000000
57760  27.836  -17.439  65.220 0.0000000000
58782  28.350  -16.760  64.655 0.0000000000
58778  31.771  -15.291  65.501 0.0000000000
59845  30.159  -14.527  65.223 0.0000000000
60934  29.437  -14.080  64.241 0.0000000000
122716  31.364  -13.905  63.215 0.0000000000
60932  31.919  -13.658  63.974 0.0000000000
49760  33.010  -25.294  67.757 0.0000000000
50842  33.527  -24.807  67.189 0.0000000000
50827  33.814  -25.046  67.986 0.0000000000
50826  34.612  -24.775  68.247 0.0000000000
50825  35.370  -24.458  68.522 0.0000000000
79052  48.857  4.261  50.087 0.0000000000
76358  44.438  1.497  52.541 0.0000000000
77266  44.906  2.100  53.020 0.0000000000
76364  44.660  1.251  51.750 0.0000000000
124435  44.869  0.997  51.182 0.0000000000
74634  47.091  -0.621  49.892 0.0000000000
74645  47.629  0.006  49.440 0.0000000000
73685  48.009  -0.843  49.573 0.0000000000
122850  17.342  -27.211  75.832 0.0000000000
47542  17.183  -27.198  76.776 0.0000000000
51809  17.693  -23.763  75.878 0.0000000000
49633  17.636  -25.384  75.681 0.0000000000
69643  40.771  -5.478  55.188 0.0000000000
68693  41.697  -6.205  55.872 0.0000000000
143130  31.245  -20.038  64.873 0.0000000000
54989  31.093  -20.468  64.321 0.0000000000
54030  31.548  -21.452  63.403 0.0000000000
52974  31.201  -22.124  63.474 0.0000000000
52973  31.938  -22.132  63.380 0.0000000000
52972  32.824  -21.890  63.383 0.0000000000
52941  34.522  -22.556  65.264 0.0000000000
74597  39.922  -0.830  57.726 0.0000000000
74603  39.974  -0.682  57.050 0.0000000000
74620  40.728  -0.881  54.690 0.0000000000
73650  40.486  -1.535  54.401 0.0000000000
33668  6.636  -42.036  88.725 0.0000000000
70557  33.914  -4.938  59.066 0.0000000000
139289  34.015  -4.901  58.416 0.0000000000
68664  33.256  -6.252  58.585 0.0000000000
68652  33.200  -6.360  59.499 0.0000000000
67733  33.160  -7.067  57.982 0.0000000000
136828  33.124  -7.879  57.845 0.0000000000
64984  31.139  -10.416  59.822 0.0000000000
145001  31.611  -12.842  58.856 0.0000000000
61979  33.169  -13.435  58.815 0.0000000000
133283  34.579  -14.281  59.452 0.0000000000
59918  35.198  -15.162  60.664 0.0000000000
59904  35.677  -15.235  61.368 0.0000000000
59889  36.041  -15.217  62.144 0.0000000000
47647  29.922  -26.988  69.734 0.0000000000
47633  29.578  -27.385  70.488 0.0000000000
70556  34.460  -4.498  59.502 0.0000000000
42300  15.354  -32.570  77.021 0.0000000000
41311  16.264  -33.484  77.316 0.0000000000
41312  15.407  -33.337  77.589 0.0000000000
41290  15.215  -33.748  78.243 0.0000000000
40347  14.802  -33.930  78.834 0.0000000000
41272  14.059  -33.706  79.145 0.0000000000
124180  15.157  -34.240  79.316 0.0000000000
39329  12.822  -34.991  81.801 0.0000000000
40306  12.209  -34.683  81.118 0.0000000000
129725  11.136  -35.525  82.204 0.0000000000
40240  7.604  -34.712  86.421 0.0000000000
39290  6.795  -35.818  86.337 0.0000000000
38374  6.461  -36.489  86.421 0.0000000000
123977  6.045  -37.369  86.586 0.0000000000
140083  5.804  -37.152  88.784 0.0000000000
38336  6.337  -36.564  89.381 0.0000000000
37375  5.529  -37.775  90.135 0.0000000000
122391  25.331  -21.785  67.795 0.0000000000
53965  24.927  -22.258  67.235 0.0000000000
52930  24.901  -22.804  66.774 0.0000000000
52917  24.229  -22.491  67.353 0.0000000000
51934  24.152  -22.957  67.123 0.0000000000
51916  23.451  -23.132  67.573 0.0000000000
53948  22.778  -21.909  68.229 0.0000000000
51917  22.802  -22.934  67.970 0.0000000000
50845  23.620  -23.929  67.731 0.0000000000
50829  23.174  -24.286  68.383 0.0000000000
49732  23.310  -25.219  69.506 0.0000000000
49682  19.352  -25.824  72.203 0.0000000000
48602  20.107  -25.971  71.977 0.0000000000
46612  21.076  -27.572  73.802 0.0000000000
65979  38.170  -9.065  57.620 0.0000000000
65978  38.816  -8.901  57.724 0.0000000000
60913  25.961  -14.569  64.300 0.0000000000
140062  31.906  -16.908  63.391 0.0000000000
58799  30.458  -16.700  63.970 0.0000000000
58797  32.065  -16.232  64.226 0.0000000000
127244  33.351  -16.190  64.900 0.0000000000
120335  31.870  -14.501  66.273 0.0000000000
124108  47.404  3.713  51.433 0.0000000000
73666  44.180  -1.392  52.197 0.0000000000
73673  44.527  -0.857  51.630 0.0000000000
31683  3.145  -43.942  91.924 0.0000000000
127700  33.193  -8.614  62.495 0.0000000000
134898  32.626  -8.723  62.022 0.0000000000
64975  29.870  -10.137  60.765 0.0000000000
64986  29.341  -10.859  60.471 0.0000000000
64976  29.087  -10.354  61.087 0.0000000000
137809  29.160  -12.134  60.119 0.0000000000
62999  29.192  -12.845  60.101 0.0000000000
61963  29.437  -13.559  60.332 0.0000000000
44427  20.459  -30.795  75.191 0.0000000000
43356  19.905  -31.303  74.507 0.0000000000
42366  19.476  -31.930  74.743 0.0000000000
42367  18.845  -32.130  74.646 0.0000000000
133320  17.959  -31.313  74.311 0.0000000000
42368  18.049  -32.099  74.722 0.0000000000
43343  17.398  -32.141  75.177 0.0000000000
42319  16.620  -32.522  75.944 0.0000000000
46570  17.004  -28.644  75.499 0.0000000000
45447  16.306  -29.317  76.439 0.0000000000
124227  16.123  -31.102  75.843 0.0000000000
42320  15.982  -32.525  76.445 0.0000000000
132921  14.753  -31.938  77.244 0.0000000000
43315  13.821  -31.733  78.099 0.0000000000
44403  14.318  -30.738  77.923 0.0000000000
44404  13.822  -31.193  78.148 0.0000000000
43307  12.717  -31.594  78.972 0.0000000000
43300  12.282  -31.323  79.415 0.0000000000
43301  11.829  -31.094  79.876 0.0000000000
54905  21.511  -20.504  70.552 0.0000000000
123733  20.737  -20.583  70.964 0.0000000000
54907  20.092  -20.898  71.035 0.0000000000
52871  19.414  -22.730  71.169 0.0000000000
51856  19.272  -23.530  71.516 0.0000000000
49702  19.172  -25.031  72.122 0.0000000000
52822  18.281  -22.989  73.713 0.0000000000
51838  18.384  -23.722  73.404 0.0000000000
139902  18.763  -24.888  72.541 0.0000000000
47607  19.334  -27.707  72.465 0.0000000000
47608  18.601  -27.918  72.721 0.0000000000
46633  19.164  -28.383  72.603 0.0000000000
57716  26.876  -17.237  67.815 0.0000000000
56778  27.603  -18.081  66.586 0.0000000000
56789  27.905  -18.051  65.855 0.0000000000
143153  29.133  -18.455  65.730 0.0000000000
56788  28.638  -18.158  65.404 0.0000000000
57782  30.713  -17.684  63.576 0.0000000000
55892  31.245  -19.065  63.680 0.0000000000
55890  32.072  -19.576  62.845 0.0000000000
57799  31.445  -18.104  63.056 0.0000000000
57798  32.070  -17.720  62.880 0.0000000000
57797  32.785  -17.796  62.917 0.0000000000
57779  33.459  -17.544  63.407 0.0000000000
57778  34.277  -17.776  63.883 0.0000000000
56797  35.214  -18.716  64.440 0.0000000000
136235  44.500  2.095  54.381 0.0000000000
76352  43.527  1.334  54.544 0.0000000000
76359  43.840  1.048  52.886 0.0000000000
75499  43.579  0.319  52.463 0.0000000000
74619  41.389  -0.530  54.350 0.0000000000
74626  42.347  -0.628  53.264 0.0000000000
73659  41.816  -1.449  53.476 0.0000000000
70595  37.344  -4.196  55.419 0.0000000000
68698  37.084  -5.677  55.896 0.0000000000
68682  37.292  -6.539  56.267 0.0000000000
69621  33.993  -5.223  57.845 0.0000000000
69620  34.354  -5.622  57.249 0.0000000000
129634  35.269  -6.645  56.681 0.0000000000
67758  34.892  -7.341  56.888 0.0000000000
66881  37.747  -8.484  57.286 0.0000000000
65003  38.363  -10.247  58.473 0.0000000000
65015  37.058  -10.026  57.772 0.0000000000
125093  37.530  -10.511  58.299 0.0000000000
66845  32.386  -8.613  60.527 0.0000000000
140323  32.378  -8.423  59.724 0.0000000000
65008  32.145  -10.488  58.885 0.0000000000
63997  32.677  -11.533  58.484 0.0000000000
65019  33.259  -10.086  57.945 0.0000000000
64004  35.346  -11.153  57.910 0.0000000000
63015  36.395  -12.062  58.722 0.0000000000
63014  37.065  -11.704  58.844 0.0000000000
50874  30.065  -24.658  64.783 0.0000000000
49781  31.907  -25.258  66.745 0.0000000000
49762  31.408  -25.608  67.396 0.0000000000
49761  32.218  -25.469  67.552 0.0000000000
72589  37.164  -2.275  57.569 0.0000000000
120357  37.069  -2.455  56.898 0.0000000000
71589  37.099  -3.324  55.832 0.0000000000
41308  19.065  -33.307  77.130 0.0000000000
40354  16.794  -33.860  77.848 0.0000000000
44364  11.761  -30.713  80.388 0.0000000000
43293  11.372  -31.439  80.319 0.0000000000
44351  11.249  -30.807  81.660 0.0000000000
42260  10.624  -32.778  80.751 0.0000000000
132791  10.057  -33.955  81.297 0.0000000000
42250  9.566  -33.218  81.910 0.0000000000
41242  9.572  -33.824  81.700 0.0000000000
39332  10.174  -34.953  81.705 0.0000000000
38420  9.854  -35.846  82.734 0.0000000000
41204  8.500  -33.767  84.621 0.0000000000
40268  8.066  -34.438  84.225 0.0000000000
40282  8.254  -34.760  83.414 0.0000000000
39305  7.583  -35.529  84.369 0.0000000000
39315  7.976  -35.514  83.682 0.0000000000
39314  8.460  -35.419  83.157 0.0000000000
37416  9.025  -37.809  84.991 0.0000000000
37415  9.993  -37.723  85.403 0.0000000000
35613  8.087  -39.189  86.433 0.0000000000
34629  6.513  -40.973  87.751 0.0000000000
33687  5.806  -41.048  87.740 0.0000000000
33677  6.152  -41.578  88.139 0.0000000000
32700  4.961  -42.189  88.784 0.0000000000
122819  3.554  -43.183  91.132 0.0000000000
34607  4.189  -40.343  91.376 0.0000000000
33653  3.853  -41.043  91.746 0.0000000000
143551  29.201  -18.473  67.632 0.0000000000
52962  29.272  -22.366  64.126 0.0000000000
51965  29.057  -23.285  64.097 0.0000000000
51966  28.319  -23.316  64.478 0.0000000000
50894  29.423  -24.146  64.291 0.0000000000
50875  29.051  -24.668  64.903 0.0000000000
49805  27.811  -24.892  65.748 0.0000000000
49765  28.588  -25.805  67.058 0.0000000000
48669  28.361  -26.427  68.295 0.0000000000
125001  25.300  -23.818  66.458 0.0000000000
50861  25.457  -24.449  66.729 0.0000000000
49786  26.030  -24.913  66.828 0.0000000000
49767  26.443  -25.459  67.302 0.0000000000
48691  27.200  -25.888  67.661 0.0000000000
48670  27.656  -26.399  68.355 0.0000000000
54920  20.941  -20.764  70.161 0.0000000000
53930  20.833  -21.490  69.572 0.0000000000
52897  21.120  -22.587  69.205 0.0000000000
51886  20.770  -23.073  69.718 0.0000000000
51885  21.401  -23.634  69.466 0.0000000000
122380  22.040  -24.358  69.548 0.0000000000
49713  23.459  -25.681  70.291 0.0000000000
49699  21.474  -25.563  71.479 0.0000000000
129289  22.458  -26.341  72.548 0.0000000000
49698  22.312  -25.765  71.407 0.0000000000
48624  23.122  -25.963  71.170 0.0000000000
48622  24.555  -26.559  70.692 0.0000000000
69645  38.506  -5.382  55.337 0.0000000000
140113  39.464  -6.286  55.762 0.0000000000
68680  39.131  -6.758  56.229 0.0000000000
66869  39.887  -8.979  58.226 0.0000000000
65919  27.852  -9.953  63.838 0.0000000000
64970  27.543  -10.853  62.547 0.0000000000
63959  27.083  -11.329  62.886 0.0000000000
129870  27.261  -11.644  62.251 0.0000000000
61964  28.744  -13.166  60.681 0.0000000000
57730  26.529  -16.987  67.157 0.0000000000
58756  26.251  -16.580  66.302 0.0000000000
58767  26.397  -16.484  65.487 0.0000000000
58757  25.949  -16.023  65.738 0.0000000000
59830  26.086  -15.830  65.090 0.0000000000
59851  25.870  -15.183  64.832 0.0000000000
60938  26.614  -14.799  63.760 0.0000000000
59847  28.743  -15.628  64.466 0.0000000000
59871  27.614  -15.331  63.885 0.0000000000
60963  26.849  -14.253  63.204 0.0000000000
61938  27.822  -13.863  62.168 0.0000000000
60960  28.953  -14.243  62.876 0.0000000000
60975  28.570  -14.087  61.938 0.0000000000
60988  29.873  -14.219  60.738 0.0000000000
136287  30.600  -14.527  60.771 0.0000000000
60972  32.949  -14.751  61.928 0.0000000000
60957  32.491  -14.303  62.809 0.0000000000
60956  33.598  -14.545  62.639 0.0000000000
51946  32.465  -23.912  64.767 0.0000000000
50856  33.224  -24.560  66.401 0.0000000000
51931  33.698  -23.981  65.934 0.0000000000
51945  33.324  -23.641  65.107 0.0000000000
120321  34.135  -23.308  65.556 0.0000000000
52940  35.241  -22.173  65.798 0.0000000000
51900  35.753  -23.799  68.115 0.0000000000
51913  36.057  -23.117  67.794 0.0000000000
52916  35.760  -22.865  67.179 0.0000000000
52925  36.037  -22.215  67.007 0.0000000000
53976  35.809  -21.820  66.383 0.0000000000
53990  36.215  -21.084  66.349 0.0000000000
78180  46.601  3.444  52.674 0.0000000000
135794  46.756  3.329  51.777 0.0000000000
77281  47.002  3.155  50.966 0.0000000000
74632  44.933  -0.408  51.105 0.0000000000
75500  44.862  0.375  51.034 0.0000000000
76372  45.434  0.909  50.670 0.0000000000
77282  46.758  2.494  50.531 0.0000000000
136505  47.315  2.951  50.363 0.0000000000
77288  47.892  2.258  49.329 0.0000000000
76386  48.426  1.949  48.756 0.0000000000
75518  48.094  0.587  49.041 0.0000000000
41292  13.286  -32.828  78.845 0.0000000000
42338  19.915  -32.260  76.046 0.0000000000
42340  17.697  -32.551  75.389 0.0000000000
42341  17.127  -32.434  75.554 0.0000000000
43380  19.065  -31.123  73.789 0.0000000000
45496  19.662  -29.653  73.225 0.0000000000
47554  17.229  -27.913  75.431 0.0000000000
49714  22.696  -25.534  70.773 0.0000000000
50813  20.804  -23.605  70.050 0.0000000000
50824  36.073  -24.092  68.801 0.0000000000
51948  26.475  -23.462  65.619 0.0000000000
52919  23.096  -22.520  67.866 0.0000000000
53894  19.377  -21.968  71.246 0.0000000000
54027  33.848  -20.954  63.439 0.0000000000
54988  34.973  -20.456  64.293 0.0000000000
57757  34.917  -17.927  64.438 0.0000000000
58735  26.572  -16.563  67.873 0.0000000000
58776  34.166  -16.582  64.962 0.0000000000
59831  25.724  -15.256  65.583 0.0000000000
59928  33.178  -14.903  59.927 0.0000000000
63952  26.773  -11.478  63.508 0.0000000000
65910  27.826  -9.863  64.654 0.0000000000
65930  27.931  -10.136  62.980 0.0000000000
65967  39.229  -9.151  58.030 0.0000000000
73609  38.060  -1.932  58.610 0.0000000000
75526  48.521  1.093  48.647 0.0000000000
76385  48.972  1.640  48.313 0.0000000000
120768  48.283  3.864  50.331 0.0000000000
135674  28.843  -26.552  68.546 0.0000000000
138695  15.499  -30.162  77.033 0.0000000000
141798  30.806  -18.495  63.719 0.0000000000
142608  35.315  -18.208  64.736 0.0000000000
143701  26.092  -21.689  68.101 0.0000000000
