#!ascii label  , from subject sub-v1s5x0050737_ses-1 vox2ras=TkReg
984
96753  32.950  25.283  52.989 0.0000000000
90214  39.836  16.617  46.761 0.0000000000
94077  45.441  22.020  46.288 0.0000000000
86428  44.216  12.485  36.079 0.0000000000
91105  33.724  17.775  53.728 0.0000000000
96053  48.525  24.043  53.902 0.0000000000
89349  42.081  15.406  39.035 0.0000000000
92703  37.558  19.194  43.813 0.0000000000
94668  44.327  21.489  53.003 0.0000000000
93387  38.718  20.732  51.578 0.0000000000
137379  39.318  12.262  50.114 0.0000000000
96088  41.191  24.376  47.768 0.0000000000
92737  40.528  19.645  40.496 0.0000000000
92658  44.243  19.813  46.413 0.0000000000
92768  44.054  19.785  35.327 0.0000000000
136613  38.560  21.912  46.428 0.0000000000
95348  39.511  23.900  53.488 0.0000000000
95367  35.885  23.080  52.996 0.0000000000
88243  37.044  14.791  52.811 0.0000000000
96063  43.981  24.417  50.138 0.0000000000
97593  42.968  25.824  48.998 0.0000000000
94713  42.646  22.586  47.636 0.0000000000
124436  41.316  21.632  44.109 0.0000000000
94104  43.313  21.769  42.183 0.0000000000
91927  42.478  18.432  50.445 0.0000000000
92634  44.641  19.714  50.114 0.0000000000
91945  41.781  18.352  46.673 0.0000000000
88416  46.402  14.560  34.816 0.0000000000
90274  42.750  17.099  36.900 0.0000000000
89387  43.854  15.946  33.238 0.0000000000
91223  41.389  17.498  34.901 0.0000000000
87435  41.593  12.830  37.032 0.0000000000
85391  40.891  11.897  40.888 0.0000000000
95337  28.734  23.712  54.717 0.0000000000
94010  32.118  22.206  53.310 0.0000000000
94689  46.444  22.258  50.283 0.0000000000
88307  40.323  14.394  45.109 0.0000000000
89320  39.921  16.014  43.047 0.0000000000
88362  43.504  14.544  41.329 0.0000000000
88397  46.083  14.852  38.130 0.0000000000
96742  44.742  25.822  54.315 0.0000000000
131266  41.770  24.170  54.110 0.0000000000
94022  41.427  21.651  52.267 0.0000000000
91137  40.980  16.955  50.777 0.0000000000
92626  35.714  19.186  51.543 0.0000000000
123048  38.496  16.124  51.686 0.0000000000
127050  39.330  14.726  47.979 0.0000000000
86342  41.529  12.771  47.066 0.0000000000
96011  30.078  23.546  58.327 0.0000000000
98485  42.736  27.784  46.899 0.0000000000
96806  40.307  25.308  47.328 0.0000000000
94086  39.602  21.601  45.603 0.0000000000
133840  39.256  19.499  42.659 0.0000000000
91995  36.729  19.214  39.148 0.0000000000
94656  47.840  21.821  53.778 0.0000000000
93395  47.937  21.175  49.445 0.0000000000
93424  46.529  21.293  45.945 0.0000000000
91971  41.636  18.293  42.295 0.0000000000
92725  43.867  19.376  41.545 0.0000000000
93465  44.703  20.703  41.195 0.0000000000
122114  42.027  20.102  37.536 0.0000000000
91218  38.664  18.598  37.265 0.0000000000
94731  37.886  23.109  47.031 0.0000000000
96102  38.479  24.608  46.832 0.0000000000
96040  36.057  24.474  53.509 0.0000000000
96042  34.308  24.480  53.406 0.0000000000
94699  44.525  22.188  48.490 0.0000000000
95383  43.113  23.802  49.263 0.0000000000
94712  43.824  22.115  47.230 0.0000000000
94736  43.914  22.230  45.148 0.0000000000
132235  44.532  22.245  43.651 0.0000000000
139785  41.542  17.698  48.440 0.0000000000
91932  42.583  18.519  48.459 0.0000000000
91153  41.160  17.795  46.906 0.0000000000
87441  45.842  13.704  34.302 0.0000000000
127240  45.024  14.354  33.773 0.0000000000
87442  43.997  13.178  34.317 0.0000000000
88418  42.835  13.965  34.600 0.0000000000
86437  43.299  12.661  35.655 0.0000000000
86412  42.014  12.289  38.569 0.0000000000
86410  43.917  12.435  38.775 0.0000000000
94004  28.702  21.582  54.699 0.0000000000
96059  45.319  23.971  51.215 0.0000000000
95372  47.220  22.749  52.187 0.0000000000
88306  42.043  13.993  44.500 0.0000000000
88333  42.191  14.417  43.225 0.0000000000
88332  43.203  14.368  42.946 0.0000000000
88374  46.422  14.873  39.904 0.0000000000
88384  48.609  15.619  37.223 0.0000000000
88395  48.512  15.145  36.720 0.0000000000
141139  38.774  22.591  52.285 0.0000000000
94671  40.482  22.756  52.542 0.0000000000
93386  40.074  20.718  51.681 0.0000000000
135891  41.109  19.617  51.605 0.0000000000
92623  39.755  19.106  51.536 0.0000000000
92611  32.221  19.897  53.057 0.0000000000
144027  33.674  21.073  52.533 0.0000000000
91907  34.183  18.892  52.189 0.0000000000
87315  38.517  12.806  51.952 0.0000000000
123951  37.837  14.805  52.178 0.0000000000
88256  38.842  14.019  50.838 0.0000000000
89269  39.548  15.417  50.765 0.0000000000
87332  39.220  13.405  49.333 0.0000000000
87353  40.041  13.145  47.544 0.0000000000
86305  40.090  12.073  48.976 0.0000000000
85304  43.702  11.911  48.821 0.0000000000
143628  42.130  24.729  48.621 0.0000000000
98454  42.954  27.063  48.047 0.0000000000
97600  41.659  25.998  48.213 0.0000000000
97613  41.120  26.413  47.648 0.0000000000
137918  40.893  24.948  47.716 0.0000000000
94729  39.742  22.898  46.298 0.0000000000
94728  40.723  22.742  46.217 0.0000000000
93454  41.295  20.963  42.883 0.0000000000
142496  40.614  20.579  43.171 0.0000000000
92726  39.632  19.506  41.762 0.0000000000
127522  37.974  19.352  40.793 0.0000000000
92739  38.319  19.468  39.857 0.0000000000
95343  44.880  22.904  54.136 0.0000000000
96025  46.580  23.978  55.244 0.0000000000
94658  45.346  21.778  53.605 0.0000000000
92645  44.087  19.480  48.515 0.0000000000
93404  45.954  20.303  49.521 0.0000000000
93408  46.346  20.581  48.490 0.0000000000
93407  47.463  21.195  48.144 0.0000000000
92657  45.365  20.481  45.752 0.0000000000
89342  41.197  15.610  40.345 0.0000000000
91182  40.569  16.943  41.953 0.0000000000
90254  41.134  16.330  40.177 0.0000000000
91215  43.618  18.556  36.515 0.0000000000
91993  42.975  18.555  39.008 0.0000000000
91983  44.656  19.744  39.282 0.0000000000
92710  44.770  20.508  41.494 0.0000000000
92745  44.815  20.071  39.682 0.0000000000
92747  43.575  20.484  39.087 0.0000000000
92762  43.355  20.313  36.738 0.0000000000
89367  40.503  15.313  37.172 0.0000000000
91216  39.770  17.738  36.599 0.0000000000
90269  39.269  16.460  38.174 0.0000000000
90270  38.528  17.070  38.427 0.0000000000
138069  49.272  25.832  54.626 0.0000000000
121627  37.992  21.325  46.500 0.0000000000
93440  38.473  20.474  45.594 0.0000000000
96747  39.469  25.024  53.828 0.0000000000
136574  37.610  24.935  53.547 0.0000000000
95365  37.542  23.217  52.743 0.0000000000
94685  37.559  22.016  52.006 0.0000000000
90170  35.201  16.490  52.959 0.0000000000
96065  43.323  24.542  49.581 0.0000000000
96070  42.450  24.152  48.816 0.0000000000
94714  41.889  22.918  47.409 0.0000000000
125594  41.678  22.290  45.589 0.0000000000
94737  42.654  22.262  45.823 0.0000000000
94092  42.459  22.109  43.848 0.0000000000
93468  41.941  20.734  41.210 0.0000000000
93374  43.279  20.309  51.942 0.0000000000
93383  44.278  20.146  51.683 0.0000000000
92635  43.659  19.320  50.558 0.0000000000
92650  43.266  19.082  47.968 0.0000000000
91944  42.517  18.894  46.440 0.0000000000
143954  44.013  15.050  36.759 0.0000000000
89357  42.422  15.685  38.144 0.0000000000
89365  43.951  15.458  35.955 0.0000000000
90281  43.595  17.238  35.065 0.0000000000
92016  43.835  19.045  34.039 0.0000000000
92774  42.694  19.518  34.237 0.0000000000
90288  42.277  16.697  33.928 0.0000000000
89374  41.642  15.203  35.484 0.0000000000
87436  40.864  13.262  37.581 0.0000000000
86387  41.791  12.133  40.520 0.0000000000
96045  30.428  24.479  53.507 0.0000000000
95355  32.124  23.662  53.405 0.0000000000
95357  29.791  23.025  53.829 0.0000000000
93367  30.291  20.812  53.864 0.0000000000
91897  31.061  19.470  54.168 0.0000000000
96780  45.379  25.483  50.845 0.0000000000
95381  44.883  22.765  50.073 0.0000000000
94049  46.385  21.883  48.381 0.0000000000
89304  39.467  15.470  45.536 0.0000000000
91155  39.790  16.738  45.794 0.0000000000
89319  40.126  15.362  43.432 0.0000000000
89327  40.896  15.079  41.938 0.0000000000
88375  43.139  14.615  40.043 0.0000000000
120542  45.471  14.598  41.006 0.0000000000
120539  44.002  14.574  40.358 0.0000000000
88398  43.985  14.667  39.020 0.0000000000
88406  46.261  14.959  36.045 0.0000000000
87439  47.123  14.413  35.366 0.0000000000
86426  46.571  13.136  36.516 0.0000000000
86409  45.207  12.548  38.800 0.0000000000
96736  43.445  24.978  54.451 0.0000000000
94660  42.921  22.986  53.423 0.0000000000
96034  40.807  24.485  54.034 0.0000000000
95362  41.474  23.161  53.107 0.0000000000
94021  42.456  21.188  52.277 0.0000000000
93384  41.830  19.936  51.677 0.0000000000
91928  41.882  18.002  50.791 0.0000000000
91140  40.892  16.820  49.669 0.0000000000
94678  33.760  22.366  53.036 0.0000000000
94038  35.794  20.989  51.862 0.0000000000
136970  37.403  20.008  51.473 0.0000000000
90185  36.007  17.022  52.038 0.0000000000
120534  36.950  17.896  51.528 0.0000000000
91917  38.221  18.558  51.481 0.0000000000
90182  39.863  16.593  51.326 0.0000000000
90198  39.778  15.771  49.138 0.0000000000
90202  39.603  15.910  48.142 0.0000000000
138131  39.647  14.439  46.387 0.0000000000
87381  40.997  13.646  45.715 0.0000000000
87368  42.951  13.100  46.279 0.0000000000
85306  41.729  11.648  48.918 0.0000000000
86328  43.277  12.518  47.457 0.0000000000
96737  29.196  25.143  54.569 0.0000000000
96019  28.772  24.034  56.477 0.0000000000
93982  31.288  21.359  60.658 0.0000000000
99314  44.750  28.314  45.898 0.0000000000
99316  42.442  28.538  45.667 0.0000000000
96101  39.292  24.496  46.759 0.0000000000
94078  39.262  22.124  46.134 0.0000000000
93449  38.780  20.180  44.922 0.0000000000
94085  40.774  21.654  44.845 0.0000000000
93448  39.599  20.606  44.598 0.0000000000
92702  38.517  19.407  43.481 0.0000000000
94655  48.464  22.922  53.960 0.0000000000
138244  46.497  20.520  51.860 0.0000000000
94017  48.145  20.998  52.175 0.0000000000
95371  48.135  21.999  52.785 0.0000000000
94688  47.930  21.637  50.219 0.0000000000
94054  47.174  21.514  47.763 0.0000000000
94076  46.497  21.827  45.701 0.0000000000
91960  40.596  17.711  44.601 0.0000000000
91959  41.406  18.351  44.405 0.0000000000
92686  42.889  19.222  44.490 0.0000000000
91202  42.111  17.703  39.201 0.0000000000
91970  42.686  18.873  42.006 0.0000000000
135596  43.859  19.717  44.016 0.0000000000
92684  44.952  20.484  43.555 0.0000000000
93453  45.532  21.307  43.280 0.0000000000
144408  46.005  21.836  44.395 0.0000000000
94103  44.454  21.746  42.161 0.0000000000
121067  42.465  20.702  40.491 0.0000000000
120261  41.365  19.900  39.743 0.0000000000
92011  40.061  19.096  35.852 0.0000000000
92757  39.975  19.520  37.227 0.0000000000
92758  38.528  19.202  37.577 0.0000000000
91212  37.372  18.786  38.371 0.0000000000
85398  39.729  11.947  40.768 0.0000000000
96821  39.099  25.747  46.768 0.0000000000
96770  33.569  25.857  52.636 0.0000000000
96751  34.849  25.102  53.237 0.0000000000
96043  33.372  24.506  53.332 0.0000000000
137061  44.475  22.049  47.815 0.0000000000
94725  43.875  22.111  46.162 0.0000000000
94084  45.459  22.105  45.364 0.0000000000
91142  40.833  17.135  48.389 0.0000000000
91144  41.294  17.693  47.711 0.0000000000
91145  40.549  17.202  47.303 0.0000000000
86435  45.619  12.957  35.225 0.0000000000
87449  44.947  13.740  33.815 0.0000000000
86436  44.627  12.941  34.683 0.0000000000
120493  43.064  12.321  36.987 0.0000000000
124607  44.007  12.374  37.446 0.0000000000
96762  48.322  25.113  53.540 0.0000000000
96057  47.144  24.576  52.618 0.0000000000
95360  47.724  23.375  52.968 0.0000000000
88305  43.027  13.754  44.648 0.0000000000
88318  42.707  14.134  43.889 0.0000000000
88317  43.633  13.967  43.900 0.0000000000
131864  48.023  15.591  38.457 0.0000000000
88383  49.238  15.695  37.563 0.0000000000
87426  48.927  15.252  36.878 0.0000000000
94035  38.581  21.338  51.708 0.0000000000
94683  39.103  21.858  51.924 0.0000000000
126462  39.283  21.074  51.672 0.0000000000
130358  40.315  19.818  51.583 0.0000000000
127810  39.302  20.141  51.539 0.0000000000
91904  32.802  18.757  53.431 0.0000000000
92615  33.542  19.489  52.442 0.0000000000
141719  33.831  18.161  52.859 0.0000000000
86286  38.754  12.649  51.312 0.0000000000
87319  38.452  13.439  51.598 0.0000000000
87328  38.767  13.111  50.749 0.0000000000
88264  38.998  13.484  50.177 0.0000000000
87333  39.066  12.853  50.066 0.0000000000
139979  39.560  12.889  48.695 0.0000000000
85301  39.767  11.849  49.833 0.0000000000
96071  41.808  24.237  48.295 0.0000000000
126256  42.221  25.459  48.641 0.0000000000
96791  41.509  25.022  48.224 0.0000000000
95406  40.789  23.920  47.252 0.0000000000
95415  41.134  23.274  47.003 0.0000000000
143727  40.734  20.052  41.538 0.0000000000
93461  40.718  20.411  42.508 0.0000000000
139592  39.905  19.475  41.054 0.0000000000
127199  39.028  19.327  40.964 0.0000000000
92738  39.524  19.405  40.247 0.0000000000
94659  43.975  22.418  53.455 0.0000000000
92649  44.404  19.797  47.407 0.0000000000
92644  45.316  20.193  48.048 0.0000000000
142613  45.731  20.532  47.256 0.0000000000
92673  44.105  19.824  45.472 0.0000000000
88388  41.788  15.153  39.872 0.0000000000
89350  41.460  15.889  39.543 0.0000000000
92004  44.250  19.867  36.118 0.0000000000
120458  44.444  19.747  37.176 0.0000000000
91998  44.664  20.055  37.954 0.0000000000
91991  44.774  20.059  38.601 0.0000000000
92761  44.424  20.004  37.159 0.0000000000
133913  43.908  20.346  37.413 0.0000000000
121179  44.068  20.093  36.021 0.0000000000
89359  40.156  14.847  37.942 0.0000000000
89368  39.907  15.888  37.745 0.0000000000
89360  39.565  15.413  38.454 0.0000000000
120163  37.958  22.164  46.794 0.0000000000
93425  38.039  20.631  46.114 0.0000000000
96765  38.129  25.447  53.266 0.0000000000
96766  37.255  25.510  53.140 0.0000000000
95351  36.368  23.770  53.377 0.0000000000
96039  36.897  24.439  53.542 0.0000000000
95366  36.730  23.143  52.833 0.0000000000
94674  37.167  22.561  52.372 0.0000000000
94675  36.299  22.356  52.441 0.0000000000
96781  44.499  25.075  50.443 0.0000000000
96785  44.118  25.669  49.800 0.0000000000
96782  43.811  25.033  49.960 0.0000000000
94700  43.237  22.550  48.221 0.0000000000
95391  42.696  23.387  48.666 0.0000000000
95404  42.284  23.143  48.071 0.0000000000
95392  42.139  23.712  48.347 0.0000000000
138556  43.437  22.343  43.913 0.0000000000
136526  42.765  22.290  44.723 0.0000000000
122989  42.868  21.984  42.944 0.0000000000
93460  42.171  21.464  42.506 0.0000000000
93459  42.614  21.310  41.668 0.0000000000
92636  42.892  18.928  50.914 0.0000000000
92619  43.364  19.576  51.332 0.0000000000
91936  41.699  18.144  47.335 0.0000000000
91935  42.397  18.627  47.410 0.0000000000
136562  44.946  14.943  35.740 0.0000000000
88426  44.332  15.127  33.591 0.0000000000
89372  44.410  15.693  34.138 0.0000000000
89381  44.077  16.006  33.415 0.0000000000
90287  43.734  18.019  34.469 0.0000000000
90293  43.423  16.728  33.230 0.0000000000
91236  43.185  17.880  33.327 0.0000000000
88432  43.479  15.986  33.203 0.0000000000
87444  42.136  13.294  35.896 0.0000000000
88419  41.731  14.217  35.856 0.0000000000
125864  41.209  14.212  36.669 0.0000000000
88409  41.353  13.606  36.770 0.0000000000
86422  41.543  12.470  37.970 0.0000000000
86411  42.749  12.361  39.178 0.0000000000
86400  41.840  12.234  39.532 0.0000000000
96028  29.227  24.349  54.252 0.0000000000
123709  29.757  23.946  53.786 0.0000000000
95336  29.193  23.432  54.225 0.0000000000
94003  29.361  21.700  54.184 0.0000000000
92608  29.524  20.106  54.724 0.0000000000
141812  30.582  19.866  54.126 0.0000000000
92607  30.294  19.691  54.529 0.0000000000
95373  45.958  23.430  51.516 0.0000000000
95377  45.263  23.305  50.847 0.0000000000
94692  46.407  22.032  49.331 0.0000000000
88320  39.710  15.058  44.913 0.0000000000
125252  39.527  15.670  44.847 0.0000000000
89311  40.144  14.891  44.221 0.0000000000
88348  42.306  14.542  42.286 0.0000000000
88349  41.289  14.679  42.640 0.0000000000
88363  42.591  14.569  41.548 0.0000000000
124960  42.072  14.658  41.093 0.0000000000
120942  42.931  14.589  40.821 0.0000000000
120544  44.849  14.487  41.782 0.0000000000
142362  46.302  14.917  38.694 0.0000000000
136626  45.928  14.776  39.492 0.0000000000
88386  45.113  14.661  39.360 0.0000000000
141991  45.032  14.674  38.685 0.0000000000
121092  45.428  14.799  37.706 0.0000000000
87427  48.543  14.717  36.490 0.0000000000
87433  47.609  14.598  36.125 0.0000000000
87428  47.732  13.916  36.313 0.0000000000
87434  47.339  13.961  35.554 0.0000000000
86419  46.518  12.932  37.578 0.0000000000
96745  41.938  25.406  54.046 0.0000000000
96744  42.870  25.507  54.094 0.0000000000
96033  42.474  24.671  54.328 0.0000000000
95335  43.305  24.361  54.367 0.0000000000
95345  42.825  23.843  54.086 0.0000000000
138013  40.193  24.997  54.040 0.0000000000
96035  39.896  24.526  53.864 0.0000000000
94023  40.583  22.045  52.251 0.0000000000
95363  40.801  23.259  52.969 0.0000000000
94670  41.266  22.543  52.625 0.0000000000
121063  42.035  22.037  52.582 0.0000000000
94031  42.373  20.419  51.888 0.0000000000
94032  41.619  20.826  51.920 0.0000000000
139730  40.871  18.038  51.426 0.0000000000
91914  41.458  18.344  51.314 0.0000000000
91123  41.283  17.616  51.108 0.0000000000
91139  41.498  17.420  50.287 0.0000000000
94662  32.530  22.988  53.409 0.0000000000
94661  33.387  23.038  53.368 0.0000000000
94679  32.964  22.295  53.195 0.0000000000
133371  35.171  19.686  51.688 0.0000000000
94039  35.154  21.156  52.108 0.0000000000
93390  35.956  20.124  51.575 0.0000000000
94037  36.584  20.875  51.671 0.0000000000
92625  36.729  19.445  51.454 0.0000000000
89235  36.315  15.059  53.392 0.0000000000
133186  35.865  16.347  52.537 0.0000000000
89247  36.439  15.609  52.710 0.0000000000
89259  38.518  15.297  51.654 0.0000000000
90184  37.631  16.556  51.778 0.0000000000
122368  38.322  16.844  51.617 0.0000000000
91918  37.730  18.020  51.497 0.0000000000
91126  38.577  17.599  51.540 0.0000000000
91125  39.713  17.359  51.512 0.0000000000
90183  39.115  16.691  51.543 0.0000000000
89275  39.462  15.021  49.698 0.0000000000
133993  39.985  15.784  50.186 0.0000000000
89280  39.423  15.179  48.529 0.0000000000
89289  39.360  15.312  47.630 0.0000000000
135046  39.351  15.406  46.887 0.0000000000
88282  39.394  14.599  47.180 0.0000000000
86343  40.611  13.094  47.084 0.0000000000
124367  40.802  13.337  46.481 0.0000000000
87369  41.841  13.165  46.337 0.0000000000
85298  42.280  11.297  49.547 0.0000000000
121335  43.859  12.337  48.011 0.0000000000
86327  44.084  12.713  47.386 0.0000000000
97527  29.619  26.044  54.476 0.0000000000
126060  29.704  24.032  57.730 0.0000000000
96015  29.308  24.415  57.037 0.0000000000
95318  29.496  23.421  57.903 0.0000000000
95319  29.121  22.979  57.785 0.0000000000
131055  29.603  22.927  58.314 0.0000000000
98468  43.403  27.520  47.432 0.0000000000
98467  44.127  27.765  47.048 0.0000000000
99289  43.896  28.180  46.254 0.0000000000
99341  44.498  28.550  45.129 0.0000000000
135293  44.030  28.452  45.581 0.0000000000
99315  43.316  28.493  45.642 0.0000000000
99290  42.976  28.192  46.273 0.0000000000
137484  40.514  26.012  47.465 0.0000000000
97615  39.829  26.044  47.075 0.0000000000
96807  39.559  25.254  46.940 0.0000000000
96090  39.936  24.771  47.009 0.0000000000
93439  39.214  20.856  45.318 0.0000000000
94738  41.651  22.055  44.755 0.0000000000
125968  40.882  22.132  45.446 0.0000000000
92714  40.044  20.078  43.002 0.0000000000
122084  40.019  20.454  43.763 0.0000000000
92701  39.396  19.825  43.432 0.0000000000
92687  39.113  19.945  44.137 0.0000000000
92715  38.197  19.186  42.537 0.0000000000
92740  37.159  19.515  39.756 0.0000000000
96734  45.889  25.455  54.813 0.0000000000
94648  47.715  22.544  54.516 0.0000000000
96024  48.019  24.258  55.456 0.0000000000
95342  48.302  23.038  54.735 0.0000000000
140179  48.557  23.385  54.642 0.0000000000
137679  48.293  22.637  54.162 0.0000000000
93398  44.421  19.774  51.020 0.0000000000
93372  45.355  20.573  52.231 0.0000000000
93382  45.405  20.280  51.450 0.0000000000
93396  47.213  20.669  49.915 0.0000000000
93371  47.853  20.795  51.634 0.0000000000
93380  48.167  20.997  50.424 0.0000000000
132798  48.101  21.244  52.208 0.0000000000
137944  48.142  21.175  50.505 0.0000000000
94682  48.095  21.489  51.451 0.0000000000
94042  47.939  21.274  49.516 0.0000000000
131426  46.719  21.210  46.702 0.0000000000
93406  47.409  21.354  48.211 0.0000000000
93410  46.977  21.546  47.473 0.0000000000
94062  46.861  21.615  46.888 0.0000000000
93423  46.710  21.629  46.346 0.0000000000
90233  39.811  16.370  43.662 0.0000000000
91169  39.834  16.862  44.760 0.0000000000
91175  40.116  17.153  43.852 0.0000000000
91181  40.816  17.600  42.507 0.0000000000
91174  40.865  17.965  43.811 0.0000000000
91965  41.244  18.159  43.102 0.0000000000
91958  42.195  18.819  44.042 0.0000000000
91964  42.235  18.769  43.060 0.0000000000
90267  42.303  16.700  37.906 0.0000000000
90268  42.159  17.269  38.514 0.0000000000
91984  43.601  18.967  39.492 0.0000000000
135057  42.629  18.574  40.417 0.0000000000
91976  43.225  18.974  41.023 0.0000000000
92712  43.403  19.326  42.566 0.0000000000
92685  44.569  20.179  44.533 0.0000000000
92699  44.214  19.863  43.025 0.0000000000
92723  44.707  20.229  40.750 0.0000000000
92698  45.078  20.750  42.453 0.0000000000
93458  45.271  21.310  42.647 0.0000000000
93452  45.767  21.658  44.000 0.0000000000
94097  45.427  21.583  43.152 0.0000000000
94091  45.526  21.868  43.691 0.0000000000
94107  44.754  21.239  41.656 0.0000000000
93472  43.583  20.710  39.989 0.0000000000
92748  42.447  20.269  39.107 0.0000000000
92749  41.339  19.841  38.671 0.0000000000
91232  41.146  18.611  34.835 0.0000000000
92775  41.823  19.555  34.849 0.0000000000
91224  40.374  18.390  35.672 0.0000000000
136073  39.170  17.902  37.144 0.0000000000
92012  39.518  19.042  36.388 0.0000000000
92005  39.016  19.064  36.977 0.0000000000
91999  38.333  19.039  37.530 0.0000000000
92000  37.874  19.078  37.969 0.0000000000
91211  38.072  18.462  37.872 0.0000000000
89352  38.604  15.499  39.566 0.0000000000
90262  38.230  16.542  39.187 0.0000000000
86413  40.346  12.366  39.478 0.0000000000
142597  40.258  11.872  40.823 0.0000000000
140662  37.509  23.552  47.201 0.0000000000
95418  38.630  23.792  46.761 0.0000000000
96767  36.348  25.593  53.008 0.0000000000
96750  35.759  25.076  53.363 0.0000000000
96041  35.189  24.472  53.455 0.0000000000
95352  35.531  23.765  53.420 0.0000000000
95382  43.864  23.267  49.627 0.0000000000
124070  43.637  23.936  49.775 0.0000000000
95390  43.492  22.888  49.015 0.0000000000
94726  42.619  22.341  46.879 0.0000000000
94743  43.934  22.331  44.332 0.0000000000
91931  42.075  17.908  49.901 0.0000000000
91930  42.620  18.418  49.475 0.0000000000
91933  42.087  17.998  48.923 0.0000000000
136234  41.919  18.142  48.028 0.0000000000
91161  41.131  18.002  46.098 0.0000000000
87448  46.458  14.244  34.559 0.0000000000
88417  45.228  14.755  34.105 0.0000000000
88425  45.778  14.296  34.082 0.0000000000
87450  44.171  13.997  33.655 0.0000000000
88427  43.653  15.106  33.497 0.0000000000
87443  43.107  13.151  34.905 0.0000000000
86438  42.430  12.797  36.105 0.0000000000
86429  42.311  12.502  36.924 0.0000000000
86421  42.303  12.359  37.724 0.0000000000
121104  42.926  12.316  38.137 0.0000000000
126198  43.428  12.431  39.759 0.0000000000
95324  28.478  23.549  55.910 0.0000000000
143304  28.747  23.027  54.614 0.0000000000
94644  28.288  22.030  55.393 0.0000000000
96777  46.032  25.008  51.693 0.0000000000
96058  46.166  24.032  51.913 0.0000000000
95376  46.761  22.467  51.242 0.0000000000
137979  41.302  13.938  44.959 0.0000000000
88319  40.912  14.411  44.230 0.0000000000
121592  41.896  14.293  43.917 0.0000000000
120499  43.106  14.515  41.977 0.0000000000
120543  46.491  14.745  40.871 0.0000000000
88373  47.446  15.266  39.789 0.0000000000
88385  47.124  15.253  38.541 0.0000000000
127023  47.692  15.341  37.324 0.0000000000
142099  41.547  24.767  54.231 0.0000000000
126696  39.186  23.276  52.758 0.0000000000
95364  40.023  23.295  52.852 0.0000000000
94672  39.730  22.509  52.297 0.0000000000
94034  39.918  21.582  51.916 0.0000000000
94033  40.747  21.217  51.928 0.0000000000
93385  40.935  20.376  51.719 0.0000000000
92622  40.775  18.863  51.535 0.0000000000
91915  40.167  18.162  51.526 0.0000000000
93364  32.309  20.638  52.969 0.0000000000
94027  32.572  21.492  53.028 0.0000000000
129026  32.884  20.050  52.685 0.0000000000
92614  34.378  19.793  52.012 0.0000000000
92627  34.890  19.013  51.756 0.0000000000
126421  38.037  13.353  52.599 0.0000000000
89246  37.164  15.434  52.398 0.0000000000
88248  38.051  14.000  52.094 0.0000000000
88247  38.456  14.407  51.595 0.0000000000
89270  39.031  14.964  51.182 0.0000000000
89258  39.298  15.868  51.331 0.0000000000
88255  39.227  14.690  50.542 0.0000000000
88263  39.168  14.137  49.895 0.0000000000
88271  39.271  14.330  48.785 0.0000000000
87354  39.566  13.758  47.651 0.0000000000
137333  39.668  13.195  48.065 0.0000000000
86316  40.126  12.630  48.170 0.0000000000
86315  41.024  12.089  48.339 0.0000000000
85297  43.199  11.386  49.550 0.0000000000
85296  44.614  12.042  49.127 0.0000000000
97598  43.394  26.565  48.655 0.0000000000
97599  42.500  26.341  48.461 0.0000000000
98469  42.604  27.400  47.479 0.0000000000
97612  41.970  26.931  47.823 0.0000000000
123600  40.995  25.593  47.779 0.0000000000
96089  40.514  24.573  47.321 0.0000000000
95407  40.058  24.182  46.845 0.0000000000
95416  40.300  23.496  46.642 0.0000000000
94739  40.063  22.289  45.801 0.0000000000
93455  40.917  21.057  43.602 0.0000000000
92713  40.100  19.886  42.323 0.0000000000
92727  38.653  19.249  41.766 0.0000000000
92752  37.464  19.452  38.979 0.0000000000
96027  44.182  24.458  54.547 0.0000000000
96026  45.391  24.518  54.914 0.0000000000
95333  44.959  23.820  54.639 0.0000000000
95332  46.226  23.214  54.726 0.0000000000
94657  46.575  22.067  54.182 0.0000000000
93397  45.645  20.182  50.563 0.0000000000
92640  44.944  19.839  49.062 0.0000000000
93403  47.491  20.938  48.876 0.0000000000
131659  46.809  20.942  47.557 0.0000000000
89335  40.551  15.757  41.651 0.0000000000
120613  40.224  16.808  42.913 0.0000000000
90247  40.600  16.406  41.414 0.0000000000
138194  40.875  16.569  40.754 0.0000000000
122218  41.355  17.157  40.182 0.0000000000
91208  42.803  17.926  37.500 0.0000000000
91209  43.499  18.767  38.154 0.0000000000
91992  44.415  19.578  38.664 0.0000000000
92735  44.341  19.529  40.572 0.0000000000
92724  44.652  19.921  41.008 0.0000000000
145150  44.713  19.775  39.818 0.0000000000
92734  44.845  19.974  40.108 0.0000000000
92733  44.651  20.274  40.379 0.0000000000
93466  44.477  20.888  40.850 0.0000000000
93477  44.584  20.260  39.210 0.0000000000
92756  43.489  20.388  38.186 0.0000000000
90283  40.668  16.969  36.029 0.0000000000
90275  40.243  16.415  36.966 0.0000000000
90276  39.546  16.952  37.435 0.0000000000
91210  38.860  17.542  37.717 0.0000000000
89361  38.948  15.984  38.890 0.0000000000
96761  48.995  24.835  54.675 0.0000000000
94715  37.222  22.360  47.194 0.0000000000
137056  38.019  20.245  45.764 0.0000000000
92674  37.959  19.856  45.318 0.0000000000
96748  38.587  25.005  53.648 0.0000000000
96037  38.229  24.485  53.572 0.0000000000
96038  37.556  24.333  53.538 0.0000000000
95349  38.692  23.886  53.361 0.0000000000
125861  38.342  23.262  52.719 0.0000000000
94684  38.310  21.995  51.934 0.0000000000
94036  37.872  21.424  51.732 0.0000000000
90162  34.683  16.820  53.441 0.0000000000
137524  35.285  15.877  54.388 0.0000000000
89236  35.663  15.467  53.907 0.0000000000
88232  36.656  14.366  53.907 0.0000000000
123050  37.690  13.318  53.588 0.0000000000
86271  38.562  12.553  52.504 0.0000000000
85278  38.868  12.250  51.826 0.0000000000
85291  39.506  11.793  50.658 0.0000000000
85290  40.200  11.387  50.376 0.0000000000
97591  44.385  26.235  49.481 0.0000000000
97592  43.732  26.121  49.281 0.0000000000
142927  42.860  24.348  49.208 0.0000000000
96787  42.703  24.907  49.123 0.0000000000
95405  41.591  23.655  47.776 0.0000000000
94727  41.653  22.610  46.557 0.0000000000
137931  41.793  21.589  43.306 0.0000000000
131282  41.545  20.817  42.074 0.0000000000
94020  43.616  21.046  52.465 0.0000000000
126036  44.591  20.897  52.581 0.0000000000
93373  44.188  20.552  52.170 0.0000000000
92642  43.117  18.858  50.045 0.0000000000
92646  43.236  18.912  49.007 0.0000000000
92641  43.875  19.320  49.564 0.0000000000
92659  43.256  19.259  46.988 0.0000000000
136098  43.313  19.358  46.172 0.0000000000
88399  43.016  14.938  38.455 0.0000000000
88408  43.338  15.249  37.424 0.0000000000
89366  42.801  16.025  37.115 0.0000000000
89373  43.455  16.412  35.747 0.0000000000
128274  43.260  17.522  36.017 0.0000000000
91222  44.023  18.882  35.383 0.0000000000
91230  44.047  19.049  34.502 0.0000000000
92009  43.948  19.489  34.645 0.0000000000
92773  43.646  19.617  34.493 0.0000000000
92780  43.263  19.184  33.706 0.0000000000
126661  42.244  17.544  33.766 0.0000000000
89382  42.571  15.693  34.045 0.0000000000
90282  41.530  16.249  35.213 0.0000000000
89375  40.936  15.793  36.311 0.0000000000
88410  40.760  14.240  37.279 0.0000000000
87429  40.429  13.002  38.299 0.0000000000
86401  41.011  12.066  39.901 0.0000000000
122209  31.201  25.034  53.231 0.0000000000
96044  32.263  24.547  53.258 0.0000000000
122405  31.338  24.040  53.405 0.0000000000
95356  30.543  23.516  53.564 0.0000000000
94664  30.600  22.582  53.598 0.0000000000
94649  29.107  22.480  54.286 0.0000000000
94665  29.866  22.151  53.851 0.0000000000
143715  31.166  21.545  53.465 0.0000000000
93365  31.594  20.437  53.327 0.0000000000
92612  31.625  19.694  53.540 0.0000000000
91905  31.934  19.088  53.848 0.0000000000
96778  45.238  24.608  51.126 0.0000000000
96062  44.670  24.207  50.687 0.0000000000
95378  44.279  23.670  50.197 0.0000000000
94693  44.683  22.416  49.274 0.0000000000
94055  46.129  21.888  47.617 0.0000000000
140146  39.379  15.931  46.233 0.0000000000
90222  39.475  16.136  45.237 0.0000000000
90227  39.580  16.137  44.350 0.0000000000
140675  39.727  15.878  43.724 0.0000000000
88335  40.645  14.793  43.454 0.0000000000
88350  40.620  15.046  42.788 0.0000000000
89328  40.352  15.570  42.518 0.0000000000
89334  40.979  15.376  41.114 0.0000000000
88377  41.561  14.962  40.667 0.0000000000
88387  42.655  14.818  39.481 0.0000000000
143137  44.527  14.391  42.430 0.0000000000
88347  43.982  14.470  42.032 0.0000000000
120541  44.467  14.547  41.159 0.0000000000
120540  45.169  14.628  40.311 0.0000000000
88407  44.286  14.855  37.390 0.0000000000
88396  47.401  15.064  36.437 0.0000000000
88405  47.105  14.631  35.524 0.0000000000
88415  46.845  14.407  35.042 0.0000000000
87440  46.808  13.904  34.902 0.0000000000
86434  46.425  13.241  35.731 0.0000000000
86427  45.293  12.645  36.537 0.0000000000
86420  45.213  12.543  37.701 0.0000000000
96735  44.492  25.186  54.556 0.0000000000
95344  43.665  23.243  53.826 0.0000000000
96763  40.024  25.611  53.522 0.0000000000
96746  40.956  25.333  53.958 0.0000000000
95346  41.186  23.744  53.646 0.0000000000
121915  42.039  23.461  53.593 0.0000000000
94669  43.042  21.990  52.859 0.0000000000
135930  42.662  19.867  51.676 0.0000000000
92620  42.457  19.287  51.408 0.0000000000
92621  41.655  19.083  51.484 0.0000000000
91913  42.170  18.619  51.156 0.0000000000
91141  41.510  17.482  49.266 0.0000000000
90206  40.000  16.559  47.741 0.0000000000
95354  32.928  23.754  53.430 0.0000000000
95369  34.213  23.069  53.293 0.0000000000
95368  35.040  23.067  53.191 0.0000000000
122674  34.088  21.698  52.637 0.0000000000
94026  34.861  21.727  52.437 0.0000000000
94676  35.376  22.396  52.681 0.0000000000
94024  36.393  21.573  52.002 0.0000000000
132287  37.462  20.745  51.575 0.0000000000
93388  38.231  20.178  51.500 0.0000000000
90171  34.780  17.074  52.846 0.0000000000
91129  35.384  17.683  52.030 0.0000000000
91920  35.495  18.400  51.710 0.0000000000
89261  36.783  16.248  52.150 0.0000000000
120601  36.817  17.120  51.734 0.0000000000
91919  36.334  18.541  51.503 0.0000000000
121496  37.276  18.643  51.452 0.0000000000
92624  37.770  19.363  51.455 0.0000000000
121462  38.751  19.291  51.494 0.0000000000
91916  39.207  18.349  51.515 0.0000000000
90192  40.424  16.684  51.122 0.0000000000
90193  40.032  16.086  51.000 0.0000000000
90197  40.469  16.426  50.491 0.0000000000
141245  40.286  16.235  49.653 0.0000000000
90201  40.195  16.422  48.761 0.0000000000
90207  39.454  15.978  47.211 0.0000000000
89298  39.405  15.131  46.314 0.0000000000
88308  39.675  14.732  45.685 0.0000000000
126651  39.937  13.711  46.852 0.0000000000
87382  40.158  14.001  46.013 0.0000000000
87380  42.254  13.552  45.405 0.0000000000
87379  43.443  13.413  45.521 0.0000000000
85300  40.520  11.536  49.670 0.0000000000
85307  40.916  11.689  49.077 0.0000000000
86314  42.095  12.003  48.207 0.0000000000
85305  42.680  11.702  48.846 0.0000000000
86313  43.028  12.108  48.115 0.0000000000
86341  42.608  12.770  46.920 0.0000000000
96754  31.966  25.570  52.904 0.0000000000
96755  30.318  25.474  53.503 0.0000000000
139565  29.426  24.929  54.074 0.0000000000
96029  28.764  24.453  54.930 0.0000000000
96727  29.367  25.469  56.111 0.0000000000
96021  28.725  24.408  55.667 0.0000000000
120956  28.551  23.290  56.617 0.0000000000
94635  30.750  22.405  59.548 0.0000000000
93986  30.018  22.094  59.255 0.0000000000
93987  29.813  21.208  59.528 0.0000000000
129407  41.961  27.556  47.110 0.0000000000
98486  41.324  27.699  46.727 0.0000000000
99292  40.992  28.109  46.224 0.0000000000
138688  38.956  25.116  46.765 0.0000000000
94730  38.786  22.824  46.560 0.0000000000
95417  39.456  23.642  46.593 0.0000000000
94087  38.748  21.246  45.991 0.0000000000
92688  38.243  19.580  44.435 0.0000000000
124231  40.273  21.789  45.356 0.0000000000
93447  40.446  21.099  44.336 0.0000000000
94093  40.003  21.243  45.023 0.0000000000
124696  37.697  19.118  43.094 0.0000000000
92728  37.604  19.301  41.597 0.0000000000
96733  46.633  24.718  55.329 0.0000000000
96741  49.127  24.969  55.084 0.0000000000
136800  48.970  24.326  54.870 0.0000000000
94019  45.600  21.013  53.003 0.0000000000
94009  46.870  21.295  53.452 0.0000000000
93381  46.864  20.514  50.998 0.0000000000
94018  47.088  20.776  52.593 0.0000000000
94008  47.938  21.253  52.915 0.0000000000
94667  48.128  21.927  53.253 0.0000000000
139742  47.722  21.635  49.394 0.0000000000
93402  47.648  21.319  48.747 0.0000000000
94048  47.611  21.444  48.581 0.0000000000
137143  46.593  21.773  46.305 0.0000000000
91154  40.434  17.339  46.384 0.0000000000
91162  40.451  17.513  45.487 0.0000000000
140154  40.595  17.558  43.233 0.0000000000
128351  41.897  18.561  45.832 0.0000000000
91951  42.054  18.736  44.933 0.0000000000
136145  42.842  19.174  45.470 0.0000000000
89358  41.800  16.257  38.738 0.0000000000
90261  41.566  16.740  39.392 0.0000000000
122589  41.556  17.809  40.751 0.0000000000
91985  42.155  18.087  39.817 0.0000000000
91977  42.041  18.402  41.371 0.0000000000
92700  43.088  19.281  43.558 0.0000000000
137555  43.595  19.572  44.818 0.0000000000
92672  45.289  20.531  45.015 0.0000000000
93438  46.298  21.264  45.144 0.0000000000
93446  45.878  21.125  44.222 0.0000000000
93445  46.223  21.773  44.766 0.0000000000
94083  46.334  21.917  44.941 0.0000000000
94735  45.343  22.111  44.386 0.0000000000
94098  44.838  22.031  42.890 0.0000000000
121341  43.913  22.113  42.640 0.0000000000
120811  43.984  21.047  40.579 0.0000000000
93467  43.958  21.453  41.328 0.0000000000
92736  41.526  20.245  40.583 0.0000000000
121580  40.209  19.533  39.527 0.0000000000
121869  42.878  20.245  35.993 0.0000000000
92763  41.479  19.908  36.581 0.0000000000
92764  39.985  19.298  36.295 0.0000000000
141915  40.642  19.682  37.995 0.0000000000
92750  39.569  19.537  38.323 0.0000000000
121495  38.949  19.492  39.215 0.0000000000
91994  37.294  19.139  38.566 0.0000000000
144321  36.878  18.957  38.760 0.0000000000
91203  37.705  17.714  38.620 0.0000000000
85392  40.148  11.731  41.453 0.0000000000
86285  39.078  12.093  51.198 0.0000000000
86297  39.035  12.433  50.662 0.0000000000
86306  39.437  12.533  49.475 0.0000000000
86312  44.364  12.266  48.478 0.0000000000
86317  39.388  13.646  48.396 0.0000000000
86329  42.388  12.400  47.551 0.0000000000
86330  40.791  12.637  47.616 0.0000000000
86339  44.252  13.001  46.877 0.0000000000
86340  43.534  12.868  46.883 0.0000000000
88231  37.275  14.038  53.247 0.0000000000
88233  36.087  14.904  54.147 0.0000000000
88331  44.292  14.229  43.100 0.0000000000
88334  41.395  14.479  43.518 0.0000000000
88364  41.712  14.688  41.783 0.0000000000
88376  42.332  14.725  40.342 0.0000000000
88420  41.101  14.812  36.520 0.0000000000
88428  42.409  14.773  34.712 0.0000000000
89248  35.735  15.826  53.140 0.0000000000
89260  37.766  15.728  52.018 0.0000000000
89312  39.740  15.482  44.240 0.0000000000
89343  40.729  15.997  40.856 0.0000000000
89388  42.947  16.353  33.308 0.0000000000
90155  35.193  16.145  53.684 0.0000000000
90181  40.190  16.965  51.376 0.0000000000
90186  35.305  17.030  52.457 0.0000000000
90240  40.305  16.226  42.243 0.0000000000
90280  44.039  16.402  34.239 0.0000000000
90286  43.931  17.005  33.942 0.0000000000
90292  43.727  16.503  33.394 0.0000000000
90294  42.892  17.179  33.260 0.0000000000
91106  33.162  18.180  53.959 0.0000000000
91113  34.747  17.634  52.475 0.0000000000
91124  40.565  17.359  51.348 0.0000000000
91127  37.663  17.339  51.581 0.0000000000
91128  36.111  17.755  51.681 0.0000000000
91130  34.799  18.307  52.081 0.0000000000
91189  41.164  17.687  41.665 0.0000000000
91190  40.878  17.072  41.093 0.0000000000
91217  39.216  18.703  36.732 0.0000000000
91225  39.648  18.733  36.220 0.0000000000
91229  43.574  17.897  33.695 0.0000000000
91231  41.882  18.343  34.059 0.0000000000
91237  42.733  18.105  33.391 0.0000000000
91890  29.814  19.452  55.172 0.0000000000
91896  32.408  18.581  54.252 0.0000000000
91903  33.530  18.187  53.263 0.0000000000
91908  33.528  18.695  52.739 0.0000000000
91952  41.227  18.184  45.249 0.0000000000
92010  44.108  19.648  35.240 0.0000000000
92017  41.721  19.071  34.367 0.0000000000
92018  40.865  19.116  35.144 0.0000000000
92022  43.421  18.753  33.608 0.0000000000
92023  43.082  18.614  33.351 0.0000000000
92024  42.583  18.880  33.617 0.0000000000
92616  32.848  19.356  52.897 0.0000000000
92648  45.497  20.485  46.577 0.0000000000
92711  44.490  19.920  41.980 0.0000000000
92746  44.900  19.994  39.348 0.0000000000
92751  38.055  19.390  38.360 0.0000000000
92755  44.485  20.273  38.470 0.0000000000
92769  43.165  20.032  35.163 0.0000000000
92770  41.304  19.675  35.667 0.0000000000
92779  43.700  19.285  34.071 0.0000000000
93361  30.162  20.249  54.202 0.0000000000
93366  30.863  20.182  53.761 0.0000000000
93375  34.393  20.890  52.248 0.0000000000
93376  33.618  20.321  52.400 0.0000000000
93377  33.032  20.832  52.700 0.0000000000
93389  36.819  20.252  51.521 0.0000000000
93391  35.112  20.433  51.850 0.0000000000
93437  46.481  21.751  45.555 0.0000000000
93471  44.393  20.503  40.083 0.0000000000
93473  42.431  20.456  39.834 0.0000000000
94011  31.720  21.347  53.276 0.0000000000
94012  30.616  21.712  53.619 0.0000000000
94013  29.980  21.403  53.882 0.0000000000
94025  35.646  21.707  52.250 0.0000000000
94030  48.269  21.070  51.365 0.0000000000
94063  45.671  21.945  46.997 0.0000000000
94099  43.713  22.274  43.252 0.0000000000
94102  45.082  21.458  42.422 0.0000000000
94637  29.655  22.391  58.697 0.0000000000
94640  28.571  22.632  57.239 0.0000000000
94642  28.282  22.551  56.200 0.0000000000
94650  28.579  22.426  54.802 0.0000000000
94663  31.521  23.010  53.466 0.0000000000
94673  37.952  22.622  52.294 0.0000000000
94677  34.553  22.394  52.872 0.0000000000
94686  36.912  21.990  52.118 0.0000000000
95321  29.002  23.579  57.284 0.0000000000
95327  28.435  23.037  55.259 0.0000000000
95330  48.468  23.552  55.079 0.0000000000
95331  47.656  23.343  55.104 0.0000000000
95334  43.912  23.803  54.298 0.0000000000
95347  40.343  23.870  53.614 0.0000000000
95350  37.908  23.837  53.301 0.0000000000
95353  33.825  23.776  53.466 0.0000000000
95361  42.115  22.711  53.009 0.0000000000
96018  29.083  24.779  56.307 0.0000000000
96023  48.906  24.165  55.083 0.0000000000
96036  39.062  24.530  53.689 0.0000000000
96046  29.746  24.785  53.782 0.0000000000
96052  48.717  23.733  54.636 0.0000000000
96729  29.287  25.630  55.291 0.0000000000
96730  29.027  25.066  55.698 0.0000000000
96738  28.919  24.962  55.214 0.0000000000
96749  36.653  25.035  53.468 0.0000000000
96752  33.923  25.160  53.109 0.0000000000
96756  29.649  25.413  53.944 0.0000000000
96786  43.410  25.377  49.509 0.0000000000
97520  29.659  26.317  55.168 0.0000000000
97568  46.251  25.788  51.291 0.0000000000
98484  43.436  27.889  46.775 0.0000000000
99288  44.598  28.011  46.545 0.0000000000
99291  41.989  28.085  46.354 0.0000000000
120995  39.356  14.238  47.972 0.0000000000
121145  30.947  21.021  53.541 0.0000000000
121354  34.683  23.771  53.456 0.0000000000
123284  31.310  22.074  53.453 0.0000000000
125870  30.299  22.873  58.907 0.0000000000
126157  37.129  21.458  51.799 0.0000000000
126335  43.141  21.091  40.847 0.0000000000
127260  45.060  21.066  41.960 0.0000000000
129120  34.198  18.211  52.549 0.0000000000
131482  28.562  23.852  55.287 0.0000000000
131902  44.575  20.162  37.888 0.0000000000
132323  45.010  12.441  48.556 0.0000000000
132672  38.099  19.545  39.011 0.0000000000
134292  38.178  20.894  51.590 0.0000000000
135704  41.582  18.442  43.698 0.0000000000
136783  37.158  23.787  53.326 0.0000000000
137437  34.165  17.598  53.089 0.0000000000
137703  30.446  21.781  59.731 0.0000000000
137704  32.276  19.344  53.337 0.0000000000
138140  37.626  14.162  52.576 0.0000000000
138907  29.463  20.899  54.308 0.0000000000
139161  33.338  21.635  52.837 0.0000000000
139940  43.938  19.235  40.082 0.0000000000
140168  41.591  12.364  47.730 0.0000000000
141075  41.398  14.884  41.319 0.0000000000
142142  36.802  14.558  53.335 0.0000000000
142673  39.769  16.605  44.144 0.0000000000
144927  30.452  21.224  53.706 0.0000000000
145127  45.708  23.911  54.941 0.0000000000
