#!ascii label  , from subject sub-v1s5x0050737_ses-1 vox2ras=TkReg
224
74257  29.686  -1.703  -1.351 0.0000000000
65525  28.212  -10.479  2.821 0.0000000000
77772  26.618  2.169  -0.985 0.0000000000
85763  26.262  11.248  -1.803 0.0000000000
63560  26.933  -12.381  4.204 0.0000000000
79523  28.495  4.893  -2.207 0.0000000000
81350  27.978  6.412  -3.228 0.0000000000
71209  27.976  -4.838  -1.335 0.0000000000
69270  29.518  -7.016  -0.049 0.0000000000
72183  30.727  -3.937  -0.157 0.0000000000
76826  30.167  1.195  -0.066 0.0000000000
74232  31.199  -1.289  0.837 0.0000000000
75980  28.356  0.636  -1.523 0.0000000000
77769  29.214  2.733  -1.069 0.0000000000
83913  26.482  9.200  -0.525 0.0000000000
83047  27.458  8.355  -3.191 0.0000000000
68283  29.590  -7.805  2.989 0.0000000000
80425  27.787  5.308  -2.085 0.0000000000
138984  27.394  6.595  -1.544 0.0000000000
72197  28.751  -3.268  -1.489 0.0000000000
72184  30.002  -4.162  -0.814 0.0000000000
73262  30.512  -2.485  -0.674 0.0000000000
64532  27.310  -11.806  3.544 0.0000000000
76849  27.340  1.819  -1.239 0.0000000000
133215  28.875  2.175  -1.333 0.0000000000
77770  28.616  3.012  -1.265 0.0000000000
129293  29.110  6.495  -2.674 0.0000000000
80424  29.310  5.279  -1.469 0.0000000000
85742  25.311  11.130  -0.514 0.0000000000
83023  25.199  8.691  0.407 0.0000000000
84820  26.027  9.969  -0.349 0.0000000000
85828  26.633  11.254  -5.784 0.0000000000
84859  27.032  10.563  -5.268 0.0000000000
84848  27.482  9.671  -4.173 0.0000000000
83941  27.946  8.906  -4.596 0.0000000000
83059  28.056  8.389  -4.474 0.0000000000
69265  30.536  -6.263  0.860 0.0000000000
68291  29.953  -7.753  1.129 0.0000000000
62594  25.882  -13.649  4.187 0.0000000000
78645  28.090  3.606  -1.419 0.0000000000
136924  27.850  4.721  -1.890 0.0000000000
80433  28.248  5.509  -2.645 0.0000000000
81355  28.466  6.661  -3.305 0.0000000000
129668  27.378  -7.236  -1.117 0.0000000000
70223  28.200  -5.798  -0.983 0.0000000000
136869  30.244  -5.227  0.091 0.0000000000
71181  31.141  -4.901  1.069 0.0000000000
75133  30.323  -0.233  -0.957 0.0000000000
74244  30.873  -1.285  -0.075 0.0000000000
75121  30.712  -0.162  0.721 0.0000000000
74263  27.995  -1.767  -1.605 0.0000000000
144525  26.771  -1.146  -1.484 0.0000000000
75145  28.889  -0.196  -1.614 0.0000000000
75979  29.421  0.542  -1.447 0.0000000000
76827  29.810  1.881  -0.460 0.0000000000
78619  29.610  3.240  0.317 0.0000000000
79512  29.221  4.414  -1.387 0.0000000000
79495  29.484  4.821  -0.383 0.0000000000
82157  26.599  7.469  -0.262 0.0000000000
85782  26.595  11.015  -2.560 0.0000000000
83931  27.150  9.393  -2.525 0.0000000000
83922  27.066  8.859  -1.649 0.0000000000
82170  27.209  7.336  -1.252 0.0000000000
83046  27.765  7.464  -3.600 0.0000000000
82189  28.004  7.636  -4.240 0.0000000000
66506  28.543  -9.927  1.302 0.0000000000
68309  29.232  -8.116  -0.418 0.0000000000
74243  31.288  -2.056  0.340 0.0000000000
72172  31.943  -3.509  0.909 0.0000000000
81335  27.231  5.887  -0.944 0.0000000000
81344  26.840  6.754  -0.471 0.0000000000
73268  29.216  -2.465  -1.467 0.0000000000
132112  29.466  -3.135  -1.289 0.0000000000
73263  29.965  -2.470  -1.135 0.0000000000
61561  25.664  -14.991  5.876 0.0000000000
61571  25.651  -14.463  5.105 0.0000000000
65526  27.795  -11.033  3.249 0.0000000000
130507  28.069  2.341  -1.281 0.0000000000
136992  27.337  2.457  -1.035 0.0000000000
82168  29.404  7.141  -2.174 0.0000000000
145141  29.425  6.602  -1.850 0.0000000000
85764  25.720  11.531  -1.120 0.0000000000
84821  25.519  10.493  -0.289 0.0000000000
84827  26.096  10.685  -1.008 0.0000000000
84858  27.720  9.910  -4.879 0.0000000000
83947  28.018  9.250  -4.726 0.0000000000
70209  30.873  -5.664  1.394 0.0000000000
69255  30.544  -6.412  1.680 0.0000000000
64543  27.428  -11.595  2.457 0.0000000000
79496  27.551  4.202  -1.183 0.0000000000
79497  26.614  4.371  -0.355 0.0000000000
126045  27.759  6.047  -2.394 0.0000000000
80434  27.987  5.729  -2.751 0.0000000000
81349  28.106  6.213  -3.135 0.0000000000
81356  28.032  6.973  -3.775 0.0000000000
86794  25.457  12.140  -1.191 0.0000000000
70229  27.584  -5.571  -1.346 0.0000000000
71201  28.567  -4.995  -1.076 0.0000000000
71200  29.491  -4.713  -0.825 0.0000000000
71193  30.172  -4.671  -0.341 0.0000000000
71192  30.729  -4.731  0.320 0.0000000000
72173  31.340  -4.161  0.653 0.0000000000
63561  26.365  -13.128  4.203 0.0000000000
62585  26.260  -13.657  5.140 0.0000000000
75968  30.299  0.448  -0.580 0.0000000000
75132  30.617  -0.332  -0.145 0.0000000000
75956  30.466  0.452  0.394 0.0000000000
73270  27.575  -2.542  -1.556 0.0000000000
75981  27.446  0.320  -1.469 0.0000000000
75146  27.933  -0.264  -1.538 0.0000000000
131558  27.520  -1.049  -1.505 0.0000000000
126475  29.449  1.947  -1.056 0.0000000000
77756  29.516  2.451  -0.701 0.0000000000
77745  29.669  2.587  -0.018 0.0000000000
78630  29.449  3.222  -0.534 0.0000000000
79514  28.228  4.370  -1.898 0.0000000000
141869  28.586  3.785  -1.550 0.0000000000
79513  28.784  4.314  -1.776 0.0000000000
80414  29.513  5.687  -0.448 0.0000000000
79485  29.612  4.816  0.755 0.0000000000
83033  26.134  8.710  0.108 0.0000000000
135507  25.945  7.974  0.265 0.0000000000
124397  26.606  11.724  -4.912 0.0000000000
125981  27.012  10.447  -3.226 0.0000000000
83930  27.559  8.912  -3.921 0.0000000000
83042  27.361  7.880  -2.144 0.0000000000
83940  28.348  9.032  -4.409 0.0000000000
83054  28.522  8.172  -4.125 0.0000000000
65548  27.953  -10.613  1.379 0.0000000000
68310  28.443  -7.401  -0.664 0.0000000000
68315  28.532  -8.361  -1.111 0.0000000000
125615  29.755  -7.840  2.077 0.0000000000
67400  29.516  -8.545  1.357 0.0000000000
66492  29.054  -9.269  1.784 0.0000000000
127099  30.862  -2.068  -0.290 0.0000000000
80415  27.294  4.971  -0.906 0.0000000000
72191  28.112  -4.068  -1.416 0.0000000000
72190  29.132  -4.068  -1.230 0.0000000000
72189  30.145  -3.330  -0.854 0.0000000000
73254  30.966  -2.882  -0.097 0.0000000000
131214  27.236  -12.182  5.084 0.0000000000
64524  27.425  -11.670  4.645 0.0000000000
65505  27.791  -11.118  5.124 0.0000000000
77744  29.931  1.952  0.524 0.0000000000
76811  30.294  1.189  1.040 0.0000000000
130807  27.401  1.040  -1.407 0.0000000000
76847  29.134  1.368  -1.402 0.0000000000
76848  28.223  1.579  -1.423 0.0000000000
80432  28.832  5.319  -2.316 0.0000000000
79522  29.004  4.781  -1.973 0.0000000000
81343  29.257  5.928  -2.135 0.0000000000
81334  29.496  6.313  -1.026 0.0000000000
83914  25.743  9.364  0.170 0.0000000000
84849  27.154  10.465  -4.211 0.0000000000
83055  27.938  7.991  -4.303 0.0000000000
69266  30.138  -6.781  0.456 0.0000000000
68302  30.352  -7.035  1.026 0.0000000000
68282  30.182  -7.156  1.850 0.0000000000
61582  25.640  -14.060  4.513 0.0000000000
143288  26.928  -12.337  3.419 0.0000000000
65536  27.917  -11.076  2.335 0.0000000000
77757  26.895  2.909  -0.756 0.0000000000
77771  27.715  2.968  -1.055 0.0000000000
78631  27.198  3.576  -0.765 0.0000000000
79524  28.055  5.064  -2.368 0.0000000000
81348  28.612  5.976  -2.777 0.0000000000
82175  29.049  7.127  -3.102 0.0000000000
86779  25.071  11.877  -0.720 0.0000000000
143617  28.020  -6.586  -0.940 0.0000000000
70222  28.950  -6.200  -0.439 0.0000000000
131186  29.665  -5.333  -0.340 0.0000000000
126133  29.993  -6.025  0.174 0.0000000000
70218  30.626  -5.473  0.635 0.0000000000
71172  31.318  -5.084  1.892 0.0000000000
134991  30.104  -0.930  -1.213 0.0000000000
74256  30.455  -1.679  -0.851 0.0000000000
134083  30.527  -0.878  -0.700 0.0000000000
122167  30.863  -0.726  0.535 0.0000000000
75112  30.965  -0.548  1.247 0.0000000000
75943  30.685  0.317  1.457 0.0000000000
75093  31.189  -0.278  2.016 0.0000000000
72198  27.960  -3.287  -1.554 0.0000000000
73269  28.414  -2.511  -1.594 0.0000000000
74262  28.853  -1.725  -1.583 0.0000000000
133897  28.411  -0.987  -1.571 0.0000000000
134794  29.299  -0.956  -1.513 0.0000000000
75144  29.745  -0.218  -1.401 0.0000000000
75969  30.044  0.369  -1.167 0.0000000000
76838  29.928  1.154  -1.047 0.0000000000
77727  29.786  2.843  0.991 0.0000000000
78644  29.128  3.602  -1.315 0.0000000000
124900  29.414  3.982  -0.753 0.0000000000
133591  29.576  3.978  0.202 0.0000000000
128503  25.663  7.017  0.295 0.0000000000
86806  26.313  11.706  -2.479 0.0000000000
85797  26.680  11.181  -3.291 0.0000000000
139298  26.742  10.385  -2.171 0.0000000000
140821  26.627  9.789  -1.305 0.0000000000
84835  27.234  9.804  -3.162 0.0000000000
83032  26.826  8.244  -0.679 0.0000000000
82169  27.643  6.879  -2.714 0.0000000000
82176  28.005  6.982  -3.684 0.0000000000
82182  28.007  7.339  -4.161 0.0000000000
82181  28.463  7.359  -3.786 0.0000000000
83053  29.081  7.840  -3.356 0.0000000000
65535  28.199  -10.725  1.861 0.0000000000
66520  29.569  -9.808  -1.513 0.0000000000
122062  29.882  -7.528  0.384 0.0000000000
67410  29.410  -8.442  0.218 0.0000000000
66505  29.091  -9.215  0.468 0.0000000000
66493  28.597  -9.910  2.344 0.0000000000
74231  31.928  -2.009  1.095 0.0000000000
73253  31.710  -2.805  0.585 0.0000000000
126694  31.370  -3.476  0.371 0.0000000000
64567  29.718  -10.022  -1.995 0.0000000000
64568  29.548  -10.150  -2.019 0.0000000000
65560  29.668  -10.005  -1.773 0.0000000000
65561  29.562  -10.035  -1.924 0.0000000000
65564  29.648  -9.918  -1.973 0.0000000000
66526  29.554  -9.801  -1.953 0.0000000000
67418  29.446  -8.948  -0.815 0.0000000000
121860  29.432  -9.342  -0.651 0.0000000000
130335  29.490  -9.866  -1.860 0.0000000000
137605  28.983  -5.348  -0.708 0.0000000000
