#!ascii label  , from subject sub-v1s5x0050747_ses-1 vox2ras=TkReg
1698
47499  -49.507  -26.043  63.838 0.0000000000
38841  -37.400  -35.952  76.064 0.0000000000
56605  -55.903  -18.605  57.141 0.0000000000
49537  -40.988  -24.231  56.027 0.0000000000
53477  -49.610  -20.411  60.762 0.0000000000
42758  -44.474  -32.184  68.409 0.0000000000
37236  -39.489  -39.010  60.375 0.0000000000
42820  -37.661  -31.109  59.131 0.0000000000
41739  -30.288  -33.059  75.649 0.0000000000
62655  -48.925  -11.893  56.315 0.0000000000
117746  -30.065  -32.315  61.813 0.0000000000
48497  -44.391  -25.636  61.136 0.0000000000
51542  -45.224  -22.252  58.449 0.0000000000
139938  -48.829  -22.446  62.916 0.0000000000
43703  -49.460  -30.540  66.783 0.0000000000
40931  -42.021  -33.196  64.770 0.0000000000
45641  -42.687  -28.615  62.374 0.0000000000
46634  -38.714  -27.585  57.239 0.0000000000
63628  -50.882  -10.542  52.345 0.0000000000
41755  -33.953  -32.231  74.221 0.0000000000
40861  -29.916  -33.245  68.521 0.0000000000
116743  -34.786  -35.069  68.594 0.0000000000
53496  -52.833  -20.548  59.343 0.0000000000
39824  -40.563  -34.438  71.577 0.0000000000
38041  -39.909  -36.397  68.116 0.0000000000
36290  -43.101  -38.915  65.730 0.0000000000
39994  -39.663  -34.990  58.676 0.0000000000
37070  -27.797  -37.198  76.010 0.0000000000
57461  -51.327  -17.187  64.689 0.0000000000
118636  -49.700  -17.465  59.912 0.0000000000
59594  -47.472  -13.810  58.185 0.0000000000
57530  -49.053  -16.832  55.924 0.0000000000
58574  -48.657  -15.773  52.086 0.0000000000
37145  -28.313  -37.358  68.412 0.0000000000
40953  -36.716  -33.470  61.873 0.0000000000
48474  -46.235  -25.603  62.469 0.0000000000
49488  -46.414  -24.434  61.541 0.0000000000
49458  -49.348  -24.592  63.032 0.0000000000
46540  -49.921  -28.063  65.119 0.0000000000
44668  -45.440  -29.340  64.801 0.0000000000
46584  -45.527  -27.333  63.618 0.0000000000
46609  -43.484  -27.030  61.719 0.0000000000
55631  -56.555  -18.249  55.633 0.0000000000
57550  -56.071  -16.483  55.809 0.0000000000
39782  -35.325  -34.450  75.336 0.0000000000
38866  -33.848  -35.188  72.298 0.0000000000
37989  -35.735  -36.927  72.376 0.0000000000
51560  -41.706  -22.823  55.293 0.0000000000
52551  -47.482  -21.161  59.604 0.0000000000
52578  -46.400  -20.971  57.668 0.0000000000
53511  -49.001  -20.500  58.428 0.0000000000
53533  -49.961  -20.403  57.258 0.0000000000
53495  -51.041  -20.312  59.590 0.0000000000
40849  -42.591  -33.657  69.902 0.0000000000
38036  -43.130  -37.376  69.643 0.0000000000
38044  -45.451  -36.360  68.051 0.0000000000
41889  -39.705  -32.306  62.109 0.0000000000
121659  -40.774  -34.760  61.950 0.0000000000
40995  -38.789  -33.358  59.311 0.0000000000
47565  -40.118  -26.060  56.848 0.0000000000
56509  -49.543  -17.333  62.554 0.0000000000
120337  -46.309  -16.083  56.995 0.0000000000
58538  -46.160  -15.875  54.677 0.0000000000
57581  -49.147  -16.164  53.707 0.0000000000
60653  -46.532  -13.732  53.440 0.0000000000
62724  -47.578  -11.850  50.060 0.0000000000
39772  -27.820  -34.778  76.034 0.0000000000
37115  -28.566  -37.365  71.406 0.0000000000
39818  -27.718  -34.854  71.607 0.0000000000
119720  -30.100  -33.209  65.486 0.0000000000
39915  -27.603  -34.503  64.625 0.0000000000
40963  -26.760  -33.852  61.426 0.0000000000
38077  -39.830  -36.859  64.474 0.0000000000
39918  -38.395  -34.415  64.717 0.0000000000
39003  -38.424  -35.478  61.427 0.0000000000
48533  -42.464  -25.036  58.486 0.0000000000
140520  -43.325  -23.211  57.606 0.0000000000
50477  -44.591  -23.698  59.360 0.0000000000
51507  -46.632  -22.511  60.307 0.0000000000
52522  -48.778  -21.559  62.109 0.0000000000
43670  -47.549  -31.150  68.231 0.0000000000
39903  -45.962  -34.520  67.228 0.0000000000
42791  -45.574  -31.558  65.683 0.0000000000
42807  -42.305  -31.139  63.773 0.0000000000
43740  -40.046  -30.153  60.961 0.0000000000
44708  -38.101  -29.311  58.589 0.0000000000
45669  -40.436  -28.348  59.529 0.0000000000
47549  -41.761  -26.492  59.220 0.0000000000
120563  -49.862  -11.060  54.512 0.0000000000
63580  -54.553  -9.957  56.349 0.0000000000
130354  -31.726  -32.094  73.904 0.0000000000
40801  -29.729  -33.633  72.233 0.0000000000
120942  -31.972  -34.217  72.371 0.0000000000
40863  -32.422  -34.196  68.853 0.0000000000
41850  -33.138  -33.137  65.103 0.0000000000
52581  -43.865  -21.783  56.120 0.0000000000
53550  -52.147  -20.084  56.005 0.0000000000
53517  -54.733  -20.213  58.259 0.0000000000
38857  -39.183  -35.585  73.787 0.0000000000
37119  -38.264  -38.400  71.577 0.0000000000
136073  -40.705  -38.354  70.609 0.0000000000
37166  -41.552  -38.584  66.861 0.0000000000
35434  -41.055  -39.314  63.034 0.0000000000
38955  -42.475  -35.340  65.335 0.0000000000
38121  -41.995  -37.166  61.587 0.0000000000
37250  -40.576  -38.080  59.228 0.0000000000
128365  -48.606  -22.906  66.921 0.0000000000
120011  -37.491  -33.244  75.411 0.0000000000
42725  -40.061  -31.515  71.384 0.0000000000
43650  -42.085  -30.477  69.383 0.0000000000
130663  -47.241  -21.746  65.831 0.0000000000
126294  -47.720  -20.090  64.768 0.0000000000
54480  -49.940  -19.292  64.743 0.0000000000
57440  -50.304  -16.505  65.993 0.0000000000
54482  -51.909  -19.061  64.483 0.0000000000
55539  -53.184  -18.727  62.716 0.0000000000
56548  -53.394  -17.718  60.649 0.0000000000
57513  -52.831  -16.593  58.671 0.0000000000
57503  -46.753  -16.744  59.276 0.0000000000
56583  -49.765  -17.107  58.034 0.0000000000
121793  -52.454  -16.055  57.019 0.0000000000
58524  -51.962  -15.666  54.864 0.0000000000
61731  -47.286  -12.371  51.524 0.0000000000
35368  -29.662  -39.568  71.932 0.0000000000
37152  -23.816  -37.834  66.597 0.0000000000
39871  -28.478  -34.402  68.250 0.0000000000
38064  -25.875  -36.671  65.476 0.0000000000
118548  -37.092  -35.461  68.534 0.0000000000
40914  -36.225  -33.576  65.592 0.0000000000
132551  -33.828  -32.413  61.827 0.0000000000
39966  -34.549  -33.988  60.100 0.0000000000
47498  -48.449  -26.014  63.584 0.0000000000
48475  -47.778  -25.053  62.632 0.0000000000
48458  -49.479  -25.368  63.456 0.0000000000
46562  -49.418  -27.348  64.667 0.0000000000
45615  -47.666  -28.067  64.829 0.0000000000
47476  -46.985  -26.913  64.049 0.0000000000
47495  -45.931  -26.698  63.341 0.0000000000
54571  -55.907  -19.463  56.805 0.0000000000
55613  -56.252  -18.922  56.079 0.0000000000
56626  -56.847  -17.615  55.779 0.0000000000
57536  -55.685  -17.042  56.394 0.0000000000
39774  -36.026  -35.405  76.813 0.0000000000
38848  -35.986  -36.081  74.717 0.0000000000
37974  -36.948  -37.441  74.071 0.0000000000
137199  -39.932  -24.044  54.778 0.0000000000
50503  -41.318  -23.532  55.672 0.0000000000
134497  -48.027  -20.947  60.021 0.0000000000
53492  -48.127  -20.735  59.389 0.0000000000
131595  -49.533  -20.429  59.976 0.0000000000
53494  -50.022  -20.402  59.416 0.0000000000
53478  -50.540  -20.219  60.373 0.0000000000
134522  -43.266  -33.100  69.349 0.0000000000
39859  -44.256  -34.370  69.613 0.0000000000
40851  -44.970  -33.899  69.334 0.0000000000
42815  -38.542  -31.790  60.491 0.0000000000
41922  -38.853  -32.549  60.632 0.0000000000
41937  -37.833  -31.945  59.132 0.0000000000
41959  -37.406  -32.660  57.619 0.0000000000
48541  -40.387  -25.435  56.549 0.0000000000
48544  -38.769  -25.700  55.351 0.0000000000
49535  -39.845  -24.650  55.274 0.0000000000
59603  -46.494  -14.718  55.765 0.0000000000
133235  -46.716  -13.945  55.094 0.0000000000
59619  -46.126  -15.350  53.950 0.0000000000
61691  -47.760  -12.559  54.412 0.0000000000
118419  -29.339  -33.601  76.016 0.0000000000
39781  -27.704  -34.821  74.369 0.0000000000
40776  -29.049  -33.719  74.469 0.0000000000
41871  -30.451  -32.589  63.259 0.0000000000
40938  -28.485  -33.014  63.142 0.0000000000
41897  -28.726  -32.536  61.434 0.0000000000
39977  -27.286  -34.563  59.879 0.0000000000
40989  -28.630  -33.754  59.615 0.0000000000
37206  -39.810  -38.085  62.203 0.0000000000
38990  -39.203  -36.062  62.936 0.0000000000
38119  -39.372  -37.248  61.540 0.0000000000
48524  -43.132  -25.293  59.493 0.0000000000
49520  -43.575  -24.592  59.247 0.0000000000
49507  -44.525  -24.686  60.284 0.0000000000
50439  -48.204  -23.659  62.038 0.0000000000
50448  -46.768  -23.668  61.246 0.0000000000
51483  -48.318  -22.889  61.841 0.0000000000
51508  -47.340  -22.145  60.673 0.0000000000
51484  -48.659  -22.361  62.251 0.0000000000
42761  -48.664  -31.581  67.717 0.0000000000
128584  -48.032  -32.494  66.875 0.0000000000
42793  -47.716  -31.452  66.224 0.0000000000
44681  -44.147  -29.068  63.939 0.0000000000
44666  -43.850  -29.842  64.231 0.0000000000
44679  -42.757  -29.728  63.298 0.0000000000
43730  -41.500  -30.493  62.633 0.0000000000
44696  -41.448  -29.381  61.623 0.0000000000
44701  -40.443  -29.406  60.583 0.0000000000
45653  -41.739  -28.637  61.321 0.0000000000
47533  -43.904  -26.323  61.420 0.0000000000
46622  -42.445  -27.139  60.681 0.0000000000
129784  -42.821  -26.351  60.334 0.0000000000
47555  -42.087  -25.773  58.836 0.0000000000
42679  -32.691  -31.449  74.162 0.0000000000
41769  -32.098  -32.868  73.618 0.0000000000
40791  -33.418  -33.433  73.228 0.0000000000
38906  -34.134  -35.524  70.490 0.0000000000
120473  -33.343  -35.032  70.550 0.0000000000
39873  -33.915  -34.871  68.883 0.0000000000
120547  -32.929  -33.953  67.072 0.0000000000
40883  -34.388  -34.259  67.215 0.0000000000
50494  -43.876  -23.073  58.070 0.0000000000
51556  -43.445  -22.370  56.579 0.0000000000
51549  -44.507  -22.319  57.724 0.0000000000
53530  -47.160  -20.486  57.076 0.0000000000
53544  -45.867  -20.656  56.134 0.0000000000
125029  -46.492  -20.254  55.531 0.0000000000
119326  -51.199  -20.513  58.152 0.0000000000
117100  -51.428  -20.351  56.689 0.0000000000
53536  -53.047  -20.681  57.719 0.0000000000
53552  -53.870  -20.546  57.395 0.0000000000
53516  -54.184  -20.335  58.936 0.0000000000
39810  -40.093  -35.384  72.774 0.0000000000
37992  -40.383  -37.106  72.599 0.0000000000
38887  -41.049  -36.290  72.167 0.0000000000
37148  -43.782  -38.288  68.237 0.0000000000
36255  -42.363  -38.524  68.915 0.0000000000
36279  -42.512  -39.196  66.358 0.0000000000
36297  -41.512  -39.168  64.666 0.0000000000
35423  -42.381  -39.181  64.373 0.0000000000
40917  -43.213  -33.631  65.649 0.0000000000
39901  -43.853  -35.099  66.412 0.0000000000
40916  -42.314  -34.033  65.305 0.0000000000
39970  -40.357  -35.000  59.981 0.0000000000
38991  -41.354  -35.610  62.003 0.0000000000
39022  -40.796  -35.786  60.005 0.0000000000
37237  -41.418  -37.574  60.290 0.0000000000
117142  -38.367  -28.616  58.157 0.0000000000
136582  -41.192  -30.834  70.438 0.0000000000
128408  -46.274  -28.322  68.413 0.0000000000
51435  -47.760  -22.412  66.206 0.0000000000
130695  -46.759  -18.928  65.396 0.0000000000
55495  -47.534  -18.108  65.402 0.0000000000
54479  -48.737  -19.631  64.636 0.0000000000
55496  -48.860  -18.077  65.495 0.0000000000
57448  -50.507  -16.368  65.616 0.0000000000
55508  -51.295  -18.255  65.286 0.0000000000
56481  -52.172  -18.165  64.540 0.0000000000
54494  -52.817  -19.140  63.351 0.0000000000
56489  -52.520  -18.230  63.921 0.0000000000
133792  -49.267  -17.544  61.567 0.0000000000
56547  -52.515  -17.285  61.466 0.0000000000
118205  -51.895  -16.870  60.486 0.0000000000
56567  -53.470  -17.543  59.727 0.0000000000
56565  -51.863  -16.676  59.638 0.0000000000
58505  -46.672  -16.014  58.822 0.0000000000
56610  -47.440  -17.252  56.418 0.0000000000
56599  -47.594  -17.463  57.276 0.0000000000
56612  -49.393  -16.937  56.707 0.0000000000
57519  -51.102  -16.404  57.236 0.0000000000
57532  -51.032  -16.268  56.337 0.0000000000
58525  -52.446  -15.679  55.595 0.0000000000
57547  -50.608  -16.232  55.433 0.0000000000
57598  -48.939  -15.979  52.907 0.0000000000
135586  -50.482  -15.770  53.454 0.0000000000
58576  -50.606  -15.646  52.696 0.0000000000
141071  -50.925  -10.572  53.752 0.0000000000
62697  -48.621  -11.501  52.671 0.0000000000
62706  -48.846  -11.258  51.888 0.0000000000
136604  -28.708  -37.777  69.532 0.0000000000
36254  -28.723  -38.475  69.918 0.0000000000
36262  -27.362  -38.215  68.629 0.0000000000
36261  -25.554  -38.384  68.471 0.0000000000
126452  -26.464  -37.737  67.447 0.0000000000
40827  -30.129  -33.448  70.705 0.0000000000
40825  -28.724  -33.739  70.776 0.0000000000
40842  -28.699  -33.762  68.747 0.0000000000
38951  -27.035  -35.863  65.360 0.0000000000
37214  -23.982  -37.620  61.741 0.0000000000
122801  -39.472  -37.466  69.745 0.0000000000
38033  -37.661  -36.922  70.038 0.0000000000
123001  -38.985  -35.647  68.077 0.0000000000
39928  -37.907  -34.059  63.394 0.0000000000
40915  -37.096  -33.673  65.312 0.0000000000
40940  -36.711  -33.306  63.778 0.0000000000
41863  -35.095  -33.008  64.237 0.0000000000
41888  -35.475  -32.773  62.431 0.0000000000
39965  -32.613  -34.269  59.921 0.0000000000
48473  -45.415  -25.816  62.151 0.0000000000
49486  -44.847  -25.022  60.866 0.0000000000
48499  -45.944  -25.151  61.847 0.0000000000
49473  -47.959  -24.383  62.301 0.0000000000
49474  -48.807  -24.059  62.492 0.0000000000
44652  -49.865  -29.447  66.018 0.0000000000
43713  -47.937  -30.619  65.867 0.0000000000
45594  -47.352  -28.991  65.231 0.0000000000
45613  -45.705  -28.531  64.516 0.0000000000
46582  -44.049  -27.867  63.038 0.0000000000
46594  -42.990  -27.904  62.108 0.0000000000
46596  -44.461  -27.165  62.718 0.0000000000
47517  -44.916  -26.475  62.443 0.0000000000
58542  -55.740  -15.552  54.738 0.0000000000
41756  -34.547  -32.744  74.899 0.0000000000
40792  -34.299  -33.375  73.563 0.0000000000
39796  -34.978  -34.343  73.839 0.0000000000
38010  -34.925  -36.308  71.850 0.0000000000
38907  -34.950  -35.850  70.045 0.0000000000
52549  -46.033  -21.802  58.863 0.0000000000
52564  -45.832  -21.519  58.117 0.0000000000
52565  -46.589  -21.189  58.435 0.0000000000
53531  -47.787  -20.573  57.905 0.0000000000
121866  -48.268  -20.401  57.136 0.0000000000
53547  -48.856  -20.235  56.465 0.0000000000
118399  -49.440  -20.477  57.880 0.0000000000
53513  -50.598  -20.455  58.776 0.0000000000
133914  -52.032  -20.327  59.717 0.0000000000
120353  -41.145  -33.631  70.392 0.0000000000
38889  -41.957  -35.482  71.228 0.0000000000
130882  -43.097  -35.402  70.277 0.0000000000
37139  -44.004  -37.028  69.155 0.0000000000
37167  -43.945  -38.007  66.947 0.0000000000
41878  -40.536  -32.668  63.202 0.0000000000
39930  -40.788  -34.160  63.288 0.0000000000
40954  -39.786  -33.085  62.123 0.0000000000
40996  -39.366  -33.827  59.753 0.0000000000
41005  -39.262  -34.152  58.957 0.0000000000
40007  -38.773  -34.827  57.530 0.0000000000
41013  -37.759  -33.523  57.385 0.0000000000
46648  -39.137  -26.990  56.887 0.0000000000
47575  -38.477  -26.312  55.707 0.0000000000
58472  -49.614  -15.014  63.922 0.0000000000
56487  -50.663  -17.074  63.760 0.0000000000
56486  -49.384  -16.823  63.229 0.0000000000
56508  -48.580  -17.131  62.280 0.0000000000
140966  -48.536  -17.504  61.287 0.0000000000
60614  -47.484  -13.758  57.428 0.0000000000
140181  -46.726  -15.182  57.645 0.0000000000
136148  -46.804  -14.590  56.662 0.0000000000
57528  -46.251  -16.217  56.004 0.0000000000
130729  -46.963  -16.871  55.500 0.0000000000
57564  -49.368  -16.340  54.493 0.0000000000
57562  -47.438  -16.515  54.262 0.0000000000
57578  -46.657  -15.975  53.353 0.0000000000
117177  -46.860  -15.588  51.995 0.0000000000
63639  -51.649  -10.288  51.287 0.0000000000
63638  -49.134  -11.026  50.987 0.0000000000
63647  -49.770  -10.653  50.290 0.0000000000
38831  -27.560  -35.596  76.474 0.0000000000
122281  -27.828  -37.335  73.986 0.0000000000
124235  -27.305  -36.079  74.006 0.0000000000
38865  -27.422  -35.944  72.470 0.0000000000
38031  -28.508  -36.480  69.463 0.0000000000
127307  -29.767  -33.306  66.937 0.0000000000
40878  -29.104  -33.503  67.268 0.0000000000
40922  -28.736  -33.462  64.619 0.0000000000
39927  -27.363  -34.179  63.794 0.0000000000
39936  -25.749  -34.961  61.781 0.0000000000
37215  -24.934  -36.989  60.996 0.0000000000
39011  -26.204  -35.705  60.384 0.0000000000
38058  -39.938  -36.189  66.332 0.0000000000
127611  -39.447  -35.483  66.691 0.0000000000
38963  -39.388  -35.762  64.882 0.0000000000
38975  -38.778  -35.235  63.390 0.0000000000
39951  -38.033  -34.622  61.927 0.0000000000
48537  -41.392  -25.131  57.381 0.0000000000
50497  -41.637  -23.848  56.423 0.0000000000
50492  -42.586  -24.315  57.964 0.0000000000
140079  -43.745  -23.543  58.417 0.0000000000
51523  -44.885  -22.996  58.984 0.0000000000
127918  -45.236  -24.381  60.568 0.0000000000
50478  -45.257  -23.321  59.619 0.0000000000
51524  -45.594  -22.554  59.250 0.0000000000
52538  -46.976  -21.747  59.993 0.0000000000
52539  -47.661  -21.455  60.339 0.0000000000
53464  -49.084  -20.875  61.908 0.0000000000
124415  -46.331  -31.870  68.378 0.0000000000
40866  -46.983  -33.726  68.483 0.0000000000
40886  -47.717  -33.559  67.936 0.0000000000
41837  -45.899  -32.973  66.428 0.0000000000
41852  -43.492  -32.729  65.428 0.0000000000
43711  -45.827  -30.775  65.500 0.0000000000
42802  -44.065  -31.134  65.001 0.0000000000
42800  -42.471  -31.749  64.324 0.0000000000
42809  -41.184  -31.286  63.009 0.0000000000
43734  -39.595  -30.942  61.343 0.0000000000
43744  -38.839  -30.176  60.024 0.0000000000
43749  -37.697  -30.234  58.834 0.0000000000
44705  -39.284  -29.441  59.631 0.0000000000
45668  -39.635  -28.687  59.165 0.0000000000
45673  -40.132  -27.995  58.847 0.0000000000
45665  -42.072  -27.894  61.020 0.0000000000
46625  -40.767  -27.628  59.215 0.0000000000
46631  -40.460  -27.315  58.521 0.0000000000
47553  -40.762  -26.619  58.180 0.0000000000
47559  -41.087  -25.921  57.802 0.0000000000
131955  -49.445  -11.408  55.042 0.0000000000
63576  -50.815  -10.768  56.375 0.0000000000
117743  -52.010  -10.519  55.463 0.0000000000
118566  -53.189  -10.278  54.485 0.0000000000
63631  -53.267  -9.987  52.835 0.0000000000
64553  -53.526  -9.534  51.330 0.0000000000
41740  -30.504  -32.822  75.081 0.0000000000
133608  -30.216  -33.551  73.881 0.0000000000
40779  -30.977  -33.387  73.854 0.0000000000
40814  -31.226  -33.971  72.143 0.0000000000
40828  -31.113  -33.747  71.086 0.0000000000
39822  -33.235  -34.992  71.937 0.0000000000
39839  -32.557  -34.552  70.599 0.0000000000
40862  -31.028  -33.453  68.673 0.0000000000
124490  -31.622  -33.565  67.050 0.0000000000
41848  -31.560  -33.090  65.097 0.0000000000
41873  -32.044  -32.753  64.018 0.0000000000
50504  -42.023  -23.133  56.022 0.0000000000
51562  -43.168  -22.139  55.843 0.0000000000
52583  -45.373  -21.161  56.633 0.0000000000
54581  -55.273  -20.074  56.886 0.0000000000
55581  -55.394  -19.208  57.677 0.0000000000
39785  -38.384  -35.701  75.011 0.0000000000
37092  -37.641  -37.584  74.197 0.0000000000
37094  -39.196  -37.730  73.286 0.0000000000
36238  -39.637  -38.534  71.715 0.0000000000
132606  -40.587  -38.189  69.914 0.0000000000
38026  -41.877  -37.505  70.819 0.0000000000
37147  -41.785  -38.450  68.839 0.0000000000
38050  -40.530  -37.004  67.629 0.0000000000
37174  -40.672  -38.031  65.550 0.0000000000
37193  -40.363  -38.399  63.656 0.0000000000
36317  -40.079  -39.018  61.902 0.0000000000
38948  -45.465  -35.476  67.469 0.0000000000
38946  -44.073  -36.244  66.640 0.0000000000
38080  -43.232  -37.476  65.084 0.0000000000
38964  -41.592  -35.157  64.032 0.0000000000
38088  -42.192  -36.489  63.134 0.0000000000
37194  -42.761  -37.856  63.549 0.0000000000
36320  -42.238  -38.601  62.569 0.0000000000
35490  -40.855  -39.209  61.102 0.0000000000
44714  -36.819  -29.513  57.426 0.0000000000
48430  -51.184  -25.578  65.562 0.0000000000
49446  -50.506  -24.489  64.849 0.0000000000
39762  -27.956  -34.731  76.905 0.0000000000
41727  -30.301  -32.433  76.048 0.0000000000
42664  -30.639  -31.717  74.976 0.0000000000
43567  -32.248  -30.720  74.689 0.0000000000
41728  -34.645  -32.798  77.643 0.0000000000
40754  -35.718  -34.436  77.635 0.0000000000
39765  -36.405  -34.759  77.416 0.0000000000
40768  -37.513  -34.270  76.467 0.0000000000
40793  -37.911  -33.987  74.322 0.0000000000
40804  -38.440  -33.672  72.953 0.0000000000
40816  -39.222  -33.512  71.748 0.0000000000
42714  -39.401  -31.897  71.932 0.0000000000
41792  -40.065  -32.723  70.416 0.0000000000
41800  -40.665  -32.244  69.873 0.0000000000
42755  -42.050  -31.656  68.809 0.0000000000
43669  -43.081  -30.744  68.258 0.0000000000
43685  -43.910  -30.618  67.858 0.0000000000
43687  -45.750  -30.366  67.672 0.0000000000
44613  -47.051  -29.557  67.779 0.0000000000
47454  -50.984  -26.643  66.236 0.0000000000
50418  -49.808  -23.907  64.321 0.0000000000
50417  -49.004  -23.308  64.216 0.0000000000
51460  -47.811  -21.804  64.586 0.0000000000
54462  -46.236  -19.555  66.760 0.0000000000
53426  -47.124  -20.590  65.177 0.0000000000
52504  -48.253  -21.377  64.067 0.0000000000
53445  -48.682  -20.814  63.628 0.0000000000
53446  -49.484  -20.236  63.469 0.0000000000
53456  -49.628  -20.366  62.626 0.0000000000
55497  -50.032  -18.006  65.613 0.0000000000
54481  -51.179  -19.058  64.863 0.0000000000
53457  -50.549  -19.972  62.407 0.0000000000
54522  -51.630  -19.759  62.212 0.0000000000
54523  -52.722  -19.548  61.983 0.0000000000
54539  -53.239  -19.591  61.101 0.0000000000
56511  -52.399  -17.702  63.247 0.0000000000
55540  -53.346  -18.544  61.929 0.0000000000
54540  -53.573  -19.380  60.683 0.0000000000
54552  -54.242  -19.444  59.131 0.0000000000
55567  -54.601  -18.888  58.425 0.0000000000
56603  -53.881  -17.207  57.995 0.0000000000
57497  -47.255  -16.403  60.084 0.0000000000
56562  -48.360  -17.635  59.883 0.0000000000
57510  -46.513  -16.948  58.469 0.0000000000
137321  -47.317  -17.553  58.712 0.0000000000
56563  -49.843  -17.265  58.904 0.0000000000
56585  -51.519  -16.624  58.886 0.0000000000
57521  -52.766  -16.355  57.792 0.0000000000
57523  -54.288  -17.044  57.307 0.0000000000
57535  -53.885  -15.975  56.338 0.0000000000
58527  -54.356  -15.725  55.515 0.0000000000
138207  -54.148  -15.465  54.397 0.0000000000
58539  -50.781  -15.807  54.049 0.0000000000
58556  -52.563  -15.515  53.929 0.0000000000
129954  -54.137  -15.399  53.187 0.0000000000
140265  -48.059  -12.134  53.681 0.0000000000
60666  -46.376  -13.707  52.419 0.0000000000
118102  -46.703  -15.182  50.877 0.0000000000
61738  -47.112  -12.393  50.580 0.0000000000
129745  -46.452  -14.360  50.152 0.0000000000
58620  -47.890  -15.472  50.373 0.0000000000
36236  -29.450  -38.814  71.190 0.0000000000
40800  -29.025  -33.679  72.748 0.0000000000
131661  -28.138  -34.715  69.909 0.0000000000
38927  -28.524  -36.009  68.283 0.0000000000
39896  -28.452  -34.474  66.652 0.0000000000
38056  -28.007  -36.155  66.740 0.0000000000
38055  -27.053  -37.030  66.639 0.0000000000
37173  -25.252  -37.103  65.886 0.0000000000
37117  -36.972  -38.032  72.251 0.0000000000
132510  -36.284  -36.406  70.027 0.0000000000
39875  -36.259  -35.210  68.315 0.0000000000
39899  -38.229  -34.444  66.483 0.0000000000
39897  -36.597  -34.310  67.016 0.0000000000
40884  -35.143  -34.253  67.021 0.0000000000
40913  -34.538  -33.424  65.655 0.0000000000
124424  -34.020  -32.675  63.617 0.0000000000
117536  -32.568  -32.331  61.660 0.0000000000
39020  -37.297  -35.359  60.388 0.0000000000
39950  -36.482  -33.796  60.990 0.0000000000
40979  -35.738  -33.376  60.996 0.0000000000
41903  -34.323  -32.868  60.754 0.0000000000
41936  -32.151  -32.796  60.009 0.0000000000
41934  -30.588  -32.847  59.747 0.0000000000
47479  -50.106  -26.548  64.337 0.0000000000
46561  -48.331  -27.353  64.564 0.0000000000
47477  -47.852  -26.736  64.113 0.0000000000
47497  -47.301  -26.341  63.586 0.0000000000
55595  -56.315  -18.717  56.542 0.0000000000
56616  -56.691  -18.073  56.210 0.0000000000
56615  -56.320  -17.971  56.603 0.0000000000
38840  -36.828  -36.087  76.189 0.0000000000
37957  -36.714  -36.432  75.348 0.0000000000
37958  -37.143  -37.053  74.844 0.0000000000
49536  -40.436  -24.566  55.768 0.0000000000
50502  -40.526  -23.936  55.308 0.0000000000
122824  -48.742  -20.642  60.148 0.0000000000
41814  -43.463  -32.285  68.612 0.0000000000
40865  -45.488  -33.431  69.014 0.0000000000
42821  -38.124  -31.469  59.794 0.0000000000
49531  -40.672  -24.841  56.312 0.0000000000
48546  -40.115  -25.125  55.942 0.0000000000
61670  -48.023  -12.738  55.700 0.0000000000
60642  -47.370  -13.164  54.953 0.0000000000
61671  -48.470  -12.223  55.359 0.0000000000
40764  -29.956  -33.312  75.489 0.0000000000
40763  -29.212  -33.638  75.165 0.0000000000
40777  -29.894  -33.474  74.585 0.0000000000
41870  -29.795  -32.494  62.606 0.0000000000
41883  -29.447  -32.400  61.858 0.0000000000
40977  -28.359  -33.103  59.989 0.0000000000
41898  -29.767  -32.309  61.009 0.0000000000
37222  -39.658  -38.576  61.267 0.0000000000
38135  -39.021  -37.732  60.553 0.0000000000
140859  -43.166  -25.700  60.025 0.0000000000
49506  -43.783  -25.096  60.007 0.0000000000
139828  -44.235  -25.255  60.579 0.0000000000
50440  -48.810  -23.234  62.417 0.0000000000
50449  -47.606  -23.290  61.541 0.0000000000
42773  -49.207  -31.041  67.244 0.0000000000
42781  -48.591  -31.907  66.827 0.0000000000
133489  -48.598  -31.195  66.424 0.0000000000
44692  -43.024  -28.970  63.024 0.0000000000
44680  -43.437  -29.394  63.616 0.0000000000
44691  -42.406  -29.361  62.653 0.0000000000
44690  -41.779  -29.732  62.307 0.0000000000
44697  -42.069  -28.998  61.997 0.0000000000
44702  -41.129  -29.040  60.920 0.0000000000
48525  -43.637  -25.857  60.647 0.0000000000
42680  -33.430  -31.613  74.514 0.0000000000
41770  -32.899  -32.715  73.459 0.0000000000
41771  -33.726  -32.703  73.612 0.0000000000
39856  -34.400  -35.321  69.510 0.0000000000
39855  -33.662  -35.013  69.742 0.0000000000
39887  -34.150  -34.642  68.035 0.0000000000
51541  -44.527  -22.804  58.405 0.0000000000
127412  -47.213  -20.217  56.059 0.0000000000
53545  -46.574  -20.463  56.366 0.0000000000
53514  -52.320  -20.625  58.405 0.0000000000
53535  -51.821  -20.518  57.507 0.0000000000
53515  -53.508  -20.669  58.769 0.0000000000
39823  -39.856  -34.503  72.186 0.0000000000
118961  -40.626  -35.313  72.277 0.0000000000
39825  -41.344  -35.212  71.661 0.0000000000
36280  -43.351  -38.754  66.611 0.0000000000
36271  -42.880  -38.973  67.300 0.0000000000
36289  -42.512  -39.272  65.521 0.0000000000
36298  -42.792  -38.948  64.883 0.0000000000
41851  -42.699  -33.031  65.181 0.0000000000
126033  -41.679  -33.863  64.728 0.0000000000
39032  -40.282  -35.555  59.235 0.0000000000
38136  -40.749  -36.429  59.437 0.0000000000
39042  -39.942  -35.873  58.421 0.0000000000
117072  -39.020  -28.067  57.952 0.0000000000
45688  -38.097  -27.729  56.910 0.0000000000
125807  -50.200  -15.630  64.864 0.0000000000
57449  -51.123  -17.056  65.310 0.0000000000
56480  -51.693  -17.721  65.007 0.0000000000
56488  -51.862  -17.595  64.120 0.0000000000
56546  -50.008  -17.496  60.965 0.0000000000
123864  -51.248  -17.250  61.289 0.0000000000
135700  -50.744  -17.235  60.407 0.0000000000
56564  -50.896  -16.985  59.515 0.0000000000
60608  -47.497  -12.657  58.843 0.0000000000
59587  -47.543  -13.460  58.833 0.0000000000
59586  -47.077  -14.928  58.420 0.0000000000
56625  -48.098  -16.993  55.807 0.0000000000
56611  -48.398  -17.193  56.584 0.0000000000
56613  -50.295  -16.644  56.890 0.0000000000
57531  -50.013  -16.586  56.085 0.0000000000
58575  -49.655  -15.716  52.255 0.0000000000
128676  -49.213  -15.650  51.552 0.0000000000
139441  -51.135  -10.508  52.915 0.0000000000
63627  -50.030  -10.682  52.528 0.0000000000
37071  -28.478  -37.815  75.477 0.0000000000
120663  -28.618  -37.338  69.010 0.0000000000
37133  -28.637  -37.999  69.422 0.0000000000
37144  -28.253  -37.859  68.770 0.0000000000
37143  -26.937  -37.923  67.907 0.0000000000
37156  -27.799  -37.621  68.050 0.0000000000
119125  -29.862  -33.324  69.916 0.0000000000
40843  -29.281  -33.400  69.245 0.0000000000
40860  -29.182  -33.460  68.235 0.0000000000
38094  -23.857  -37.049  62.313 0.0000000000
38040  -39.207  -36.543  68.923 0.0000000000
130243  -37.392  -33.632  63.528 0.0000000000
123745  -36.849  -33.329  62.868 0.0000000000
41877  -36.137  -33.033  63.151 0.0000000000
40952  -36.255  -33.110  62.400 0.0000000000
48476  -48.559  -24.640  62.655 0.0000000000
126627  -49.354  -23.821  62.899 0.0000000000
45596  -49.525  -28.867  65.498 0.0000000000
44651  -49.222  -29.677  65.787 0.0000000000
45595  -48.472  -28.926  65.347 0.0000000000
46559  -45.959  -27.774  64.215 0.0000000000
45614  -46.599  -28.324  64.720 0.0000000000
45630  -45.203  -28.028  63.922 0.0000000000
45629  -44.461  -28.312  63.627 0.0000000000
46583  -44.786  -27.567  63.346 0.0000000000
47518  -45.694  -26.261  62.755 0.0000000000
47534  -44.656  -26.068  61.790 0.0000000000
55630  -55.847  -18.456  55.135 0.0000000000
57537  -56.638  -17.388  56.091 0.0000000000
58528  -55.383  -15.826  55.374 0.0000000000
40766  -34.994  -33.665  75.907 0.0000000000
40780  -34.797  -33.491  74.458 0.0000000000
121457  -35.856  -36.722  73.223 0.0000000000
37988  -35.250  -36.263  72.678 0.0000000000
38011  -35.403  -36.708  71.457 0.0000000000
38023  -34.821  -36.187  70.960 0.0000000000
50509  -40.985  -23.176  54.945 0.0000000000
52550  -46.775  -21.423  59.216 0.0000000000
117017  -48.297  -20.589  58.596 0.0000000000
53510  -47.418  -20.845  58.738 0.0000000000
53532  -48.646  -20.492  57.850 0.0000000000
127643  -51.634  -20.496  58.991 0.0000000000
53479  -51.791  -20.101  60.365 0.0000000000
40848  -41.592  -33.305  69.852 0.0000000000
40831  -42.043  -34.170  70.569 0.0000000000
39857  -42.903  -34.452  70.294 0.0000000000
38922  -45.107  -35.547  68.971 0.0000000000
116822  -44.415  -36.163  69.196 0.0000000000
37140  -44.667  -36.725  68.759 0.0000000000
37149  -44.451  -37.429  68.415 0.0000000000
38051  -45.017  -37.040  67.989 0.0000000000
41890  -40.082  -32.709  62.621 0.0000000000
40981  -38.908  -33.135  60.057 0.0000000000
40982  -39.408  -33.421  60.660 0.0000000000
41004  -38.660  -33.664  58.506 0.0000000000
41014  -38.455  -33.988  57.774 0.0000000000
41003  -38.057  -33.152  58.050 0.0000000000
47564  -39.474  -26.367  56.562 0.0000000000
47563  -38.808  -26.627  56.301 0.0000000000
57459  -49.411  -16.101  63.723 0.0000000000
57491  -48.086  -16.240  61.898 0.0000000000
57478  -48.588  -16.458  62.625 0.0000000000
56507  -48.130  -16.831  61.945 0.0000000000
56527  -48.042  -17.257  61.499 0.0000000000
62647  -47.952  -11.638  57.783 0.0000000000
122375  -47.636  -11.970  58.163 0.0000000000
60623  -47.806  -13.061  57.368 0.0000000000
58523  -46.200  -15.644  55.447 0.0000000000
57543  -46.585  -16.580  55.609 0.0000000000
134147  -46.262  -16.188  55.282 0.0000000000
120948  -46.865  -16.602  54.881 0.0000000000
134450  -46.444  -16.271  54.761 0.0000000000
59620  -46.182  -14.584  53.624 0.0000000000
58553  -46.332  -15.578  53.299 0.0000000000
59635  -46.070  -15.159  53.123 0.0000000000
57596  -47.094  -15.914  52.645 0.0000000000
58571  -46.179  -15.143  52.453 0.0000000000
63649  -51.397  -10.261  50.690 0.0000000000
63648  -50.613  -10.444  50.527 0.0000000000
38839  -27.452  -35.634  75.609 0.0000000000
37956  -27.437  -36.677  74.424 0.0000000000
38847  -27.378  -35.718  74.695 0.0000000000
39804  -27.585  -35.017  72.560 0.0000000000
38854  -27.379  -35.784  73.294 0.0000000000
38884  -27.599  -35.690  71.695 0.0000000000
38904  -27.820  -35.694  70.880 0.0000000000
137534  -27.683  -35.282  71.237 0.0000000000
40896  -30.354  -33.278  66.307 0.0000000000
40895  -29.399  -33.435  66.188 0.0000000000
40909  -29.377  -33.334  65.167 0.0000000000
129528  -27.797  -33.271  62.734 0.0000000000
40937  -27.847  -33.541  63.474 0.0000000000
141081  -26.888  -33.769  62.111 0.0000000000
39937  -26.414  -34.306  62.232 0.0000000000
131870  -26.223  -34.492  61.423 0.0000000000
39948  -25.892  -34.960  61.077 0.0000000000
39949  -26.444  -34.401  60.850 0.0000000000
39029  -27.612  -34.932  59.763 0.0000000000
38144  -27.389  -35.631  59.957 0.0000000000
38067  -39.850  -36.413  65.449 0.0000000000
129659  -39.089  -36.173  61.921 0.0000000000
38989  -38.636  -35.316  62.417 0.0000000000
39940  -38.251  -34.551  62.902 0.0000000000
48538  -42.029  -24.843  57.840 0.0000000000
50476  -44.060  -24.022  59.154 0.0000000000
50487  -43.656  -23.958  58.718 0.0000000000
50488  -44.201  -23.449  58.727 0.0000000000
49487  -45.577  -24.737  61.212 0.0000000000
49508  -45.985  -24.049  60.893 0.0000000000
50460  -46.329  -23.301  60.593 0.0000000000
51506  -45.943  -22.919  59.936 0.0000000000
51525  -46.303  -22.139  59.602 0.0000000000
52530  -47.986  -21.759  61.031 0.0000000000
52531  -48.562  -21.319  61.383 0.0000000000
52540  -48.286  -21.111  60.667 0.0000000000
42772  -46.522  -31.114  68.038 0.0000000000
41816  -46.975  -32.607  68.594 0.0000000000
41817  -47.926  -32.708  68.325 0.0000000000
42779  -46.286  -32.210  66.178 0.0000000000
41838  -47.123  -32.959  66.761 0.0000000000
41854  -45.264  -32.298  65.910 0.0000000000
41853  -44.338  -32.470  65.653 0.0000000000
44648  -46.080  -29.961  65.315 0.0000000000
43712  -46.856  -30.689  65.683 0.0000000000
43723  -45.168  -30.138  65.063 0.0000000000
43727  -43.164  -30.160  63.880 0.0000000000
43721  -43.587  -30.630  64.450 0.0000000000
43720  -42.876  -30.908  64.133 0.0000000000
42801  -43.307  -31.420  64.654 0.0000000000
42806  -41.659  -31.709  63.702 0.0000000000
43735  -40.402  -30.538  61.643 0.0000000000
43739  -39.233  -30.552  60.682 0.0000000000
44700  -39.657  -29.777  60.307 0.0000000000
45663  -40.772  -28.679  60.242 0.0000000000
117119  -40.094  -29.076  59.873 0.0000000000
45672  -39.532  -28.218  58.547 0.0000000000
138997  -43.238  -27.477  61.904 0.0000000000
46608  -42.799  -27.474  61.472 0.0000000000
46627  -42.127  -26.819  59.929 0.0000000000
46626  -41.439  -27.253  59.559 0.0000000000
46632  -41.123  -26.949  58.844 0.0000000000
48532  -41.733  -25.479  58.148 0.0000000000
63578  -52.770  -10.559  56.699 0.0000000000
63579  -53.736  -10.296  56.527 0.0000000000
63592  -52.969  -10.428  55.472 0.0000000000
63593  -53.937  -10.213  55.469 0.0000000000
64524  -54.221  -9.645  53.404 0.0000000000
64542  -53.007  -9.876  51.897 0.0000000000
64543  -53.988  -9.537  52.317 0.0000000000
42678  -31.058  -32.418  74.380 0.0000000000
41753  -30.778  -33.136  74.407 0.0000000000
41754  -31.373  -33.050  73.929 0.0000000000
39793  -32.095  -34.062  72.864 0.0000000000
40803  -31.397  -33.935  72.900 0.0000000000
39820  -31.755  -34.179  71.727 0.0000000000
117161  -34.433  -35.057  72.918 0.0000000000
39807  -33.458  -34.695  72.527 0.0000000000
135197  -33.037  -34.727  69.909 0.0000000000
39854  -32.440  -34.316  69.615 0.0000000000
40846  -31.787  -33.852  69.199 0.0000000000
135606  -31.965  -33.856  68.409 0.0000000000
40880  -31.499  -33.592  67.793 0.0000000000
138566  -32.147  -33.868  67.913 0.0000000000
123752  -33.050  -33.643  66.341 0.0000000000
40898  -32.268  -33.578  66.543 0.0000000000
41849  -32.353  -33.131  65.164 0.0000000000
124659  -32.005  -32.955  64.649 0.0000000000
41860  -32.683  -32.898  64.480 0.0000000000
117878  -42.740  -23.638  57.470 0.0000000000
50498  -42.360  -23.437  56.749 0.0000000000
50499  -43.033  -22.978  57.024 0.0000000000
51557  -44.144  -22.008  56.890 0.0000000000
52577  -45.637  -21.319  57.381 0.0000000000
53556  -45.589  -20.519  55.333 0.0000000000
53549  -50.518  -20.293  56.611 0.0000000000
54579  -53.180  -20.077  56.117 0.0000000000
54569  -54.742  -20.329  57.546 0.0000000000
54580  -54.139  -20.269  56.675 0.0000000000
54570  -55.459  -19.876  57.515 0.0000000000
39799  -38.681  -35.259  74.276 0.0000000000
140664  -39.002  -37.061  73.961 0.0000000000
138232  -39.300  -36.355  73.826 0.0000000000
38013  -40.843  -37.591  71.899 0.0000000000
37106  -40.147  -38.090  72.217 0.0000000000
37120  -40.408  -38.369  71.393 0.0000000000
37135  -39.948  -38.251  70.452 0.0000000000
38027  -42.660  -36.648  70.411 0.0000000000
38015  -42.026  -36.380  71.124 0.0000000000
37130  -42.311  -37.931  70.086 0.0000000000
37158  -41.744  -38.508  67.772 0.0000000000
37146  -41.141  -37.845  68.175 0.0000000000
37157  -41.068  -37.780  67.302 0.0000000000
37165  -40.905  -37.876  66.435 0.0000000000
35421  -41.255  -39.198  63.824 0.0000000000
36296  -40.868  -38.899  64.204 0.0000000000
36306  -40.731  -39.064  63.332 0.0000000000
37207  -40.254  -38.671  62.785 0.0000000000
36318  -40.609  -39.158  62.485 0.0000000000
39893  -46.884  -34.498  68.027 0.0000000000
39877  -46.675  -34.420  68.329 0.0000000000
39892  -46.390  -35.063  67.891 0.0000000000
38956  -43.218  -35.719  66.021 0.0000000000
124392  -44.598  -35.507  66.900 0.0000000000
38070  -43.491  -36.839  65.995 0.0000000000
38069  -42.941  -36.366  65.471 0.0000000000
39941  -40.590  -34.235  62.558 0.0000000000
123636  -41.234  -34.790  63.476 0.0000000000
39942  -41.049  -34.879  62.724 0.0000000000
117147  -41.612  -36.319  61.456 0.0000000000
38103  -41.981  -36.546  62.315 0.0000000000
38089  -42.576  -36.927  63.684 0.0000000000
133381  -42.300  -37.404  62.233 0.0000000000
37208  -42.520  -37.920  62.669 0.0000000000
37224  -42.197  -38.057  61.867 0.0000000000
36350  -41.268  -38.533  60.623 0.0000000000
36368  -40.934  -38.349  59.889 0.0000000000
36349  -40.515  -39.094  60.404 0.0000000000
36367  -40.191  -38.995  59.685 0.0000000000
138236  -37.539  -29.783  58.399 0.0000000000
44715  -37.423  -29.414  58.004 0.0000000000
39755  -28.169  -34.604  77.740 0.0000000000
42651  -30.362  -31.139  75.629 0.0000000000
42666  -34.214  -31.915  76.631 0.0000000000
40781  -37.814  -34.327  75.369 0.0000000000
40815  -38.704  -33.301  72.236 0.0000000000
41779  -38.356  -32.834  72.726 0.0000000000
42701  -40.197  -31.222  72.445 0.0000000000
42724  -39.597  -32.372  71.050 0.0000000000
42734  -40.178  -31.929  70.458 0.0000000000
43631  -41.914  -30.285  70.457 0.0000000000
43630  -41.444  -30.941  69.704 0.0000000000
43649  -41.807  -31.150  69.091 0.0000000000
43668  -42.358  -30.932  68.695 0.0000000000
44591  -43.544  -29.935  68.239 0.0000000000
44610  -44.249  -29.923  67.832 0.0000000000
43686  -44.789  -30.479  67.688 0.0000000000
44611  -45.023  -29.608  67.709 0.0000000000
45544  -46.509  -28.839  67.894 0.0000000000
45557  -47.375  -29.006  67.912 0.0000000000
44614  -48.068  -29.760  68.028 0.0000000000
131181  -51.194  -26.202  65.727 0.0000000000
50407  -49.811  -23.931  65.568 0.0000000000
50397  -49.130  -23.461  66.334 0.0000000000
51448  -48.061  -22.731  65.437 0.0000000000
51447  -47.610  -22.161  65.282 0.0000000000
51461  -48.283  -22.637  64.588 0.0000000000
54469  -46.977  -19.761  65.191 0.0000000000
53437  -47.683  -20.970  64.636 0.0000000000
53438  -48.338  -20.524  64.285 0.0000000000
54490  -49.231  -20.008  64.135 0.0000000000
54491  -50.320  -19.630  64.159 0.0000000000
130814  -50.205  -15.881  66.017 0.0000000000
56473  -49.766  -17.224  65.965 0.0000000000
56474  -50.588  -17.311  65.763 0.0000000000
54492  -51.409  -19.440  64.110 0.0000000000
54504  -51.553  -19.644  63.203 0.0000000000
55525  -53.051  -18.937  63.245 0.0000000000
54506  -53.007  -19.200  62.824 0.0000000000
54538  -52.652  -19.868  61.026 0.0000000000
54524  -53.189  -19.172  62.069 0.0000000000
56510  -51.109  -17.372  63.087 0.0000000000
56532  -53.220  -17.762  61.453 0.0000000000
55547  -53.560  -18.582  61.155 0.0000000000
54551  -53.968  -19.853  59.711 0.0000000000
55555  -53.796  -18.814  60.153 0.0000000000
56586  -53.006  -16.794  59.362 0.0000000000
55566  -53.936  -18.339  59.128 0.0000000000
56587  -53.492  -17.216  58.805 0.0000000000
56588  -54.115  -17.928  58.418 0.0000000000
137043  -46.980  -15.866  59.397 0.0000000000
56560  -47.124  -17.210  59.784 0.0000000000
56561  -47.631  -17.465  60.116 0.0000000000
127838  -46.448  -16.130  58.004 0.0000000000
57518  -46.436  -16.968  57.523 0.0000000000
56600  -48.826  -17.314  57.482 0.0000000000
120304  -47.856  -17.577  58.159 0.0000000000
56582  -48.924  -17.458  58.438 0.0000000000
138393  -49.009  -17.536  59.198 0.0000000000
56584  -50.631  -16.843  58.497 0.0000000000
134424  -51.694  -16.165  56.899 0.0000000000
57520  -51.902  -16.274  57.577 0.0000000000
57522  -53.533  -16.586  57.558 0.0000000000
117039  -53.238  -16.133  57.026 0.0000000000
121509  -54.605  -16.681  56.640 0.0000000000
58526  -53.404  -15.624  55.609 0.0000000000
58540  -53.844  -15.518  54.855 0.0000000000
124468  -52.864  -15.524  54.763 0.0000000000
57565  -50.268  -16.152  54.646 0.0000000000
57582  -49.995  -16.002  53.921 0.0000000000
117159  -51.179  -15.649  53.376 0.0000000000
58555  -52.038  -15.554  53.275 0.0000000000
62679  -48.441  -11.939  54.328 0.0000000000
62664  -49.122  -11.423  54.129 0.0000000000
62705  -48.029  -11.766  51.979 0.0000000000
61722  -47.442  -12.418  52.459 0.0000000000
61721  -46.760  -12.980  51.994 0.0000000000
59650  -46.176  -14.517  51.811 0.0000000000
138747  -46.248  -14.206  51.185 0.0000000000
62716  -48.326  -11.417  50.473 0.0000000000
131115  -48.435  -11.455  51.276 0.0000000000
60682  -46.468  -13.728  49.787 0.0000000000
58619  -47.122  -15.325  50.553 0.0000000000
37091  -27.911  -37.246  73.068 0.0000000000
36216  -28.822  -38.058  73.243 0.0000000000
120778  -29.296  -38.316  71.347 0.0000000000
36244  -28.116  -38.851  69.865 0.0000000000
133356  -28.866  -38.997  70.350 0.0000000000
36250  -25.111  -38.803  69.265 0.0000000000
36269  -25.077  -38.150  67.854 0.0000000000
140902  -24.271  -38.292  67.823 0.0000000000
36268  -23.539  -38.329  67.300 0.0000000000
36276  -23.068  -38.180  66.350 0.0000000000
40788  -30.000  -33.647  73.179 0.0000000000
121711  -28.580  -33.830  69.793 0.0000000000
139298  -28.251  -34.239  70.507 0.0000000000
39853  -28.352  -34.488  69.073 0.0000000000
38918  -28.331  -35.516  69.164 0.0000000000
123856  -28.367  -35.105  68.519 0.0000000000
40894  -28.774  -33.754  66.459 0.0000000000
40877  -28.702  -33.833  67.153 0.0000000000
39909  -28.348  -34.337  65.867 0.0000000000
38076  -26.321  -36.155  65.047 0.0000000000
38066  -27.502  -36.022  66.054 0.0000000000
38065  -26.817  -36.514  65.889 0.0000000000
139191  -27.468  -36.555  66.518 0.0000000000
38054  -26.175  -37.060  66.200 0.0000000000
37230  -25.554  -37.077  60.711 0.0000000000
37216  -25.061  -37.726  61.072 0.0000000000
36229  -38.397  -38.542  72.194 0.0000000000
37104  -37.749  -38.348  72.702 0.0000000000
37118  -37.649  -38.328  71.868 0.0000000000
38920  -37.479  -36.288  69.387 0.0000000000
38032  -36.975  -36.615  70.011 0.0000000000
38919  -36.622  -36.029  69.370 0.0000000000
38930  -36.250  -35.602  68.881 0.0000000000
139618  -36.723  -35.036  68.034 0.0000000000
39900  -38.918  -34.854  66.191 0.0000000000
38938  -38.789  -34.978  67.176 0.0000000000
39911  -38.358  -34.360  65.614 0.0000000000
40902  -36.859  -33.890  66.185 0.0000000000
40901  -35.846  -33.955  66.496 0.0000000000
40900  -34.852  -33.870  66.459 0.0000000000
136830  -35.403  -33.581  65.844 0.0000000000
41875  -34.688  -32.599  63.008 0.0000000000
138343  -34.712  -32.795  63.738 0.0000000000
120523  -33.869  -32.472  62.715 0.0000000000
41874  -32.939  -32.578  63.434 0.0000000000
41886  -33.126  -32.378  62.287 0.0000000000
39019  -36.505  -35.144  60.284 0.0000000000
136334  -36.950  -34.530  60.696 0.0000000000
39968  -36.170  -34.400  60.488 0.0000000000
40980  -35.845  -33.863  60.593 0.0000000000
137359  -35.218  -33.691  60.479 0.0000000000
41921  -35.022  -33.192  60.780 0.0000000000
40978  -33.894  -33.345  60.212 0.0000000000
39964  -31.774  -34.579  60.098 0.0000000000
133478  -32.597  -33.671  59.776 0.0000000000
40993  -32.049  -33.196  59.744 0.0000000000
41935  -31.435  -32.779  59.902 0.0000000000
39980  -30.932  -34.196  59.746 0.0000000000
48456  -46.582  -26.088  63.083 0.0000000000
140373  -46.996  -25.459  62.701 0.0000000000
129542  -47.585  -25.685  63.102 0.0000000000
48457  -48.575  -25.222  63.011 0.0000000000
45616  -48.920  -28.128  65.015 0.0000000000
131647  -47.476  -27.312  64.404 0.0000000000
46585  -46.255  -27.138  63.866 0.0000000000
47496  -46.573  -26.628  63.584 0.0000000000
54594  -55.420  -19.540  56.240 0.0000000000
55612  -55.220  -19.024  55.443 0.0000000000
55614  -56.701  -18.270  56.027 0.0000000000
120762  -35.755  -35.223  76.124 0.0000000000
39783  -35.634  -35.229  74.945 0.0000000000
37973  -36.391  -36.814  74.217 0.0000000000
118888  -36.422  -37.281  73.324 0.0000000000
53493  -49.015  -20.517  59.224 0.0000000000
40850  -43.488  -33.965  69.870 0.0000000000
121719  -44.114  -33.654  69.514 0.0000000000
39860  -45.120  -34.703  69.179 0.0000000000
38933  -45.627  -35.852  68.300 0.0000000000
136802  -38.879  -32.020  61.081 0.0000000000
41905  -39.316  -32.644  61.413 0.0000000000
41938  -38.402  -32.455  59.784 0.0000000000
41949  -38.232  -32.810  58.840 0.0000000000
41948  -37.656  -32.298  58.341 0.0000000000
42847  -37.131  -31.693  57.862 0.0000000000
48540  -39.782  -25.735  56.247 0.0000000000
48545  -39.468  -25.396  55.608 0.0000000000
61654  -48.180  -12.620  57.080 0.0000000000
60622  -47.137  -13.917  56.340 0.0000000000
60630  -47.579  -13.313  56.043 0.0000000000
59608  -46.183  -14.997  54.876 0.0000000000
138812  -46.279  -14.541  54.346 0.0000000000
60641  -46.926  -13.468  54.297 0.0000000000
61690  -47.176  -13.042  53.793 0.0000000000
131347  -28.466  -34.109  75.603 0.0000000000
132056  -27.732  -34.812  75.182 0.0000000000
39773  -28.390  -34.147  74.795 0.0000000000
131702  -28.381  -34.166  74.019 0.0000000000
39792  -28.310  -34.185  73.170 0.0000000000
41857  -29.759  -32.844  63.865 0.0000000000
40923  -29.361  -33.133  64.448 0.0000000000
135480  -29.276  -32.736  63.229 0.0000000000
40951  -28.184  -32.870  62.196 0.0000000000
41896  -27.929  -32.893  61.456 0.0000000000
40975  -26.999  -33.824  60.616 0.0000000000
40976  -27.655  -33.399  60.332 0.0000000000
39978  -27.851  -34.246  59.703 0.0000000000
39030  -28.554  -34.711  59.690 0.0000000000
37192  -39.942  -37.769  63.096 0.0000000000
38087  -39.647  -36.866  63.477 0.0000000000
38102  -39.547  -36.992  62.525 0.0000000000
48529  -42.654  -25.408  59.082 0.0000000000
49519  -43.012  -24.966  58.979 0.0000000000
49521  -44.250  -24.370  59.669 0.0000000000
49489  -47.330  -24.069  61.800 0.0000000000
50461  -47.069  -22.906  60.960 0.0000000000
51493  -47.794  -22.517  61.313 0.0000000000
51494  -48.373  -22.079  61.659 0.0000000000
43671  -48.298  -31.195  68.132 0.0000000000
41828  -48.411  -32.310  67.827 0.0000000000
41840  -48.764  -31.769  67.300 0.0000000000
140932  -47.976  -32.031  66.567 0.0000000000
42792  -46.575  -31.456  65.922 0.0000000000
44667  -44.618  -29.573  64.515 0.0000000000
43726  -42.524  -30.476  63.549 0.0000000000
43731  -42.148  -30.104  62.946 0.0000000000
117164  -41.138  -30.134  61.957 0.0000000000
44695  -40.774  -29.749  61.288 0.0000000000
45664  -41.436  -28.311  60.601 0.0000000000
47532  -43.154  -26.677  61.067 0.0000000000
47550  -42.528  -25.982  59.565 0.0000000000
138519  -32.035  -31.459  74.071 0.0000000000
137512  -32.401  -32.053  73.742 0.0000000000
40790  -32.412  -33.622  73.212 0.0000000000
39794  -32.933  -34.130  72.802 0.0000000000
38886  -34.256  -35.782  71.434 0.0000000000
39840  -33.619  -35.311  71.281 0.0000000000
39872  -33.089  -34.613  69.048 0.0000000000
40864  -32.730  -34.206  68.060 0.0000000000
136991  -33.468  -34.549  68.321 0.0000000000
40882  -33.557  -34.278  67.545 0.0000000000
40899  -33.823  -33.834  66.575 0.0000000000
51548  -43.704  -22.634  57.329 0.0000000000
53529  -46.156  -20.797  56.904 0.0000000000
53534  -50.833  -20.451  57.353 0.0000000000
125461  -52.291  -20.435  56.910 0.0000000000
53551  -53.105  -20.395  56.790 0.0000000000
53537  -54.149  -20.612  58.185 0.0000000000
39809  -39.551  -34.974  73.070 0.0000000000
38868  -39.787  -35.856  73.335 0.0000000000
38869  -40.337  -36.103  72.799 0.0000000000
37121  -41.179  -38.092  71.135 0.0000000000
124856  -43.596  -37.950  68.947 0.0000000000
37138  -42.696  -38.227  69.314 0.0000000000
36256  -43.041  -38.534  68.635 0.0000000000
36270  -42.196  -38.940  67.130 0.0000000000
36278  -41.876  -39.105  66.404 0.0000000000
36277  -41.316  -38.762  66.001 0.0000000000
36288  -41.817  -39.248  65.616 0.0000000000
35412  -42.147  -39.343  64.912 0.0000000000
35435  -41.664  -39.279  63.497 0.0000000000
133695  -44.567  -33.720  66.312 0.0000000000
39902  -44.796  -34.596  66.690 0.0000000000
40903  -43.857  -34.128  66.187 0.0000000000
39912  -43.085  -34.640  65.873 0.0000000000
39953  -40.517  -34.662  61.202 0.0000000000
117316  -40.709  -35.238  60.625 0.0000000000
39005  -41.267  -35.966  60.767 0.0000000000
38120  -41.636  -36.877  60.832 0.0000000000
38137  -41.234  -36.619  60.112 0.0000000000
37251  -41.013  -37.330  59.591 0.0000000000
41758  -37.723  -32.345  74.696 0.0000000000
43600  -40.838  -30.904  71.897 0.0000000000
43629  -40.665  -31.138  70.868 0.0000000000
43612  -41.403  -30.590  71.290 0.0000000000
44593  -45.452  -28.732  68.117 0.0000000000
51422  -48.133  -22.248  67.416 0.0000000000
52487  -47.261  -21.596  66.768 0.0000000000
138964  -46.818  -20.993  66.613 0.0000000000
54478  -47.930  -19.045  65.041 0.0000000000
55506  -49.386  -18.785  65.156 0.0000000000
58464  -50.062  -15.409  65.596 0.0000000000
57441  -50.796  -16.962  65.672 0.0000000000
56475  -51.115  -17.499  65.468 0.0000000000
55509  -51.842  -18.547  64.808 0.0000000000
54493  -52.304  -19.239  63.822 0.0000000000
55512  -52.316  -18.736  64.284 0.0000000000
55513  -52.778  -18.832  63.707 0.0000000000
56490  -52.918  -18.402  63.254 0.0000000000
56529  -50.393  -17.434  61.992 0.0000000000
56530  -51.923  -17.362  62.316 0.0000000000
133765  -52.860  -17.162  60.858 0.0000000000
56566  -52.741  -16.860  60.041 0.0000000000
57504  -52.353  -16.597  59.195 0.0000000000
58513  -47.354  -14.691  59.031 0.0000000000
56609  -46.836  -17.299  57.004 0.0000000000
56601  -49.761  -16.946  57.346 0.0000000000
56602  -50.471  -16.716  57.671 0.0000000000
57534  -52.936  -15.785  56.370 0.0000000000
57533  -52.014  -15.900  56.318 0.0000000000
57548  -51.524  -15.918  55.550 0.0000000000
57580  -48.292  -16.259  53.480 0.0000000000
58554  -49.815  -15.845  53.173 0.0000000000
58577  -51.530  -15.559  52.646 0.0000000000
63607  -50.465  -10.712  54.029 0.0000000000
62681  -49.051  -11.307  53.232 0.0000000000
63606  -49.746  -10.912  53.430 0.0000000000
62698  -49.294  -11.048  52.583 0.0000000000
129617  -46.997  -12.531  48.805 0.0000000000
61746  -46.998  -12.430  49.666 0.0000000000
35370  -30.029  -39.320  72.649 0.0000000000
38009  -28.737  -37.366  70.457 0.0000000000
37116  -29.166  -38.203  70.673 0.0000000000
37125  -28.933  -38.085  69.962 0.0000000000
36253  -28.180  -38.351  69.297 0.0000000000
122283  -26.252  -38.540  68.988 0.0000000000
131116  -26.442  -38.238  68.348 0.0000000000
37142  -26.006  -38.053  67.874 0.0000000000
37154  -25.632  -37.781  67.303 0.0000000000
40813  -30.393  -33.659  71.672 0.0000000000
40812  -29.453  -33.521  71.220 0.0000000000
40826  -29.238  -33.446  70.256 0.0000000000
39914  -26.950  -34.874  64.195 0.0000000000
38961  -27.279  -35.209  64.969 0.0000000000
38959  -25.888  -35.855  64.231 0.0000000000
38063  -24.991  -36.810  65.184 0.0000000000
128793  -23.280  -37.524  62.966 0.0000000000
37199  -23.450  -37.841  62.329 0.0000000000
35464  -23.747  -38.364  61.967 0.0000000000
35465  -24.136  -38.919  61.884 0.0000000000
37134  -38.993  -37.854  70.418 0.0000000000
38025  -38.113  -37.571  70.480 0.0000000000
38034  -38.432  -36.941  69.684 0.0000000000
38931  -38.211  -35.943  68.761 0.0000000000
39910  -37.806  -33.940  65.035 0.0000000000
40929  -37.264  -33.601  64.419 0.0000000000
40928  -36.488  -33.371  64.693 0.0000000000
40927  -35.499  -33.259  65.002 0.0000000000
40939  -35.919  -33.091  64.052 0.0000000000
41876  -35.366  -32.843  63.439 0.0000000000
41887  -34.573  -32.526  62.100 0.0000000000
135434  -33.248  -34.688  60.218 0.0000000000
39982  -33.452  -33.899  59.902 0.0000000000
48498  -45.134  -25.405  61.501 0.0000000000
49472  -46.939  -24.878  62.195 0.0000000000
43714  -49.504  -30.029  66.276 0.0000000000
135455  -48.997  -30.511  66.218 0.0000000000
44650  -48.199  -29.795  65.615 0.0000000000
44649  -47.092  -29.852  65.465 0.0000000000
44669  -46.342  -29.147  65.052 0.0000000000
45612  -44.891  -28.767  64.270 0.0000000000
45628  -43.727  -28.624  63.336 0.0000000000
45642  -43.363  -28.248  62.693 0.0000000000
46595  -43.672  -27.479  62.336 0.0000000000
46597  -45.175  -26.871  63.078 0.0000000000
47516  -44.167  -26.740  62.093 0.0000000000
56636  -56.830  -17.685  55.492 0.0000000000
41772  -34.358  -32.803  74.003 0.0000000000
39797  -35.351  -35.403  73.774 0.0000000000
38855  -35.024  -35.709  73.010 0.0000000000
38867  -34.441  -35.710  72.319 0.0000000000
38928  -35.073  -35.520  69.284 0.0000000000
51550  -45.199  -21.796  57.779 0.0000000000
53509  -47.049  -20.737  57.989 0.0000000000
118432  -49.141  -20.398  57.181 0.0000000000
118588  -50.258  -20.490  57.995 0.0000000000
53512  -49.698  -20.479  58.609 0.0000000000
39841  -41.243  -34.313  71.043 0.0000000000
128792  -41.850  -34.834  71.106 0.0000000000
39842  -42.426  -34.964  70.797 0.0000000000
39858  -43.571  -34.683  69.945 0.0000000000
38028  -43.547  -36.283  69.741 0.0000000000
36272  -43.612  -38.520  67.478 0.0000000000
41879  -41.130  -32.583  63.782 0.0000000000
40930  -41.378  -33.279  64.281 0.0000000000
40942  -40.818  -33.407  63.633 0.0000000000
40941  -40.342  -33.463  62.799 0.0000000000
40967  -40.254  -33.923  61.880 0.0000000000
40966  -39.714  -33.408  61.454 0.0000000000
39952  -40.008  -34.073  60.994 0.0000000000
39969  -39.868  -34.290  60.228 0.0000000000
39983  -39.813  -34.639  59.449 0.0000000000
39053  -39.394  -35.324  57.941 0.0000000000
39993  -39.075  -34.484  58.208 0.0000000000
40006  -38.116  -34.357  57.139 0.0000000000
41025  -37.413  -33.911  56.768 0.0000000000
46635  -39.449  -27.341  57.539 0.0000000000
46661  -38.142  -26.867  56.049 0.0000000000
47574  -37.808  -26.561  55.512 0.0000000000
47576  -39.139  -26.029  55.957 0.0000000000
57460  -50.563  -16.535  64.607 0.0000000000
56528  -48.687  -17.410  61.860 0.0000000000
56545  -48.946  -17.609  60.729 0.0000000000
60615  -47.556  -12.517  58.456 0.0000000000
59593  -47.033  -14.533  57.370 0.0000000000
59600  -46.370  -15.453  56.280 0.0000000000
57529  -46.505  -16.796  56.552 0.0000000000
56623  -46.863  -17.060  56.150 0.0000000000
56624  -47.338  -17.036  55.783 0.0000000000
57546  -49.673  -16.492  55.279 0.0000000000
57544  -47.647  -16.764  55.082 0.0000000000
57563  -48.364  -16.471  54.280 0.0000000000
123781  -47.873  -16.413  53.859 0.0000000000
57560  -46.345  -16.004  54.000 0.0000000000
57579  -47.382  -16.263  53.468 0.0000000000
57597  -47.983  -16.040  52.726 0.0000000000
58573  -47.635  -15.702  51.851 0.0000000000
63629  -51.614  -10.384  51.934 0.0000000000
118121  -50.262  -10.610  51.846 0.0000000000
127791  -50.915  -10.474  51.394 0.0000000000
63646  -48.922  -10.983  49.940 0.0000000000
37079  -27.765  -37.286  74.942 0.0000000000
37946  -27.432  -36.559  75.281 0.0000000000
120969  -27.544  -36.546  72.830 0.0000000000
131327  -27.447  -35.453  73.984 0.0000000000
37987  -27.722  -36.514  72.021 0.0000000000
38008  -28.031  -36.489  71.125 0.0000000000
38022  -28.319  -36.466  70.279 0.0000000000
40879  -29.755  -33.292  67.705 0.0000000000
40908  -28.784  -33.674  65.565 0.0000000000
39916  -28.214  -34.082  65.063 0.0000000000
121440  -28.434  -33.364  63.883 0.0000000000
40921  -28.010  -33.822  64.267 0.0000000000
39926  -26.638  -34.539  63.289 0.0000000000
38996  -25.323  -35.671  61.382 0.0000000000
38126  -25.467  -36.245  60.740 0.0000000000
39028  -26.848  -35.159  60.011 0.0000000000
38143  -26.719  -35.847  60.153 0.0000000000
38049  -40.005  -36.180  67.155 0.0000000000
133631  -39.445  -35.658  67.437 0.0000000000
38954  -39.437  -35.540  65.812 0.0000000000
38953  -38.948  -34.934  65.265 0.0000000000
38976  -39.312  -35.942  63.917 0.0000000000
38962  -38.881  -35.101  64.337 0.0000000000
39929  -38.370  -34.515  63.822 0.0000000000
39939  -37.553  -33.878  62.542 0.0000000000
49532  -41.265  -24.579  56.700 0.0000000000
49528  -41.981  -24.244  57.236 0.0000000000
49525  -43.094  -24.430  58.592 0.0000000000
50493  -43.271  -23.724  58.134 0.0000000000
50458  -44.901  -24.027  59.965 0.0000000000
50459  -45.595  -23.668  60.266 0.0000000000
119309  -48.928  -20.733  61.076 0.0000000000
42759  -45.403  -31.993  68.302 0.0000000000
41815  -45.413  -32.752  68.769 0.0000000000
139500  -46.135  -32.519  68.638 0.0000000000
39878  -47.315  -33.998  68.084 0.0000000000
39904  -46.826  -34.308  67.683 0.0000000000
40906  -47.929  -33.070  67.464 0.0000000000
40905  -47.311  -33.653  67.501 0.0000000000
40904  -45.446  -33.756  66.587 0.0000000000
41836  -44.891  -33.020  66.173 0.0000000000
43722  -44.353  -30.374  64.747 0.0000000000
43710  -44.896  -30.919  65.287 0.0000000000
42790  -44.627  -31.696  65.465 0.0000000000
42789  -43.783  -31.910  65.223 0.0000000000
41866  -43.025  -32.206  64.916 0.0000000000
41865  -42.407  -32.521  64.690 0.0000000000
42805  -40.931  -32.007  63.319 0.0000000000
42808  -40.405  -31.883  62.693 0.0000000000
43729  -40.761  -30.933  62.336 0.0000000000
42813  -40.011  -31.400  61.958 0.0000000000
42812  -39.327  -31.780  61.531 0.0000000000
42816  -38.949  -31.347  60.955 0.0000000000
43738  -38.555  -30.968  60.326 0.0000000000
43743  -38.174  -30.608  59.612 0.0000000000
44704  -38.433  -29.807  59.345 0.0000000000
117908  -38.888  -29.169  59.079 0.0000000000
44709  -38.939  -28.668  58.593 0.0000000000
46630  -39.786  -27.646  58.216 0.0000000000
45654  -42.393  -28.265  61.705 0.0000000000
46621  -41.749  -27.561  60.290 0.0000000000
45670  -41.111  -27.978  59.895 0.0000000000
46636  -40.143  -27.018  57.832 0.0000000000
47557  -39.793  -26.685  57.196 0.0000000000
47558  -40.443  -26.339  57.497 0.0000000000
47554  -41.423  -26.213  58.501 0.0000000000
48536  -40.708  -25.661  57.162 0.0000000000
48542  -40.892  -25.135  56.819 0.0000000000
62656  -49.405  -11.554  55.978 0.0000000000
63575  -49.894  -11.125  56.614 0.0000000000
63589  -49.950  -11.158  55.623 0.0000000000
63590  -50.561  -10.809  55.072 0.0000000000
63577  -51.834  -10.613  56.474 0.0000000000
135257  -51.260  -10.644  55.544 0.0000000000
63591  -51.236  -10.565  54.480 0.0000000000
117501  -52.193  -10.418  54.401 0.0000000000
63609  -52.511  -10.303  53.404 0.0000000000
63594  -54.810  -9.866  55.468 0.0000000000
123453  -54.074  -10.091  54.697 0.0000000000
63630  -52.365  -10.218  52.370 0.0000000000
63640  -52.241  -10.133  51.566 0.0000000000
64552  -52.761  -9.785  51.109 0.0000000000
133978  -53.194  -9.532  50.679 0.0000000000
64561  -52.596  -9.701  50.393 0.0000000000
40765  -30.294  -33.173  74.922 0.0000000000
40778  -30.517  -33.370  74.187 0.0000000000
40789  -30.798  -33.630  73.462 0.0000000000
126528  -31.533  -33.614  73.392 0.0000000000
40802  -30.626  -33.778  72.658 0.0000000000
117689  -30.686  -33.482  70.108 0.0000000000
39806  -32.684  -34.457  72.387 0.0000000000
138060  -33.032  -34.930  71.226 0.0000000000
39821  -32.447  -34.553  71.652 0.0000000000
39838  -31.668  -33.888  70.167 0.0000000000
40845  -31.095  -33.540  69.492 0.0000000000
133696  -30.571  -33.325  67.973 0.0000000000
124734  -30.691  -33.352  67.169 0.0000000000
40897  -31.301  -33.379  66.400 0.0000000000
40881  -32.233  -33.807  67.401 0.0000000000
126052  -31.887  -33.298  65.777 0.0000000000
41847  -30.750  -33.057  64.911 0.0000000000
41859  -31.371  -32.895  64.428 0.0000000000
41872  -31.290  -32.670  63.683 0.0000000000
117538  -31.365  -32.438  62.825 0.0000000000
51555  -42.726  -22.725  56.322 0.0000000000
51561  -42.441  -22.480  55.584 0.0000000000
52587  -42.867  -21.884  55.134 0.0000000000
52576  -44.875  -21.647  57.152 0.0000000000
52582  -44.602  -21.474  56.378 0.0000000000
52589  -44.334  -21.293  55.609 0.0000000000
125897  -54.683  -19.893  56.258 0.0000000000
55582  -55.976  -19.298  57.137 0.0000000000
38849  -37.939  -36.225  75.388 0.0000000000
37959  -37.843  -36.917  74.961 0.0000000000
37081  -38.347  -37.200  74.404 0.0000000000
37093  -38.422  -37.740  73.757 0.0000000000
36231  -39.007  -38.576  72.196 0.0000000000
136929  -39.797  -37.634  72.814 0.0000000000
37105  -39.373  -38.290  72.501 0.0000000000
36237  -38.939  -38.571  71.689 0.0000000000
36245  -39.395  -38.466  71.078 0.0000000000
139116  -40.060  -37.840  69.845 0.0000000000
38035  -40.165  -37.320  69.168 0.0000000000
38888  -41.621  -36.024  71.619 0.0000000000
38014  -41.483  -37.028  71.518 0.0000000000
37129  -41.508  -38.231  70.330 0.0000000000
37137  -41.955  -38.379  69.566 0.0000000000
122288  -41.312  -38.312  69.811 0.0000000000
37136  -41.016  -37.937  69.103 0.0000000000
38042  -40.569  -37.280  68.411 0.0000000000
38059  -40.487  -36.923  66.811 0.0000000000
38068  -40.354  -37.050  65.974 0.0000000000
38078  -40.226  -37.284  65.186 0.0000000000
36287  -41.074  -38.807  65.114 0.0000000000
37181  -40.411  -38.054  64.580 0.0000000000
37180  -40.046  -37.603  63.862 0.0000000000
36333  -39.941  -39.263  61.038 0.0000000000
40852  -46.027  -34.081  68.846 0.0000000000
39876  -45.922  -34.983  68.648 0.0000000000
38940  -45.889  -35.790  68.018 0.0000000000
38947  -44.813  -36.159  67.287 0.0000000000
38939  -45.347  -36.431  67.881 0.0000000000
38061  -44.554  -37.082  67.361 0.0000000000
38060  -43.965  -37.314  66.589 0.0000000000
137696  -43.627  -38.103  65.970 0.0000000000
39919  -41.242  -34.182  64.114 0.0000000000
39920  -41.822  -34.671  64.771 0.0000000000
38965  -42.066  -35.549  64.558 0.0000000000
38977  -41.627  -35.658  63.074 0.0000000000
38978  -42.090  -36.055  63.851 0.0000000000
38079  -42.580  -36.477  64.620 0.0000000000
117914  -42.880  -37.440  64.252 0.0000000000
37182  -43.052  -38.227  64.445 0.0000000000
36307  -42.641  -38.751  63.929 0.0000000000
35455  -42.194  -38.998  63.277 0.0000000000
35454  -41.554  -39.194  62.654 0.0000000000
37223  -41.758  -37.802  61.058 0.0000000000
36334  -41.581  -38.629  61.376 0.0000000000
35477  -41.183  -39.221  61.838 0.0000000000
35476  -40.484  -39.219  61.628 0.0000000000
125418  -50.893  -26.005  64.446 0.0000000000
48442  -50.791  -25.179  64.314 0.0000000000
49434  -51.055  -25.011  65.254 0.0000000000
49433  -50.582  -24.475  65.972 0.0000000000
50385  -49.462  -23.384  67.448 0.0000000000
39756  -28.662  -34.039  77.293 0.0000000000
39763  -28.551  -34.093  76.459 0.0000000000
40752  -30.049  -33.144  76.406 0.0000000000
43566  -31.385  -31.195  74.494 0.0000000000
43568  -32.993  -31.043  74.784 0.0000000000
42665  -33.579  -31.272  75.542 0.0000000000
42681  -34.129  -32.007  75.278 0.0000000000
41741  -34.627  -32.787  76.306 0.0000000000
40767  -35.570  -34.685  76.837 0.0000000000
38832  -36.426  -35.371  77.054 0.0000000000
38833  -36.954  -35.718  76.753 0.0000000000
39766  -37.091  -35.049  77.086 0.0000000000
39775  -37.554  -35.227  76.369 0.0000000000
39784  -37.988  -35.458  75.603 0.0000000000
39798  -38.255  -34.873  74.784 0.0000000000
41757  -37.634  -33.255  74.372 0.0000000000
40794  -38.282  -34.261  73.814 0.0000000000
39808  -38.824  -34.600  73.380 0.0000000000
40805  -39.060  -34.078  72.548 0.0000000000
40817  -39.820  -33.755  71.382 0.0000000000
41780  -38.963  -32.770  71.756 0.0000000000
40829  -39.511  -33.106  71.033 0.0000000000
40830  -40.324  -33.529  70.729 0.0000000000
40847  -40.713  -32.987  69.971 0.0000000000
41801  -41.318  -32.540  69.484 0.0000000000
42735  -40.817  -31.451  70.014 0.0000000000
42744  -41.362  -31.742  69.334 0.0000000000
41812  -41.801  -32.204  69.013 0.0000000000
41813  -42.495  -32.263  68.805 0.0000000000
42756  -42.784  -31.567  68.465 0.0000000000
42757  -43.651  -31.486  68.138 0.0000000000
137952  -43.045  -29.618  69.444 0.0000000000
44575  -42.779  -30.065  68.864 0.0000000000
42770  -44.588  -31.359  67.893 0.0000000000
42771  -45.534  -31.202  67.868 0.0000000000
44612  -46.039  -29.489  67.671 0.0000000000
43688  -46.743  -30.307  67.794 0.0000000000
43689  -47.781  -30.426  68.076 0.0000000000
43690  -48.731  -30.689  67.819 0.0000000000
44615  -48.993  -29.803  67.729 0.0000000000
45546  -48.109  -28.142  68.386 0.0000000000
45559  -48.968  -28.708  67.947 0.0000000000
45560  -49.708  -29.247  67.258 0.0000000000
44633  -49.733  -29.810  66.666 0.0000000000
45576  -50.109  -29.011  66.487 0.0000000000
46541  -50.580  -27.624  65.418 0.0000000000
46563  -50.267  -27.318  64.825 0.0000000000
47480  -50.828  -26.797  64.820 0.0000000000
134788  -50.194  -24.928  63.599 0.0000000000
140722  -50.369  -24.577  64.009 0.0000000000
49459  -49.828  -24.289  63.509 0.0000000000
51436  -48.359  -23.010  65.997 0.0000000000
50406  -48.755  -23.358  65.202 0.0000000000
137169  -49.451  -23.672  63.559 0.0000000000
51472  -49.000  -22.946  63.439 0.0000000000
128559  -46.632  -20.082  67.448 0.0000000000
53414  -46.565  -20.378  66.496 0.0000000000
130011  -46.051  -18.885  66.113 0.0000000000
53425  -46.682  -20.300  65.659 0.0000000000
52495  -47.305  -21.391  65.209 0.0000000000
129848  -48.410  -22.143  63.805 0.0000000000
52512  -48.700  -21.667  63.067 0.0000000000
53455  -48.987  -20.919  62.803 0.0000000000
53465  -49.669  -20.393  61.693 0.0000000000
56472  -48.402  -17.278  65.789 0.0000000000
55498  -50.796  -17.941  65.573 0.0000000000
55507  -50.542  -18.578  65.285 0.0000000000
54503  -50.515  -19.829  63.364 0.0000000000
53466  -50.552  -20.078  61.414 0.0000000000
54537  -51.627  -19.886  61.223 0.0000000000
54505  -52.497  -19.450  62.975 0.0000000000
53480  -53.021  -20.199  60.252 0.0000000000
56531  -52.981  -17.864  62.408 0.0000000000
54525  -53.437  -19.142  61.436 0.0000000000
54550  -53.530  -19.855  60.238 0.0000000000
53497  -53.639  -20.282  59.573 0.0000000000
54562  -54.416  -20.036  58.868 0.0000000000
54563  -54.867  -19.739  58.264 0.0000000000
56604  -54.761  -18.074  57.707 0.0000000000
56543  -47.553  -17.165  60.623 0.0000000000
56544  -48.046  -17.529  60.745 0.0000000000
56580  -46.879  -17.368  58.956 0.0000000000
56598  -46.900  -17.472  58.027 0.0000000000
131816  -47.496  -17.512  59.409 0.0000000000
57511  -51.285  -16.507  58.050 0.0000000000
57512  -52.109  -16.428  58.388 0.0000000000
57514  -53.278  -16.712  58.193 0.0000000000
56614  -55.277  -17.599  56.980 0.0000000000
57549  -54.949  -16.248  55.979 0.0000000000
58541  -54.721  -15.514  54.734 0.0000000000
57566  -51.125  -15.875  54.769 0.0000000000
124684  -51.678  -15.640  54.094 0.0000000000
138998  -52.245  -15.574  54.409 0.0000000000
58557  -53.576  -15.449  54.019 0.0000000000
62663  -48.946  -11.749  55.131 0.0000000000
61709  -47.573  -12.513  53.361 0.0000000000
62680  -48.532  -11.698  53.474 0.0000000000
61708  -46.991  -13.061  52.914 0.0000000000
58595  -46.516  -15.233  51.671 0.0000000000
58596  -46.952  -15.469  51.294 0.0000000000
62707  -49.578  -10.822  51.832 0.0000000000
61737  -46.565  -13.024  50.158 0.0000000000
60677  -46.330  -13.807  50.649 0.0000000000
59662  -46.378  -14.705  50.877 0.0000000000
118170  -47.571  -15.545  51.031 0.0000000000
58597  -48.441  -15.613  51.138 0.0000000000
37080  -28.509  -37.878  74.451 0.0000000000
36228  -29.678  -38.712  72.098 0.0000000000
35379  -29.720  -39.248  71.912 0.0000000000
118836  -29.088  -38.654  70.518 0.0000000000
118790  -23.316  -39.307  68.813 0.0000000000
36260  -24.605  -38.534  68.478 0.0000000000
36259  -23.740  -38.700  68.252 0.0000000000
40787  -29.322  -33.681  73.763 0.0000000000
39805  -28.230  -34.210  72.198 0.0000000000
40811  -28.831  -33.715  71.731 0.0000000000
39819  -28.215  -34.219  71.276 0.0000000000
39837  -27.824  -34.917  70.772 0.0000000000
38905  -28.076  -35.577  70.095 0.0000000000
129776  -28.561  -36.503  68.786 0.0000000000
38039  -28.463  -36.842  68.304 0.0000000000
40859  -28.741  -33.769  67.869 0.0000000000
39886  -28.506  -34.459  67.434 0.0000000000
38952  -27.534  -35.473  65.606 0.0000000000
38945  -28.352  -35.438  67.005 0.0000000000
38936  -28.447  -35.287  67.803 0.0000000000
38057  -28.330  -36.324  67.554 0.0000000000
38047  -27.811  -36.897  67.155 0.0000000000
138636  -27.798  -37.264  67.607 0.0000000000
37164  -26.372  -37.433  66.897 0.0000000000
37163  -25.417  -37.451  66.608 0.0000000000
37162  -24.502  -37.474  66.286 0.0000000000
37172  -24.498  -37.185  65.624 0.0000000000
128409  -23.691  -37.572  65.774 0.0000000000
135925  -24.564  -37.498  61.340 0.0000000000
37103  -37.139  -37.900  73.293 0.0000000000
37990  -36.459  -37.544  72.579 0.0000000000
123828  -37.332  -37.314  70.607 0.0000000000
38024  -36.537  -37.011  70.676 0.0000000000
38012  -36.169  -37.317  71.582 0.0000000000
133364  -35.653  -36.532  70.595 0.0000000000
119007  -35.754  -35.902  69.553 0.0000000000
38929  -35.600  -35.388  68.766 0.0000000000
38937  -38.075  -35.147  67.900 0.0000000000
119358  -37.684  -34.002  65.912 0.0000000000
39898  -37.458  -34.280  66.729 0.0000000000
39890  -37.205  -34.748  67.595 0.0000000000
39889  -36.359  -34.779  67.716 0.0000000000
39874  -35.600  -34.958  68.049 0.0000000000
132481  -34.944  -34.647  67.691 0.0000000000
40925  -33.962  -33.127  65.019 0.0000000000
40926  -34.690  -33.130  64.855 0.0000000000
41862  -34.338  -32.927  64.314 0.0000000000
41861  -33.521  -32.874  64.345 0.0000000000
41885  -32.260  -32.396  62.558 0.0000000000
117537  -31.593  -32.297  61.782 0.0000000000
38101  -38.792  -36.409  60.981 0.0000000000
39021  -38.096  -35.748  60.601 0.0000000000
39002  -37.707  -34.906  61.029 0.0000000000
129394  -37.288  -34.118  61.460 0.0000000000
139936  -36.243  -33.429  61.385 0.0000000000
40965  -35.965  -33.118  61.711 0.0000000000
41904  -35.094  -32.833  61.392 0.0000000000
137914  -34.327  -32.582  61.387 0.0000000000
41920  -33.419  -32.759  60.494 0.0000000000
41901  -32.977  -32.407  60.951 0.0000000000
41900  -32.165  -32.334  60.974 0.0000000000
118521  -31.412  -32.302  60.957 0.0000000000
41917  -30.790  -32.436  60.428 0.0000000000
41933  -29.892  -33.018  59.605 0.0000000000
130502  -29.230  -34.216  59.579 0.0000000000
35369  -29.945  -39.550  72.436 0.0000000000
35422  -41.836  -39.320  64.222 0.0000000000
35436  -42.209  -39.206  63.855 0.0000000000
35453  -40.919  -39.304  62.337 0.0000000000
35475  -40.229  -39.304  60.891 0.0000000000
36217  -30.022  -38.859  73.158 0.0000000000
36230  -38.562  -38.347  72.899 0.0000000000
36239  -40.048  -38.548  71.061 0.0000000000
36252  -27.160  -38.655  69.444 0.0000000000
36263  -42.454  -38.748  68.102 0.0000000000
36264  -43.169  -38.725  67.980 0.0000000000
36319  -41.824  -38.755  62.019 0.0000000000
36340  -25.856  -37.811  60.859 0.0000000000
37101  -27.934  -37.069  72.343 0.0000000000
37102  -28.749  -37.765  72.203 0.0000000000
37126  -37.023  -37.741  71.335 0.0000000000
37127  -37.795  -37.999  71.146 0.0000000000
37128  -38.579  -38.223  71.052 0.0000000000
37153  -24.565  -37.862  67.135 0.0000000000
37155  -27.239  -37.438  67.364 0.0000000000
37159  -44.332  -37.816  67.756 0.0000000000
37183  -43.266  -38.420  65.191 0.0000000000
37268  -40.260  -37.771  58.690 0.0000000000
37947  -37.300  -36.519  75.571 0.0000000000
37960  -38.645  -36.350  74.555 0.0000000000
37972  -27.467  -36.645  73.621 0.0000000000
37991  -39.745  -36.830  73.297 0.0000000000
38043  -45.124  -36.641  68.292 0.0000000000
38048  -28.174  -37.078  67.837 0.0000000000
38104  -42.467  -37.208  62.891 0.0000000000
38127  -27.238  -36.391  60.238 0.0000000000
38145  -28.130  -35.420  59.868 0.0000000000
38856  -35.617  -36.184  73.587 0.0000000000
38885  -33.838  -35.427  71.875 0.0000000000
38908  -42.440  -35.733  70.806 0.0000000000
38921  -44.138  -35.285  69.559 0.0000000000
38932  -45.043  -36.210  68.720 0.0000000000
38934  -46.315  -35.131  68.124 0.0000000000
38944  -28.026  -35.277  66.190 0.0000000000
39004  -40.999  -35.339  61.297 0.0000000000
39010  -25.760  -35.470  60.782 0.0000000000
39791  -27.676  -34.865  73.562 0.0000000000
39795  -33.986  -34.139  73.013 0.0000000000
39888  -35.749  -34.474  67.329 0.0000000000
39891  -38.000  -34.628  67.187 0.0000000000
39908  -27.813  -34.817  65.411 0.0000000000
39917  -37.887  -33.958  64.161 0.0000000000
39938  -27.142  -33.778  62.820 0.0000000000
39960  -26.270  -35.000  60.513 0.0000000000
39961  -26.826  -34.471  60.236 0.0000000000
39962  -27.354  -33.985  59.973 0.0000000000
39981  -31.883  -33.913  59.714 0.0000000000
40844  -30.275  -33.312  69.321 0.0000000000
40867  -47.671  -33.399  68.190 0.0000000000
40885  -47.320  -34.061  67.952 0.0000000000
40910  -30.983  -33.204  65.658 0.0000000000
40911  -32.720  -33.367  65.784 0.0000000000
40912  -33.537  -33.405  65.756 0.0000000000
40918  -44.043  -33.259  65.888 0.0000000000
40924  -29.972  -33.059  64.673 0.0000000000
40950  -27.408  -33.333  61.966 0.0000000000
40964  -27.414  -33.267  61.057 0.0000000000
40988  -27.938  -33.680  59.805 0.0000000000
40990  -29.526  -33.585  59.550 0.0000000000
40991  -30.354  -33.518  59.558 0.0000000000
40992  -31.218  -33.376  59.624 0.0000000000
40994  -32.896  -33.112  59.967 0.0000000000
41802  -42.142  -32.844  69.338 0.0000000000
41803  -44.483  -33.043  69.103 0.0000000000
41818  -48.239  -31.914  68.235 0.0000000000
41827  -48.180  -33.008  67.927 0.0000000000
41839  -48.375  -32.434  67.438 0.0000000000
41858  -30.586  -32.851  64.148 0.0000000000
41864  -41.795  -32.488  64.302 0.0000000000
41869  -28.986  -33.032  63.893 0.0000000000
41882  -28.957  -32.602  62.428 0.0000000000
41884  -30.656  -32.353  62.274 0.0000000000
41899  -30.710  -32.280  61.358 0.0000000000
41902  -33.717  -32.500  61.076 0.0000000000
41914  -28.118  -32.840  60.758 0.0000000000
41915  -28.962  -32.597  60.438 0.0000000000
41916  -29.856  -32.611  60.061 0.0000000000
41918  -31.761  -32.517  60.411 0.0000000000
41919  -32.576  -32.623  60.413 0.0000000000
41932  -29.185  -33.032  59.710 0.0000000000
42698  -33.178  -32.059  73.802 0.0000000000
42760  -47.334  -31.902  68.437 0.0000000000
42780  -47.296  -32.110  66.408 0.0000000000
43702  -49.139  -31.245  66.855 0.0000000000
43725  -41.888  -30.847  63.277 0.0000000000
44616  -49.476  -30.273  67.167 0.0000000000
46560  -46.776  -27.563  64.378 0.0000000000
47462  -51.075  -26.848  65.468 0.0000000000
47478  -48.892  -26.647  64.227 0.0000000000
48443  -51.119  -25.599  64.838 0.0000000000
50398  -50.068  -23.914  66.759 0.0000000000
52486  -46.797  -21.062  65.901 0.0000000000
54468  -46.410  -19.656  65.845 0.0000000000
56581  -48.119  -17.627  58.968 0.0000000000
57545  -48.711  -16.667  55.137 0.0000000000
57561  -46.729  -16.312  54.108 0.0000000000
58572  -46.528  -15.528  52.608 0.0000000000
58598  -49.820  -15.600  51.469 0.0000000000
58618  -46.750  -14.902  50.156 0.0000000000
59609  -46.493  -14.003  54.172 0.0000000000
59636  -46.116  -14.522  52.794 0.0000000000
59677  -46.742  -14.364  49.501 0.0000000000
60672  -46.340  -13.680  51.514 0.0000000000
61730  -46.625  -12.990  51.069 0.0000000000
61745  -46.667  -13.103  49.311 0.0000000000
62696  -48.033  -11.986  52.931 0.0000000000
62715  -47.789  -11.846  50.997 0.0000000000
63566  -51.865  -10.536  57.315 0.0000000000
63608  -51.444  -10.474  53.508 0.0000000000
63610  -53.641  -10.067  53.834 0.0000000000
64551  -52.090  -10.044  50.860 0.0000000000
117535  -33.253  -32.383  61.536 0.0000000000
119932  -31.901  -34.185  71.050 0.0000000000
120127  -46.497  -33.734  66.980 0.0000000000
121398  -36.251  -35.787  75.971 0.0000000000
121913  -50.638  -10.604  53.186 0.0000000000
122470  -46.406  -33.232  68.757 0.0000000000
123225  -51.207  -26.212  65.015 0.0000000000
125206  -50.023  -10.632  51.152 0.0000000000
126269  -37.881  -38.132  73.446 0.0000000000
130235  -50.312  -25.640  63.938 0.0000000000
134186  -42.538  -38.433  63.179 0.0000000000
134280  -51.640  -10.407  52.722 0.0000000000
134660  -31.975  -32.546  63.320 0.0000000000
135063  -41.335  -35.801  61.349 0.0000000000
135095  -36.497  -35.684  76.644 0.0000000000
135717  -28.717  -37.335  69.718 0.0000000000
136602  -34.618  -33.422  60.436 0.0000000000
137797  -49.195  -30.531  67.453 0.0000000000
139486  -46.241  -15.350  52.860 0.0000000000
139641  -47.304  -13.047  54.349 0.0000000000
140493  -40.314  -34.650  60.581 0.0000000000
140699  -46.579  -15.185  56.973 0.0000000000
140795  -53.871  -16.425  56.973 0.0000000000
140871  -47.277  -33.156  68.505 0.0000000000
141057  -29.805  -32.655  63.265 0.0000000000
