#!ascii label  , from subject sub-v1s5x0050747_ses-1 vox2ras=TkReg
699
39869  30.548  -32.611  81.691 0.0000000000
59666  48.537  -14.710  65.826 0.0000000000
64670  52.808  -8.745  67.686 0.0000000000
47812  49.847  -25.061  72.584 0.0000000000
45393  33.946  -27.783  75.455 0.0000000000
43104  32.136  -28.964  79.364 0.0000000000
63715  49.124  -10.352  68.658 0.0000000000
126705  50.307  -15.742  72.092 0.0000000000
46587  45.423  -26.322  75.345 0.0000000000
42037  38.946  -30.011  76.601 0.0000000000
66894  56.905  -7.581  60.243 0.0000000000
67999  54.622  -5.847  61.883 0.0000000000
142232  47.192  -22.967  69.914 0.0000000000
54353  48.206  -18.780  72.438 0.0000000000
44215  31.057  -27.734  78.625 0.0000000000
134263  31.095  -30.072  81.319 0.0000000000
61798  48.961  -12.684  66.950 0.0000000000
61720  49.828  -12.345  71.539 0.0000000000
59601  48.554  -14.557  70.997 0.0000000000
40990  46.050  -31.860  72.749 0.0000000000
44200  35.399  -28.376  79.445 0.0000000000
44220  37.099  -28.857  76.378 0.0000000000
41979  37.355  -30.952  78.746 0.0000000000
66907  54.994  -7.371  58.528 0.0000000000
64731  56.170  -8.807  60.080 0.0000000000
128361  56.297  -8.065  60.533 0.0000000000
66793  50.714  -7.077  65.959 0.0000000000
66843  50.648  -7.403  62.465 0.0000000000
69018  53.684  -5.060  65.797 0.0000000000
66812  54.332  -6.666  64.536 0.0000000000
132544  53.376  -9.900  66.481 0.0000000000
46593  47.613  -26.201  74.261 0.0000000000
47815  45.965  -24.884  72.960 0.0000000000
50080  47.438  -23.035  73.815 0.0000000000
128511  47.509  -20.814  70.525 0.0000000000
52242  49.140  -21.545  73.312 0.0000000000
52270  50.414  -20.841  71.682 0.0000000000
122193  50.750  -23.747  70.801 0.0000000000
45358  33.301  -27.026  78.922 0.0000000000
65712  48.416  -9.509  65.020 0.0000000000
64654  50.304  -8.975  69.306 0.0000000000
61744  51.333  -12.566  70.374 0.0000000000
58447  51.428  -14.986  69.904 0.0000000000
43132  42.348  -29.186  76.220 0.0000000000
133548  44.864  -28.471  75.692 0.0000000000
134947  47.590  -29.091  73.639 0.0000000000
44281  49.100  -28.676  71.719 0.0000000000
46632  50.198  -27.061  69.742 0.0000000000
42059  40.625  -30.540  74.880 0.0000000000
40940  41.630  -31.648  76.926 0.0000000000
131758  56.503  -8.794  58.188 0.0000000000
64733  53.278  -8.445  59.554 0.0000000000
65726  56.361  -7.636  61.892 0.0000000000
64705  52.238  -9.706  62.826 0.0000000000
57359  47.910  -16.565  69.521 0.0000000000
56298  49.174  -17.350  73.102 0.0000000000
55373  50.358  -18.763  70.643 0.0000000000
38869  31.169  -33.228  81.536 0.0000000000
40875  31.030  -31.719  81.784 0.0000000000
39881  31.747  -32.566  80.627 0.0000000000
128319  48.857  -13.698  66.872 0.0000000000
145395  48.845  -13.618  68.773 0.0000000000
145534  48.651  -14.530  68.373 0.0000000000
43084  36.244  -29.404  79.138 0.0000000000
65764  54.017  -7.910  58.229 0.0000000000
65753  55.057  -7.758  59.369 0.0000000000
65754  54.352  -8.108  59.186 0.0000000000
66770  51.805  -6.464  67.217 0.0000000000
67935  52.585  -5.406  66.041 0.0000000000
66750  52.875  -6.952  67.366 0.0000000000
66790  53.687  -6.983  66.350 0.0000000000
47814  48.642  -25.482  73.596 0.0000000000
131973  47.833  -24.261  74.334 0.0000000000
49019  48.303  -23.559  74.017 0.0000000000
51156  48.358  -22.426  73.696 0.0000000000
50096  49.888  -23.603  72.714 0.0000000000
134029  50.101  -22.892  72.523 0.0000000000
49039  50.791  -24.924  71.209 0.0000000000
45360  31.675  -27.024  77.914 0.0000000000
44202  32.357  -27.721  79.695 0.0000000000
44213  33.115  -27.979  79.649 0.0000000000
62809  48.118  -10.305  65.726 0.0000000000
64699  47.515  -10.291  64.221 0.0000000000
64680  48.680  -9.669  66.241 0.0000000000
65684  49.589  -8.525  66.918 0.0000000000
64655  49.746  -9.181  69.086 0.0000000000
63692  50.875  -10.308  69.988 0.0000000000
62727  49.986  -10.938  70.812 0.0000000000
59591  50.015  -14.013  72.301 0.0000000000
59599  50.955  -13.798  71.073 0.0000000000
58448  50.947  -15.473  70.463 0.0000000000
57378  50.850  -16.797  68.974 0.0000000000
56348  50.444  -17.349  69.636 0.0000000000
43114  42.946  -30.190  76.580 0.0000000000
43131  43.449  -28.758  76.313 0.0000000000
42033  44.360  -30.336  75.750 0.0000000000
42077  46.904  -30.733  73.416 0.0000000000
44269  48.207  -29.026  73.055 0.0000000000
43116  38.252  -29.605  76.634 0.0000000000
43155  38.344  -29.628  74.819 0.0000000000
42036  39.575  -30.263  75.983 0.0000000000
42012  41.409  -30.548  76.758 0.0000000000
42013  40.704  -30.981  77.227 0.0000000000
68029  56.292  -6.113  58.263 0.0000000000
65751  57.338  -8.026  59.951 0.0000000000
64722  55.557  -9.481  60.802 0.0000000000
137609  52.064  -6.238  62.242 0.0000000000
65734  50.949  -8.136  60.897 0.0000000000
66872  52.030  -7.928  60.587 0.0000000000
65739  52.780  -8.308  60.045 0.0000000000
66856  54.176  -6.903  61.170 0.0000000000
66870  55.622  -7.298  61.046 0.0000000000
67998  55.925  -6.115  62.346 0.0000000000
64685  52.181  -9.444  65.037 0.0000000000
65717  53.779  -7.680  63.733 0.0000000000
45390  44.235  -26.851  75.399 0.0000000000
46594  44.818  -26.048  73.976 0.0000000000
50116  46.807  -24.056  71.429 0.0000000000
47826  46.305  -25.300  70.704 0.0000000000
120807  47.627  -19.885  70.855 0.0000000000
54369  47.485  -19.657  69.503 0.0000000000
121344  47.637  -18.509  70.513 0.0000000000
56371  47.565  -17.805  68.999 0.0000000000
56329  47.726  -17.723  70.567 0.0000000000
138528  48.114  -16.649  71.344 0.0000000000
55354  48.601  -17.958  72.834 0.0000000000
52284  50.492  -21.203  70.620 0.0000000000
53321  50.487  -20.308  70.993 0.0000000000
53328  50.321  -20.520  69.972 0.0000000000
53338  49.831  -20.113  68.399 0.0000000000
43090  30.903  -28.743  80.326 0.0000000000
138269  31.408  -29.386  80.369 0.0000000000
40926  31.745  -30.975  77.729 0.0000000000
131982  31.749  -31.658  80.038 0.0000000000
62765  48.934  -11.011  67.795 0.0000000000
62749  49.596  -11.023  70.549 0.0000000000
61745  48.985  -12.274  70.133 0.0000000000
137729  48.980  -13.118  71.262 0.0000000000
58421  49.746  -14.699  72.555 0.0000000000
44222  34.896  -27.802  76.990 0.0000000000
44233  35.735  -28.515  75.350 0.0000000000
44211  36.474  -28.612  78.387 0.0000000000
43099  37.526  -29.613  78.381 0.0000000000
41993  38.202  -30.939  78.424 0.0000000000
40922  39.528  -32.101  77.972 0.0000000000
39896  38.249  -32.562  78.406 0.0000000000
66906  56.185  -7.148  59.462 0.0000000000
64730  56.659  -8.716  59.989 0.0000000000
66895  56.095  -7.623  60.040 0.0000000000
124721  56.230  -8.922  60.775 0.0000000000
64721  56.262  -8.703  61.143 0.0000000000
65710  50.024  -7.875  64.095 0.0000000000
66828  50.658  -7.188  63.351 0.0000000000
130027  52.053  -5.576  64.071 0.0000000000
130125  53.657  -4.813  63.522 0.0000000000
69050  55.335  -5.101  63.547 0.0000000000
66811  54.493  -5.635  65.105 0.0000000000
64684  52.862  -8.502  65.385 0.0000000000
46585  46.684  -25.858  74.908 0.0000000000
47807  45.876  -25.126  74.753 0.0000000000
49021  46.555  -24.468  74.529 0.0000000000
50081  46.986  -23.734  74.274 0.0000000000
50098  47.086  -22.976  72.882 0.0000000000
51190  47.327  -22.380  70.429 0.0000000000
52271  47.479  -21.910  72.320 0.0000000000
53308  48.064  -20.747  72.834 0.0000000000
53307  48.706  -20.255  72.968 0.0000000000
53306  49.279  -19.996  72.864 0.0000000000
124579  49.778  -21.404  72.784 0.0000000000
51179  50.515  -22.151  71.543 0.0000000000
50148  50.644  -23.489  69.995 0.0000000000
45382  30.920  -27.153  75.659 0.0000000000
137572  31.811  -26.849  76.116 0.0000000000
45379  33.406  -27.330  76.416 0.0000000000
45357  34.366  -27.392  78.949 0.0000000000
43086  34.717  -28.586  79.418 0.0000000000
66794  49.708  -8.198  65.084 0.0000000000
65683  50.348  -7.851  67.330 0.0000000000
65652  51.936  -8.284  68.410 0.0000000000
62764  51.692  -10.549  69.271 0.0000000000
61743  51.900  -12.134  69.469 0.0000000000
59626  52.441  -14.461  68.694 0.0000000000
60673  50.869  -12.947  71.108 0.0000000000
59612  51.438  -14.206  70.233 0.0000000000
145185  41.912  -28.858  74.701 0.0000000000
44231  42.604  -28.385  75.824 0.0000000000
45376  43.698  -27.465  75.732 0.0000000000
135387  44.828  -27.620  75.699 0.0000000000
42056  45.809  -30.476  74.672 0.0000000000
43151  46.312  -29.113  74.580 0.0000000000
44241  46.302  -27.907  74.877 0.0000000000
45400  47.724  -27.323  73.922 0.0000000000
45412  49.025  -27.569  72.734 0.0000000000
45411  49.673  -27.210  72.240 0.0000000000
46609  50.532  -26.760  71.074 0.0000000000
45435  49.762  -27.919  70.726 0.0000000000
43133  41.708  -29.700  75.706 0.0000000000
145297  41.881  -30.382  76.651 0.0000000000
40939  42.487  -31.763  76.466 0.0000000000
39909  40.559  -32.988  77.324 0.0000000000
38903  41.701  -33.361  76.333 0.0000000000
66917  57.793  -7.846  58.397 0.0000000000
65755  53.316  -8.573  58.934 0.0000000000
65738  55.170  -7.779  60.305 0.0000000000
65737  56.587  -8.137  61.027 0.0000000000
64703  55.611  -8.642  61.979 0.0000000000
66826  55.291  -6.535  63.460 0.0000000000
65727  54.271  -8.383  62.810 0.0000000000
64704  53.717  -9.336  62.275 0.0000000000
126885  45.654  -25.761  72.141 0.0000000000
57417  47.917  -16.787  66.761 0.0000000000
58476  48.403  -15.416  67.293 0.0000000000
58449  48.336  -15.345  70.033 0.0000000000
58431  48.702  -15.463  72.270 0.0000000000
57335  50.084  -16.524  72.409 0.0000000000
54341  49.650  -18.765  72.666 0.0000000000
132566  50.092  -18.469  72.240 0.0000000000
56327  50.345  -17.808  70.779 0.0000000000
56349  50.200  -18.146  68.866 0.0000000000
47830  50.985  -25.838  69.922 0.0000000000
49070  50.808  -24.823  69.105 0.0000000000
38870  30.810  -33.053  81.705 0.0000000000
37834  30.902  -33.799  81.649 0.0000000000
128280  30.536  -33.848  81.747 0.0000000000
39868  30.927  -32.215  81.752 0.0000000000
39867  31.019  -32.455  81.729 0.0000000000
135092  48.734  -13.890  65.969 0.0000000000
59651  48.670  -14.433  66.457 0.0000000000
121398  53.191  -8.490  58.163 0.0000000000
65669  52.351  -7.580  67.901 0.0000000000
67897  52.681  -6.241  67.135 0.0000000000
65668  52.934  -7.843  67.495 0.0000000000
66768  53.375  -7.393  66.949 0.0000000000
126330  53.377  -9.429  66.892 0.0000000000
47813  49.383  -25.671  72.907 0.0000000000
47805  48.911  -24.584  73.552 0.0000000000
49018  49.169  -23.603  73.444 0.0000000000
49030  49.659  -24.260  72.894 0.0000000000
49029  50.346  -24.422  72.103 0.0000000000
47818  50.478  -25.414  71.758 0.0000000000
43088  31.701  -28.169  80.096 0.0000000000
63727  48.939  -10.117  67.673 0.0000000000
63738  48.375  -9.885  66.000 0.0000000000
64672  48.876  -9.723  66.961 0.0000000000
64656  49.279  -9.558  68.228 0.0000000000
63714  49.561  -9.825  69.417 0.0000000000
64634  49.983  -9.597  69.811 0.0000000000
63694  49.836  -10.292  70.230 0.0000000000
58430  50.145  -14.998  72.359 0.0000000000
58439  50.616  -15.148  71.530 0.0000000000
124135  50.589  -15.937  71.186 0.0000000000
57358  50.707  -16.355  70.063 0.0000000000
40957  43.680  -31.680  75.785 0.0000000000
128896  43.663  -30.710  76.140 0.0000000000
40956  44.375  -31.352  75.477 0.0000000000
43134  38.355  -29.604  75.731 0.0000000000
43154  39.029  -29.914  75.399 0.0000000000
42014  39.843  -30.625  76.935 0.0000000000
68019  56.734  -6.895  59.570 0.0000000000
145179  57.372  -6.607  59.516 0.0000000000
66893  57.553  -7.295  59.919 0.0000000000
135699  53.075  -5.730  62.141 0.0000000000
66857  51.622  -7.366  61.222 0.0000000000
138230  52.667  -6.528  61.535 0.0000000000
125330  52.675  -7.255  60.949 0.0000000000
63746  51.952  -10.337  65.096 0.0000000000
63751  51.580  -10.240  64.416 0.0000000000
140602  44.898  -26.388  75.342 0.0000000000
46588  44.538  -26.374  74.887 0.0000000000
47802  45.390  -25.786  75.038 0.0000000000
136712  46.956  -23.730  70.773 0.0000000000
50134  46.926  -23.700  69.909 0.0000000000
54354  47.911  -19.596  72.091 0.0000000000
139892  47.573  -19.274  70.301 0.0000000000
54364  47.744  -19.010  71.335 0.0000000000
55364  47.893  -18.086  71.723 0.0000000000
132822  48.765  -18.701  72.885 0.0000000000
126614  50.425  -21.875  69.957 0.0000000000
52297  50.208  -21.320  69.498 0.0000000000
52310  49.917  -21.405  68.419 0.0000000000
41956  31.036  -29.613  81.135 0.0000000000
41967  30.898  -29.230  80.791 0.0000000000
41966  31.064  -29.448  80.966 0.0000000000
40892  31.404  -30.311  80.734 0.0000000000
40908  31.672  -30.929  79.106 0.0000000000
61814  48.534  -12.215  65.575 0.0000000000
61828  48.017  -11.842  64.783 0.0000000000
142876  48.785  -12.174  66.348 0.0000000000
125899  48.458  -11.219  66.118 0.0000000000
131449  48.868  -11.633  66.963 0.0000000000
61764  48.972  -12.250  69.052 0.0000000000
131223  49.021  -12.208  67.891 0.0000000000
134541  48.757  -13.698  69.595 0.0000000000
125443  48.882  -13.026  70.374 0.0000000000
60675  48.733  -13.756  70.677 0.0000000000
59592  49.387  -14.244  72.360 0.0000000000
133588  48.823  -14.745  72.139 0.0000000000
45366  35.147  -27.689  78.355 0.0000000000
122592  35.837  -28.236  77.419 0.0000000000
44212  35.781  -28.107  78.931 0.0000000000
41980  36.723  -30.457  78.857 0.0000000000
44198  36.779  -29.234  78.839 0.0000000000
41994  37.666  -30.324  78.542 0.0000000000
40905  37.905  -31.722  78.558 0.0000000000
66918  54.664  -6.954  57.432 0.0000000000
68020  55.573  -6.787  58.360 0.0000000000
65745  55.862  -7.845  60.365 0.0000000000
127844  50.836  -6.891  64.281 0.0000000000
67955  52.291  -5.435  64.955 0.0000000000
67954  53.357  -4.866  65.393 0.0000000000
67971  53.187  -4.815  64.384 0.0000000000
69034  54.211  -4.694  64.940 0.0000000000
69051  54.794  -4.719  64.192 0.0000000000
67934  54.183  -5.109  65.430 0.0000000000
64683  53.212  -8.883  66.287 0.0000000000
65698  53.430  -7.777  65.867 0.0000000000
128987  53.154  -9.552  65.986 0.0000000000
139641  46.366  -25.139  74.911 0.0000000000
47801  47.083  -25.342  74.713 0.0000000000
49020  47.547  -23.543  74.212 0.0000000000
143747  47.172  -24.073  74.439 0.0000000000
50099  46.799  -23.560  73.351 0.0000000000
139906  47.256  -22.541  72.307 0.0000000000
51171  47.544  -22.344  73.196 0.0000000000
51155  48.937  -22.227  73.543 0.0000000000
52243  48.474  -21.841  73.510 0.0000000000
52259  48.577  -21.089  73.228 0.0000000000
52258  49.268  -20.784  73.040 0.0000000000
122095  50.510  -23.049  71.641 0.0000000000
50132  50.646  -22.838  70.802 0.0000000000
44223  30.677  -28.063  77.225 0.0000000000
45371  30.815  -27.504  76.318 0.0000000000
45361  31.119  -27.431  77.522 0.0000000000
45359  32.412  -26.913  78.434 0.0000000000
45369  32.073  -26.789  77.136 0.0000000000
45368  32.896  -26.865  77.538 0.0000000000
45380  32.485  -26.955  76.308 0.0000000000
45367  33.939  -27.313  77.595 0.0000000000
64698  47.912  -9.883  64.446 0.0000000000
65720  48.510  -9.375  64.096 0.0000000000
131730  49.075  -8.882  65.321 0.0000000000
65654  50.069  -8.613  68.682 0.0000000000
65670  50.588  -7.981  68.148 0.0000000000
66738  51.537  -7.658  68.203 0.0000000000
64653  51.178  -8.924  69.143 0.0000000000
64652  52.138  -9.273  68.502 0.0000000000
63713  51.438  -9.758  69.267 0.0000000000
129511  51.185  -11.785  70.363 0.0000000000
62748  51.441  -11.165  69.821 0.0000000000
60701  52.437  -13.544  68.789 0.0000000000
60689  51.872  -13.075  69.578 0.0000000000
62728  49.736  -11.596  71.121 0.0000000000
124548  50.128  -11.691  71.261 0.0000000000
61719  50.266  -12.561  71.522 0.0000000000
59613  50.991  -14.629  70.853 0.0000000000
59627  51.793  -14.547  69.471 0.0000000000
58460  51.939  -15.183  69.046 0.0000000000
44244  42.045  -28.899  75.407 0.0000000000
43130  44.407  -29.213  75.935 0.0000000000
45377  43.227  -28.062  76.112 0.0000000000
44230  44.090  -28.037  76.066 0.0000000000
45375  44.337  -27.335  75.741 0.0000000000
40971  45.743  -31.566  74.417 0.0000000000
42078  46.402  -31.137  73.963 0.0000000000
138966  47.217  -30.169  73.567 0.0000000000
42055  46.646  -30.210  74.138 0.0000000000
43172  47.160  -29.558  73.935 0.0000000000
44257  47.070  -28.641  74.213 0.0000000000
44240  47.057  -27.612  74.413 0.0000000000
44256  47.698  -28.307  73.729 0.0000000000
44268  48.864  -28.479  72.489 0.0000000000
44255  48.390  -27.999  73.236 0.0000000000
44280  49.521  -28.047  72.019 0.0000000000
45424  50.029  -27.519  71.409 0.0000000000
44297  49.571  -28.181  71.372 0.0000000000
124358  36.216  -28.554  76.234 0.0000000000
44232  36.562  -28.753  75.328 0.0000000000
42081  39.994  -30.543  74.073 0.0000000000
42080  40.848  -30.533  73.859 0.0000000000
42058  41.267  -30.228  74.677 0.0000000000
132372  41.450  -30.872  76.930 0.0000000000
42011  42.228  -30.752  76.690 0.0000000000
39894  39.745  -32.853  77.762 0.0000000000
38917  42.309  -33.485  75.799 0.0000000000
66905  57.697  -7.772  59.569 0.0000000000
65773  56.670  -8.477  57.456 0.0000000000
65728  50.072  -8.141  62.160 0.0000000000
64713  49.736  -9.072  61.161 0.0000000000
140387  50.219  -8.468  61.385 0.0000000000
64741  52.169  -8.955  58.820 0.0000000000
64750  52.322  -8.896  58.158 0.0000000000
66869  56.474  -7.610  61.569 0.0000000000
65733  56.419  -8.284  61.362 0.0000000000
134384  55.071  -5.735  64.206 0.0000000000
67970  55.570  -5.590  63.413 0.0000000000
64696  52.835  -8.780  63.310 0.0000000000
49022  45.976  -24.685  74.103 0.0000000000
47808  45.483  -25.465  73.631 0.0000000000
52285  47.481  -21.571  71.246 0.0000000000
131168  47.454  -19.241  68.686 0.0000000000
57380  47.701  -17.182  68.740 0.0000000000
57402  47.753  -17.009  67.764 0.0000000000
57379  47.943  -16.403  68.457 0.0000000000
57401  48.069  -16.198  67.504 0.0000000000
139057  48.165  -15.830  69.113 0.0000000000
143893  48.115  -15.980  69.777 0.0000000000
56299  48.737  -17.244  72.920 0.0000000000
128739  48.379  -16.054  71.840 0.0000000000
132471  48.954  -16.739  73.079 0.0000000000
57336  49.433  -16.433  72.929 0.0000000000
56312  49.672  -17.149  72.825 0.0000000000
52257  49.925  -20.565  72.527 0.0000000000
53305  49.754  -19.620  72.579 0.0000000000
53315  50.296  -20.018  71.960 0.0000000000
54367  50.338  -19.678  70.283 0.0000000000
55363  50.336  -18.890  71.596 0.0000000000
140794  50.310  -18.319  71.495 0.0000000000
135841  50.260  -18.159  69.791 0.0000000000
54368  50.132  -18.955  69.411 0.0000000000
54380  49.883  -19.618  67.717 0.0000000000
46620  50.692  -26.585  70.249 0.0000000000
47825  50.862  -25.877  70.879 0.0000000000
46631  50.546  -26.356  69.375 0.0000000000
40893  30.703  -30.010  81.141 0.0000000000
40883  31.292  -31.219  81.388 0.0000000000
39874  31.288  -32.389  81.489 0.0000000000
134674  31.626  -33.467  80.961 0.0000000000
60757  48.439  -12.946  64.852 0.0000000000
60728  48.870  -13.015  66.179 0.0000000000
60702  48.988  -13.065  68.371 0.0000000000
60713  48.986  -13.147  67.569 0.0000000000
127010  48.827  -13.983  67.954 0.0000000000
59614  48.580  -14.445  69.816 0.0000000000
43085  35.548  -28.936  79.368 0.0000000000
145169  35.803  -28.804  79.356 0.0000000000
41981  36.064  -29.984  79.032 0.0000000000
65746  54.849  -7.928  59.910 0.0000000000
66771  50.934  -7.054  66.877 0.0000000000
66813  51.363  -6.341  65.307 0.0000000000
66792  51.593  -6.281  66.428 0.0000000000
67915  52.429  -5.917  66.772 0.0000000000
67914  53.178  -5.611  66.489 0.0000000000
67913  53.724  -5.448  66.067 0.0000000000
66769  53.420  -6.240  66.652 0.0000000000
65697  53.364  -8.151  66.517 0.0000000000
46592  48.320  -26.068  73.727 0.0000000000
47806  47.840  -25.217  74.294 0.0000000000
140515  48.294  -24.847  74.022 0.0000000000
50079  47.980  -22.915  73.962 0.0000000000
50078  48.623  -22.875  73.709 0.0000000000
50097  49.420  -22.868  73.230 0.0000000000
51170  49.636  -22.143  73.034 0.0000000000
138823  50.369  -23.599  72.068 0.0000000000
50114  50.645  -24.048  71.411 0.0000000000
44214  31.450  -27.395  78.629 0.0000000000
44203  31.620  -27.658  79.587 0.0000000000
45346  31.994  -27.227  79.165 0.0000000000
45345  32.611  -27.215  79.314 0.0000000000
45344  33.168  -27.605  79.498 0.0000000000
62810  47.807  -10.345  65.062 0.0000000000
63747  48.056  -10.114  65.331 0.0000000000
121352  48.326  -9.924  65.763 0.0000000000
65685  49.031  -9.080  66.491 0.0000000000
64671  49.183  -9.179  67.298 0.0000000000
126419  49.553  -8.992  68.290 0.0000000000
64633  50.552  -9.575  69.722 0.0000000000
63693  50.179  -10.245  70.306 0.0000000000
62726  50.528  -11.088  70.679 0.0000000000
60663  49.940  -13.145  71.926 0.0000000000
60674  50.384  -13.433  71.702 0.0000000000
59600  50.518  -14.305  71.743 0.0000000000
57357  51.362  -15.875  69.354 0.0000000000
56370  50.558  -17.622  68.476 0.0000000000
137912  42.904  -29.332  76.517 0.0000000000
127496  43.599  -29.712  76.332 0.0000000000
42032  45.048  -30.080  75.341 0.0000000000
40981  46.520  -31.372  73.120 0.0000000000
43171  47.628  -29.707  73.291 0.0000000000
43190  47.864  -29.731  72.569 0.0000000000
43189  48.495  -29.201  72.163 0.0000000000
43136  37.284  -29.058  75.285 0.0000000000
43135  37.764  -29.287  76.007 0.0000000000
135918  39.117  -29.970  74.398 0.0000000000
42060  39.780  -30.410  75.065 0.0000000000
42034  41.216  -30.284  75.960 0.0000000000
42035  40.323  -30.484  75.986 0.0000000000
40941  41.028  -31.387  77.289 0.0000000000
66892  57.844  -6.748  59.613 0.0000000000
65762  57.315  -8.400  58.963 0.0000000000
64732  55.401  -9.647  60.169 0.0000000000
125329  51.388  -6.917  61.939 0.0000000000
66858  50.749  -7.696  61.660 0.0000000000
64723  51.318  -8.654  60.181 0.0000000000
66871  53.682  -7.631  60.591 0.0000000000
66855  55.875  -6.746  61.660 0.0000000000
66854  56.303  -7.016  61.984 0.0000000000
65709  53.384  -7.642  64.839 0.0000000000
64691  52.622  -8.573  64.332 0.0000000000
64697  51.934  -9.431  63.898 0.0000000000
45391  43.459  -27.154  75.072 0.0000000000
49040  46.517  -24.340  72.352 0.0000000000
47820  46.191  -25.203  71.708 0.0000000000
135994  46.554  -24.744  71.270 0.0000000000
49050  46.676  -24.524  70.435 0.0000000000
53316  47.709  -20.541  71.824 0.0000000000
53322  47.492  -20.233  69.915 0.0000000000
123829  47.511  -18.865  69.584 0.0000000000
55381  47.492  -18.426  68.870 0.0000000000
55374  47.571  -18.120  69.680 0.0000000000
56351  47.687  -17.397  69.646 0.0000000000
56350  47.877  -16.965  70.497 0.0000000000
56328  47.983  -17.271  71.494 0.0000000000
56313  48.286  -17.462  72.400 0.0000000000
53329  50.067  -19.896  69.310 0.0000000000
141593  49.964  -20.669  69.005 0.0000000000
43105  30.627  -28.542  78.181 0.0000000000
41998  30.551  -29.042  78.995 0.0000000000
44204  31.101  -28.100  79.801 0.0000000000
43089  31.163  -28.702  80.334 0.0000000000
41997  31.747  -28.954  79.987 0.0000000000
137542  31.681  -30.051  78.971 0.0000000000
62793  48.635  -10.423  66.726 0.0000000000
63695  49.366  -10.617  69.724 0.0000000000
138257  49.035  -11.322  68.838 0.0000000000
62729  49.338  -11.670  70.701 0.0000000000
61721  49.279  -12.346  71.145 0.0000000000
60691  48.921  -13.019  69.333 0.0000000000
61701  49.433  -13.021  71.708 0.0000000000
60664  49.577  -13.616  72.099 0.0000000000
39919  44.316  -32.350  75.201 0.0000000000
45378  34.230  -27.696  76.323 0.0000000000
44234  34.848  -28.155  75.614 0.0000000000
127615  35.503  -28.290  76.225 0.0000000000
44221  36.592  -28.621  77.207 0.0000000000
44210  37.194  -28.926  77.865 0.0000000000
43117  37.752  -29.337  77.183 0.0000000000
43098  38.303  -30.003  77.785 0.0000000000
42015  38.985  -30.764  77.680 0.0000000000
40923  38.819  -31.765  78.281 0.0000000000
39895  38.983  -32.820  78.191 0.0000000000
38894  38.401  -33.357  77.923 0.0000000000
65744  56.601  -7.814  60.499 0.0000000000
64711  55.721  -9.171  61.333 0.0000000000
65718  50.020  -7.990  63.031 0.0000000000
136115  51.516  -6.128  64.427 0.0000000000
66827  51.388  -6.337  63.630 0.0000000000
66842  51.332  -6.589  62.752 0.0000000000
133508  52.460  -5.551  63.096 0.0000000000
67988  53.993  -5.121  62.655 0.0000000000
67987  55.358  -5.226  62.773 0.0000000000
69066  54.659  -4.769  63.460 0.0000000000
67953  54.935  -4.972  64.409 0.0000000000
134707  54.040  -5.847  66.005 0.0000000000
66791  53.952  -6.689  65.527 0.0000000000
46586  45.940  -25.697  75.200 0.0000000000
142729  45.885  -25.359  75.075 0.0000000000
47800  47.080  -24.681  74.611 0.0000000000
49031  46.412  -24.189  73.714 0.0000000000
136281  46.826  -23.611  72.323 0.0000000000
50133  47.190  -23.093  70.640 0.0000000000
51180  47.309  -22.454  71.402 0.0000000000
51157  47.939  -22.330  73.668 0.0000000000
52260  47.916  -21.566  73.180 0.0000000000
120629  47.673  -21.231  72.332 0.0000000000
54343  48.198  -20.096  72.612 0.0000000000
124113  48.577  -19.456  72.784 0.0000000000
145729  48.963  -19.700  72.947 0.0000000000
51169  50.229  -22.144  72.331 0.0000000000
122530  50.299  -21.417  72.126 0.0000000000
51189  50.582  -22.025  70.730 0.0000000000
51199  50.493  -22.609  69.929 0.0000000000
44248  33.592  -27.868  74.491 0.0000000000
45370  31.320  -27.029  76.563 0.0000000000
132089  32.021  -26.991  75.284 0.0000000000
45394  33.011  -27.406  75.403 0.0000000000
144626  34.581  -27.498  77.965 0.0000000000
45356  35.077  -27.799  79.389 0.0000000000
136402  33.877  -27.571  79.398 0.0000000000
44201  34.778  -28.037  79.696 0.0000000000
43072  35.088  -28.270  79.617 0.0000000000
140078  50.072  -7.786  65.675 0.0000000000
65699  49.424  -8.519  65.991 0.0000000000
66772  50.166  -7.804  66.441 0.0000000000
66752  51.194  -7.250  67.646 0.0000000000
144215  52.536  -8.057  67.960 0.0000000000
63726  52.952  -9.811  67.623 0.0000000000
63712  52.310  -10.245  68.514 0.0000000000
62763  52.371  -11.251  68.670 0.0000000000
61718  50.683  -12.071  70.986 0.0000000000
60690  51.404  -13.408  70.367 0.0000000000
59611  51.872  -13.881  69.535 0.0000000000
44259  41.832  -28.925  73.877 0.0000000000
45392  42.974  -27.704  75.446 0.0000000000
141801  42.871  -28.664  76.303 0.0000000000
45374  44.843  -26.856  75.565 0.0000000000
45389  45.519  -27.180  75.455 0.0000000000
40972  45.079  -32.018  74.876 0.0000000000
42057  45.116  -30.996  75.108 0.0000000000
143292  46.059  -29.793  74.622 0.0000000000
43152  45.449  -29.350  75.173 0.0000000000
44242  45.552  -28.257  75.311 0.0000000000
45388  46.264  -26.651  75.132 0.0000000000
45387  47.088  -26.714  74.544 0.0000000000
45399  48.384  -26.951  73.485 0.0000000000
46600  49.045  -26.492  73.023 0.0000000000
46599  49.688  -26.419  72.444 0.0000000000
47819  50.062  -25.931  72.202 0.0000000000
134881  50.482  -26.177  71.542 0.0000000000
46610  50.160  -26.724  71.823 0.0000000000
45423  50.266  -27.288  70.553 0.0000000000
127687  49.812  -27.563  70.091 0.0000000000
45436  49.184  -27.959  70.076 0.0000000000
44246  35.151  -28.468  74.626 0.0000000000
43157  36.876  -28.953  74.643 0.0000000000
42079  41.413  -30.025  73.619 0.0000000000
43153  41.664  -29.552  74.655 0.0000000000
138237  41.909  -29.976  76.455 0.0000000000
43115  42.365  -29.899  76.598 0.0000000000
40938  43.040  -31.141  76.407 0.0000000000
40958  43.118  -31.962  76.034 0.0000000000
41992  39.687  -31.336  77.659 0.0000000000
40921  40.346  -31.876  77.600 0.0000000000
143620  41.026  -32.062  77.351 0.0000000000
39908  41.371  -32.709  76.917 0.0000000000
39907  42.076  -32.608  76.448 0.0000000000
38875  29.835  -33.326  81.595 0.0000000000
66916  58.040  -7.306  57.128 0.0000000000
67986  55.747  -5.652  62.948 0.0000000000
66841  56.005  -6.541  62.565 0.0000000000
65716  55.585  -7.571  62.651 0.0000000000
63761  52.729  -10.221  61.952 0.0000000000
143403  48.347  -15.095  65.178 0.0000000000
144526  45.377  -25.562  74.500 0.0000000000
46601  45.062  -26.182  72.523 0.0000000000
56391  47.667  -17.649  67.031 0.0000000000
57416  48.220  -15.941  66.602 0.0000000000
57428  48.321  -15.556  65.832 0.0000000000
58491  48.489  -15.130  66.515 0.0000000000
123967  48.568  -14.869  67.948 0.0000000000
58461  48.485  -14.999  68.870 0.0000000000
57346  48.138  -16.147  70.582 0.0000000000
58440  48.426  -15.381  71.323 0.0000000000
58423  48.992  -15.262  72.669 0.0000000000
57324  49.917  -15.821  72.604 0.0000000000
54342  49.186  -19.194  72.906 0.0000000000
55346  49.186  -18.278  73.035 0.0000000000
55353  49.609  -17.912  72.780 0.0000000000
54352  50.163  -19.229  72.159 0.0000000000
56311  50.154  -17.573  72.105 0.0000000000
57345  50.399  -16.804  71.151 0.0000000000
54374  49.908  -19.376  68.550 0.0000000000
55380  50.018  -18.740  68.504 0.0000000000
136401  51.012  -25.159  70.414 0.0000000000
143348  50.989  -25.206  69.702 0.0000000000
49059  50.877  -24.449  70.021 0.0000000000
50161  50.512  -24.027  69.162 0.0000000000
37841  31.272  -34.319  81.297 0.0000000000
38871  30.384  -33.452  81.763 0.0000000000
39875  30.812  -31.672  81.732 0.0000000000
40884  30.992  -30.607  81.655 0.0000000000
40906  37.351  -31.725  78.603 0.0000000000
40982  46.049  -31.915  73.549 0.0000000000
43073  31.003  -29.044  80.685 0.0000000000
43083  37.042  -30.009  78.873 0.0000000000
44189  34.981  -28.023  79.712 0.0000000000
44199  36.078  -28.746  79.230 0.0000000000
45343  34.561  -27.846  79.569 0.0000000000
46589  43.885  -26.765  74.759 0.0000000000
49049  50.869  -24.487  70.769 0.0000000000
50115  47.062  -23.203  71.651 0.0000000000
54363  50.415  -19.508  71.295 0.0000000000
55391  49.917  -18.981  67.924 0.0000000000
56386  47.538  -17.882  68.131 0.0000000000
57325  48.914  -15.983  72.827 0.0000000000
57337  48.430  -16.757  72.397 0.0000000000
58422  49.531  -15.428  72.749 0.0000000000
59583  49.297  -14.862  72.569 0.0000000000
59628  48.695  -14.229  68.858 0.0000000000
59640  48.665  -14.600  67.161 0.0000000000
60665  48.950  -13.778  71.769 0.0000000000
62750  49.129  -11.481  69.905 0.0000000000
63744  53.599  -10.526  66.257 0.0000000000
64686  48.278  -9.903  65.595 0.0000000000
64692  47.871  -10.088  64.900 0.0000000000
65653  50.909  -8.352  68.736 0.0000000000
65667  53.358  -8.463  66.977 0.0000000000
65671  49.818  -8.531  67.826 0.0000000000
65700  48.754  -9.319  65.847 0.0000000000
66751  52.121  -6.903  67.738 0.0000000000
66814  50.431  -7.372  65.037 0.0000000000
69052  54.211  -4.586  64.207 0.0000000000
123553  48.269  -15.627  68.179 0.0000000000
123787  40.794  -30.614  76.748 0.0000000000
135535  34.024  -27.938  79.580 0.0000000000
139342  50.515  -21.526  71.390 0.0000000000
142374  47.534  -19.760  70.119 0.0000000000
143745  30.992  -29.241  80.873 0.0000000000
143940  50.367  -16.226  71.774 0.0000000000
144585  48.277  -14.817  64.739 0.0000000000
