#!ascii label  , from subject sub-v1s5x0050747_ses-1 vox2ras=TkReg
1203
50302  32.909  -23.042  57.536 0.0000000000
69249  45.925  -5.460  47.310 0.0000000000
60892  36.784  -12.993  54.055 0.0000000000
41006  15.648  -31.500  72.056 0.0000000000
121820  26.660  -19.551  63.944 0.0000000000
65817  36.832  -9.049  52.627 0.0000000000
44398  21.827  -29.040  65.290 0.0000000000
39040  20.527  -33.077  69.821 0.0000000000
46748  24.571  -26.500  63.019 0.0000000000
69244  50.292  -5.604  47.388 0.0000000000
54532  35.522  -19.631  56.937 0.0000000000
54576  39.246  -19.197  54.747 0.0000000000
123641  38.950  -23.609  59.393 0.0000000000
73470  48.851  -1.965  46.238 0.0000000000
71393  52.556  -3.109  42.783 0.0000000000
136693  42.216  -5.131  50.024 0.0000000000
64828  45.283  -9.091  50.853 0.0000000000
64833  41.230  -9.503  50.241 0.0000000000
61966  41.319  -12.525  53.434 0.0000000000
47969  31.010  -25.174  61.595 0.0000000000
121625  13.931  -35.683  75.087 0.0000000000
36826  10.061  -36.211  76.679 0.0000000000
36746  9.170  -35.320  82.000 0.0000000000
53481  29.721  -20.007  59.856 0.0000000000
50217  27.570  -23.231  63.508 0.0000000000
59775  34.248  -15.139  56.212 0.0000000000
139629  41.574  -16.458  56.200 0.0000000000
75620  56.327  0.351  41.503 0.0000000000
69247  47.652  -5.778  47.177 0.0000000000
68117  47.949  -6.884  49.188 0.0000000000
52487  33.936  -21.161  56.706 0.0000000000
52484  36.348  -21.607  56.001 0.0000000000
50299  35.677  -23.489  58.126 0.0000000000
71314  45.383  -3.676  47.969 0.0000000000
122532  48.125  -2.337  48.687 0.0000000000
71350  47.161  -3.579  46.107 0.0000000000
70305  48.944  -4.439  45.035 0.0000000000
31950  7.601  -40.686  81.258 0.0000000000
67008  41.174  -7.456  49.529 0.0000000000
68094  39.831  -6.960  51.303 0.0000000000
62943  36.501  -11.274  52.407 0.0000000000
62957  38.456  -11.447  51.721 0.0000000000
137521  38.989  -12.440  53.709 0.0000000000
61907  39.701  -12.361  57.587 0.0000000000
39025  18.113  -32.866  70.799 0.0000000000
37945  19.506  -34.214  72.811 0.0000000000
37948  17.152  -33.913  72.933 0.0000000000
36850  16.016  -34.901  74.683 0.0000000000
133475  14.589  -33.567  73.279 0.0000000000
38912  11.338  -33.595  76.754 0.0000000000
36771  9.428  -35.489  79.728 0.0000000000
54454  29.123  -19.265  61.898 0.0000000000
51320  27.816  -21.907  60.793 0.0000000000
52428  26.271  -21.170  61.908 0.0000000000
43278  25.435  -29.792  66.106 0.0000000000
45522  26.619  -27.531  65.081 0.0000000000
53519  41.555  -20.464  57.417 0.0000000000
56496  40.953  -17.812  55.338 0.0000000000
125579  39.247  -7.439  53.677 0.0000000000
65789  36.365  -8.384  55.370 0.0000000000
63841  34.232  -10.886  54.498 0.0000000000
41088  23.650  -31.134  67.076 0.0000000000
39037  23.184  -32.783  69.689 0.0000000000
40056  20.917  -31.710  67.651 0.0000000000
41049  18.795  -30.761  68.596 0.0000000000
42113  17.446  -30.349  70.257 0.0000000000
52405  24.544  -21.832  63.499 0.0000000000
50209  23.596  -23.651  64.141 0.0000000000
45539  23.151  -27.751  63.968 0.0000000000
55465  38.197  -18.428  58.071 0.0000000000
56486  38.182  -17.754  56.762 0.0000000000
120630  37.447  -19.323  55.846 0.0000000000
51369  38.833  -21.948  56.669 0.0000000000
135228  52.619  -0.655  43.794 0.0000000000
72430  50.273  -2.790  43.858 0.0000000000
70303  50.801  -4.575  44.864 0.0000000000
69233  43.924  -5.475  48.235 0.0000000000
67017  45.561  -7.182  48.684 0.0000000000
143450  43.491  -7.477  48.929 0.0000000000
64830  43.729  -9.496  50.543 0.0000000000
62952  43.328  -11.197  51.872 0.0000000000
64820  38.379  -9.397  51.067 0.0000000000
62954  40.790  -11.627  51.555 0.0000000000
49193  31.456  -24.318  59.186 0.0000000000
49172  34.547  -24.858  60.518 0.0000000000
71289  44.709  -3.637  50.012 0.0000000000
42089  14.401  -30.922  73.360 0.0000000000
38951  12.621  -33.230  74.085 0.0000000000
35758  11.811  -36.155  75.474 0.0000000000
33789  11.812  -38.470  77.584 0.0000000000
33780  9.645  -38.963  78.072 0.0000000000
34716  8.017  -37.735  80.031 0.0000000000
35690  7.908  -37.200  81.827 0.0000000000
121471  6.666  -37.172  84.302 0.0000000000
124559  30.955  -21.652  58.480 0.0000000000
50275  29.669  -23.463  59.497 0.0000000000
125542  29.681  -24.291  62.153 0.0000000000
47950  26.089  -24.487  62.932 0.0000000000
60863  34.490  -13.800  55.060 0.0000000000
57564  38.196  -16.713  55.859 0.0000000000
58644  38.208  -15.317  55.956 0.0000000000
60845  37.721  -12.928  57.027 0.0000000000
141333  37.676  -24.964  61.637 0.0000000000
74546  56.751  -0.933  39.555 0.0000000000
73484  53.640  -1.353  42.065 0.0000000000
72443  55.602  -2.211  40.681 0.0000000000
69248  46.755  -5.640  47.163 0.0000000000
68153  47.537  -6.332  47.950 0.0000000000
122960  46.797  -6.560  48.157 0.0000000000
52471  33.273  -21.527  57.067 0.0000000000
51358  35.102  -22.573  57.046 0.0000000000
50285  34.183  -23.710  58.142 0.0000000000
71331  45.501  -3.976  47.330 0.0000000000
71330  46.239  -3.376  47.372 0.0000000000
70289  46.190  -4.435  46.748 0.0000000000
69263  47.183  -5.105  46.521 0.0000000000
31951  7.148  -40.383  81.815 0.0000000000
68093  40.412  -6.492  51.582 0.0000000000
68073  39.972  -6.983  52.871 0.0000000000
132528  36.472  -12.537  53.241 0.0000000000
61986  37.298  -12.233  52.720 0.0000000000
61969  38.265  -12.531  53.600 0.0000000000
61928  39.007  -12.127  55.642 0.0000000000
61929  38.285  -12.402  56.121 0.0000000000
39979  16.711  -32.075  71.259 0.0000000000
128832  17.741  -33.178  71.551 0.0000000000
39968  16.040  -32.927  72.317 0.0000000000
128493  15.909  -33.439  72.740 0.0000000000
38974  15.194  -33.074  72.761 0.0000000000
123607  28.073  -19.262  62.939 0.0000000000
54474  27.038  -19.800  61.865 0.0000000000
54457  26.544  -19.903  62.404 0.0000000000
42143  25.615  -30.564  67.766 0.0000000000
57512  35.414  -16.740  59.503 0.0000000000
53518  42.205  -20.080  57.850 0.0000000000
134727  35.196  -9.216  55.201 0.0000000000
64767  34.550  -9.745  56.321 0.0000000000
42161  22.088  -30.423  65.750 0.0000000000
41065  22.254  -31.467  67.181 0.0000000000
42162  21.463  -30.187  65.909 0.0000000000
43263  19.409  -29.747  68.115 0.0000000000
43256  19.234  -29.505  68.795 0.0000000000
42121  17.882  -30.507  69.649 0.0000000000
51262  24.170  -21.963  65.009 0.0000000000
46686  22.752  -26.639  66.023 0.0000000000
46705  22.684  -26.747  65.061 0.0000000000
44397  22.224  -28.373  64.952 0.0000000000
43296  23.242  -29.830  64.992 0.0000000000
54544  37.559  -19.115  56.581 0.0000000000
54545  36.356  -19.668  56.232 0.0000000000
51356  37.553  -22.552  57.081 0.0000000000
51370  37.928  -21.964  56.331 0.0000000000
51342  38.814  -22.822  57.950 0.0000000000
51340  40.303  -22.314  58.575 0.0000000000
50270  39.773  -23.192  59.407 0.0000000000
72411  48.263  -2.218  46.756 0.0000000000
73477  51.021  -1.168  44.988 0.0000000000
73479  49.693  -2.091  44.751 0.0000000000
69261  49.426  -5.311  46.259 0.0000000000
70304  49.771  -4.566  44.954 0.0000000000
69275  51.019  -5.000  45.823 0.0000000000
70267  43.131  -4.941  48.920 0.0000000000
68138  43.292  -6.102  48.538 0.0000000000
68139  42.531  -6.273  48.878 0.0000000000
65851  40.823  -8.220  49.767 0.0000000000
145672  42.238  -8.659  49.650 0.0000000000
64832  42.168  -9.652  50.352 0.0000000000
63875  43.320  -10.058  50.945 0.0000000000
63876  42.536  -10.185  50.829 0.0000000000
66964  37.917  -7.934  53.696 0.0000000000
65815  38.156  -8.295  51.893 0.0000000000
65826  37.822  -8.978  51.529 0.0000000000
61985  39.793  -12.348  52.498 0.0000000000
62955  40.045  -11.630  51.561 0.0000000000
61997  41.233  -12.163  52.143 0.0000000000
61982  42.482  -12.398  52.752 0.0000000000
47988  31.264  -25.005  60.829 0.0000000000
129126  32.831  -25.392  61.374 0.0000000000
70230  42.673  -4.959  51.082 0.0000000000
70243  43.341  -4.401  50.022 0.0000000000
70253  44.134  -4.173  48.823 0.0000000000
39039  21.416  -33.099  69.799 0.0000000000
38997  21.423  -33.771  71.066 0.0000000000
36851  15.376  -35.296  75.033 0.0000000000
137641  15.605  -35.619  75.829 0.0000000000
36824  14.830  -35.969  76.140 0.0000000000
35746  14.031  -36.426  76.294 0.0000000000
42074  13.684  -31.213  74.676 0.0000000000
39939  12.872  -32.320  74.087 0.0000000000
129449  12.465  -32.389  75.222 0.0000000000
134669  10.498  -34.797  76.276 0.0000000000
37887  11.166  -34.432  75.362 0.0000000000
36825  10.471  -35.677  76.147 0.0000000000
34751  11.830  -37.424  76.431 0.0000000000
34753  10.251  -37.086  76.735 0.0000000000
33790  10.989  -38.679  77.414 0.0000000000
34744  9.824  -37.583  77.254 0.0000000000
127980  9.233  -35.615  80.409 0.0000000000
35719  8.649  -36.875  79.185 0.0000000000
36760  8.812  -36.094  80.754 0.0000000000
34704  7.940  -37.473  80.844 0.0000000000
128518  8.320  -36.460  82.193 0.0000000000
53479  31.617  -20.166  60.533 0.0000000000
53494  31.747  -20.648  59.205 0.0000000000
52447  30.185  -21.342  58.862 0.0000000000
50290  29.946  -23.065  58.860 0.0000000000
52448  29.293  -21.631  59.265 0.0000000000
50243  27.881  -22.696  61.998 0.0000000000
50242  28.561  -23.112  61.522 0.0000000000
50228  28.431  -23.171  62.434 0.0000000000
49122  23.973  -24.420  62.958 0.0000000000
50231  25.030  -23.741  62.493 0.0000000000
47952  24.873  -25.028  62.617 0.0000000000
46704  26.950  -26.639  65.204 0.0000000000
65846  45.381  -8.162  49.746 0.0000000000
65845  46.205  -7.976  49.905 0.0000000000
122875  46.586  -8.310  50.563 0.0000000000
142589  32.685  -13.247  56.681 0.0000000000
133324  33.146  -12.530  55.543 0.0000000000
59795  33.919  -14.278  55.553 0.0000000000
55503  38.432  -18.376  55.508 0.0000000000
133470  37.962  -16.929  56.460 0.0000000000
56499  38.719  -17.428  55.333 0.0000000000
57546  41.329  -17.052  55.717 0.0000000000
57562  39.445  -16.120  55.196 0.0000000000
58642  40.060  -15.584  55.603 0.0000000000
59791  38.131  -14.292  56.658 0.0000000000
59790  39.755  -14.691  56.381 0.0000000000
59771  39.640  -13.765  57.425 0.0000000000
49154  36.542  -24.798  60.992 0.0000000000
75631  56.587  0.085  40.631 0.0000000000
73485  52.148  -1.761  42.969 0.0000000000
74525  53.393  -0.917  42.549 0.0000000000
125150  52.939  -1.719  42.397 0.0000000000
71399  54.883  -3.069  41.777 0.0000000000
121508  55.670  -3.302  41.632 0.0000000000
45505  21.993  -27.995  66.413 0.0000000000
44387  21.030  -29.230  66.448 0.0000000000
69246  48.664  -5.614  46.889 0.0000000000
69232  49.819  -5.906  48.033 0.0000000000
68133  48.941  -6.182  48.325 0.0000000000
54533  34.795  -19.920  56.905 0.0000000000
53535  35.339  -20.534  56.155 0.0000000000
52485  35.074  -21.123  56.204 0.0000000000
136434  36.304  -23.008  57.569 0.0000000000
50283  37.590  -23.440  58.416 0.0000000000
72397  47.893  -2.512  49.536 0.0000000000
72406  46.680  -2.772  48.166 0.0000000000
72412  47.597  -2.496  47.121 0.0000000000
72420  47.668  -2.952  45.944 0.0000000000
72424  48.341  -2.862  45.313 0.0000000000
70307  47.554  -4.054  45.662 0.0000000000
69262  48.641  -5.176  46.062 0.0000000000
31956  8.511  -40.695  80.292 0.0000000000
69203  42.091  -5.249  50.718 0.0000000000
69219  41.566  -5.859  49.722 0.0000000000
69189  40.963  -6.051  51.062 0.0000000000
68120  40.507  -6.933  50.021 0.0000000000
65836  39.729  -8.151  50.358 0.0000000000
64812  36.595  -9.730  52.391 0.0000000000
64822  37.036  -10.143  51.865 0.0000000000
145290  37.617  -11.332  51.912 0.0000000000
123925  38.989  -12.444  52.875 0.0000000000
121265  40.168  -12.387  53.968 0.0000000000
61948  40.046  -12.106  55.090 0.0000000000
61927  40.336  -11.923  56.306 0.0000000000
46745  31.519  -25.831  63.572 0.0000000000
39024  18.969  -33.075  70.480 0.0000000000
38999  19.579  -33.554  71.149 0.0000000000
132299  18.608  -33.377  71.342 0.0000000000
37947  17.997  -33.933  72.808 0.0000000000
37901  18.245  -34.488  73.915 0.0000000000
37904  15.162  -34.829  74.304 0.0000000000
37905  14.243  -34.701  74.099 0.0000000000
39927  12.381  -32.516  75.921 0.0000000000
38900  11.027  -33.928  77.709 0.0000000000
37863  10.489  -34.463  78.248 0.0000000000
36790  9.579  -35.598  78.262 0.0000000000
37856  10.477  -34.391  79.185 0.0000000000
37844  9.718  -34.970  80.496 0.0000000000
37839  9.670  -34.831  81.482 0.0000000000
54471  29.499  -19.369  61.149 0.0000000000
53482  28.418  -20.472  60.095 0.0000000000
53483  27.680  -20.451  60.690 0.0000000000
52427  26.867  -21.138  61.417 0.0000000000
51299  27.019  -22.468  62.215 0.0000000000
44408  25.174  -28.482  64.017 0.0000000000
46747  25.971  -26.980  63.758 0.0000000000
44395  26.299  -28.449  65.335 0.0000000000
64818  45.658  -9.454  51.504 0.0000000000
58605  34.006  -15.843  57.443 0.0000000000
53533  40.430  -20.486  56.165 0.0000000000
54575  39.833  -18.865  54.823 0.0000000000
54542  41.421  -19.247  56.340 0.0000000000
55484  41.844  -18.437  56.534 0.0000000000
75609  55.204  0.266  42.563 0.0000000000
33713  5.755  -38.702  83.918 0.0000000000
66939  38.657  -7.593  55.290 0.0000000000
66954  37.854  -7.815  54.626 0.0000000000
65799  36.439  -8.539  54.476 0.0000000000
124067  35.410  -9.753  53.836 0.0000000000
63849  35.300  -10.589  53.425 0.0000000000
61971  35.600  -12.796  53.659 0.0000000000
41045  24.478  -31.497  68.366 0.0000000000
122999  23.965  -32.489  69.641 0.0000000000
41046  23.547  -31.841  68.307 0.0000000000
40033  22.127  -32.306  68.470 0.0000000000
137712  20.405  -32.355  68.704 0.0000000000
42164  20.231  -29.928  66.889 0.0000000000
41048  19.440  -31.341  68.189 0.0000000000
40018  19.314  -32.387  69.296 0.0000000000
40019  18.607  -32.054  69.486 0.0000000000
142864  17.528  -31.588  70.209 0.0000000000
41015  16.711  -31.221  70.915 0.0000000000
133812  25.374  -20.517  63.529 0.0000000000
52385  24.804  -21.072  63.907 0.0000000000
51288  23.872  -23.040  63.798 0.0000000000
49123  23.568  -24.457  63.635 0.0000000000
49099  23.395  -24.451  65.747 0.0000000000
47900  23.273  -25.393  63.996 0.0000000000
45551  23.505  -26.967  63.585 0.0000000000
43321  23.957  -29.099  64.198 0.0000000000
141794  24.244  -30.478  66.271 0.0000000000
56462  37.439  -17.572  59.040 0.0000000000
56471  36.399  -17.123  58.895 0.0000000000
56477  38.090  -17.763  57.622 0.0000000000
55486  38.050  -18.489  56.174 0.0000000000
53558  38.193  -19.732  54.919 0.0000000000
53547  36.637  -20.479  55.511 0.0000000000
52482  37.984  -21.249  55.567 0.0000000000
53545  39.144  -20.307  55.068 0.0000000000
52469  40.437  -21.449  57.392 0.0000000000
52445  41.785  -21.755  59.237 0.0000000000
74516  51.843  -0.803  44.815 0.0000000000
73486  51.395  -1.885  43.550 0.0000000000
72429  51.078  -2.786  43.394 0.0000000000
71374  49.781  -3.356  44.170 0.0000000000
71385  50.601  -3.426  43.815 0.0000000000
69250  44.824  -5.650  47.870 0.0000000000
68135  46.005  -6.639  48.220 0.0000000000
68137  44.246  -6.319  48.290 0.0000000000
67005  44.204  -7.655  49.001 0.0000000000
65847  44.455  -8.306  49.591 0.0000000000
67007  42.046  -6.935  49.098 0.0000000000
142296  43.732  -8.616  49.717 0.0000000000
64829  44.491  -9.314  50.680 0.0000000000
63874  44.072  -9.888  51.106 0.0000000000
62938  44.716  -10.936  52.406 0.0000000000
66962  39.306  -7.324  52.910 0.0000000000
66992  39.004  -7.929  50.968 0.0000000000
64834  39.748  -9.758  50.561 0.0000000000
63867  38.551  -10.405  51.213 0.0000000000
63879  39.494  -10.439  50.923 0.0000000000
62961  41.201  -10.940  51.115 0.0000000000
62953  42.517  -11.399  51.740 0.0000000000
49209  32.771  -24.110  58.590 0.0000000000
49208  33.692  -24.152  58.724 0.0000000000
49173  33.543  -24.816  60.177 0.0000000000
139393  34.473  -25.353  61.597 0.0000000000
71301  45.323  -3.372  49.550 0.0000000000
70265  44.379  -4.343  48.302 0.0000000000
42097  16.015  -30.199  72.062 0.0000000000
43185  15.660  -29.915  73.284 0.0000000000
40995  15.027  -31.536  72.530 0.0000000000
39954  14.002  -32.146  73.134 0.0000000000
37931  13.188  -33.723  73.792 0.0000000000
139561  12.896  -34.916  74.428 0.0000000000
39928  11.906  -33.016  75.294 0.0000000000
37908  11.740  -34.385  74.739 0.0000000000
36840  12.975  -35.616  74.888 0.0000000000
35748  12.245  -36.822  75.926 0.0000000000
34741  12.232  -37.865  77.069 0.0000000000
32854  9.485  -39.998  79.124 0.0000000000
35732  8.922  -36.989  78.280 0.0000000000
144691  8.463  -38.261  78.962 0.0000000000
32855  8.768  -39.784  79.265 0.0000000000
32843  7.733  -39.537  80.366 0.0000000000
121955  7.436  -39.005  80.964 0.0000000000
33725  7.181  -38.361  82.278 0.0000000000
35675  8.212  -36.321  83.097 0.0000000000
34675  7.188  -37.486  83.442 0.0000000000
34691  6.821  -38.200  83.177 0.0000000000
52472  32.556  -21.439  57.593 0.0000000000
53509  31.883  -20.966  58.621 0.0000000000
51362  31.803  -22.507  57.840 0.0000000000
50273  31.032  -23.907  58.749 0.0000000000
49194  30.723  -24.299  59.564 0.0000000000
131371  30.549  -24.728  60.956 0.0000000000
50258  29.018  -23.093  60.051 0.0000000000
120885  29.767  -24.239  61.104 0.0000000000
49156  30.344  -24.774  61.762 0.0000000000
52419  25.551  -21.397  62.456 0.0000000000
129583  26.165  -22.767  62.366 0.0000000000
49121  26.805  -23.733  63.383 0.0000000000
121539  26.448  -26.093  63.933 0.0000000000
47899  26.933  -25.105  64.342 0.0000000000
49120  27.508  -23.639  64.112 0.0000000000
67016  46.485  -7.115  48.810 0.0000000000
144554  33.674  -10.913  55.665 0.0000000000
61953  34.360  -12.645  54.249 0.0000000000
60881  35.517  -13.280  54.319 0.0000000000
138464  36.388  -16.984  58.166 0.0000000000
57535  35.845  -16.499  57.598 0.0000000000
58626  35.047  -15.587  56.724 0.0000000000
127241  39.166  -16.934  54.999 0.0000000000
131661  37.950  -16.002  55.892 0.0000000000
59774  35.202  -14.944  56.310 0.0000000000
59793  35.756  -14.233  56.116 0.0000000000
60861  36.523  -13.576  56.011 0.0000000000
60860  37.281  -13.004  56.444 0.0000000000
61909  38.206  -12.608  57.018 0.0000000000
49189  35.026  -24.446  59.663 0.0000000000
49188  36.755  -24.258  59.757 0.0000000000
49168  38.319  -24.347  60.460 0.0000000000
143867  39.466  -24.838  62.329 0.0000000000
49166  39.800  -24.122  60.934 0.0000000000
74544  58.333  -0.442  39.087 0.0000000000
74518  53.932  -0.305  42.830 0.0000000000
74523  54.804  -0.290  41.853 0.0000000000
72432  54.019  -2.960  42.139 0.0000000000
72438  54.479  -2.327  41.549 0.0000000000
137357  55.518  -0.937  40.647 0.0000000000
73491  55.795  -1.560  40.372 0.0000000000
72454  56.787  -2.185  39.563 0.0000000000
136037  47.031  -6.140  47.614 0.0000000000
68154  46.361  -6.129  47.699 0.0000000000
51360  33.448  -22.398  57.156 0.0000000000
50301  33.783  -23.114  57.484 0.0000000000
124454  45.245  -4.826  47.392 0.0000000000
71351  45.737  -4.355  47.043 0.0000000000
69265  45.873  -4.838  47.017 0.0000000000
69264  46.409  -5.035  46.823 0.0000000000
32831  6.858  -39.726  82.199 0.0000000000
61970  37.441  -12.621  53.425 0.0000000000
61951  37.577  -12.746  54.385 0.0000000000
61950  38.452  -12.431  54.749 0.0000000000
39980  16.154  -32.239  71.856 0.0000000000
39000  16.839  -32.908  71.791 0.0000000000
39969  15.465  -32.311  72.352 0.0000000000
54438  27.463  -19.364  63.506 0.0000000000
54456  27.301  -19.524  62.464 0.0000000000
54439  26.561  -19.674  63.187 0.0000000000
41044  25.363  -31.081  68.493 0.0000000000
41043  26.021  -30.920  68.937 0.0000000000
42188  22.044  -29.789  65.311 0.0000000000
43279  21.406  -29.577  65.784 0.0000000000
45523  22.327  -27.542  65.559 0.0000000000
43297  22.439  -29.145  64.836 0.0000000000
54531  36.670  -19.373  57.165 0.0000000000
50297  38.010  -22.995  57.769 0.0000000000
50281  39.243  -23.068  58.722 0.0000000000
73462  48.957  -1.861  47.073 0.0000000000
73469  49.556  -1.662  46.561 0.0000000000
73474  49.556  -1.786  45.547 0.0000000000
69276  50.097  -4.994  45.631 0.0000000000
69260  50.364  -5.334  46.562 0.0000000000
69259  51.303  -5.226  46.698 0.0000000000
31954  10.023  -40.602  80.286 0.0000000000
70255  42.747  -4.909  49.538 0.0000000000
69234  42.645  -5.509  48.976 0.0000000000
69218  42.103  -5.450  49.594 0.0000000000
139962  41.194  -8.829  49.865 0.0000000000
64845  41.848  -9.081  49.904 0.0000000000
63877  41.667  -10.237  50.723 0.0000000000
65806  37.292  -8.463  53.143 0.0000000000
65816  37.483  -8.694  52.259 0.0000000000
61967  40.614  -12.517  53.241 0.0000000000
61984  40.584  -12.389  52.551 0.0000000000
61983  41.273  -12.485  52.807 0.0000000000
47968  31.787  -25.368  61.494 0.0000000000
47946  32.318  -25.689  62.213 0.0000000000
70244  42.706  -4.824  50.384 0.0000000000
70229  43.364  -4.584  51.056 0.0000000000
39022  21.026  -33.477  70.480 0.0000000000
36852  14.530  -35.267  74.707 0.0000000000
36839  14.760  -35.675  75.394 0.0000000000
141203  14.213  -35.995  75.683 0.0000000000
35756  13.480  -36.161  75.533 0.0000000000
40979  12.937  -31.872  74.786 0.0000000000
36806  10.073  -35.344  76.850 0.0000000000
35750  10.681  -36.520  76.240 0.0000000000
35740  9.673  -36.708  77.199 0.0000000000
36759  9.235  -35.441  81.142 0.0000000000
36747  8.782  -35.941  81.656 0.0000000000
35689  8.345  -36.642  81.243 0.0000000000
53480  30.635  -19.938  60.236 0.0000000000
139580  31.165  -19.826  61.000 0.0000000000
53495  30.396  -20.512  59.411 0.0000000000
53496  29.575  -20.724  59.392 0.0000000000
50229  27.700  -22.947  62.813 0.0000000000
50216  28.246  -23.214  63.319 0.0000000000
50208  28.062  -23.337  64.067 0.0000000000
47926  24.235  -25.133  62.785 0.0000000000
49141  24.579  -24.415  62.645 0.0000000000
46762  24.765  -25.712  62.785 0.0000000000
65833  45.740  -8.523  50.384 0.0000000000
64827  46.106  -8.868  51.049 0.0000000000
59758  33.084  -14.736  57.312 0.0000000000
60830  32.717  -13.155  57.591 0.0000000000
59776  33.360  -14.547  56.298 0.0000000000
59796  32.833  -13.737  56.420 0.0000000000
54577  38.797  -19.177  54.810 0.0000000000
56500  38.320  -17.610  55.988 0.0000000000
55502  38.832  -18.412  54.976 0.0000000000
57545  41.947  -17.033  56.482 0.0000000000
57560  40.903  -16.211  55.660 0.0000000000
58623  40.631  -15.260  56.212 0.0000000000
59770  41.021  -14.837  57.003 0.0000000000
74529  55.827  -0.254  40.912 0.0000000000
72434  52.348  -2.450  42.666 0.0000000000
45486  22.694  -27.625  67.100 0.0000000000
123211  23.222  -27.341  67.706 0.0000000000
46672  23.096  -26.711  66.961 0.0000000000
68151  49.057  -5.874  47.607 0.0000000000
68152  48.320  -6.063  47.720 0.0000000000
68134  48.131  -6.480  48.482 0.0000000000
53536  34.542  -20.551  56.608 0.0000000000
52486  34.465  -21.310  56.509 0.0000000000
145483  35.570  -22.927  57.406 0.0000000000
50284  36.620  -23.522  58.367 0.0000000000
143751  45.814  -3.147  49.152 0.0000000000
72399  46.500  -2.802  49.163 0.0000000000
71313  45.953  -3.183  48.398 0.0000000000
139954  46.601  -3.610  46.653 0.0000000000
142715  46.961  -2.790  47.407 0.0000000000
72421  47.086  -3.033  46.659 0.0000000000
135940  47.729  -2.619  46.444 0.0000000000
71364  47.834  -3.481  45.513 0.0000000000
70287  47.884  -4.733  45.903 0.0000000000
134777  48.005  -5.331  46.472 0.0000000000
140511  8.105  -40.884  80.847 0.0000000000
69188  41.678  -5.643  51.495 0.0000000000
140706  41.484  -5.686  50.672 0.0000000000
68103  40.413  -6.611  50.737 0.0000000000
68104  39.912  -7.201  50.668 0.0000000000
66990  40.029  -7.622  50.262 0.0000000000
66991  39.496  -7.748  50.657 0.0000000000
63856  36.453  -10.471  52.348 0.0000000000
63869  37.020  -10.929  51.973 0.0000000000
62942  37.156  -11.620  52.269 0.0000000000
122008  38.109  -12.363  52.822 0.0000000000
61968  39.761  -12.481  53.303 0.0000000000
61949  39.418  -12.326  54.369 0.0000000000
129781  39.353  -12.034  56.572 0.0000000000
69187  42.340  -5.266  51.471 0.0000000000
39997  18.394  -32.474  70.118 0.0000000000
38972  17.411  -33.523  72.273 0.0000000000
38971  18.260  -33.624  72.127 0.0000000000
37926  17.765  -34.256  73.452 0.0000000000
37902  17.589  -34.568  74.116 0.0000000000
37927  16.910  -34.305  73.609 0.0000000000
38949  15.447  -33.781  73.200 0.0000000000
37929  14.859  -34.246  73.661 0.0000000000
37930  13.955  -34.042  73.640 0.0000000000
140903  11.489  -33.561  78.338 0.0000000000
38889  11.012  -33.923  78.714 0.0000000000
37857  9.997  -34.939  78.696 0.0000000000
37843  10.214  -34.334  80.999 0.0000000000
134887  29.654  -19.312  62.554 0.0000000000
54453  30.182  -19.337  62.020 0.0000000000
54472  28.562  -19.424  61.200 0.0000000000
54492  28.085  -19.788  60.766 0.0000000000
139444  27.904  -19.558  61.335 0.0000000000
53466  26.712  -20.342  61.737 0.0000000000
53465  27.179  -20.538  61.164 0.0000000000
51312  26.694  -21.787  61.748 0.0000000000
44396  25.548  -28.850  64.796 0.0000000000
43293  25.914  -29.183  65.654 0.0000000000
144961  33.698  -15.439  58.521 0.0000000000
58587  34.024  -15.962  58.140 0.0000000000
53532  41.195  -20.128  56.605 0.0000000000
54543  40.728  -19.759  55.853 0.0000000000
54516  42.734  -19.673  58.322 0.0000000000
54528  42.458  -19.197  57.646 0.0000000000
54527  42.960  -18.992  58.206 0.0000000000
32815  5.128  -39.535  83.981 0.0000000000
65800  35.872  -9.046  54.083 0.0000000000
138431  35.781  -8.805  54.882 0.0000000000
64794  34.472  -10.241  54.756 0.0000000000
63840  34.797  -10.380  54.124 0.0000000000
63850  34.697  -11.214  53.812 0.0000000000
62933  35.358  -11.469  53.242 0.0000000000
41063  24.035  -31.344  67.657 0.0000000000
41064  23.190  -31.494  67.491 0.0000000000
41066  21.474  -31.503  67.274 0.0000000000
40055  21.766  -31.895  67.818 0.0000000000
40034  21.155  -32.282  68.404 0.0000000000
44388  20.841  -29.034  67.171 0.0000000000
139594  20.594  -29.548  66.786 0.0000000000
43269  20.284  -29.477  67.304 0.0000000000
42131  19.401  -30.409  67.878 0.0000000000
40036  19.706  -32.091  68.690 0.0000000000
41029  18.948  -31.660  68.853 0.0000000000
41030  18.243  -31.154  69.290 0.0000000000
41031  17.625  -31.048  69.866 0.0000000000
42114  16.958  -30.556  70.762 0.0000000000
53411  25.221  -20.501  64.424 0.0000000000
53394  25.084  -20.678  65.441 0.0000000000
51277  23.821  -22.873  64.616 0.0000000000
50219  23.894  -23.662  63.328 0.0000000000
46727  22.950  -26.913  64.196 0.0000000000
47901  22.993  -26.067  64.613 0.0000000000
141825  23.213  -26.294  63.895 0.0000000000
44435  23.831  -27.860  63.575 0.0000000000
44410  23.514  -28.533  63.994 0.0000000000
42186  23.612  -30.281  65.610 0.0000000000
42159  23.625  -30.771  66.453 0.0000000000
42144  24.378  -30.828  67.006 0.0000000000
56469  38.103  -17.991  58.439 0.0000000000
55474  38.100  -18.430  57.188 0.0000000000
54562  38.009  -18.975  55.582 0.0000000000
134145  37.688  -19.549  55.303 0.0000000000
52500  35.870  -20.907  55.779 0.0000000000
54564  35.973  -20.167  55.867 0.0000000000
52499  36.633  -21.054  55.603 0.0000000000
145253  38.551  -21.546  56.012 0.0000000000
52496  38.781  -20.994  55.486 0.0000000000
52481  39.255  -21.406  56.207 0.0000000000
52480  40.061  -21.158  56.557 0.0000000000
52470  39.638  -21.746  57.000 0.0000000000
51328  40.520  -22.711  59.342 0.0000000000
51339  41.063  -22.077  58.910 0.0000000000
142804  52.302  -0.632  45.321 0.0000000000
74513  51.716  -0.904  45.587 0.0000000000
72426  50.192  -2.164  44.273 0.0000000000
120764  50.824  -1.694  44.261 0.0000000000
73482  50.722  -2.263  43.819 0.0000000000
70322  48.711  -3.919  44.816 0.0000000000
71375  48.946  -3.235  44.629 0.0000000000
70321  49.338  -3.973  44.555 0.0000000000
70320  50.202  -4.047  44.324 0.0000000000
70334  51.045  -4.023  43.993 0.0000000000
67020  42.960  -6.895  48.796 0.0000000000
67019  43.795  -6.951  48.631 0.0000000000
141204  43.643  -8.091  49.290 0.0000000000
68119  41.295  -6.477  49.586 0.0000000000
64844  42.619  -9.147  49.969 0.0000000000
65848  42.963  -8.513  49.551 0.0000000000
64843  43.375  -9.085  50.047 0.0000000000
64842  44.124  -8.932  50.137 0.0000000000
63864  43.680  -10.507  51.479 0.0000000000
62951  44.004  -10.935  51.975 0.0000000000
66961  39.895  -7.219  53.612 0.0000000000
65825  38.540  -8.512  51.096 0.0000000000
66981  38.772  -7.840  51.518 0.0000000000
65837  39.219  -8.355  50.628 0.0000000000
64835  39.023  -9.102  50.616 0.0000000000
63868  37.689  -10.685  51.614 0.0000000000
64821  37.708  -9.788  51.476 0.0000000000
62962  40.247  -10.962  51.091 0.0000000000
145464  40.045  -10.375  50.757 0.0000000000
63866  42.095  -10.839  51.219 0.0000000000
138623  41.665  -11.561  51.634 0.0000000000
49192  32.250  -24.449  59.254 0.0000000000
49191  33.180  -24.503  59.373 0.0000000000
49174  32.619  -24.794  60.019 0.0000000000
47945  33.295  -25.671  62.164 0.0000000000
47967  33.821  -25.395  61.540 0.0000000000
70266  43.780  -4.754  48.541 0.0000000000
70275  44.432  -4.824  47.945 0.0000000000
39995  23.703  -32.883  70.173 0.0000000000
39020  23.041  -33.272  70.447 0.0000000000
37961  19.989  -34.036  71.956 0.0000000000
120702  16.689  -35.256  75.828 0.0000000000
43228  16.694  -29.780  71.768 0.0000000000
136681  14.619  -30.476  73.822 0.0000000000
42072  15.203  -30.111  73.741 0.0000000000
42099  14.777  -30.962  72.840 0.0000000000
40996  14.401  -31.506  72.982 0.0000000000
40986  13.874  -31.479  73.520 0.0000000000
38950  13.204  -32.914  73.652 0.0000000000
37907  12.500  -34.200  74.258 0.0000000000
39917  11.847  -33.050  76.241 0.0000000000
38924  11.374  -33.632  75.745 0.0000000000
36842  11.532  -35.269  75.172 0.0000000000
36854  12.236  -35.037  74.674 0.0000000000
36841  12.207  -35.692  75.083 0.0000000000
35757  12.641  -36.246  75.450 0.0000000000
34742  11.418  -38.042  76.935 0.0000000000
33791  10.105  -38.481  77.481 0.0000000000
33779  10.497  -39.196  77.965 0.0000000000
32866  9.976  -39.645  78.507 0.0000000000
125735  9.610  -35.369  79.044 0.0000000000
132619  9.310  -36.370  77.894 0.0000000000
35718  9.134  -36.071  78.884 0.0000000000
34724  8.321  -37.624  79.391 0.0000000000
33766  8.551  -38.986  79.018 0.0000000000
32856  8.132  -39.247  79.661 0.0000000000
33753  7.754  -38.477  80.368 0.0000000000
34705  7.515  -38.131  81.468 0.0000000000
33738  7.180  -39.000  81.742 0.0000000000
36722  8.592  -35.708  83.389 0.0000000000
35666  7.572  -36.821  83.704 0.0000000000
34676  6.201  -37.842  84.146 0.0000000000
53523  33.056  -20.927  57.453 0.0000000000
52446  31.097  -20.939  58.874 0.0000000000
141669  31.498  -21.360  58.423 0.0000000000
52457  32.018  -21.383  58.083 0.0000000000
52458  31.539  -21.873  58.085 0.0000000000
50288  31.528  -23.293  58.155 0.0000000000
51343  31.009  -22.459  58.247 0.0000000000
50274  30.295  -23.721  59.088 0.0000000000
49195  30.028  -24.020  59.675 0.0000000000
49176  30.203  -24.338  60.274 0.0000000000
52436  27.982  -21.330  60.360 0.0000000000
52449  28.594  -21.472  59.809 0.0000000000
51319  28.390  -22.277  60.337 0.0000000000
49157  29.112  -23.677  61.809 0.0000000000
50241  29.109  -23.530  60.887 0.0000000000
49136  30.191  -24.764  62.478 0.0000000000
49137  29.643  -24.329  63.142 0.0000000000
123404  25.016  -21.198  63.101 0.0000000000
139941  25.523  -20.666  62.871 0.0000000000
52420  24.878  -22.075  62.793 0.0000000000
49140  25.370  -24.476  62.611 0.0000000000
133341  25.434  -23.106  62.474 0.0000000000
49139  25.944  -23.638  62.596 0.0000000000
45538  26.165  -27.493  64.269 0.0000000000
46726  26.563  -26.829  64.457 0.0000000000
46703  27.342  -25.897  65.641 0.0000000000
46725  26.958  -25.944  64.807 0.0000000000
49109  26.932  -24.293  63.954 0.0000000000
136504  34.219  -10.170  57.002 0.0000000000
63818  33.522  -11.050  56.514 0.0000000000
130510  33.872  -13.582  55.043 0.0000000000
60883  33.686  -12.819  54.803 0.0000000000
60882  34.339  -13.240  54.565 0.0000000000
61952  34.920  -13.044  54.048 0.0000000000
132523  34.917  -13.467  54.579 0.0000000000
56470  37.380  -17.353  58.288 0.0000000000
56478  37.087  -16.967  57.631 0.0000000000
140939  37.290  -16.440  56.717 0.0000000000
57548  36.747  -16.450  57.141 0.0000000000
122909  35.837  -15.978  57.049 0.0000000000
133201  36.569  -15.899  56.783 0.0000000000
55500  40.558  -18.587  55.196 0.0000000000
56498  39.324  -17.715  54.868 0.0000000000
122789  39.855  -17.053  54.907 0.0000000000
143200  38.891  -15.664  55.483 0.0000000000
57563  38.629  -16.331  55.438 0.0000000000
58645  37.419  -15.392  56.392 0.0000000000
58624  36.603  -15.078  56.661 0.0000000000
142151  35.954  -14.663  56.541 0.0000000000
59792  37.303  -14.321  56.740 0.0000000000
135605  37.806  -13.446  57.072 0.0000000000
60846  37.188  -13.426  56.784 0.0000000000
61910  37.789  -12.706  56.612 0.0000000000
60844  38.296  -12.945  57.353 0.0000000000
59757  40.433  -13.926  57.720 0.0000000000
49190  34.114  -24.503  59.564 0.0000000000
49207  34.592  -24.146  58.873 0.0000000000
49153  37.140  -24.887  61.354 0.0000000000
49170  36.275  -24.587  60.402 0.0000000000
49169  37.222  -24.536  60.563 0.0000000000
49187  37.673  -24.147  59.774 0.0000000000
136591  37.920  -24.729  61.194 0.0000000000
49151  39.481  -24.444  61.382 0.0000000000
50255  40.392  -23.801  60.927 0.0000000000
74538  56.956  -0.271  39.862 0.0000000000
74537  57.891  0.036  39.738 0.0000000000
74545  57.414  -0.698  39.259 0.0000000000
73493  57.143  -1.562  39.144 0.0000000000
74512  52.607  -0.480  44.676 0.0000000000
74524  54.110  -0.722  42.061 0.0000000000
75610  54.504  -0.154  42.470 0.0000000000
72437  55.222  -2.602  41.188 0.0000000000
73488  55.012  -1.569  41.014 0.0000000000
67015  47.337  -6.769  48.654 0.0000000000
51374  34.016  -21.810  56.746 0.0000000000
51359  34.309  -22.504  57.029 0.0000000000
50300  34.792  -23.192  57.615 0.0000000000
131849  34.956  -23.759  58.324 0.0000000000
123660  46.069  -3.921  46.867 0.0000000000
130626  46.544  -4.014  46.413 0.0000000000
70288  47.121  -4.318  46.131 0.0000000000
133194  46.668  -4.563  46.501 0.0000000000
32830  7.338  -39.844  81.173 0.0000000000
69175  41.051  -6.133  51.970 0.0000000000
68083  41.228  -6.374  52.859 0.0000000000
68084  40.524  -6.587  52.497 0.0000000000
68085  39.896  -6.860  52.082 0.0000000000
61987  36.674  -11.938  52.615 0.0000000000
141117  38.682  -12.260  56.654 0.0000000000
39026  17.381  -32.547  71.077 0.0000000000
38973  16.595  -33.450  72.498 0.0000000000
38948  16.313  -33.893  73.106 0.0000000000
38883  11.028  -33.795  79.673 0.0000000000
124032  28.864  -19.246  62.770 0.0000000000
144573  27.534  -19.610  61.732 0.0000000000
53447  26.042  -20.520  62.386 0.0000000000
42158  24.959  -30.340  66.554 0.0000000000
42157  25.773  -30.103  67.005 0.0000000000
57513  34.318  -16.035  59.072 0.0000000000
52454  42.191  -21.129  58.852 0.0000000000
53504  42.491  -20.427  58.549 0.0000000000
65790  35.690  -8.738  55.734 0.0000000000
64783  34.570  -9.815  55.454 0.0000000000
42160  22.855  -30.654  66.005 0.0000000000
41089  22.960  -31.103  66.756 0.0000000000
41090  22.211  -30.923  66.407 0.0000000000
141768  21.635  -30.647  66.213 0.0000000000
41092  20.982  -30.602  66.485 0.0000000000
44359  19.946  -29.370  67.874 0.0000000000
141993  19.731  -29.341  68.443 0.0000000000
43264  18.863  -30.023  68.568 0.0000000000
42120  18.347  -30.289  69.174 0.0000000000
51263  23.847  -22.767  65.606 0.0000000000
47871  23.128  -25.867  66.405 0.0000000000
47885  22.953  -25.942  65.530 0.0000000000
45540  22.618  -27.625  64.616 0.0000000000
44411  22.825  -28.481  64.412 0.0000000000
43322  23.212  -29.249  64.503 0.0000000000
135482  22.699  -29.640  64.954 0.0000000000
42187  22.719  -30.164  65.336 0.0000000000
54530  37.806  -19.004  57.609 0.0000000000
54563  36.845  -19.852  55.601 0.0000000000
51371  36.965  -22.129  56.460 0.0000000000
51355  38.396  -22.465  57.180 0.0000000000
51354  39.210  -22.301  57.449 0.0000000000
51353  39.982  -22.010  57.826 0.0000000000
51341  39.570  -22.555  58.238 0.0000000000
51329  39.882  -22.771  58.870 0.0000000000
51318  40.930  -22.972  60.069 0.0000000000
72404  48.377  -2.177  47.723 0.0000000000
73461  49.678  -1.720  47.354 0.0000000000
73473  50.395  -1.412  45.502 0.0000000000
73478  50.246  -1.670  44.859 0.0000000000
69277  49.247  -4.928  45.550 0.0000000000
70302  51.727  -4.680  45.299 0.0000000000
134093  43.303  -5.310  48.607 0.0000000000
65850  41.548  -8.385  49.613 0.0000000000
64831  42.975  -9.630  50.426 0.0000000000
63865  42.917  -10.683  51.346 0.0000000000
66963  38.627  -7.662  53.293 0.0000000000
66973  38.002  -8.119  52.784 0.0000000000
61999  39.419  -11.967  51.896 0.0000000000
61998  40.315  -12.096  51.973 0.0000000000
61996  42.110  -12.048  52.164 0.0000000000
140815  41.811  -12.365  52.591 0.0000000000
49175  31.576  -24.695  59.980 0.0000000000
47987  32.132  -25.108  60.720 0.0000000000
70220  43.745  -4.831  52.026 0.0000000000
70228  44.137  -4.068  50.598 0.0000000000
70242  44.029  -4.030  49.604 0.0000000000
70254  43.480  -4.510  49.182 0.0000000000
39038  22.336  -33.009  69.770 0.0000000000
39021  22.007  -33.513  70.550 0.0000000000
136507  22.098  -33.928  71.388 0.0000000000
137466  16.113  -35.260  75.400 0.0000000000
35745  14.815  -36.231  76.931 0.0000000000
126957  13.498  -36.932  76.856 0.0000000000
42073  14.398  -30.636  74.600 0.0000000000
42090  13.963  -30.954  73.972 0.0000000000
40987  13.389  -31.582  74.108 0.0000000000
39940  12.400  -32.656  74.669 0.0000000000
38913  10.791  -34.182  76.802 0.0000000000
37873  10.917  -34.174  76.073 0.0000000000
139973  10.808  -34.637  75.784 0.0000000000
37888  10.835  -35.148  75.625 0.0000000000
35759  11.070  -35.923  75.708 0.0000000000
35749  11.414  -36.740  75.980 0.0000000000
34752  10.991  -37.366  76.455 0.0000000000
34743  10.579  -37.937  76.980 0.0000000000
34733  9.253  -37.972  77.854 0.0000000000
36772  8.921  -36.159  79.857 0.0000000000
35705  8.369  -36.911  80.169 0.0000000000
35656  6.064  -36.781  84.820 0.0000000000
52459  30.453  -22.043  58.546 0.0000000000
52460  29.866  -22.224  58.786 0.0000000000
51330  29.365  -22.679  59.296 0.0000000000
51310  28.104  -22.533  61.146 0.0000000000
49138  29.003  -23.663  62.790 0.0000000000
49119  28.769  -23.598  63.732 0.0000000000
51287  24.317  -22.798  63.177 0.0000000000
51302  24.858  -22.975  62.640 0.0000000000
50218  24.396  -23.680  62.796 0.0000000000
47951  25.552  -25.233  62.847 0.0000000000
45503  26.877  -27.982  65.990 0.0000000000
45521  27.188  -26.890  66.025 0.0000000000
67003  45.882  -7.630  49.286 0.0000000000
61880  33.000  -12.467  57.823 0.0000000000
61894  32.714  -12.715  57.016 0.0000000000
62900  32.966  -12.056  56.370 0.0000000000
61911  32.766  -12.990  56.227 0.0000000000
60864  33.270  -13.589  55.598 0.0000000000
56487  37.670  -17.063  57.036 0.0000000000
122799  40.592  -17.095  55.187 0.0000000000
57561  40.228  -16.422  55.211 0.0000000000
58643  39.092  -15.000  55.822 0.0000000000
59772  38.748  -13.814  57.077 0.0000000000
141949  40.304  -14.521  56.928 0.0000000000
47965  35.512  -25.174  61.451 0.0000000000
49155  35.877  -24.882  60.975 0.0000000000
47964  36.327  -25.132  61.607 0.0000000000
125747  37.256  -25.217  62.088 0.0000000000
73480  52.044  -1.218  43.583 0.0000000000
74526  52.696  -1.094  43.030 0.0000000000
71404  55.940  -2.883  40.890 0.0000000000
71398  56.395  -3.384  41.314 0.0000000000
45524  21.870  -28.314  65.589 0.0000000000
131193  21.461  -28.748  65.993 0.0000000000
133839  21.431  -28.594  66.888 0.0000000000
45504  22.592  -27.287  66.438 0.0000000000
69245  49.592  -5.612  47.101 0.0000000000
54546  35.357  -20.035  56.440 0.0000000000
132974  35.608  -21.572  56.192 0.0000000000
51373  34.906  -21.881  56.581 0.0000000000
51372  35.944  -22.326  56.731 0.0000000000
51357  36.795  -22.620  57.108 0.0000000000
50298  37.155  -23.031  57.720 0.0000000000
121875  38.059  -23.775  59.127 0.0000000000
72398  47.282  -2.509  48.856 0.0000000000
72405  47.476  -2.455  47.985 0.0000000000
72419  48.211  -2.438  45.986 0.0000000000
73475  48.772  -2.281  45.563 0.0000000000
71363  48.360  -3.532  45.043 0.0000000000
70306  48.219  -4.160  45.274 0.0000000000
69278  48.590  -4.736  45.541 0.0000000000
31955  9.272  -40.868  80.334 0.0000000000
69204  41.706  -5.523  50.105 0.0000000000
68102  41.080  -6.115  50.213 0.0000000000
67009  40.495  -7.656  49.878 0.0000000000
65835  40.217  -8.215  50.063 0.0000000000
64846  40.580  -8.847  50.035 0.0000000000
64811  37.192  -9.378  51.960 0.0000000000
62941  37.886  -11.908  52.241 0.0000000000
62000  38.689  -12.135  52.273 0.0000000000
143787  39.229  -12.253  52.345 0.0000000000
143912  40.201  -12.491  52.863 0.0000000000
61947  41.077  -12.147  55.048 0.0000000000
122527  40.709  -11.960  57.270 0.0000000000
47921  31.338  -25.619  62.927 0.0000000000
46761  31.988  -25.916  63.044 0.0000000000
135419  32.028  -26.130  63.809 0.0000000000
39041  19.656  -32.964  69.919 0.0000000000
39023  20.169  -33.387  70.507 0.0000000000
144598  19.599  -33.266  70.503 0.0000000000
37962  19.109  -33.786  72.028 0.0000000000
37946  18.712  -33.961  72.650 0.0000000000
37903  16.772  -34.699  74.367 0.0000000000
37928  15.911  -34.401  73.822 0.0000000000
36853  13.641  -35.148  74.507 0.0000000000
39904  11.981  -33.101  77.058 0.0000000000
123921  10.409  -34.587  77.266 0.0000000000
37864  9.968  -35.095  77.763 0.0000000000
36807  9.681  -35.864  77.379 0.0000000000
37849  10.370  -34.378  80.092 0.0000000000
37850  9.932  -34.897  79.561 0.0000000000
54470  30.416  -19.552  61.107 0.0000000000
54490  29.825  -19.633  60.499 0.0000000000
136221  29.089  -20.280  59.790 0.0000000000
54491  28.981  -19.697  60.382 0.0000000000
54473  27.405  -19.919  61.282 0.0000000000
52437  27.397  -21.214  60.888 0.0000000000
51311  27.340  -22.023  61.418 0.0000000000
45550  24.217  -27.197  63.275 0.0000000000
45549  25.156  -27.167  63.306 0.0000000000
44433  25.554  -27.755  63.818 0.0000000000
44407  25.934  -28.144  64.489 0.0000000000
43277  26.209  -29.474  66.509 0.0000000000
44386  26.578  -28.801  66.193 0.0000000000
58588  33.528  -15.388  57.779 0.0000000000
58606  33.715  -15.364  56.878 0.0000000000
54560  39.537  -19.605  54.913 0.0000000000
55501  39.353  -18.564  54.782 0.0000000000
54559  40.275  -19.352  55.222 0.0000000000
54558  40.884  -19.101  55.619 0.0000000000
55485  41.260  -18.493  55.782 0.0000000000
54529  41.822  -19.704  57.146 0.0000000000
54541  42.004  -19.003  56.985 0.0000000000
56485  41.628  -17.749  56.067 0.0000000000
56484  42.214  -17.734  56.840 0.0000000000
75608  56.062  0.531  42.338 0.0000000000
134610  52.104  -3.500  43.313 0.0000000000
32821  6.063  -39.642  83.361 0.0000000000
66952  39.665  -7.404  54.259 0.0000000000
66953  38.770  -7.584  54.256 0.0000000000
65798  37.156  -8.251  54.067 0.0000000000
65807  36.517  -8.835  53.507 0.0000000000
64802  36.341  -9.394  52.939 0.0000000000
64803  35.986  -9.392  53.432 0.0000000000
64813  35.921  -10.001  52.941 0.0000000000
143740  35.406  -9.282  54.513 0.0000000000
62944  35.835  -10.883  52.770 0.0000000000
62932  36.014  -11.755  52.803 0.0000000000
141284  35.644  -12.189  53.255 0.0000000000
60893  36.148  -13.088  53.925 0.0000000000
41028  24.878  -31.616  68.969 0.0000000000
40031  24.184  -31.987  69.005 0.0000000000
40032  23.398  -32.337  69.051 0.0000000000
128113  22.869  -32.220  68.573 0.0000000000
41047  22.631  -31.889  67.974 0.0000000000
120767  22.613  -32.577  69.101 0.0000000000
40015  21.747  -32.696  69.095 0.0000000000
40016  20.877  -32.716  69.154 0.0000000000
43280  20.792  -29.964  66.313 0.0000000000
42145  20.454  -30.712  66.960 0.0000000000
43270  19.788  -29.872  67.476 0.0000000000
42146  19.993  -30.355  67.178 0.0000000000
41068  20.085  -31.124  67.473 0.0000000000
40035  20.248  -31.878  68.137 0.0000000000
40017  20.068  -32.646  69.225 0.0000000000
39996  18.980  -32.633  69.825 0.0000000000
40020  17.988  -31.778  69.850 0.0000000000
39998  17.747  -32.221  70.420 0.0000000000
39999  17.176  -31.815  70.666 0.0000000000
41005  16.209  -31.386  71.491 0.0000000000
54424  25.893  -19.923  63.934 0.0000000000
52386  24.670  -21.139  64.785 0.0000000000
134315  24.433  -21.642  64.247 0.0000000000
47927  23.718  -25.244  63.207 0.0000000000
50201  23.572  -23.603  65.151 0.0000000000
47884  23.138  -25.233  65.075 0.0000000000
49110  23.359  -24.442  64.615 0.0000000000
46750  23.598  -26.083  63.419 0.0000000000
126928  23.915  -26.549  63.193 0.0000000000
44434  24.724  -27.909  63.533 0.0000000000
44409  24.318  -28.569  63.845 0.0000000000
43294  25.054  -29.506  65.192 0.0000000000
43295  24.048  -29.664  64.842 0.0000000000
42185  24.567  -30.041  65.740 0.0000000000
144813  25.144  -30.582  67.221 0.0000000000
41062  24.845  -30.984  67.763 0.0000000000
54561  38.346  -19.107  55.118 0.0000000000
53557  38.819  -19.746  54.794 0.0000000000
52483  37.188  -21.493  55.812 0.0000000000
52498  37.322  -20.795  55.389 0.0000000000
53546  37.419  -20.115  55.160 0.0000000000
52497  38.202  -20.414  55.063 0.0000000000
53544  39.984  -20.098  55.384 0.0000000000
52468  41.197  -21.136  57.777 0.0000000000
52456  40.766  -21.741  58.179 0.0000000000
52455  41.504  -21.448  58.518 0.0000000000
74520  52.088  -0.816  44.196 0.0000000000
73481  51.506  -1.218  44.210 0.0000000000
138872  51.736  -2.388  43.050 0.0000000000
71394  51.826  -3.015  43.006 0.0000000000
72423  49.083  -2.432  44.949 0.0000000000
72427  49.621  -2.659  44.378 0.0000000000
135187  51.379  -3.443  43.506 0.0000000000
142733  45.381  -5.510  47.558 0.0000000000
68155  45.599  -6.031  47.784 0.0000000000
68136  45.153  -6.530  48.212 0.0000000000
67018  44.677  -7.108  48.614 0.0000000000
67004  45.048  -7.710  49.144 0.0000000000
65834  44.911  -8.718  50.237 0.0000000000
68118  41.935  -6.018  49.224 0.0000000000
67006  42.854  -7.666  49.105 0.0000000000
65849  42.113  -7.954  49.338 0.0000000000
64819  44.843  -9.685  51.299 0.0000000000
63862  45.209  -10.098  51.950 0.0000000000
63863  44.416  -10.335  51.695 0.0000000000
129823  39.609  -7.125  52.471 0.0000000000
66971  39.294  -7.300  51.948 0.0000000000
66972  38.644  -7.714  52.380 0.0000000000
66980  39.349  -7.484  51.141 0.0000000000
133339  39.804  -8.831  50.319 0.0000000000
140147  40.399  -9.448  50.322 0.0000000000
62956  39.386  -11.192  51.372 0.0000000000
63880  38.991  -9.811  50.806 0.0000000000
63878  40.661  -10.207  50.650 0.0000000000
62940  42.939  -11.903  52.305 0.0000000000
62939  43.854  -11.674  52.510 0.0000000000
50287  32.408  -23.536  58.037 0.0000000000
50286  33.273  -23.648  58.015 0.0000000000
47986  32.970  -25.076  60.629 0.0000000000
47985  33.687  -25.121  60.902 0.0000000000
137816  34.865  -25.170  61.265 0.0000000000
141121  45.273  -3.464  48.738 0.0000000000
71302  44.643  -3.698  49.153 0.0000000000
71315  44.728  -3.884  48.425 0.0000000000
71332  44.882  -4.179  47.846 0.0000000000
38995  23.399  -33.576  71.260 0.0000000000
38998  20.614  -33.792  71.257 0.0000000000
42106  16.468  -30.470  71.364 0.0000000000
42107  15.893  -30.762  71.835 0.0000000000
43209  15.648  -30.161  72.680 0.0000000000
42098  15.387  -30.725  72.427 0.0000000000
39970  14.711  -32.274  72.743 0.0000000000
38975  14.323  -32.874  73.080 0.0000000000
39955  13.428  -32.139  73.600 0.0000000000
124948  13.723  -32.689  73.358 0.0000000000
134999  13.803  -33.327  73.436 0.0000000000
37906  13.355  -34.464  74.073 0.0000000000
40969  12.920  -32.007  75.649 0.0000000000
38935  12.001  -33.514  74.582 0.0000000000
35747  13.096  -36.718  76.034 0.0000000000
34750  12.653  -37.250  76.570 0.0000000000
34740  13.031  -37.428  77.427 0.0000000000
33778  11.396  -39.126  78.193 0.0000000000
32853  10.185  -40.031  79.105 0.0000000000
31959  9.682  -40.431  79.653 0.0000000000
143813  9.334  -37.128  77.635 0.0000000000
34734  8.668  -37.707  78.639 0.0000000000
33781  8.920  -38.579  78.471 0.0000000000
32867  9.224  -39.405  78.674 0.0000000000
31960  8.977  -40.465  79.640 0.0000000000
32842  8.278  -40.102  79.865 0.0000000000
31957  7.853  -40.337  80.555 0.0000000000
33726  6.688  -38.925  82.764 0.0000000000
36733  9.044  -35.222  82.837 0.0000000000
36734  8.713  -35.824  82.536 0.0000000000
35676  7.834  -36.992  82.781 0.0000000000
36723  7.975  -36.180  83.990 0.0000000000
34690  7.448  -37.707  82.464 0.0000000000
56461  38.005  -18.159  59.195 0.0000000000
51361  32.591  -22.299  57.463 0.0000000000
52473  32.063  -21.901  57.736 0.0000000000
50303  32.224  -22.988  57.737 0.0000000000
49210  31.884  -24.017  58.566 0.0000000000
50289  30.638  -23.239  58.524 0.0000000000
144578  30.824  -24.645  60.309 0.0000000000
53497  28.952  -20.871  59.602 0.0000000000
51331  28.851  -22.286  59.684 0.0000000000
50259  28.631  -22.955  60.776 0.0000000000
49177  29.587  -23.850  60.203 0.0000000000
47948  30.803  -25.240  62.457 0.0000000000
53428  25.924  -20.102  63.021 0.0000000000
51301  25.447  -22.381  62.452 0.0000000000
51300  26.160  -22.014  62.079 0.0000000000
50230  26.924  -23.064  62.871 0.0000000000
47925  25.611  -26.191  63.197 0.0000000000
47924  26.316  -25.161  63.452 0.0000000000
142618  26.512  -24.403  63.419 0.0000000000
140487  27.910  -23.599  64.599 0.0000000000
67002  47.196  -7.220  49.306 0.0000000000
132820  46.569  -7.533  49.459 0.0000000000
65824  46.928  -8.640  51.287 0.0000000000
64766  34.938  -9.356  57.020 0.0000000000
63817  34.033  -10.313  56.021 0.0000000000
63832  34.048  -10.531  55.206 0.0000000000
135274  33.347  -11.613  55.658 0.0000000000
63842  33.711  -11.279  55.002 0.0000000000
62923  34.062  -11.863  54.356 0.0000000000
61972  34.892  -12.227  53.682 0.0000000000
57525  35.251  -16.722  58.463 0.0000000000
57536  34.681  -16.225  57.691 0.0000000000
57549  35.126  -16.031  57.180 0.0000000000
58627  34.425  -15.754  56.963 0.0000000000
57547  37.442  -16.044  56.385 0.0000000000
58625  35.816  -15.346  56.731 0.0000000000
59794  34.753  -14.393  55.706 0.0000000000
59773  36.533  -14.087  56.605 0.0000000000
60862  35.420  -13.777  55.233 0.0000000000
60880  36.171  -13.344  54.769 0.0000000000
60879  36.947  -13.083  55.247 0.0000000000
61930  37.673  -12.686  55.671 0.0000000000
61908  38.821  -12.555  57.289 0.0000000000
60843  39.050  -13.011  57.738 0.0000000000
49206  35.502  -24.044  58.896 0.0000000000
49171  35.471  -24.682  60.377 0.0000000000
131281  35.889  -24.356  59.688 0.0000000000
50272  36.325  -24.003  59.059 0.0000000000
50271  37.181  -23.866  59.076 0.0000000000
49186  38.402  -23.997  59.755 0.0000000000
47963  38.281  -24.993  61.923 0.0000000000
49152  38.746  -24.592  61.259 0.0000000000
49167  39.189  -24.245  60.701 0.0000000000
50256  39.727  -23.699  60.220 0.0000000000
144236  40.508  -23.410  60.386 0.0000000000
74519  53.285  -0.498  43.307 0.0000000000
75598  54.584  0.145  43.179 0.0000000000
75621  55.524  0.078  41.689 0.0000000000
72433  53.107  -2.630  42.328 0.0000000000
72439  53.674  -2.084  41.898 0.0000000000
73489  54.225  -1.460  41.637 0.0000000000
74531  54.614  -0.885  41.494 0.0000000000
74530  55.153  -0.601  41.195 0.0000000000
73490  56.179  -0.752  40.153 0.0000000000
73494  56.446  -1.540  39.775 0.0000000000
72442  56.260  -2.370  40.199 0.0000000000
33752  8.145  -38.387  79.529 0.0000000000
38936  11.508  -33.745  75.051 0.0000000000
41014  17.176  -31.073  70.381 0.0000000000
41067  20.867  -31.167  67.039 0.0000000000
41091  21.554  -31.111  66.715 0.0000000000
42088  15.059  -30.443  73.129 0.0000000000
42163  20.452  -30.309  66.727 0.0000000000
43320  24.692  -29.093  64.386 0.0000000000
46749  24.028  -25.905  62.941 0.0000000000
47947  31.516  -25.525  62.277 0.0000000000
49134  39.774  -24.617  62.006 0.0000000000
49135  39.146  -24.775  61.923 0.0000000000
50257  38.934  -24.016  60.087 0.0000000000
50269  40.295  -23.208  59.885 0.0000000000
50282  38.450  -23.316  58.534 0.0000000000
51276  24.123  -22.331  64.026 0.0000000000
51344  30.357  -22.621  58.562 0.0000000000
53489  42.785  -20.728  59.241 0.0000000000
53505  41.880  -20.793  58.159 0.0000000000
53520  40.844  -20.823  56.985 0.0000000000
53534  39.618  -20.779  55.752 0.0000000000
54455  28.155  -19.338  61.977 0.0000000000
56497  40.091  -17.949  54.850 0.0000000000
59746  32.710  -13.911  57.759 0.0000000000
59759  32.779  -14.151  56.930 0.0000000000
60831  32.654  -13.502  57.070 0.0000000000
62913  33.496  -12.027  55.000 0.0000000000
64793  34.924  -9.736  54.628 0.0000000000
126580  23.188  -25.273  65.909 0.0000000000
138072  35.252  -24.960  60.926 0.0000000000
143451  36.023  -23.780  58.623 0.0000000000
144956  34.302  -25.178  61.164 0.0000000000
