#!ascii label  , from subject sub-v1s5x0050747_ses-1 vox2ras=TkReg
1029
131671  23.704  -25.399  69.832 0.0000000000
49045  36.476  -24.220  71.881 0.0000000000
68061  41.186  -7.045  54.142 0.0000000000
57498  35.764  -16.593  60.393 0.0000000000
53408  39.747  -20.528  64.446 0.0000000000
74506  54.372  -0.266  46.335 0.0000000000
68009  40.575  -6.583  59.403 0.0000000000
65768  35.535  -8.747  57.495 0.0000000000
44313  19.854  -29.208  69.743 0.0000000000
121570  29.844  -22.041  72.657 0.0000000000
51216  32.171  -22.429  68.426 0.0000000000
52336  24.663  -21.409  67.603 0.0000000000
145646  46.986  -3.002  50.541 0.0000000000
51136  26.729  -22.839  75.529 0.0000000000
43201  24.125  -29.831  72.418 0.0000000000
69146  45.744  -5.677  54.774 0.0000000000
43163  18.892  -29.856  74.651 0.0000000000
40952  13.510  -31.790  76.184 0.0000000000
143668  36.048  -10.630  61.916 0.0000000000
56445  38.834  -18.232  61.345 0.0000000000
53461  34.697  -20.334  61.349 0.0000000000
52382  34.089  -22.142  64.275 0.0000000000
136365  40.323  -6.839  62.154 0.0000000000
66897  38.348  -7.121  59.066 0.0000000000
66862  37.420  -7.457  61.449 0.0000000000
131660  42.401  -6.383  61.973 0.0000000000
123211  23.222  -27.341  67.706 0.0000000000
44378  20.539  -29.065  67.729 0.0000000000
45457  23.352  -28.373  69.230 0.0000000000
52280  25.406  -21.791  71.920 0.0000000000
52306  26.500  -21.284  69.996 0.0000000000
50171  23.611  -23.481  68.559 0.0000000000
47870  23.412  -24.981  66.649 0.0000000000
69174  41.637  -5.920  52.347 0.0000000000
139101  42.852  -6.595  56.988 0.0000000000
68069  43.231  -6.369  54.071 0.0000000000
70220  43.745  -4.831  52.026 0.0000000000
142801  23.601  -31.455  74.489 0.0000000000
42086  21.641  -30.989  73.190 0.0000000000
122049  21.324  -31.260  75.481 0.0000000000
40878  15.166  -31.068  80.744 0.0000000000
42008  15.548  -30.358  77.644 0.0000000000
140902  13.401  -32.264  78.573 0.0000000000
38889  11.012  -33.923  78.714 0.0000000000
38873  10.683  -33.765  81.453 0.0000000000
57462  40.408  -16.836  63.281 0.0000000000
54449  39.844  -18.921  62.388 0.0000000000
53473  37.490  -19.740  60.760 0.0000000000
52413  36.851  -20.570  63.092 0.0000000000
53369  29.586  -20.439  66.582 0.0000000000
51261  32.683  -22.228  66.084 0.0000000000
53410  31.078  -19.996  64.566 0.0000000000
53446  31.958  -20.064  62.447 0.0000000000
59713  36.064  -13.864  60.914 0.0000000000
61871  33.882  -12.553  59.245 0.0000000000
143439  34.493  -16.291  58.344 0.0000000000
130914  58.005  1.240  43.771 0.0000000000
140214  54.694  0.294  44.052 0.0000000000
68036  40.652  -7.226  56.738 0.0000000000
134052  38.294  -7.596  55.965 0.0000000000
69098  42.554  -6.031  59.392 0.0000000000
50087  34.057  -22.696  72.974 0.0000000000
50138  34.159  -23.831  70.394 0.0000000000
52288  31.004  -22.155  70.723 0.0000000000
53342  28.176  -21.103  68.104 0.0000000000
53393  25.616  -20.347  65.845 0.0000000000
71262  49.271  -3.082  52.693 0.0000000000
72392  49.564  -2.417  50.343 0.0000000000
73447  50.591  -1.761  48.470 0.0000000000
74513  51.716  -0.904  45.587 0.0000000000
50105  24.302  -24.022  72.599 0.0000000000
46618  24.119  -27.361  71.087 0.0000000000
46596  25.621  -26.154  73.787 0.0000000000
122045  28.039  -21.868  73.926 0.0000000000
70217  46.319  -4.410  52.766 0.0000000000
44292  22.292  -29.908  70.834 0.0000000000
43205  19.189  -29.629  72.145 0.0000000000
43208  16.284  -29.721  72.636 0.0000000000
42026  18.578  -30.065  77.039 0.0000000000
43145  16.559  -29.730  75.529 0.0000000000
36707  8.461  -35.459  84.267 0.0000000000
65721  36.996  -8.003  63.815 0.0000000000
128996  37.273  -14.864  61.877 0.0000000000
141714  39.096  -14.829  62.569 0.0000000000
57496  37.601  -17.457  60.825 0.0000000000
54504  38.118  -19.016  59.407 0.0000000000
54507  35.023  -19.681  58.581 0.0000000000
139037  33.271  -20.287  58.839 0.0000000000
50168  34.502  -25.153  67.249 0.0000000000
51241  36.163  -23.368  65.669 0.0000000000
51272  36.443  -21.979  64.719 0.0000000000
52416  34.959  -20.957  62.872 0.0000000000
53478  32.406  -20.304  60.950 0.0000000000
64727  35.386  -9.425  60.387 0.0000000000
62893  33.163  -11.771  57.260 0.0000000000
66844  40.256  -7.009  63.024 0.0000000000
66845  39.437  -7.049  62.081 0.0000000000
66846  38.478  -7.323  62.672 0.0000000000
141770  40.965  -6.845  63.389 0.0000000000
46671  23.698  -26.028  68.515 0.0000000000
45469  23.210  -28.041  68.373 0.0000000000
46642  23.861  -26.927  69.590 0.0000000000
50123  23.639  -23.720  70.951 0.0000000000
51196  23.962  -22.364  70.635 0.0000000000
49067  23.593  -24.551  69.532 0.0000000000
126096  23.633  -25.073  68.249 0.0000000000
68083  41.228  -6.374  52.859 0.0000000000
66935  42.082  -7.269  55.114 0.0000000000
68046  43.846  -6.709  55.684 0.0000000000
68059  42.730  -6.912  54.654 0.0000000000
69161  42.805  -5.951  53.250 0.0000000000
40890  13.980  -31.995  80.810 0.0000000000
40902  14.485  -31.432  79.398 0.0000000000
39883  13.075  -32.417  79.961 0.0000000000
38881  12.259  -33.013  79.216 0.0000000000
38882  11.765  -33.257  79.781 0.0000000000
38877  10.789  -33.828  80.587 0.0000000000
55432  40.499  -18.602  63.305 0.0000000000
53422  39.474  -20.010  63.613 0.0000000000
53439  38.273  -20.034  62.674 0.0000000000
53423  38.523  -20.276  63.452 0.0000000000
134691  36.958  -25.097  70.845 0.0000000000
54407  28.754  -19.923  65.423 0.0000000000
53390  30.288  -20.001  65.319 0.0000000000
54420  29.450  -19.512  64.165 0.0000000000
54419  30.269  -19.557  63.694 0.0000000000
58562  35.482  -15.826  60.643 0.0000000000
58574  34.373  -15.177  59.805 0.0000000000
74501  54.082  -0.582  47.159 0.0000000000
74500  55.024  -0.206  47.122 0.0000000000
75572  55.207  0.092  46.206 0.0000000000
123464  56.193  0.719  44.820 0.0000000000
75587  54.880  0.256  44.809 0.0000000000
68014  40.846  -6.671  58.347 0.0000000000
66924  39.363  -7.413  56.547 0.0000000000
123468  39.560  -6.980  58.018 0.0000000000
66899  36.671  -7.796  58.305 0.0000000000
66927  36.945  -7.818  56.833 0.0000000000
65778  35.587  -8.738  56.622 0.0000000000
68004  41.489  -6.459  60.678 0.0000000000
68008  41.322  -6.446  59.816 0.0000000000
68013  41.684  -6.484  58.408 0.0000000000
44358  20.459  -29.049  68.425 0.0000000000
43245  18.410  -29.476  70.247 0.0000000000
51174  32.232  -22.205  72.506 0.0000000000
51184  32.551  -22.390  71.357 0.0000000000
52275  30.272  -22.138  71.241 0.0000000000
52307  25.190  -21.161  69.074 0.0000000000
53333  27.415  -21.277  69.107 0.0000000000
53356  25.806  -20.815  67.961 0.0000000000
120699  26.870  -20.343  67.015 0.0000000000
52352  24.675  -21.296  66.578 0.0000000000
51263  23.847  -22.767  65.606 0.0000000000
54530  37.806  -19.004  57.609 0.0000000000
71271  47.889  -3.296  51.692 0.0000000000
72381  49.230  -2.815  51.910 0.0000000000
72393  48.628  -2.592  50.332 0.0000000000
73449  49.190  -1.946  47.787 0.0000000000
73461  49.678  -1.720  47.354 0.0000000000
73467  50.961  -1.390  46.933 0.0000000000
51149  25.703  -23.284  74.334 0.0000000000
47810  25.174  -25.474  73.358 0.0000000000
49001  25.795  -24.757  74.449 0.0000000000
52221  27.386  -22.326  75.356 0.0000000000
52254  25.744  -22.352  73.350 0.0000000000
70206  47.346  -4.401  53.703 0.0000000000
70207  46.592  -4.653  53.515 0.0000000000
130879  44.262  -4.383  51.487 0.0000000000
45420  24.340  -28.548  71.859 0.0000000000
44309  23.751  -28.943  70.655 0.0000000000
43202  23.500  -29.968  71.763 0.0000000000
43162  19.681  -30.184  73.902 0.0000000000
43181  20.120  -30.279  72.882 0.0000000000
43182  19.307  -29.842  72.976 0.0000000000
138755  17.796  -29.402  72.295 0.0000000000
128427  17.694  -29.433  73.183 0.0000000000
42005  18.375  -30.227  78.042 0.0000000000
129209  14.483  -31.216  76.938 0.0000000000
121662  16.071  -29.948  77.119 0.0000000000
42053  15.015  -30.378  75.363 0.0000000000
126827  15.089  -30.159  74.441 0.0000000000
60788  37.267  -13.267  61.868 0.0000000000
57463  39.576  -17.125  62.754 0.0000000000
58540  39.856  -16.137  62.971 0.0000000000
57464  39.086  -16.605  62.596 0.0000000000
57480  37.849  -16.946  61.743 0.0000000000
56446  38.270  -17.836  61.004 0.0000000000
55457  38.284  -18.540  59.668 0.0000000000
55450  38.661  -18.765  60.378 0.0000000000
53459  36.753  -19.974  61.366 0.0000000000
53490  36.396  -19.742  59.805 0.0000000000
53475  35.519  -19.961  60.569 0.0000000000
53492  34.235  -19.892  59.251 0.0000000000
53476  34.491  -20.056  60.288 0.0000000000
137943  33.129  -23.424  69.481 0.0000000000
49066  34.069  -25.101  68.412 0.0000000000
50170  32.967  -23.975  67.586 0.0000000000
51260  33.161  -22.602  65.520 0.0000000000
51243  33.869  -23.940  65.771 0.0000000000
51259  34.464  -23.467  65.310 0.0000000000
51257  36.319  -22.691  65.245 0.0000000000
52381  35.028  -22.025  64.171 0.0000000000
52401  35.353  -21.398  63.570 0.0000000000
52402  34.528  -21.523  63.582 0.0000000000
54452  31.117  -19.674  61.797 0.0000000000
53463  32.562  -20.327  61.833 0.0000000000
64709  36.086  -9.298  62.892 0.0000000000
122923  36.289  -8.433  62.548 0.0000000000
63774  35.707  -10.159  61.548 0.0000000000
139151  32.979  -13.839  58.539 0.0000000000
62870  33.842  -11.830  58.875 0.0000000000
120694  58.557  1.198  42.890 0.0000000000
66873  40.170  -6.719  60.929 0.0000000000
123102  39.286  -6.826  58.846 0.0000000000
123262  38.985  -6.953  60.491 0.0000000000
66885  37.426  -7.418  59.598 0.0000000000
66886  36.681  -7.731  59.176 0.0000000000
67973  42.476  -6.622  63.782 0.0000000000
67992  41.016  -6.662  61.886 0.0000000000
45487  22.100  -28.223  67.360 0.0000000000
44357  21.474  -28.897  68.678 0.0000000000
44335  21.663  -29.184  69.448 0.0000000000
143118  28.360  -21.807  72.269 0.0000000000
121291  28.696  -21.889  71.539 0.0000000000
137742  26.328  -21.456  70.764 0.0000000000
52308  24.613  -21.554  69.461 0.0000000000
51218  23.775  -22.655  68.306 0.0000000000
50183  23.683  -23.585  67.071 0.0000000000
137683  23.601  -24.394  67.131 0.0000000000
47855  23.405  -25.762  67.190 0.0000000000
72399  46.500  -2.802  49.163 0.0000000000
50037  26.903  -23.936  76.667 0.0000000000
68021  44.443  -6.143  57.076 0.0000000000
68045  44.617  -6.460  55.679 0.0000000000
69147  44.702  -5.908  54.304 0.0000000000
70209  44.981  -5.034  53.131 0.0000000000
69160  43.660  -5.748  53.464 0.0000000000
69173  42.350  -5.555  52.303 0.0000000000
43161  24.240  -30.675  73.638 0.0000000000
43179  23.310  -30.534  72.557 0.0000000000
42068  22.238  -31.282  73.904 0.0000000000
42069  21.240  -31.076  74.075 0.0000000000
42071  19.700  -30.300  75.028 0.0000000000
141382  16.691  -30.135  78.916 0.0000000000
40901  15.065  -30.866  78.941 0.0000000000
40918  14.453  -31.360  78.487 0.0000000000
120852  13.845  -31.795  76.992 0.0000000000
39903  12.508  -32.844  77.741 0.0000000000
55433  39.802  -18.506  62.481 0.0000000000
55441  39.333  -18.794  61.473 0.0000000000
54487  38.756  -19.085  60.573 0.0000000000
54451  39.041  -19.292  61.308 0.0000000000
53458  37.482  -19.919  61.583 0.0000000000
53441  36.584  -20.293  62.210 0.0000000000
52332  31.479  -21.603  67.692 0.0000000000
51227  32.286  -22.460  67.588 0.0000000000
52350  31.696  -21.286  66.855 0.0000000000
52364  32.209  -21.086  65.527 0.0000000000
52384  32.401  -20.918  64.796 0.0000000000
52404  33.142  -21.080  63.783 0.0000000000
53426  31.697  -19.996  63.270 0.0000000000
54453  30.182  -19.337  62.020 0.0000000000
61855  36.129  -12.361  60.851 0.0000000000
62859  35.683  -11.725  60.711 0.0000000000
60798  34.590  -13.618  59.955 0.0000000000
58575  33.707  -14.982  59.163 0.0000000000
120717  56.908  1.038  45.130 0.0000000000
75596  56.188  0.741  43.880 0.0000000000
66936  41.385  -7.345  55.433 0.0000000000
66961  39.895  -7.219  53.612 0.0000000000
124969  39.527  -7.482  54.919 0.0000000000
66910  38.270  -7.396  57.531 0.0000000000
66941  36.983  -7.938  55.871 0.0000000000
69069  43.916  -6.089  62.948 0.0000000000
129861  43.207  -5.806  60.812 0.0000000000
69097  43.839  -5.520  59.450 0.0000000000
137230  43.053  -6.198  57.788 0.0000000000
122058  42.090  -6.821  56.870 0.0000000000
50102  35.486  -23.479  72.652 0.0000000000
126961  35.723  -24.432  71.189 0.0000000000
50121  33.770  -23.087  71.070 0.0000000000
51193  33.108  -22.731  70.814 0.0000000000
51205  31.804  -22.206  69.294 0.0000000000
52290  28.890  -21.873  69.951 0.0000000000
52303  29.451  -21.776  69.271 0.0000000000
52318  30.300  -21.625  68.682 0.0000000000
53353  29.563  -20.793  67.298 0.0000000000
54393  27.190  -19.981  66.249 0.0000000000
54423  26.435  -19.707  64.665 0.0000000000
73426  51.060  -2.009  51.088 0.0000000000
138227  48.640  -2.388  49.359 0.0000000000
73440  49.975  -2.043  49.008 0.0000000000
73438  51.504  -1.675  49.594 0.0000000000
73458  51.986  -1.471  48.310 0.0000000000
74503  52.625  -1.014  46.920 0.0000000000
74508  52.457  -0.767  46.036 0.0000000000
74511  53.324  -0.213  44.934 0.0000000000
49047  23.734  -24.602  71.196 0.0000000000
46627  24.026  -26.380  71.049 0.0000000000
47822  24.313  -25.840  71.955 0.0000000000
46606  24.724  -27.119  72.319 0.0000000000
45408  25.060  -28.286  73.125 0.0000000000
135020  26.531  -26.117  75.247 0.0000000000
44249  25.651  -29.001  74.149 0.0000000000
43160  25.058  -30.378  74.095 0.0000000000
50085  35.885  -23.414  73.467 0.0000000000
50086  35.044  -23.006  73.446 0.0000000000
51162  33.360  -22.317  73.541 0.0000000000
51148  31.669  -22.078  73.761 0.0000000000
52231  30.422  -21.879  74.365 0.0000000000
52250  29.348  -21.853  73.269 0.0000000000
141767  26.924  -21.865  72.771 0.0000000000
128731  24.160  -23.045  72.261 0.0000000000
71248  48.673  -3.786  53.912 0.0000000000
71257  47.656  -3.741  52.547 0.0000000000
71272  46.599  -3.633  51.518 0.0000000000
70218  45.503  -4.560  52.533 0.0000000000
71273  45.769  -3.704  51.186 0.0000000000
71288  45.519  -3.429  50.360 0.0000000000
125527  23.932  -28.037  70.479 0.0000000000
44310  22.993  -29.401  70.316 0.0000000000
44312  20.725  -29.360  70.110 0.0000000000
124351  22.550  -30.541  71.997 0.0000000000
127157  20.611  -29.975  71.480 0.0000000000
43225  18.972  -29.310  70.750 0.0000000000
43226  18.257  -29.379  71.033 0.0000000000
43228  16.694  -29.780  71.768 0.0000000000
42050  19.704  -30.329  75.965 0.0000000000
43143  19.023  -29.932  75.606 0.0000000000
42028  16.726  -29.731  76.488 0.0000000000
43164  17.266  -29.624  74.927 0.0000000000
43165  16.426  -29.672  74.533 0.0000000000
37832  9.565  -34.742  82.354 0.0000000000
135301  38.721  -7.419  64.590 0.0000000000
62837  37.011  -11.492  62.778 0.0000000000
61853  36.926  -12.815  61.616 0.0000000000
59712  36.722  -14.408  61.458 0.0000000000
57482  36.147  -16.201  61.127 0.0000000000
59710  38.036  -14.876  62.254 0.0000000000
57481  37.023  -16.599  61.474 0.0000000000
57497  36.712  -17.053  60.678 0.0000000000
56461  38.005  -18.159  59.195 0.0000000000
55458  38.147  -18.478  58.810 0.0000000000
54518  37.061  -19.401  58.194 0.0000000000
54488  38.220  -19.315  60.210 0.0000000000
54505  37.316  -19.457  59.102 0.0000000000
54519  35.839  -19.528  57.884 0.0000000000
53521  34.144  -20.121  57.289 0.0000000000
53507  33.405  -20.406  57.741 0.0000000000
52377  39.121  -20.990  64.948 0.0000000000
49055  35.551  -25.195  70.148 0.0000000000
49074  35.970  -25.463  68.092 0.0000000000
140661  36.934  -24.677  67.063 0.0000000000
50182  33.250  -23.955  66.505 0.0000000000
50180  35.193  -24.752  66.429 0.0000000000
50190  36.946  -23.545  66.201 0.0000000000
51240  37.559  -22.779  66.024 0.0000000000
52361  37.788  -21.574  65.035 0.0000000000
141943  37.640  -21.155  64.479 0.0000000000
52399  37.133  -20.994  63.917 0.0000000000
52415  35.662  -20.940  63.085 0.0000000000
124979  35.100  -20.538  62.106 0.0000000000
52418  33.341  -20.788  62.997 0.0000000000
142007  33.788  -20.713  62.429 0.0000000000
122492  33.771  -20.334  60.872 0.0000000000
139434  32.872  -20.416  59.654 0.0000000000
66847  37.528  -7.521  62.389 0.0000000000
66863  36.515  -7.860  61.090 0.0000000000
65748  35.577  -8.714  59.202 0.0000000000
63785  34.728  -10.892  59.761 0.0000000000
63797  34.775  -10.043  59.258 0.0000000000
64754  34.635  -9.790  57.638 0.0000000000
75599  53.961  -0.039  43.701 0.0000000000
66829  40.449  -7.010  63.929 0.0000000000
126336  39.381  -7.180  62.924 0.0000000000
66830  39.514  -7.192  63.780 0.0000000000
47835  23.769  -26.117  69.350 0.0000000000
136934  23.779  -26.727  68.973 0.0000000000
126376  23.844  -26.279  70.130 0.0000000000
49057  23.600  -24.486  70.320 0.0000000000
50140  23.541  -23.631  70.203 0.0000000000
47843  23.680  -25.269  69.039 0.0000000000
68071  41.547  -6.667  53.659 0.0000000000
68084  40.524  -6.587  52.497 0.0000000000
68072  40.683  -6.870  53.451 0.0000000000
68060  41.889  -7.017  54.383 0.0000000000
39877  13.361  -32.257  81.242 0.0000000000
136377  13.412  -32.270  80.535 0.0000000000
39884  12.421  -32.814  79.941 0.0000000000
39878  12.688  -32.583  80.748 0.0000000000
39879  11.906  -33.036  80.528 0.0000000000
53421  40.233  -20.009  64.117 0.0000000000
54432  40.348  -19.353  63.461 0.0000000000
53409  38.832  -20.600  64.208 0.0000000000
129816  37.282  -24.256  72.097 0.0000000000
54422  27.581  -19.454  64.469 0.0000000000
54421  28.628  -19.597  64.672 0.0000000000
54437  28.540  -19.313  63.733 0.0000000000
57499  34.931  -16.009  60.063 0.0000000000
74507  53.377  -0.598  46.406 0.0000000000
75578  54.650  0.045  45.509 0.0000000000
127168  40.224  -6.881  57.918 0.0000000000
66896  40.047  -6.730  58.648 0.0000000000
65756  36.081  -8.247  57.934 0.0000000000
65767  36.153  -8.277  57.116 0.0000000000
64782  35.067  -9.229  56.067 0.0000000000
64766  34.938  -9.356  57.020 0.0000000000
68005  40.741  -6.574  60.382 0.0000000000
139268  41.254  -6.486  59.047 0.0000000000
44337  19.840  -29.192  69.040 0.0000000000
139728  19.329  -29.300  69.429 0.0000000000
43257  18.669  -29.605  69.388 0.0000000000
43244  19.112  -29.242  70.011 0.0000000000
52263  31.021  -22.154  72.558 0.0000000000
51175  31.595  -22.168  72.334 0.0000000000
52264  30.373  -22.170  72.147 0.0000000000
52321  25.168  -21.089  68.186 0.0000000000
53345  25.808  -20.961  68.765 0.0000000000
52335  25.217  -20.890  67.190 0.0000000000
51246  24.208  -21.992  66.094 0.0000000000
51228  24.232  -21.994  67.036 0.0000000000
54531  36.670  -19.373  57.165 0.0000000000
72386  47.980  -2.920  50.984 0.0000000000
72385  48.600  -2.887  51.392 0.0000000000
72394  47.523  -2.788  50.312 0.0000000000
73468  50.239  -1.411  46.231 0.0000000000
50067  26.159  -23.070  74.911 0.0000000000
50049  25.953  -23.861  74.804 0.0000000000
69135  45.986  -5.846  55.676 0.0000000000
69145  46.625  -5.331  54.933 0.0000000000
70199  46.825  -4.864  54.171 0.0000000000
69157  46.164  -5.167  54.117 0.0000000000
43200  24.604  -28.965  72.584 0.0000000000
44275  24.158  -29.303  71.960 0.0000000000
43183  18.677  -29.710  73.622 0.0000000000
122888  17.958  -29.592  74.296 0.0000000000
41989  17.841  -30.299  78.862 0.0000000000
40951  14.117  -31.369  76.262 0.0000000000
42030  14.875  -30.742  76.387 0.0000000000
40967  14.253  -30.950  75.461 0.0000000000
56444  39.365  -18.026  62.183 0.0000000000
57478  38.996  -17.501  62.209 0.0000000000
57479  38.506  -17.270  61.960 0.0000000000
56452  38.509  -18.491  60.412 0.0000000000
55442  38.878  -18.773  60.815 0.0000000000
53460  35.820  -20.212  61.543 0.0000000000
131683  32.598  -22.857  69.161 0.0000000000
50155  32.966  -23.717  68.692 0.0000000000
51215  32.612  -23.043  68.144 0.0000000000
52362  33.354  -22.099  64.783 0.0000000000
51275  33.881  -22.871  65.023 0.0000000000
51274  34.756  -22.803  64.784 0.0000000000
63766  35.957  -10.085  62.304 0.0000000000
143715  40.495  -6.704  61.519 0.0000000000
66874  39.577  -6.800  60.525 0.0000000000
66859  39.984  -6.827  61.546 0.0000000000
66861  38.430  -7.245  61.750 0.0000000000
66875  38.309  -7.185  60.889 0.0000000000
66876  37.376  -7.426  60.524 0.0000000000
67936  43.148  -6.386  64.917 0.0000000000
67975  41.013  -6.756  62.672 0.0000000000
45470  22.278  -28.488  68.133 0.0000000000
44356  22.508  -28.773  68.891 0.0000000000
145596  26.705  -21.697  71.787 0.0000000000
52278  27.087  -21.650  71.353 0.0000000000
141014  26.214  -21.616  71.527 0.0000000000
51207  23.683  -22.749  69.148 0.0000000000
51206  24.020  -22.129  69.761 0.0000000000
51217  24.075  -21.995  68.867 0.0000000000
135962  23.661  -23.318  67.834 0.0000000000
49080  23.625  -24.185  67.862 0.0000000000
137120  23.495  -26.421  67.759 0.0000000000
46672  23.096  -26.711  66.961 0.0000000000
68022  43.891  -5.919  57.827 0.0000000000
133190  43.644  -6.378  57.043 0.0000000000
68058  43.677  -6.678  54.909 0.0000000000
129074  44.175  -6.566  55.304 0.0000000000
68057  44.539  -6.351  54.900 0.0000000000
69148  44.056  -6.124  54.228 0.0000000000
68082  41.970  -6.133  53.082 0.0000000000
145632  23.569  -30.813  73.201 0.0000000000
42067  23.367  -31.216  73.875 0.0000000000
132197  21.766  -31.376  74.695 0.0000000000
144631  21.023  -31.045  74.829 0.0000000000
42070  20.429  -30.683  74.484 0.0000000000
42049  20.474  -30.752  75.497 0.0000000000
41963  15.806  -30.594  80.273 0.0000000000
41976  15.791  -30.500  79.378 0.0000000000
40919  13.889  -31.881  78.926 0.0000000000
40935  13.787  -31.938  78.001 0.0000000000
39915  13.159  -32.336  77.371 0.0000000000
39902  13.162  -32.455  78.066 0.0000000000
38888  11.609  -33.459  79.036 0.0000000000
38887  12.065  -33.148  78.456 0.0000000000
37843  10.214  -34.334  80.999 0.0000000000
37838  10.116  -34.253  81.896 0.0000000000
143809  39.616  -18.881  61.834 0.0000000000
54468  39.480  -18.964  61.546 0.0000000000
54450  39.433  -19.326  62.057 0.0000000000
53440  37.499  -20.174  62.462 0.0000000000
53457  38.260  -19.804  61.811 0.0000000000
53352  30.405  -20.779  67.169 0.0000000000
52351  31.199  -21.111  67.297 0.0000000000
129963  31.225  -20.764  66.606 0.0000000000
136640  31.118  -20.346  65.674 0.0000000000
53389  31.806  -20.557  65.105 0.0000000000
137995  31.903  -20.312  64.117 0.0000000000
54435  30.330  -19.434  62.961 0.0000000000
131827  35.806  -13.050  60.577 0.0000000000
60797  35.271  -13.763  60.365 0.0000000000
57513  34.318  -16.035  59.072 0.0000000000
59734  34.058  -14.294  59.653 0.0000000000
75586  55.458  0.496  44.414 0.0000000000
75597  55.317  0.470  43.523 0.0000000000
121238  55.861  0.623  43.066 0.0000000000
66922  41.012  -7.331  56.075 0.0000000000
66937  40.446  -7.413  55.271 0.0000000000
66923  40.173  -7.389  56.262 0.0000000000
66938  39.519  -7.480  55.724 0.0000000000
66939  38.657  -7.593  55.290 0.0000000000
66940  37.739  -7.754  55.503 0.0000000000
127880  38.775  -7.136  58.179 0.0000000000
131002  38.045  -7.327  58.244 0.0000000000
65777  36.274  -8.294  56.260 0.0000000000
65788  37.069  -8.089  54.983 0.0000000000
67989  43.173  -6.414  63.334 0.0000000000
67972  43.834  -6.182  63.831 0.0000000000
68000  43.185  -6.269  62.461 0.0000000000
68007  42.038  -6.238  60.068 0.0000000000
69082  43.166  -6.035  61.609 0.0000000000
69091  42.750  -5.923  60.179 0.0000000000
69090  43.455  -5.627  60.161 0.0000000000
139817  43.135  -5.749  59.582 0.0000000000
69104  43.286  -5.820  58.723 0.0000000000
68012  42.435  -6.218  58.542 0.0000000000
68023  41.480  -6.736  57.572 0.0000000000
68035  41.331  -7.068  56.765 0.0000000000
66921  41.959  -7.190  56.003 0.0000000000
50103  34.683  -23.183  72.365 0.0000000000
50104  33.900  -22.854  72.000 0.0000000000
51185  31.794  -22.239  71.092 0.0000000000
51194  32.426  -22.436  70.577 0.0000000000
51204  32.308  -22.478  69.855 0.0000000000
51195  31.707  -22.238  70.223 0.0000000000
52292  27.256  -21.534  70.543 0.0000000000
121921  28.620  -21.846  70.691 0.0000000000
52291  28.081  -21.695  70.252 0.0000000000
53332  28.054  -21.359  68.853 0.0000000000
144507  28.846  -21.733  69.409 0.0000000000
52320  28.776  -21.509  68.850 0.0000000000
52319  29.534  -21.478  68.588 0.0000000000
52334  29.982  -21.204  68.011 0.0000000000
53341  29.011  -21.061  67.860 0.0000000000
53372  26.146  -20.230  66.369 0.0000000000
53371  27.618  -20.413  66.908 0.0000000000
54409  26.276  -19.930  65.546 0.0000000000
54408  27.267  -19.674  65.338 0.0000000000
54410  25.686  -20.092  64.956 0.0000000000
49089  23.563  -24.194  66.559 0.0000000000
50193  23.640  -23.547  66.127 0.0000000000
49099  23.395  -24.451  65.747 0.0000000000
71255  49.351  -3.318  53.554 0.0000000000
72384  49.372  -2.601  51.070 0.0000000000
123512  49.925  -2.540  51.639 0.0000000000
131237  50.533  -2.289  51.538 0.0000000000
72383  50.228  -2.307  50.819 0.0000000000
122532  48.125  -2.337  48.687 0.0000000000
73448  49.829  -1.874  48.144 0.0000000000
73439  50.742  -1.853  49.326 0.0000000000
73446  51.339  -1.641  48.780 0.0000000000
127181  51.972  -1.542  49.045 0.0000000000
73459  51.210  -1.550  47.922 0.0000000000
73472  50.989  -1.175  45.935 0.0000000000
74504  51.908  -1.319  47.411 0.0000000000
74509  51.777  -1.099  46.469 0.0000000000
49046  24.046  -24.814  71.944 0.0000000000
49037  24.418  -25.031  72.463 0.0000000000
47809  25.533  -25.302  73.940 0.0000000000
46597  25.077  -26.449  72.968 0.0000000000
45418  25.070  -27.415  72.970 0.0000000000
131529  25.429  -26.948  73.444 0.0000000000
48985  26.705  -24.671  76.204 0.0000000000
46583  26.565  -26.868  75.172 0.0000000000
45396  25.963  -27.987  74.233 0.0000000000
44250  25.313  -29.690  73.953 0.0000000000
51163  32.423  -22.164  73.241 0.0000000000
143381  29.138  -21.787  74.548 0.0000000000
52232  29.630  -21.817  74.092 0.0000000000
122384  28.851  -21.782  73.908 0.0000000000
52251  28.426  -21.762  73.088 0.0000000000
52252  27.506  -21.852  73.326 0.0000000000
51166  25.264  -23.069  73.642 0.0000000000
138670  25.174  -22.575  72.988 0.0000000000
51167  24.687  -23.128  72.905 0.0000000000
50122  23.846  -23.802  71.792 0.0000000000
66952  39.665  -7.404  54.259 0.0000000000
70216  47.050  -4.224  52.977 0.0000000000
142503  47.506  -4.055  53.141 0.0000000000
135199  47.255  -3.584  51.829 0.0000000000
71264  46.832  -3.971  52.268 0.0000000000
69171  44.136  -5.200  52.866 0.0000000000
70219  44.635  -4.691  52.296 0.0000000000
70228  44.137  -4.068  50.598 0.0000000000
70227  45.119  -4.187  51.659 0.0000000000
71274  44.955  -3.805  50.839 0.0000000000
46628  23.953  -27.130  70.339 0.0000000000
44291  23.261  -29.657  71.011 0.0000000000
44311  21.928  -29.528  70.158 0.0000000000
43242  21.236  -29.816  70.814 0.0000000000
136742  22.371  -30.852  72.624 0.0000000000
43180  21.633  -30.722  72.376 0.0000000000
43204  20.005  -29.986  72.110 0.0000000000
43224  19.662  -29.582  71.328 0.0000000000
130202  18.867  -29.408  71.423 0.0000000000
43207  17.100  -29.474  72.372 0.0000000000
128353  19.072  -30.078  76.352 0.0000000000
42051  18.347  -29.827  76.169 0.0000000000
41990  15.698  -30.389  78.484 0.0000000000
42007  16.341  -30.005  77.961 0.0000000000
42052  15.751  -30.059  76.164 0.0000000000
43144  17.458  -29.681  75.875 0.0000000000
37831  9.987  -34.178  82.775 0.0000000000
37827  9.844  -34.178  83.683 0.0000000000
37828  9.171  -34.776  84.174 0.0000000000
36721  8.952  -35.187  83.584 0.0000000000
64694  36.720  -9.410  64.573 0.0000000000
62844  36.914  -11.814  62.231 0.0000000000
61838  37.406  -12.248  62.574 0.0000000000
59711  37.476  -14.012  61.918 0.0000000000
60789  36.839  -13.493  61.452 0.0000000000
58551  36.718  -15.488  61.570 0.0000000000
141127  39.357  -15.660  62.700 0.0000000000
56454  37.509  -17.598  59.882 0.0000000000
56453  38.152  -18.101  60.023 0.0000000000
54517  37.935  -18.944  58.512 0.0000000000
54469  38.307  -19.579  60.964 0.0000000000
54506  36.167  -19.616  58.880 0.0000000000
54520  34.825  -19.708  57.593 0.0000000000
53506  34.067  -19.884  58.180 0.0000000000
53508  32.603  -20.802  58.125 0.0000000000
50137  34.958  -24.239  70.694 0.0000000000
49056  34.459  -24.906  69.633 0.0000000000
49065  35.133  -25.409  68.887 0.0000000000
49075  35.039  -25.385  67.906 0.0000000000
140079  36.750  -25.117  67.566 0.0000000000
50167  35.859  -25.129  67.135 0.0000000000
51245  32.418  -22.357  66.767 0.0000000000
51226  32.653  -23.107  67.177 0.0000000000
51244  32.955  -23.119  66.212 0.0000000000
51242  35.133  -23.841  65.581 0.0000000000
50192  34.506  -24.372  66.006 0.0000000000
50191  35.813  -24.088  65.986 0.0000000000
50179  36.436  -24.385  66.548 0.0000000000
123411  36.841  -22.890  65.744 0.0000000000
51256  37.161  -22.216  65.317 0.0000000000
51271  37.102  -21.534  64.635 0.0000000000
52379  36.541  -21.445  64.217 0.0000000000
53442  35.696  -20.587  62.462 0.0000000000
53443  34.415  -20.673  62.254 0.0000000000
53425  32.495  -20.490  63.345 0.0000000000
53445  32.728  -20.446  62.567 0.0000000000
53444  33.235  -20.538  62.166 0.0000000000
53462  33.129  -20.447  61.356 0.0000000000
125521  33.837  -20.516  61.748 0.0000000000
53477  32.977  -20.384  60.477 0.0000000000
66816  37.778  -7.696  64.177 0.0000000000
66832  37.636  -7.599  63.289 0.0000000000
66833  36.833  -7.874  62.961 0.0000000000
131362  35.839  -8.563  61.189 0.0000000000
65731  36.176  -8.302  61.779 0.0000000000
140322  35.613  -8.841  60.645 0.0000000000
128864  36.025  -8.287  60.439 0.0000000000
65741  35.623  -8.773  59.996 0.0000000000
61864  34.577  -12.654  59.872 0.0000000000
131012  35.253  -10.932  60.485 0.0000000000
62869  34.343  -11.729  59.486 0.0000000000
62882  33.535  -11.692  58.154 0.0000000000
62881  34.198  -10.880  58.705 0.0000000000
63810  33.763  -10.928  57.595 0.0000000000
64745  34.650  -9.915  58.366 0.0000000000
129787  34.300  -10.319  57.861 0.0000000000
122150  58.780  1.062  41.930 0.0000000000
75617  59.691  1.030  41.614 0.0000000000
74515  53.295  -0.261  44.188 0.0000000000
46656  23.627  -27.024  68.358 0.0000000000
45456  23.693  -27.486  69.034 0.0000000000
145541  24.281  -22.518  71.911 0.0000000000
52281  24.516  -22.044  71.436 0.0000000000
51187  23.623  -23.041  70.662 0.0000000000
51197  23.599  -22.877  69.981 0.0000000000
50156  23.547  -23.671  69.430 0.0000000000
49076  23.608  -24.389  68.764 0.0000000000
68034  42.662  -6.917  56.330 0.0000000000
121128  43.379  -6.736  56.310 0.0000000000
68047  42.942  -7.020  55.560 0.0000000000
68070  42.371  -6.547  53.865 0.0000000000
42046  23.882  -31.712  75.131 0.0000000000
42047  22.832  -31.581  74.691 0.0000000000
40903  13.842  -32.020  79.887 0.0000000000
39890  13.315  -32.324  79.236 0.0000000000
39891  12.804  -32.686  78.668 0.0000000000
131866  12.786  -32.646  79.406 0.0000000000
38876  11.343  -33.452  80.312 0.0000000000
38872  11.296  -33.350  81.021 0.0000000000
38866  11.258  -33.248  81.882 0.0000000000
54433  39.679  -19.447  62.822 0.0000000000
53438  39.022  -19.802  62.798 0.0000000000
53424  37.683  -20.437  63.304 0.0000000000
53391  29.538  -20.103  65.793 0.0000000000
53368  30.361  -20.327  66.222 0.0000000000
54405  30.203  -19.753  64.484 0.0000000000
144304  30.686  -19.733  64.027 0.0000000000
54436  29.626  -19.371  63.270 0.0000000000
59721  35.382  -14.470  60.535 0.0000000000
132538  35.081  -15.174  60.374 0.0000000000
74502  53.349  -0.894  47.282 0.0000000000
139309  53.820  -0.936  48.021 0.0000000000
136077  54.568  -0.524  47.795 0.0000000000
75576  56.319  0.709  45.633 0.0000000000
75577  55.510  0.382  45.364 0.0000000000
68024  40.745  -6.966  57.409 0.0000000000
66908  39.979  -7.212  57.185 0.0000000000
66909  39.086  -7.285  57.353 0.0000000000
66898  37.410  -7.474  58.690 0.0000000000
66911  37.372  -7.578  57.736 0.0000000000
66912  36.619  -7.905  57.579 0.0000000000
65790  35.690  -8.738  55.734 0.0000000000
68001  41.631  -6.510  61.517 0.0000000000
121688  41.873  -6.316  59.223 0.0000000000
43258  17.978  -29.915  69.810 0.0000000000
51173  33.122  -22.422  72.562 0.0000000000
51183  33.200  -22.612  71.651 0.0000000000
141059  32.625  -22.355  72.004 0.0000000000
136621  31.985  -22.210  71.850 0.0000000000
53335  25.879  -21.097  69.437 0.0000000000
52305  27.377  -21.425  69.799 0.0000000000
53334  26.608  -21.149  69.292 0.0000000000
53344  26.600  -20.982  68.582 0.0000000000
53343  27.441  -21.062  68.323 0.0000000000
53355  27.537  -20.739  67.563 0.0000000000
126764  26.711  -20.716  67.782 0.0000000000
53373  25.574  -20.555  66.555 0.0000000000
130783  25.153  -20.769  66.286 0.0000000000
53394  25.084  -20.678  65.441 0.0000000000
52365  24.588  -21.311  65.676 0.0000000000
71263  48.511  -3.287  52.305 0.0000000000
72404  48.377  -2.177  47.723 0.0000000000
73460  50.407  -1.632  47.624 0.0000000000
129300  50.160  -1.530  46.940 0.0000000000
50089  24.867  -23.886  73.366 0.0000000000
49027  24.772  -24.771  73.037 0.0000000000
49026  25.226  -24.652  73.730 0.0000000000
47803  25.901  -25.587  74.326 0.0000000000
52234  27.662  -22.045  74.645 0.0000000000
139186  27.294  -22.020  74.041 0.0000000000
52235  26.756  -22.376  74.643 0.0000000000
51165  25.930  -22.651  74.147 0.0000000000
70198  47.373  -4.774  54.597 0.0000000000
45431  24.396  -27.658  71.753 0.0000000000
45432  24.101  -28.290  71.181 0.0000000000
44290  23.969  -29.179  71.338 0.0000000000
43223  22.677  -30.180  71.388 0.0000000000
42087  20.630  -30.688  73.553 0.0000000000
125336  20.923  -30.673  72.842 0.0000000000
143357  19.650  -29.928  72.546 0.0000000000
128428  18.487  -29.516  72.678 0.0000000000
139217  16.865  -29.452  73.114 0.0000000000
123299  17.791  -29.885  77.483 0.0000000000
42009  14.956  -30.784  77.283 0.0000000000
42029  15.428  -30.384  76.939 0.0000000000
43146  15.751  -29.937  75.025 0.0000000000
61844  37.380  -12.781  62.178 0.0000000000
120763  37.938  -12.875  62.721 0.0000000000
60779  37.812  -13.402  62.304 0.0000000000
58549  38.460  -16.000  62.409 0.0000000000
54503  38.466  -18.844  60.029 0.0000000000
53474  36.559  -19.859  60.673 0.0000000000
53491  35.270  -19.790  59.586 0.0000000000
50154  33.610  -24.189  69.331 0.0000000000
133302  33.361  -24.391  68.355 0.0000000000
50169  33.608  -24.726  67.626 0.0000000000
138774  33.595  -23.321  65.557 0.0000000000
51258  35.467  -23.165  65.230 0.0000000000
51273  35.668  -22.442  64.707 0.0000000000
52380  35.867  -21.711  64.170 0.0000000000
53464  31.848  -20.053  61.436 0.0000000000
123179  32.181  -20.428  59.946 0.0000000000
120831  31.279  -20.413  59.659 0.0000000000
65722  36.500  -8.547  63.395 0.0000000000
64718  35.786  -9.116  61.959 0.0000000000
64719  35.552  -9.333  61.103 0.0000000000
60811  33.370  -13.266  58.911 0.0000000000
60821  32.912  -13.178  58.239 0.0000000000
75595  57.529  0.993  42.995 0.0000000000
66882  40.023  -6.671  60.102 0.0000000000
124102  39.828  -6.688  59.369 0.0000000000
66883  39.203  -6.834  59.800 0.0000000000
66860  39.320  -6.949  61.165 0.0000000000
66884  38.274  -7.125  60.060 0.0000000000
65747  36.081  -8.185  58.766 0.0000000000
67956  43.135  -6.446  64.221 0.0000000000
67990  42.433  -6.541  62.867 0.0000000000
67974  41.700  -6.718  63.329 0.0000000000
67991  41.697  -6.596  62.371 0.0000000000
68002  40.914  -6.607  61.164 0.0000000000
44377  21.291  -28.709  67.786 0.0000000000
130326  22.790  -28.019  67.718 0.0000000000
44336  20.643  -29.131  69.272 0.0000000000
52266  29.053  -21.912  72.433 0.0000000000
52265  29.593  -22.089  71.807 0.0000000000
121290  27.840  -21.751  71.784 0.0000000000
128939  25.357  -21.530  71.054 0.0000000000
52293  25.436  -21.290  70.046 0.0000000000
52322  24.631  -21.483  68.538 0.0000000000
126277  24.175  -21.976  67.974 0.0000000000
51247  23.872  -22.741  66.563 0.0000000000
51229  23.853  -22.685  67.440 0.0000000000
47854  23.570  -24.997  67.486 0.0000000000
72395  46.758  -2.866  50.037 0.0000000000
132571  47.177  -2.641  49.593 0.0000000000
50048  26.440  -23.694  75.725 0.0000000000
50036  27.237  -23.388  76.973 0.0000000000
69114  44.766  -5.732  57.827 0.0000000000
69125  45.235  -5.920  57.094 0.0000000000
68033  44.163  -6.509  56.358 0.0000000000
68032  44.912  -6.243  56.407 0.0000000000
68044  45.293  -6.198  55.884 0.0000000000
68056  45.230  -6.153  55.267 0.0000000000
69158  45.288  -5.450  54.007 0.0000000000
69159  44.475  -5.570  53.675 0.0000000000
69172  43.259  -5.356  52.610 0.0000000000
69186  42.944  -5.063  51.762 0.0000000000
42084  24.147  -30.295  73.002 0.0000000000
42085  22.741  -31.053  73.164 0.0000000000
40917  14.994  -30.799  78.074 0.0000000000
40934  14.437  -31.316  77.629 0.0000000000
39916  12.495  -32.686  76.816 0.0000000000
55431  40.532  -17.815  63.328 0.0000000000
56435  39.919  -17.663  62.852 0.0000000000
54486  39.089  -18.939  60.952 0.0000000000
140912  38.825  -19.671  62.103 0.0000000000
52316  31.925  -22.043  67.860 0.0000000000
52331  32.015  -21.875  67.171 0.0000000000
52349  32.232  -21.610  66.273 0.0000000000
53367  31.792  -20.904  66.040 0.0000000000
52363  32.707  -21.684  65.372 0.0000000000
137504  33.477  -21.643  64.165 0.0000000000
137399  32.603  -20.806  64.114 0.0000000000
53427  31.020  -19.752  63.606 0.0000000000
54434  31.055  -19.624  62.706 0.0000000000
62852  36.220  -11.758  61.219 0.0000000000
135964  36.130  -11.098  61.632 0.0000000000
61863  35.411  -12.428  60.397 0.0000000000
59722  34.754  -14.425  60.121 0.0000000000
60810  33.936  -13.419  59.491 0.0000000000
59745  33.164  -14.648  58.376 0.0000000000
75585  57.491  1.207  44.527 0.0000000000
130880  56.782  0.958  44.438 0.0000000000
121146  57.110  1.010  43.786 0.0000000000
75608  56.062  0.531  42.338 0.0000000000
66950  41.280  -7.287  54.771 0.0000000000
66951  40.474  -7.271  54.321 0.0000000000
143646  40.035  -7.394  54.696 0.0000000000
66925  38.490  -7.492  56.682 0.0000000000
136094  37.755  -7.571  57.016 0.0000000000
66926  37.688  -7.665  56.307 0.0000000000
123652  42.252  -6.497  57.695 0.0000000000
141660  35.861  -23.878  72.014 0.0000000000
50119  35.222  -23.717  71.693 0.0000000000
50120  34.471  -23.450  71.369 0.0000000000
50139  33.476  -23.354  70.199 0.0000000000
51203  32.897  -22.849  70.028 0.0000000000
52276  29.413  -22.000  70.771 0.0000000000
52289  30.235  -22.072  70.310 0.0000000000
52304  28.240  -21.589  69.494 0.0000000000
125396  29.627  -21.976  69.931 0.0000000000
52301  30.970  -22.081  69.825 0.0000000000
52302  30.242  -21.929  69.482 0.0000000000
132950  30.988  -21.904  69.003 0.0000000000
52317  31.580  -21.975  68.432 0.0000000000
52333  30.782  -21.320  67.919 0.0000000000
53354  28.228  -20.730  67.286 0.0000000000
53370  28.145  -20.308  66.536 0.0000000000
53392  28.823  -20.231  66.154 0.0000000000
54392  28.037  -19.936  65.802 0.0000000000
57511  36.531  -17.193  59.770 0.0000000000
73434  51.710  -1.675  50.485 0.0000000000
72397  47.893  -2.512  49.536 0.0000000000
72403  49.090  -2.164  48.624 0.0000000000
72396  49.360  -2.313  49.593 0.0000000000
72391  50.143  -2.170  49.887 0.0000000000
73435  50.889  -1.914  50.208 0.0000000000
73437  52.403  -1.473  49.732 0.0000000000
73445  52.607  -1.383  48.808 0.0000000000
74491  52.810  -1.226  47.900 0.0000000000
74510  53.786  -0.219  45.570 0.0000000000
122533  52.959  -0.428  45.498 0.0000000000
47828  23.768  -25.471  70.661 0.0000000000
47823  23.932  -25.456  71.393 0.0000000000
46617  24.381  -26.802  71.731 0.0000000000
47816  24.752  -25.654  72.663 0.0000000000
126558  24.646  -26.388  72.306 0.0000000000
45419  24.733  -27.985  72.403 0.0000000000
49000  26.293  -24.650  75.298 0.0000000000
47798  26.246  -25.474  74.920 0.0000000000
46590  26.169  -26.340  74.568 0.0000000000
134371  26.237  -27.187  74.584 0.0000000000
121632  25.841  -27.043  74.016 0.0000000000
45407  25.468  -27.696  73.584 0.0000000000
44263  25.425  -28.436  73.725 0.0000000000
44264  25.054  -29.168  73.436 0.0000000000
43178  24.815  -30.033  73.464 0.0000000000
42066  24.347  -31.127  74.417 0.0000000000
43142  25.311  -30.701  74.861 0.0000000000
42045  24.796  -31.343  75.151 0.0000000000
49035  37.024  -23.913  72.989 0.0000000000
49036  36.262  -23.751  72.837 0.0000000000
51161  34.270  -22.544  73.915 0.0000000000
51164  31.632  -22.142  72.957 0.0000000000
127078  30.483  -22.116  72.824 0.0000000000
120726  30.914  -22.063  73.878 0.0000000000
52249  30.234  -21.981  73.477 0.0000000000
52267  27.713  -21.770  72.537 0.0000000000
52279  26.307  -21.797  72.231 0.0000000000
52253  26.593  -22.092  73.619 0.0000000000
51176  25.574  -22.086  72.638 0.0000000000
51177  24.760  -22.388  72.346 0.0000000000
71247  49.320  -3.624  54.475 0.0000000000
131035  48.679  -3.508  53.098 0.0000000000
70205  48.022  -4.276  54.233 0.0000000000
71256  48.008  -3.896  53.352 0.0000000000
71286  47.243  -3.203  51.092 0.0000000000
70208  45.814  -4.868  53.348 0.0000000000
70226  46.048  -4.120  51.980 0.0000000000
71287  46.414  -3.249  50.665 0.0000000000
71300  46.047  -3.099  49.837 0.0000000000
45443  23.806  -27.766  69.749 0.0000000000
45444  23.543  -28.670  69.963 0.0000000000
44334  22.732  -29.102  69.609 0.0000000000
43203  21.671  -30.320  71.549 0.0000000000
121897  20.794  -30.411  72.194 0.0000000000
137640  20.358  -29.606  70.834 0.0000000000
43243  19.727  -29.351  70.454 0.0000000000
43246  17.706  -29.675  70.586 0.0000000000
43206  18.326  -29.401  71.844 0.0000000000
43227  17.517  -29.534  71.511 0.0000000000
43247  17.069  -29.976  70.985 0.0000000000
141886  20.221  -30.697  76.349 0.0000000000
42006  17.332  -29.946  78.139 0.0000000000
42027  17.649  -29.758  76.748 0.0000000000
122066  18.177  -29.718  75.283 0.0000000000
126407  17.060  -29.496  73.954 0.0000000000
43184  16.305  -29.622  73.594 0.0000000000
43166  15.714  -29.836  74.103 0.0000000000
43185  15.660  -29.915  73.284 0.0000000000
38867  10.598  -33.689  82.336 0.0000000000
124100  9.410  -34.699  83.226 0.0000000000
66815  39.777  -7.155  64.655 0.0000000000
64700  36.453  -9.392  63.753 0.0000000000
63758  36.436  -10.395  63.115 0.0000000000
135795  36.481  -11.060  62.207 0.0000000000
62851  36.598  -11.775  61.736 0.0000000000
130708  36.601  -12.325  61.374 0.0000000000
61854  36.471  -12.938  61.067 0.0000000000
132722  35.890  -15.068  60.992 0.0000000000
59704  38.371  -14.090  62.381 0.0000000000
58550  37.514  -15.817  62.021 0.0000000000
54489  37.428  -19.575  59.954 0.0000000000
53522  33.658  -20.724  57.049 0.0000000000
122904  36.326  -24.926  70.921 0.0000000000
49064  36.197  -25.535  69.158 0.0000000000
50178  37.460  -24.039  66.880 0.0000000000
50181  33.833  -24.642  66.710 0.0000000000
51225  37.990  -23.307  66.655 0.0000000000
51255  38.069  -22.139  65.663 0.0000000000
52360  38.591  -21.549  65.317 0.0000000000
52378  38.298  -21.069  64.691 0.0000000000
52398  37.990  -20.726  64.034 0.0000000000
52400  36.212  -21.095  63.576 0.0000000000
52414  36.177  -20.674  62.899 0.0000000000
52403  33.772  -21.416  63.607 0.0000000000
52417  34.125  -21.019  62.965 0.0000000000
53493  33.579  -20.206  59.916 0.0000000000
123945  32.400  -20.593  59.047 0.0000000000
66831  38.558  -7.379  63.585 0.0000000000
66848  36.711  -7.834  62.077 0.0000000000
66877  36.643  -7.763  60.078 0.0000000000
65740  36.093  -8.197  59.612 0.0000000000
65757  35.549  -8.721  58.357 0.0000000000
135200  35.688  -10.999  61.095 0.0000000000
63775  35.384  -10.158  60.795 0.0000000000
63784  35.080  -10.123  60.095 0.0000000000
64744  35.103  -9.309  58.801 0.0000000000
64753  35.050  -9.284  57.938 0.0000000000
75579  54.063  0.038  44.690 0.0000000000
43256  19.234  -29.505  68.795 0.0000000000
49044  36.904  -24.676  71.397 0.0000000000
50088  25.416  -23.891  74.080 0.0000000000
51186  23.867  -22.848  71.442 0.0000000000
52233  28.466  -21.864  74.580 0.0000000000
52248  30.982  -22.122  73.257 0.0000000000
52274  31.143  -22.171  71.721 0.0000000000
52277  27.952  -21.739  71.015 0.0000000000
52294  24.582  -21.712  70.418 0.0000000000
52383  32.956  -21.372  64.483 0.0000000000
54406  29.459  -19.853  64.990 0.0000000000
59735  33.423  -14.090  59.096 0.0000000000
61845  36.966  -12.298  61.939 0.0000000000
61872  33.395  -12.469  58.568 0.0000000000
62860  34.973  -11.721  60.181 0.0000000000
64737  35.239  -9.376  59.640 0.0000000000
121289  27.118  -21.759  72.061 0.0000000000
121472  25.947  -20.545  67.140 0.0000000000
122270  37.941  -12.502  63.102 0.0000000000
122693  28.052  -19.656  65.154 0.0000000000
122877  31.044  -21.657  68.354 0.0000000000
124239  28.883  -20.614  66.908 0.0000000000
125066  45.119  -5.970  54.652 0.0000000000
127239  38.874  -7.510  56.045 0.0000000000
128982  23.530  -24.088  69.865 0.0000000000
133090  35.117  -13.106  60.221 0.0000000000
135341  26.221  -21.991  72.923 0.0000000000
136988  24.572  -29.655  72.970 0.0000000000
137450  24.856  -20.979  66.024 0.0000000000
139663  44.609  -4.089  51.164 0.0000000000
143160  39.885  -7.024  62.523 0.0000000000
144424  48.215  -3.608  52.823 0.0000000000
144948  23.594  -25.643  67.836 0.0000000000
145708  43.718  -5.609  60.628 0.0000000000
