#!ascii label  , from subject sub-v1s5x0050753_ses-1 vox2ras=TkReg
996
47662  -30.602  -27.763  71.242 0.0000000000
43963  -14.485  -31.695  67.191 0.0000000000
43157  -25.579  -32.406  67.008 0.0000000000
71210  -39.760  -3.702  51.899 0.0000000000
72151  -47.735  -2.558  49.315 0.0000000000
42134  -6.834  -33.244  70.259 0.0000000000
68321  -34.717  -6.756  54.924 0.0000000000
48789  -32.875  -26.120  67.939 0.0000000000
45647  -27.194  -29.228  71.194 0.0000000000
124202  -10.348  -31.790  68.258 0.0000000000
40224  -10.328  -35.262  71.381 0.0000000000
49819  -29.760  -25.984  70.827 0.0000000000
50877  -28.843  -24.359  68.523 0.0000000000
139498  -19.864  -31.180  66.477 0.0000000000
125046  -24.624  -28.115  70.374 0.0000000000
57836  -32.959  -17.554  55.067 0.0000000000
62999  -35.761  -12.717  53.426 0.0000000000
66526  -38.379  -8.684  53.315 0.0000000000
131474  -3.488  -39.493  71.500 0.0000000000
32996  -1.032  -43.410  72.551 0.0000000000
49886  -26.408  -25.393  64.438 0.0000000000
52868  -26.858  -22.806  61.119 0.0000000000
54946  -28.923  -20.891  56.922 0.0000000000
38492  -7.308  -37.354  70.538 0.0000000000
43119  -14.419  -32.679  69.555 0.0000000000
43138  -16.365  -31.663  68.966 0.0000000000
46628  -28.107  -28.167  71.710 0.0000000000
45689  -13.331  -29.121  67.853 0.0000000000
43961  -12.847  -31.742  67.341 0.0000000000
42164  -12.610  -33.191  68.734 0.0000000000
50821  -28.928  -24.989  72.036 0.0000000000
48745  -26.498  -26.339  69.907 0.0000000000
61031  -32.256  -14.828  54.533 0.0000000000
59978  -34.629  -15.421  54.342 0.0000000000
62992  -33.271  -12.354  54.087 0.0000000000
67402  -36.607  -7.758  52.311 0.0000000000
68372  -38.749  -6.458  51.444 0.0000000000
67407  -41.008  -7.211  52.655 0.0000000000
69305  -41.255  -5.473  50.548 0.0000000000
123833  -44.186  -5.536  50.016 0.0000000000
51842  -26.423  -23.627  67.784 0.0000000000
49857  -27.622  -25.530  66.213 0.0000000000
50892  -24.559  -23.781  66.532 0.0000000000
52883  -23.620  -22.058  61.173 0.0000000000
54922  -25.159  -20.710  58.965 0.0000000000
52925  -28.057  -22.112  58.864 0.0000000000
55957  -26.382  -19.384  57.357 0.0000000000
56953  -28.840  -18.280  55.757 0.0000000000
43169  -22.850  -32.376  66.268 0.0000000000
40233  -5.080  -35.965  70.616 0.0000000000
40245  -6.522  -35.660  69.753 0.0000000000
31055  -1.735  -46.056  73.662 0.0000000000
29263  -0.073  -47.475  73.744 0.0000000000
66492  -33.512  -8.944  55.695 0.0000000000
135227  -32.168  -24.163  66.323 0.0000000000
136942  -26.396  -31.608  69.810 0.0000000000
43117  -8.586  -32.762  68.868 0.0000000000
128071  -8.769  -34.865  69.096 0.0000000000
41177  -10.115  -34.091  68.792 0.0000000000
73077  -49.818  -1.404  48.355 0.0000000000
48748  -30.063  -26.624  70.650 0.0000000000
48764  -31.134  -26.236  69.311 0.0000000000
50861  -30.564  -24.659  70.234 0.0000000000
136612  -15.494  -28.877  66.078 0.0000000000
43984  -17.630  -30.864  67.203 0.0000000000
123372  -18.243  -28.848  65.447 0.0000000000
45729  -21.540  -29.195  65.664 0.0000000000
44794  -23.793  -30.399  66.614 0.0000000000
133242  -23.286  -31.118  70.762 0.0000000000
43927  -25.041  -31.377  69.391 0.0000000000
45677  -25.895  -28.900  69.842 0.0000000000
47679  -27.472  -27.375  70.312 0.0000000000
54950  -33.171  -19.874  57.355 0.0000000000
118702  -34.813  -10.040  53.300 0.0000000000
64853  -37.185  -10.812  53.733 0.0000000000
69323  -46.566  -5.318  49.438 0.0000000000
34987  -2.180  -41.256  71.807 0.0000000000
32983  -3.274  -43.629  73.361 0.0000000000
48786  -30.741  -26.356  67.079 0.0000000000
132379  -30.461  -26.038  65.904 0.0000000000
50917  -29.033  -24.380  64.227 0.0000000000
51880  -23.439  -23.557  63.542 0.0000000000
50942  -26.757  -24.089  62.666 0.0000000000
51883  -28.855  -23.056  63.397 0.0000000000
52872  -30.149  -22.983  61.871 0.0000000000
52908  -30.499  -22.834  59.356 0.0000000000
132419  -32.386  -21.228  58.304 0.0000000000
55977  -30.897  -19.702  56.205 0.0000000000
58869  -30.105  -16.456  55.282 0.0000000000
120136  -18.794  -31.912  69.006 0.0000000000
38455  -3.457  -37.368  71.612 0.0000000000
37602  -5.187  -38.818  71.308 0.0000000000
39353  -8.401  -36.693  70.556 0.0000000000
28322  2.227  -49.363  74.173 0.0000000000
43152  -14.983  -31.989  67.862 0.0000000000
43120  -15.889  -32.009  69.564 0.0000000000
43943  -15.950  -31.544  68.067 0.0000000000
47661  -29.674  -27.617  71.282 0.0000000000
44787  -13.773  -30.479  66.739 0.0000000000
44778  -12.465  -30.931  67.335 0.0000000000
43962  -13.670  -31.799  67.196 0.0000000000
43151  -13.982  -32.364  67.781 0.0000000000
62020  -32.181  -13.047  55.516 0.0000000000
61032  -32.820  -13.929  54.371 0.0000000000
62991  -32.726  -12.143  54.704 0.0000000000
70253  -38.395  -4.307  52.654 0.0000000000
69281  -37.621  -5.673  52.117 0.0000000000
137188  -39.077  -5.110  51.403 0.0000000000
68387  -40.065  -5.925  50.867 0.0000000000
70275  -40.433  -4.641  50.817 0.0000000000
70276  -41.057  -4.698  50.559 0.0000000000
51851  -25.076  -23.712  66.983 0.0000000000
54920  -23.803  -20.146  59.975 0.0000000000
54933  -25.603  -20.273  58.224 0.0000000000
56927  -25.865  -18.771  57.789 0.0000000000
133400  -26.933  -17.980  57.298 0.0000000000
43171  -24.677  -32.223  66.489 0.0000000000
42177  -24.019  -33.440  67.238 0.0000000000
42179  -25.491  -33.224  67.348 0.0000000000
135365  -6.024  -34.374  70.350 0.0000000000
42143  -6.603  -34.215  69.894 0.0000000000
121176  -48.397  -4.044  48.560 0.0000000000
29264  -0.679  -46.882  73.601 0.0000000000
49833  -33.639  -25.813  69.138 0.0000000000
49860  -32.732  -25.259  66.880 0.0000000000
43917  -26.604  -31.225  70.903 0.0000000000
117630  -26.927  -31.205  71.372 0.0000000000
44763  -10.426  -30.484  68.722 0.0000000000
132887  -9.886  -30.580  69.131 0.0000000000
44741  -8.982  -30.837  70.127 0.0000000000
43940  -9.576  -31.864  68.565 0.0000000000
42160  -9.660  -33.398  68.559 0.0000000000
42161  -10.499  -33.236  68.460 0.0000000000
128063  -13.037  -33.351  69.913 0.0000000000
42135  -11.824  -33.996  70.115 0.0000000000
48747  -28.899  -26.568  70.711 0.0000000000
49820  -30.554  -25.724  70.415 0.0000000000
49803  -30.545  -24.856  70.678 0.0000000000
133970  -16.040  -27.642  66.904 0.0000000000
46711  -16.288  -28.362  65.884 0.0000000000
47736  -17.297  -27.518  66.402 0.0000000000
134586  -20.608  -28.156  66.012 0.0000000000
46714  -21.991  -28.823  66.688 0.0000000000
45713  -22.985  -29.712  66.358 0.0000000000
45691  -22.556  -29.492  67.732 0.0000000000
47660  -24.181  -27.730  71.024 0.0000000000
45646  -24.163  -30.281  70.980 0.0000000000
132533  -24.216  -31.337  69.807 0.0000000000
45659  -24.623  -30.755  70.543 0.0000000000
44746  -25.463  -31.085  70.319 0.0000000000
46661  -25.315  -28.568  69.920 0.0000000000
130700  -27.275  -26.163  70.211 0.0000000000
47699  -27.047  -26.854  69.871 0.0000000000
48746  -27.824  -26.593  70.400 0.0000000000
47680  -28.300  -27.196  70.704 0.0000000000
56946  -33.124  -18.729  56.027 0.0000000000
127235  -34.520  -18.892  57.088 0.0000000000
56958  -33.662  -17.970  55.574 0.0000000000
61049  -35.458  -14.185  53.787 0.0000000000
58892  -35.787  -15.980  55.150 0.0000000000
67370  -34.299  -7.451  55.328 0.0000000000
65699  -33.598  -9.443  54.104 0.0000000000
66524  -34.246  -8.273  53.823 0.0000000000
66536  -38.047  -8.340  52.506 0.0000000000
65712  -36.880  -9.015  52.786 0.0000000000
65704  -37.980  -9.329  53.770 0.0000000000
134134  -38.517  -10.505  54.604 0.0000000000
69321  -44.920  -5.376  49.782 0.0000000000
70287  -44.846  -4.784  49.548 0.0000000000
70289  -46.229  -4.530  49.220 0.0000000000
37600  -2.975  -38.885  71.596 0.0000000000
36806  -1.869  -39.831  72.015 0.0000000000
35934  -2.759  -40.617  71.648 0.0000000000
33947  -3.672  -42.942  73.406 0.0000000000
32005  -3.019  -44.918  74.852 0.0000000000
49840  -30.168  -25.477  68.329 0.0000000000
48776  -31.217  -26.334  68.380 0.0000000000
119345  -29.812  -25.764  67.547 0.0000000000
49856  -26.691  -25.355  65.751 0.0000000000
48796  -29.172  -26.106  66.132 0.0000000000
49874  -28.540  -25.769  65.060 0.0000000000
49889  -29.756  -25.074  64.744 0.0000000000
49888  -28.359  -25.138  64.265 0.0000000000
131421  -22.768  -22.482  63.326 0.0000000000
52866  -24.946  -22.743  61.060 0.0000000000
51907  -24.613  -23.335  61.801 0.0000000000
51909  -26.418  -23.206  61.610 0.0000000000
51894  -27.691  -23.357  62.559 0.0000000000
51911  -28.111  -22.922  62.085 0.0000000000
52851  -29.510  -22.926  62.620 0.0000000000
52870  -28.483  -22.804  61.369 0.0000000000
53943  -28.312  -21.360  57.508 0.0000000000
130025  -29.729  -22.709  59.088 0.0000000000
53927  -30.544  -22.121  58.281 0.0000000000
52929  -31.595  -22.383  58.960 0.0000000000
53946  -31.027  -21.515  57.838 0.0000000000
54965  -31.262  -20.292  56.812 0.0000000000
54964  -30.354  -20.319  56.626 0.0000000000
58854  -28.702  -16.963  56.283 0.0000000000
57832  -29.343  -17.718  55.511 0.0000000000
59948  -29.632  -15.982  55.932 0.0000000000
43985  -18.514  -30.991  67.177 0.0000000000
43966  -18.033  -31.186  67.868 0.0000000000
43968  -19.638  -31.842  67.668 0.0000000000
131102  -6.242  -37.008  70.212 0.0000000000
38489  -5.156  -37.512  70.782 0.0000000000
37622  -6.254  -38.094  70.883 0.0000000000
40248  -9.832  -35.155  69.705 0.0000000000
40235  -8.807  -36.066  69.995 0.0000000000
40223  -9.738  -35.769  71.034 0.0000000000
43106  -13.773  -32.986  70.285 0.0000000000
120999  -15.312  -32.370  70.090 0.0000000000
119350  -16.204  -32.082  70.428 0.0000000000
138775  -18.022  -31.908  70.457 0.0000000000
46644  -27.630  -28.477  71.329 0.0000000000
128114  -27.369  -29.727  71.898 0.0000000000
45688  -12.342  -29.354  68.523 0.0000000000
44777  -11.709  -31.039  67.686 0.0000000000
43942  -11.166  -31.606  67.914 0.0000000000
43133  -11.344  -33.061  68.355 0.0000000000
43149  -12.523  -32.367  67.767 0.0000000000
130285  -13.189  -33.036  68.762 0.0000000000
49801  -29.335  -25.441  71.320 0.0000000000
50841  -30.335  -24.392  71.401 0.0000000000
48743  -24.670  -26.955  70.443 0.0000000000
47698  -25.277  -27.527  69.827 0.0000000000
131700  -27.457  -25.727  70.633 0.0000000000
58888  -32.530  -16.325  54.536 0.0000000000
57849  -33.760  -16.649  54.758 0.0000000000
124280  -33.069  -14.780  54.242 0.0000000000
136277  -33.753  -14.246  53.899 0.0000000000
62998  -34.809  -12.686  53.402 0.0000000000
68340  -35.245  -7.081  53.293 0.0000000000
68354  -36.579  -6.414  52.504 0.0000000000
67420  -37.528  -6.939  51.811 0.0000000000
67404  -38.573  -7.789  51.966 0.0000000000
67391  -39.763  -7.834  53.157 0.0000000000
67423  -40.015  -7.157  51.678 0.0000000000
68375  -41.489  -6.647  51.455 0.0000000000
68376  -42.259  -6.398  51.177 0.0000000000
69306  -42.475  -5.333  50.270 0.0000000000
70277  -42.448  -4.565  50.168 0.0000000000
122479  -4.531  -39.965  71.747 0.0000000000
120885  -4.045  -40.685  71.842 0.0000000000
35917  -4.797  -40.859  72.896 0.0000000000
50876  -27.930  -24.100  68.295 0.0000000000
49850  -28.379  -24.852  67.756 0.0000000000
118665  -26.795  -24.221  67.469 0.0000000000
120048  -25.969  -24.687  66.262 0.0000000000
117316  -25.031  -24.889  65.036 0.0000000000
53881  -22.880  -21.231  61.942 0.0000000000
54906  -23.210  -20.722  61.235 0.0000000000
53894  -24.465  -21.575  60.201 0.0000000000
52904  -25.852  -21.911  60.001 0.0000000000
120549  -26.904  -22.084  59.896 0.0000000000
53908  -26.352  -21.629  59.235 0.0000000000
53942  -27.336  -21.011  57.595 0.0000000000
54945  -28.062  -20.658  56.944 0.0000000000
55975  -29.232  -19.588  56.091 0.0000000000
55973  -27.799  -18.967  56.384 0.0000000000
119973  -21.459  -31.540  65.975 0.0000000000
43141  -21.006  -32.886  67.876 0.0000000000
43155  -22.343  -32.997  67.130 0.0000000000
124033  -5.801  -35.808  70.089 0.0000000000
39351  -6.928  -36.823  70.004 0.0000000000
32040  -1.269  -44.150  72.636 0.0000000000
32981  -0.249  -43.478  73.182 0.0000000000
126919  -0.424  -45.135  73.122 0.0000000000
30178  -0.094  -46.595  73.436 0.0000000000
30177  1.391  -47.769  74.166 0.0000000000
51852  -31.528  -23.190  66.203 0.0000000000
43949  -26.736  -31.955  68.306 0.0000000000
42180  -26.239  -32.846  67.581 0.0000000000
43922  -7.853  -31.984  70.130 0.0000000000
43116  -7.528  -32.818  69.766 0.0000000000
135787  -7.770  -34.118  69.185 0.0000000000
42159  -8.850  -33.440  68.718 0.0000000000
41163  -9.538  -34.755  69.160 0.0000000000
41146  -10.490  -34.821  69.872 0.0000000000
42162  -11.006  -33.722  68.771 0.0000000000
41147  -11.185  -34.429  69.960 0.0000000000
121251  -10.869  -34.754  70.790 0.0000000000
72152  -48.465  -2.223  49.009 0.0000000000
47682  -30.425  -27.238  70.676 0.0000000000
47700  -31.197  -26.891  70.048 0.0000000000
48749  -30.860  -26.499  70.161 0.0000000000
49832  -30.586  -25.226  69.335 0.0000000000
50878  -29.824  -24.673  68.844 0.0000000000
50860  -30.450  -24.200  70.841 0.0000000000
51824  -29.749  -23.721  70.001 0.0000000000
51833  -28.385  -23.614  68.963 0.0000000000
51822  -27.216  -22.782  69.049 0.0000000000
44788  -15.316  -30.475  66.402 0.0000000000
131871  -15.710  -30.984  66.832 0.0000000000
44807  -16.499  -29.898  65.915 0.0000000000
136749  -17.825  -30.160  66.070 0.0000000000
44810  -19.462  -30.073  65.692 0.0000000000
136130  -18.676  -27.509  66.279 0.0000000000
45727  -19.723  -29.204  65.439 0.0000000000
44811  -20.429  -30.025  65.537 0.0000000000
132816  -21.947  -30.893  65.597 0.0000000000
44000  -23.493  -31.074  65.797 0.0000000000
43970  -25.140  -31.238  66.910 0.0000000000
45675  -22.333  -30.466  69.687 0.0000000000
44766  -23.563  -30.751  68.629 0.0000000000
44767  -24.386  -31.079  68.607 0.0000000000
44768  -25.478  -31.286  67.838 0.0000000000
43928  -25.596  -31.326  69.988 0.0000000000
43916  -26.228  -31.343  70.310 0.0000000000
45662  -26.705  -29.165  70.540 0.0000000000
46680  -25.990  -28.075  69.700 0.0000000000
47678  -26.751  -27.731  69.902 0.0000000000
46663  -27.159  -28.358  70.566 0.0000000000
46664  -27.855  -27.854  70.949 0.0000000000
46645  -28.632  -27.603  71.198 0.0000000000
45703  -14.060  -29.001  67.119 0.0000000000
58870  -34.503  -16.797  55.096 0.0000000000
64843  -32.980  -10.637  54.668 0.0000000000
123185  -34.015  -11.204  53.595 0.0000000000
63987  -35.298  -11.949  53.322 0.0000000000
65711  -35.553  -8.865  52.861 0.0000000000
140395  -36.206  -9.977  53.181 0.0000000000
63988  -36.555  -11.461  53.504 0.0000000000
132640  -38.108  -11.785  54.339 0.0000000000
69324  -47.441  -5.228  49.190 0.0000000000
70300  -47.044  -4.210  48.850 0.0000000000
72150  -46.918  -2.807  49.513 0.0000000000
35915  -1.043  -40.896  72.710 0.0000000000
33962  -1.234  -42.432  72.351 0.0000000000
34974  -3.595  -41.929  72.328 0.0000000000
33964  -2.546  -42.623  72.182 0.0000000000
32997  -1.664  -43.703  72.465 0.0000000000
32027  -2.371  -44.753  73.189 0.0000000000
48765  -31.630  -26.615  69.255 0.0000000000
48777  -31.707  -26.538  68.340 0.0000000000
48787  -31.860  -26.427  67.590 0.0000000000
119026  -28.998  -25.633  67.063 0.0000000000
48797  -30.605  -26.254  66.532 0.0000000000
49858  -31.286  -26.007  66.355 0.0000000000
49877  -31.664  -25.318  65.950 0.0000000000
50906  -31.007  -24.754  65.380 0.0000000000
51866  -30.287  -23.605  65.027 0.0000000000
50914  -23.888  -24.090  64.922 0.0000000000
50916  -25.094  -24.984  64.204 0.0000000000
52849  -23.392  -22.887  62.292 0.0000000000
50940  -24.820  -24.285  62.905 0.0000000000
50927  -26.204  -24.735  63.263 0.0000000000
50929  -28.246  -24.243  63.706 0.0000000000
50930  -28.840  -23.368  63.773 0.0000000000
52907  -29.100  -22.685  59.691 0.0000000000
51912  -30.758  -23.268  61.141 0.0000000000
54935  -32.515  -20.705  57.887 0.0000000000
54966  -32.497  -19.660  56.726 0.0000000000
56957  -32.244  -18.565  55.602 0.0000000000
55990  -29.733  -19.059  55.698 0.0000000000
57834  -30.732  -18.004  55.163 0.0000000000
57846  -31.387  -17.387  54.886 0.0000000000
59974  -31.283  -15.879  54.721 0.0000000000
61021  -31.474  -14.431  55.262 0.0000000000
43944  -16.835  -31.385  68.403 0.0000000000
43926  -18.038  -31.579  69.171 0.0000000000
43124  -20.092  -32.768  68.927 0.0000000000
37601  -3.783  -38.666  71.392 0.0000000000
39336  -4.020  -36.945  71.329 0.0000000000
37620  -4.639  -38.257  71.153 0.0000000000
36809  -4.357  -39.246  71.456 0.0000000000
36810  -5.750  -39.159  71.758 0.0000000000
118473  -7.965  -34.832  69.188 0.0000000000
39362  -7.524  -36.236  69.735 0.0000000000
38493  -7.870  -37.171  70.712 0.0000000000
124168  -0.012  -49.099  75.404 0.0000000000
28332  1.448  -48.580  74.301 0.0000000000
29253  2.647  -48.188  74.367 0.0000000000
47683  -31.110  -27.390  70.571 0.0000000000
43964  -15.341  -31.464  67.287 0.0000000000
43981  -14.063  -31.141  66.742 0.0000000000
62973  -32.353  -12.421  56.047 0.0000000000
119830  -32.428  -12.722  54.961 0.0000000000
62987  -32.470  -12.213  55.336 0.0000000000
70254  -39.064  -3.994  52.276 0.0000000000
70265  -38.676  -4.703  51.888 0.0000000000
70266  -39.376  -4.433  51.578 0.0000000000
70274  -39.771  -5.049  50.975 0.0000000000
70267  -40.093  -4.202  51.256 0.0000000000
56917  -25.361  -18.406  58.542 0.0000000000
43172  -25.258  -31.738  66.730 0.0000000000
42178  -24.836  -33.075  66.921 0.0000000000
120262  -6.272  -33.189  70.915 0.0000000000
42133  -6.272  -33.783  70.455 0.0000000000
72161  -48.219  -3.226  48.663 0.0000000000
49842  -33.458  -25.639  68.306 0.0000000000
49851  -33.145  -25.462  67.558 0.0000000000
44748  -26.658  -30.048  70.785 0.0000000000
44735  -26.989  -30.283  71.310 0.0000000000
43941  -10.571  -31.095  68.255 0.0000000000
44762  -9.969  -31.116  68.607 0.0000000000
43131  -10.019  -32.583  68.369 0.0000000000
43132  -10.846  -32.456  68.166 0.0000000000
47735  -16.466  -27.732  66.352 0.0000000000
46691  -21.447  -28.648  68.111 0.0000000000
46704  -21.493  -28.453  67.106 0.0000000000
46705  -22.031  -28.923  67.444 0.0000000000
45704  -22.547  -29.252  66.851 0.0000000000
46643  -24.084  -29.063  71.136 0.0000000000
46660  -24.692  -29.429  70.471 0.0000000000
45660  -25.461  -29.774  70.197 0.0000000000
49818  -28.329  -25.958  70.659 0.0000000000
121990  -32.840  -18.162  55.440 0.0000000000
61034  -35.844  -14.794  54.275 0.0000000000
62037  -36.622  -13.055  53.723 0.0000000000
66515  -33.917  -8.067  54.743 0.0000000000
67381  -34.389  -7.443  54.366 0.0000000000
65713  -37.582  -8.955  52.968 0.0000000000
65705  -38.690  -8.920  54.137 0.0000000000
71235  -44.828  -3.962  49.594 0.0000000000
36807  -2.660  -39.774  71.639 0.0000000000
36808  -3.244  -40.152  71.549 0.0000000000
49839  -29.313  -25.125  68.018 0.0000000000
123455  -26.935  -25.588  64.918 0.0000000000
49873  -27.622  -25.711  65.397 0.0000000000
49887  -27.688  -25.509  64.581 0.0000000000
136474  -27.054  -25.411  64.258 0.0000000000
128546  -25.625  -22.392  60.593 0.0000000000
52867  -25.952  -22.797  61.074 0.0000000000
51910  -27.354  -23.116  61.771 0.0000000000
52869  -27.708  -22.808  61.318 0.0000000000
130991  -27.242  -22.546  60.617 0.0000000000
53944  -29.226  -21.586  57.548 0.0000000000
53926  -29.628  -22.229  58.302 0.0000000000
53945  -30.143  -21.623  57.677 0.0000000000
54947  -29.787  -20.968  57.083 0.0000000000
54948  -30.692  -20.941  57.252 0.0000000000
54963  -29.491  -20.279  56.513 0.0000000000
43986  -19.345  -31.316  67.093 0.0000000000
38491  -6.602  -37.478  70.488 0.0000000000
38490  -5.866  -37.508  70.546 0.0000000000
38474  -6.976  -37.926  70.987 0.0000000000
40237  -10.139  -35.294  70.452 0.0000000000
133125  -9.471  -35.685  70.196 0.0000000000
34971  -0.777  -41.743  72.782 0.0000000000
33946  -0.527  -42.627  72.927 0.0000000000
120858  -32.618  -26.586  69.065 0.0000000000
43107  -14.638  -32.688  70.634 0.0000000000
43121  -16.768  -31.749  69.802 0.0000000000
43109  -17.219  -31.906  70.694 0.0000000000
45634  -27.719  -28.858  72.077 0.0000000000
134168  -13.155  -28.857  68.666 0.0000000000
44765  -11.924  -30.257  67.880 0.0000000000
43960  -12.045  -31.702  67.600 0.0000000000
43148  -11.678  -32.390  67.942 0.0000000000
43136  -13.800  -32.767  68.630 0.0000000000
43118  -13.533  -33.037  69.363 0.0000000000
130215  -28.128  -25.432  71.247 0.0000000000
50840  -29.980  -24.772  71.844 0.0000000000
49815  -25.112  -26.181  70.455 0.0000000000
49782  -27.671  -25.045  72.109 0.0000000000
59975  -32.016  -15.735  54.524 0.0000000000
59976  -32.811  -15.529  54.374 0.0000000000
62028  -32.804  -12.945  54.496 0.0000000000
62033  -33.471  -13.254  53.939 0.0000000000
62034  -34.292  -13.406  53.598 0.0000000000
62997  -33.997  -12.592  53.587 0.0000000000
68342  -36.144  -6.036  53.080 0.0000000000
69280  -36.911  -5.676  52.708 0.0000000000
68371  -37.927  -6.394  51.695 0.0000000000
68355  -37.206  -6.364  52.107 0.0000000000
67421  -38.227  -7.127  51.652 0.0000000000
67422  -39.132  -7.225  51.595 0.0000000000
68388  -40.788  -5.958  50.753 0.0000000000
68374  -40.636  -6.562  51.198 0.0000000000
68389  -41.538  -6.171  50.861 0.0000000000
68390  -42.446  -5.961  50.674 0.0000000000
117304  -41.906  -5.635  50.510 0.0000000000
71221  -41.690  -4.070  50.532 0.0000000000
51843  -27.142  -23.826  68.080 0.0000000000
50893  -25.386  -24.056  66.697 0.0000000000
124755  -25.045  -24.407  65.844 0.0000000000
50905  -25.759  -25.060  65.466 0.0000000000
54921  -24.429  -20.304  59.360 0.0000000000
54913  -24.041  -20.887  59.982 0.0000000000
53906  -24.757  -21.091  59.605 0.0000000000
53895  -25.105  -21.640  59.884 0.0000000000
53907  -25.519  -21.367  59.383 0.0000000000
53922  -25.943  -21.065  58.670 0.0000000000
54943  -26.252  -20.081  57.563 0.0000000000
54934  -26.427  -20.755  57.950 0.0000000000
135189  -26.825  -20.455  57.414 0.0000000000
54944  -27.340  -20.406  57.062 0.0000000000
119822  -26.862  -19.931  57.033 0.0000000000
54961  -27.709  -19.853  56.592 0.0000000000
55972  -27.067  -19.214  56.828 0.0000000000
57820  -27.604  -17.738  56.896 0.0000000000
43168  -21.887  -32.270  66.454 0.0000000000
42167  -23.814  -33.911  68.091 0.0000000000
117927  -23.064  -33.565  67.693 0.0000000000
40234  -6.153  -35.005  69.972 0.0000000000
39350  -6.315  -36.389  69.949 0.0000000000
39361  -6.907  -36.157  69.711 0.0000000000
31064  -1.349  -45.564  73.159 0.0000000000
31077  -1.118  -44.906  72.855 0.0000000000
30169  0.981  -46.865  73.954 0.0000000000
121874  0.477  -47.297  73.773 0.0000000000
50895  -32.682  -24.444  66.737 0.0000000000
51845  -32.901  -23.767  67.180 0.0000000000
51853  -32.290  -23.520  66.730 0.0000000000
43929  -27.003  -31.825  69.123 0.0000000000
43939  -8.820  -32.018  68.923 0.0000000000
43923  -8.535  -31.568  69.700 0.0000000000
129515  -8.190  -32.397  69.368 0.0000000000
42145  -8.042  -33.334  69.099 0.0000000000
41176  -9.233  -34.175  68.786 0.0000000000
41164  -10.141  -34.669  69.328 0.0000000000
41165  -10.739  -34.313  69.282 0.0000000000
42163  -11.819  -33.456  68.790 0.0000000000
42123  -11.936  -33.877  70.996 0.0000000000
133818  -11.467  -34.277  70.657 0.0000000000
49821  -30.777  -25.513  70.001 0.0000000000
50871  -30.182  -24.355  69.716 0.0000000000
51803  -29.231  -23.101  70.355 0.0000000000
132732  -28.808  -23.296  69.658 0.0000000000
50870  -29.285  -23.983  69.291 0.0000000000
51832  -27.579  -23.351  68.692 0.0000000000
45711  -15.053  -29.647  66.261 0.0000000000
140603  -15.555  -29.407  66.004 0.0000000000
119050  -17.027  -28.428  65.625 0.0000000000
45724  -16.720  -29.122  65.622 0.0000000000
124052  -18.013  -29.624  65.680 0.0000000000
44809  -18.564  -30.157  65.940 0.0000000000
45726  -18.826  -29.469  65.563 0.0000000000
46725  -20.965  -28.665  65.706 0.0000000000
46712  -20.247  -28.507  65.591 0.0000000000
45728  -20.726  -29.300  65.496 0.0000000000
44812  -21.458  -30.054  65.511 0.0000000000
43998  -21.023  -30.766  65.672 0.0000000000
44814  -23.243  -30.355  65.868 0.0000000000
130594  -23.897  -30.795  66.074 0.0000000000
44795  -24.485  -30.928  66.510 0.0000000000
45645  -23.621  -30.244  71.431 0.0000000000
44734  -23.160  -30.783  71.298 0.0000000000
44744  -23.051  -31.159  70.145 0.0000000000
45676  -22.954  -30.716  69.162 0.0000000000
44754  -23.642  -31.198  69.578 0.0000000000
44745  -24.517  -31.185  70.236 0.0000000000
43948  -26.165  -31.603  68.911 0.0000000000
45661  -26.127  -29.774  70.232 0.0000000000
44747  -26.176  -30.920  70.606 0.0000000000
48744  -25.524  -26.577  69.925 0.0000000000
48763  -26.218  -27.161  69.674 0.0000000000
47681  -29.335  -27.188  70.869 0.0000000000
137670  -15.091  -28.215  66.898 0.0000000000
46701  -14.689  -28.349  67.303 0.0000000000
46709  -14.829  -28.804  66.587 0.0000000000
45710  -14.249  -29.707  66.612 0.0000000000
54951  -33.959  -19.998  57.978 0.0000000000
120706  -34.796  -18.308  56.550 0.0000000000
55959  -35.134  -19.091  57.737 0.0000000000
58890  -34.171  -16.088  54.584 0.0000000000
58891  -35.016  -16.082  54.835 0.0000000000
65686  -33.153  -9.741  55.613 0.0000000000
64838  -32.836  -10.489  55.376 0.0000000000
123834  -32.950  -9.995  54.936 0.0000000000
65700  -34.099  -9.656  53.625 0.0000000000
134431  -33.653  -10.034  53.881 0.0000000000
64850  -34.121  -10.436  53.576 0.0000000000
64851  -34.898  -11.059  53.320 0.0000000000
67401  -35.936  -7.835  52.558 0.0000000000
67390  -35.385  -7.660  52.934 0.0000000000
66533  -35.621  -8.244  52.744 0.0000000000
65703  -37.030  -9.777  53.350 0.0000000000
64852  -36.415  -10.634  53.394 0.0000000000
63989  -37.353  -11.777  53.868 0.0000000000
63990  -37.956  -11.053  54.241 0.0000000000
63982  -38.590  -11.369  54.731 0.0000000000
67406  -40.273  -7.441  52.361 0.0000000000
124973  -45.773  -5.720  49.976 0.0000000000
69309  -46.742  -5.834  50.028 0.0000000000
71236  -45.651  -3.727  49.462 0.0000000000
71237  -46.500  -3.615  49.211 0.0000000000
71238  -47.323  -3.452  48.929 0.0000000000
35933  -2.187  -40.423  71.765 0.0000000000
35900  -1.296  -40.025  72.662 0.0000000000
35916  -1.621  -40.657  72.107 0.0000000000
34972  -1.433  -41.532  72.198 0.0000000000
33963  -1.941  -42.156  72.009 0.0000000000
34975  -4.172  -41.273  72.372 0.0000000000
34989  -3.538  -41.352  71.956 0.0000000000
33966  -4.015  -41.891  72.784 0.0000000000
32999  -3.061  -43.161  72.637 0.0000000000
32998  -2.261  -43.504  72.457 0.0000000000
32982  -2.667  -43.998  72.951 0.0000000000
32041  -1.851  -44.325  72.683 0.0000000000
49841  -30.564  -26.163  67.712 0.0000000000
116306  -31.229  -26.395  67.622 0.0000000000
49849  -27.919  -25.273  66.974 0.0000000000
118518  -28.417  -25.730  66.432 0.0000000000
137395  -28.907  -25.965  65.604 0.0000000000
48809  -29.945  -26.220  66.139 0.0000000000
49859  -32.088  -25.679  66.574 0.0000000000
121367  -31.029  -25.602  65.720 0.0000000000
49890  -30.306  -24.706  64.932 0.0000000000
50918  -29.777  -24.088  64.546 0.0000000000
51879  -22.876  -22.964  63.805 0.0000000000
51874  -23.239  -23.485  64.511 0.0000000000
50924  -23.878  -24.128  64.073 0.0000000000
50915  -24.465  -24.540  64.540 0.0000000000
53871  -23.130  -22.124  61.865 0.0000000000
52865  -23.932  -22.743  61.510 0.0000000000
51892  -25.131  -23.842  62.238 0.0000000000
50941  -25.694  -24.304  62.713 0.0000000000
50926  -25.331  -24.732  63.430 0.0000000000
50928  -26.960  -24.636  63.294 0.0000000000
50943  -27.580  -24.084  63.178 0.0000000000
51882  -28.310  -23.397  63.217 0.0000000000
52815  -29.806  -22.748  64.601 0.0000000000
130373  -29.349  -22.882  63.930 0.0000000000
139685  -27.616  -22.166  59.495 0.0000000000
52887  -27.702  -22.406  60.132 0.0000000000
52906  -28.295  -22.425  59.543 0.0000000000
120568  -29.927  -22.958  59.912 0.0000000000
52890  -30.836  -23.182  60.243 0.0000000000
118667  -32.205  -21.769  58.701 0.0000000000
52910  -32.237  -22.514  59.465 0.0000000000
53909  -32.989  -21.746  59.209 0.0000000000
127736  -32.897  -21.155  58.550 0.0000000000
53929  -33.661  -21.050  59.009 0.0000000000
131720  -32.160  -20.181  57.099 0.0000000000
120907  -31.780  -19.691  56.440 0.0000000000
55978  -32.353  -19.192  56.167 0.0000000000
55992  -31.452  -19.058  55.765 0.0000000000
139793  -28.425  -18.754  56.039 0.0000000000
55989  -29.018  -18.935  55.787 0.0000000000
126681  -29.825  -17.251  55.292 0.0000000000
57833  -30.016  -17.884  55.258 0.0000000000
57845  -30.483  -17.284  55.023 0.0000000000
58886  -30.913  -16.580  54.817 0.0000000000
131017  -30.664  -15.922  55.024 0.0000000000
61020  -30.710  -14.867  55.816 0.0000000000
43983  -16.659  -30.928  67.118 0.0000000000
139782  -16.559  -31.251  67.761 0.0000000000
43965  -17.236  -31.160  67.829 0.0000000000
43946  -18.400  -31.522  68.469 0.0000000000
43122  -18.514  -31.991  69.812 0.0000000000
132292  -19.164  -32.520  70.056 0.0000000000
43140  -20.504  -32.740  68.228 0.0000000000
42165  -21.020  -33.271  68.573 0.0000000000
42169  -25.816  -33.700  67.918 0.0000000000
38471  -3.225  -38.054  71.575 0.0000000000
40222  -4.374  -36.086  71.209 0.0000000000
39337  -4.786  -36.846  70.812 0.0000000000
37621  -5.474  -38.131  70.922 0.0000000000
38473  -4.525  -37.524  71.036 0.0000000000
120293  -5.032  -39.429  71.620 0.0000000000
41161  -7.247  -34.544  69.446 0.0000000000
39363  -8.153  -36.348  69.916 0.0000000000
39352  -7.700  -36.803  70.198 0.0000000000
73076  -49.149  -1.874  48.644 0.0000000000
27396  1.355  -50.485  74.998 0.0000000000
28323  1.229  -49.468  74.647 0.0000000000
128482  -14.643  -32.411  68.586 0.0000000000
135795  -15.158  -32.318  69.301 0.0000000000
43137  -15.497  -31.992  68.719 0.0000000000
46646  -28.915  -27.974  71.854 0.0000000000
45702  -13.508  -29.802  67.029 0.0000000000
118547  -12.715  -29.975  67.544 0.0000000000
44779  -13.125  -30.489  67.092 0.0000000000
43980  -13.293  -31.126  66.990 0.0000000000
43150  -13.272  -32.288  67.618 0.0000000000
62026  -32.113  -14.034  54.826 0.0000000000
62027  -32.304  -13.362  54.889 0.0000000000
135746  -37.473  -5.167  52.675 0.0000000000
69282  -38.019  -4.977  52.285 0.0000000000
69294  -38.437  -5.581  51.635 0.0000000000
69295  -39.270  -5.792  51.203 0.0000000000
69304  -40.531  -5.291  50.692 0.0000000000
71220  -40.821  -4.065  50.881 0.0000000000
51841  -25.589  -23.557  67.408 0.0000000000
51840  -24.744  -23.409  67.273 0.0000000000
54932  -24.916  -20.060  58.710 0.0000000000
55944  -25.216  -19.360  58.363 0.0000000000
55956  -25.792  -19.572  57.793 0.0000000000
56928  -26.624  -18.662  57.262 0.0000000000
140299  -26.360  -18.173  57.654 0.0000000000
43170  -23.762  -32.300  66.273 0.0000000000
43156  -23.373  -32.995  66.787 0.0000000000
42188  -24.165  -32.855  66.649 0.0000000000
42168  -24.810  -33.792  67.737 0.0000000000
41160  -6.726  -34.981  69.636 0.0000000000
70291  -48.575  -4.763  48.797 0.0000000000
116563  -49.186  -4.219  48.537 0.0000000000
30171  -1.952  -46.392  74.313 0.0000000000
30179  -0.952  -46.272  73.323 0.0000000000
30170  -1.366  -46.702  73.875 0.0000000000
29255  -0.913  -47.461  74.205 0.0000000000
130814  -0.261  -48.042  74.251 0.0000000000
50887  -33.186  -24.634  67.273 0.0000000000
118544  -26.867  -31.715  70.109 0.0000000000
120194  -27.256  -31.891  70.711 0.0000000000
45671  -10.920  -29.865  68.905 0.0000000000
123064  -9.626  -30.458  69.818 0.0000000000
43924  -9.294  -31.150  69.212 0.0000000000
43130  -9.231  -32.677  68.594 0.0000000000
42148  -12.954  -33.291  69.181 0.0000000000
42147  -12.310  -33.604  69.445 0.0000000000
125039  -12.478  -33.643  70.451 0.0000000000
46710  -15.601  -28.133  66.506 0.0000000000
47749  -17.102  -27.835  65.857 0.0000000000
46722  -17.722  -28.219  65.557 0.0000000000
47739  -20.122  -27.756  66.483 0.0000000000
46703  -20.850  -28.078  66.697 0.0000000000
46713  -21.428  -28.585  66.203 0.0000000000
124790  -22.110  -29.666  65.657 0.0000000000
45712  -22.270  -29.190  66.132 0.0000000000
45705  -23.216  -29.771  67.094 0.0000000000
45658  -23.826  -30.950  70.865 0.0000000000
116621  -23.734  -31.269  70.352 0.0000000000
55979  -32.968  -19.334  56.599 0.0000000000
55958  -34.101  -19.491  57.491 0.0000000000
55980  -33.663  -19.153  56.790 0.0000000000
56947  -34.065  -18.515  56.294 0.0000000000
56959  -34.565  -17.890  55.978 0.0000000000
61033  -35.052  -14.795  54.044 0.0000000000
59979  -35.459  -15.422  54.569 0.0000000000
66505  -33.889  -8.174  55.622 0.0000000000
65693  -33.283  -9.317  54.858 0.0000000000
66514  -33.718  -8.770  54.382 0.0000000000
66523  -33.991  -9.013  53.797 0.0000000000
118497  -34.687  -9.090  53.291 0.0000000000
66535  -37.192  -8.426  52.452 0.0000000000
66534  -36.311  -8.530  52.589 0.0000000000
118062  -37.832  -10.135  54.081 0.0000000000
64844  -38.497  -9.661  54.403 0.0000000000
69320  -43.648  -5.090  49.808 0.0000000000
134891  -44.309  -5.097  49.682 0.0000000000
69322  -45.613  -5.124  49.491 0.0000000000
70288  -45.432  -4.457  49.434 0.0000000000
36789  -2.228  -39.031  71.972 0.0000000000
32015  -3.095  -44.326  73.860 0.0000000000
124709  -30.735  -25.969  68.580 0.0000000000
116243  -28.385  -25.890  65.795 0.0000000000
49875  -29.538  -25.849  65.429 0.0000000000
49876  -30.392  -25.423  65.321 0.0000000000
127507  -29.088  -25.361  64.667 0.0000000000
52884  -24.232  -22.166  60.777 0.0000000000
51908  -25.481  -23.295  61.632 0.0000000000
51893  -26.032  -23.740  62.127 0.0000000000
122191  -26.880  -23.509  62.116 0.0000000000
51895  -28.500  -23.045  62.816 0.0000000000
51896  -29.092  -22.949  63.176 0.0000000000
52850  -28.801  -22.932  62.325 0.0000000000
52871  -29.328  -22.920  61.655 0.0000000000
53925  -28.633  -21.962  58.179 0.0000000000
52926  -28.908  -22.460  58.880 0.0000000000
52927  -30.257  -22.559  58.748 0.0000000000
52909  -31.310  -22.830  59.487 0.0000000000
52928  -30.913  -22.543  58.842 0.0000000000
53928  -31.345  -21.986  58.432 0.0000000000
53947  -31.837  -21.342  58.101 0.0000000000
54949  -31.602  -20.824  57.484 0.0000000000
57831  -28.688  -17.553  55.930 0.0000000000
58868  -29.248  -16.855  55.721 0.0000000000
127744  -30.319  -15.573  55.595 0.0000000000
44791  -18.142  -30.531  66.576 0.0000000000
43967  -18.837  -31.434  67.791 0.0000000000
43947  -19.160  -31.863  68.340 0.0000000000
39349  -5.597  -36.740  70.379 0.0000000000
126476  -5.873  -38.596  71.229 0.0000000000
37603  -6.526  -38.537  71.545 0.0000000000
119589  -9.139  -35.405  69.546 0.0000000000
40236  -9.126  -36.239  70.757 0.0000000000
48779  -33.079  -26.281  68.653 0.0000000000
43094  -13.940  -32.953  71.248 0.0000000000
43108  -15.524  -32.427  70.991 0.0000000000
45687  -11.515  -29.824  68.500 0.0000000000
44764  -11.123  -30.567  68.181 0.0000000000
43134  -12.195  -32.914  68.292 0.0000000000
43135  -13.085  -32.751  68.168 0.0000000000
49802  -30.334  -25.192  71.080 0.0000000000
49816  -25.841  -25.841  70.352 0.0000000000
49817  -26.725  -25.722  70.449 0.0000000000
57847  -32.298  -17.102  54.745 0.0000000000
57848  -33.084  -16.857  54.722 0.0000000000
58889  -33.334  -16.139  54.499 0.0000000000
59977  -33.717  -15.290  54.223 0.0000000000
120855  -34.333  -14.777  53.964 0.0000000000
61048  -34.645  -14.148  53.703 0.0000000000
62035  -35.131  -13.462  53.502 0.0000000000
68329  -34.861  -6.829  53.989 0.0000000000
68341  -35.481  -6.409  53.538 0.0000000000
68353  -35.945  -7.000  52.663 0.0000000000
116309  -36.862  -7.029  52.142 0.0000000000
67403  -37.562  -7.690  51.991 0.0000000000
66537  -38.897  -8.171  52.732 0.0000000000
67405  -39.442  -7.677  52.112 0.0000000000
67424  -40.848  -7.039  51.843 0.0000000000
68373  -39.647  -6.585  51.260 0.0000000000
69307  -43.294  -5.633  50.314 0.0000000000
117475  -41.768  -4.923  50.302 0.0000000000
69319  -42.993  -5.058  49.973 0.0000000000
70278  -43.193  -4.424  49.946 0.0000000000
117705  -3.861  -40.078  71.586 0.0000000000
35936  -4.683  -40.501  72.170 0.0000000000
50886  -27.485  -24.533  67.553 0.0000000000
50894  -26.931  -24.837  66.741 0.0000000000
50885  -26.155  -24.177  67.076 0.0000000000
49871  -25.696  -25.244  64.718 0.0000000000
53882  -23.259  -21.533  61.356 0.0000000000
135732  -23.608  -20.659  60.468 0.0000000000
53893  -23.722  -21.433  60.666 0.0000000000
52885  -24.993  -22.118  60.373 0.0000000000
52886  -26.412  -22.408  60.530 0.0000000000
52905  -27.217  -21.840  59.014 0.0000000000
53923  -26.798  -21.382  58.412 0.0000000000
53924  -27.707  -21.665  58.219 0.0000000000
54962  -28.659  -20.151  56.473 0.0000000000
55974  -28.481  -19.392  56.186 0.0000000000
56929  -27.326  -18.451  56.787 0.0000000000
56945  -28.104  -18.165  56.285 0.0000000000
57821  -28.243  -17.390  56.580 0.0000000000
58842  -28.567  -16.769  56.993 0.0000000000
43987  -20.585  -31.363  66.216 0.0000000000
43969  -20.144  -31.706  66.947 0.0000000000
43167  -20.965  -32.056  66.658 0.0000000000
134612  -21.383  -32.666  67.239 0.0000000000
42175  -21.643  -33.195  67.860 0.0000000000
42176  -22.285  -33.474  67.914 0.0000000000
41145  -5.465  -34.959  70.582 0.0000000000
32025  -0.580  -44.334  72.932 0.0000000000
32024  0.169  -44.969  73.476 0.0000000000
31062  0.144  -45.843  73.434 0.0000000000
31054  1.079  -45.787  74.359 0.0000000000
65674  -33.623  -9.494  56.418 0.0000000000
67358  -34.402  -7.651  56.247 0.0000000000
68313  -34.751  -6.860  55.892 0.0000000000
68322  -35.222  -6.160  55.508 0.0000000000
43158  -26.292  -32.109  67.606 0.0000000000
43142  -26.799  -32.537  68.157 0.0000000000
43914  -7.551  -31.671  70.932 0.0000000000
43105  -7.220  -32.389  70.502 0.0000000000
42144  -7.299  -33.691  69.573 0.0000000000
41162  -8.431  -34.160  68.929 0.0000000000
42146  -11.483  -33.964  69.337 0.0000000000
51804  -30.057  -23.633  70.672 0.0000000000
122859  -30.340  -24.110  70.336 0.0000000000
51831  -26.824  -23.175  68.400 0.0000000000
43982  -14.874  -31.096  66.703 0.0000000000
44789  -16.179  -30.479  66.432 0.0000000000
44790  -17.172  -30.418  66.441 0.0000000000
45723  -15.991  -29.238  65.801 0.0000000000
44792  -19.143  -30.707  66.404 0.0000000000
47726  -17.470  -27.366  67.197 0.0000000000
47737  -18.102  -27.394  66.661 0.0000000000
46723  -18.583  -28.073  65.523 0.0000000000
47738  -19.354  -27.584  66.349 0.0000000000
46724  -19.405  -28.259  65.529 0.0000000000
135968  -18.945  -28.743  65.426 0.0000000000
44793  -20.105  -30.689  65.904 0.0000000000
43988  -22.392  -31.649  65.837 0.0000000000
44813  -22.380  -30.313  65.607 0.0000000000
43999  -22.825  -31.007  65.628 0.0000000000
43989  -23.269  -31.656  65.850 0.0000000000
43990  -24.079  -31.495  66.118 0.0000000000
43991  -24.776  -31.501  66.469 0.0000000000
122099  -22.390  -29.950  68.666 0.0000000000
45692  -23.078  -30.162  68.135 0.0000000000
44780  -23.826  -30.448  67.664 0.0000000000
44781  -24.662  -30.780  67.191 0.0000000000
43971  -25.721  -31.675  67.253 0.0000000000
120701  -26.187  -31.694  67.850 0.0000000000
46662  -26.422  -28.644  70.030 0.0000000000
133029  -13.690  -28.662  68.478 0.0000000000
118505  -14.116  -28.537  67.904 0.0000000000
131173  -14.505  -30.438  66.518 0.0000000000
138109  -34.605  -19.295  57.616 0.0000000000
57837  -33.713  -17.240  55.077 0.0000000000
122756  -34.308  -17.453  55.468 0.0000000000
57838  -35.036  -17.278  55.693 0.0000000000
58871  -35.388  -16.613  55.390 0.0000000000
63977  -32.643  -11.331  55.104 0.0000000000
63981  -33.154  -11.449  54.301 0.0000000000
122729  -33.275  -10.009  54.389 0.0000000000
64849  -33.478  -10.708  53.994 0.0000000000
63985  -33.710  -11.803  53.737 0.0000000000
63986  -34.464  -11.905  53.438 0.0000000000
67389  -34.783  -7.563  53.547 0.0000000000
66525  -34.997  -8.276  53.136 0.0000000000
65702  -36.265  -9.340  52.876 0.0000000000
65701  -35.518  -9.622  53.070 0.0000000000
123487  -35.642  -10.448  53.239 0.0000000000
119508  -35.817  -11.273  53.320 0.0000000000
122341  -36.003  -11.948  53.350 0.0000000000
63000  -36.568  -12.260  53.563 0.0000000000
62993  -37.832  -12.443  54.265 0.0000000000
69333  -48.106  -5.172  49.058 0.0000000000
70290  -46.975  -4.857  48.973 0.0000000000
70301  -47.724  -4.641  48.796 0.0000000000
71247  -47.710  -3.947  48.687 0.0000000000
72141  -47.536  -2.090  50.218 0.0000000000
35935  -3.409  -40.727  71.694 0.0000000000
34988  -2.920  -41.337  71.768 0.0000000000
33965  -3.612  -42.466  72.745 0.0000000000
127916  -3.176  -42.466  72.331 0.0000000000
33982  -2.523  -41.887  71.928 0.0000000000
126147  -1.782  -43.002  72.250 0.0000000000
32026  -1.730  -45.012  72.969 0.0000000000
31065  -2.100  -45.427  73.450 0.0000000000
32014  -2.666  -45.086  73.901 0.0000000000
31056  -2.445  -45.766  74.352 0.0000000000
48778  -32.381  -26.501  68.314 0.0000000000
140209  -32.409  -26.306  67.759 0.0000000000
48785  -29.993  -26.198  66.812 0.0000000000
117532  -31.250  -26.367  67.004 0.0000000000
48798  -31.784  -26.200  66.951 0.0000000000
48788  -32.452  -25.995  67.283 0.0000000000
49878  -32.300  -24.967  66.282 0.0000000000
50907  -31.702  -24.398  65.867 0.0000000000
51867  -30.976  -23.526  65.540 0.0000000000
51850  -23.627  -23.493  66.231 0.0000000000
51863  -22.876  -23.057  65.193 0.0000000000
51864  -23.408  -23.546  65.412 0.0000000000
50904  -24.153  -23.981  65.698 0.0000000000
135415  -24.497  -24.414  65.222 0.0000000000
52848  -22.885  -22.356  62.682 0.0000000000
51890  -23.710  -23.486  62.731 0.0000000000
51906  -23.984  -23.316  62.105 0.0000000000
51891  -24.382  -23.753  62.469 0.0000000000
51881  -24.071  -24.045  63.204 0.0000000000
50925  -24.562  -24.521  63.708 0.0000000000
49885  -25.864  -25.187  63.921 0.0000000000
49899  -26.673  -25.150  63.770 0.0000000000
49900  -27.521  -24.967  63.799 0.0000000000
51875  -29.368  -23.254  64.294 0.0000000000
51865  -29.727  -23.063  64.752 0.0000000000
52799  -29.972  -22.594  65.094 0.0000000000
52800  -30.344  -22.213  65.446 0.0000000000
52832  -29.712  -22.792  63.555 0.0000000000
139001  -27.900  -22.652  60.808 0.0000000000
52888  -28.436  -22.633  60.367 0.0000000000
52889  -29.223  -22.830  60.631 0.0000000000
54936  -33.440  -20.510  58.253 0.0000000000
57835  -32.192  -17.846  55.140 0.0000000000
55976  -30.028  -19.677  56.111 0.0000000000
55991  -30.524  -19.126  55.707 0.0000000000
56954  -29.528  -18.417  55.527 0.0000000000
56955  -30.227  -18.524  55.428 0.0000000000
131876  -30.876  -18.606  55.435 0.0000000000
56956  -31.475  -18.254  55.298 0.0000000000
58887  -31.723  -16.512  54.639 0.0000000000
59963  -31.579  -15.237  54.747 0.0000000000
59962  -30.958  -15.265  55.184 0.0000000000
136168  -31.938  -13.710  55.296 0.0000000000
130600  -16.045  -31.231  67.394 0.0000000000
43945  -17.631  -31.364  68.507 0.0000000000
43925  -17.227  -31.530  69.142 0.0000000000
133991  -17.639  -31.704  69.871 0.0000000000
43154  -20.495  -32.353  67.540 0.0000000000
43153  -19.882  -32.325  68.242 0.0000000000
43139  -19.443  -32.248  68.786 0.0000000000
42150  -20.629  -33.407  69.473 0.0000000000
42149  -19.831  -32.953  69.793 0.0000000000
43123  -19.310  -32.383  69.403 0.0000000000
125649  -2.532  -38.211  71.979 0.0000000000
38472  -3.954  -37.842  71.286 0.0000000000
35937  -5.205  -39.844  72.031 0.0000000000
40246  -7.301  -35.470  69.507 0.0000000000
40247  -8.258  -35.646  69.492 0.0000000000
120958  -9.864  -35.657  71.906 0.0000000000
39327  -9.357  -36.180  71.636 0.0000000000
38476  -8.201  -37.184  71.255 0.0000000000
38475  -7.623  -37.601  71.138 0.0000000000
72162  -48.900  -2.618  48.506 0.0000000000
29254  -0.572  -48.302  74.885 0.0000000000
28314  0.756  -49.922  75.399 0.0000000000
28324  0.183  -48.811  74.714 0.0000000000
28333  0.439  -48.323  74.205 0.0000000000
29262  0.657  -47.860  73.960 0.0000000000
27403  2.552  -49.753  73.909 0.0000000000
28321  2.821  -48.778  74.038 0.0000000000
30160  -1.659  -46.956  74.684 0.0000000000
31063  -0.594  -45.692  73.181 0.0000000000
34973  -3.056  -41.967  72.031 0.0000000000
44806  -15.735  -29.901  66.030 0.0000000000
44808  -17.274  -29.790  65.790 0.0000000000
45725  -17.474  -29.015  65.502 0.0000000000
45730  -22.680  -29.754  65.854 0.0000000000
47750  -18.057  -27.650  65.903 0.0000000000
47751  -18.998  -27.734  65.837 0.0000000000
47752  -19.825  -27.884  65.888 0.0000000000
49872  -26.262  -25.415  65.103 0.0000000000
52831  -23.098  -23.013  63.031 0.0000000000
53858  -22.624  -21.718  63.240 0.0000000000
58855  -29.095  -16.416  56.484 0.0000000000
61050  -36.149  -14.251  54.039 0.0000000000
63965  -32.578  -11.670  55.853 0.0000000000
125927  -19.603  -27.475  67.124 0.0000000000
127122  -33.569  -8.612  55.055 0.0000000000
136264  -33.556  -11.281  53.882 0.0000000000
