#!ascii label  , from subject sub-v1s5x0050753_ses-1 vox2ras=TkReg
1654
28260  -27.038  -49.679  2.035 0.5000000000
29177  -27.492  -48.936  2.220 0.4000000060
29178  -28.941  -48.601  2.536 0.6000000238
120681  -27.776  -47.923  2.183 0.6000000238
30093  -27.443  -47.186  1.496 0.6000000238
136849  -26.996  -47.932  2.147 0.5000000000
30994  -27.929  -46.653  1.193 0.6000000238
28254  -29.862  -49.329  2.884 0.6999999881
30079  -27.851  -46.827  2.127 0.6999999881
30078  -27.217  -47.648  1.830 0.6999999881
30986  -27.731  -46.387  1.674 0.6999999881
30987  -29.584  -45.793  1.266 0.5000000000
138604  -28.034  -46.055  1.514 0.6999999881
30102  -28.959  -47.049  0.859 0.5000000000
26330  -28.999  -51.272  10.607 0.5000000000
138832  -30.064  -47.705  3.047 0.6999999881
30080  -29.205  -47.557  2.621 0.6999999881
30980  -27.857  -45.977  1.892 0.6999999881
132814  -29.139  -46.514  2.696 0.6999999881
31919  -28.103  -45.355  1.966 0.6999999881
30974  -28.305  -45.961  2.287 0.6999999881
31910  -28.294  -45.377  2.154 0.6999999881
29152  -33.328  -48.223  6.581 0.6999999881
30053  -32.837  -47.457  6.408 0.6999999881
29167  -30.577  -47.841  3.511 0.6999999881
30068  -30.861  -47.146  4.066 0.6999999881
26329  -28.339  -51.362  10.153 0.6000000238
26349  -26.802  -51.962  9.456 0.4000000060
30067  -30.124  -47.054  3.290 0.6999999881
31924  -28.039  -45.606  1.901 0.6999999881
31925  -29.257  -45.031  1.509 0.6999999881
32881  -28.991  -44.381  1.853 0.6999999881
31926  -30.433  -45.203  1.336 0.6000000238
30043  -33.726  -47.521  7.975 0.6999999881
30054  -33.344  -47.506  7.140 0.6999999881
30062  -32.346  -47.444  5.743 0.6999999881
30948  -32.927  -46.879  6.908 0.6999999881
30938  -33.251  -46.760  7.612 0.6999999881
27258  -29.262  -50.516  10.768 0.6000000238
30956  -31.983  -46.853  5.619 0.6999999881
30964  -30.541  -46.391  3.920 0.6999999881
30955  -31.567  -46.653  5.173 0.6999999881
30947  -32.406  -46.657  6.272 0.6999999881
30937  -32.716  -46.119  7.108 0.6999999881
27269  -26.561  -50.464  9.185 0.5000000000
26350  -27.546  -51.478  9.687 0.5000000000
31911  -29.217  -45.643  2.816 0.6999999881
137534  -29.892  -46.243  3.303 0.6999999881
127982  -32.240  -45.906  6.451 0.6999999881
138442  -26.368  -51.624  9.303 0.4000000060
32880  -28.355  -44.999  1.998 0.6999999881
31894  -30.175  -45.635  3.655 0.6999999881
121138  -31.364  -45.887  5.113 0.6999999881
30946  -31.841  -46.079  5.803 0.6999999881
26363  -25.157  -51.888  8.904 0.4000000060
122225  -29.665  -44.969  3.243 0.6999999881
31883  -31.579  -45.292  5.606 0.6999999881
31869  -31.981  -45.346  6.237 0.6999999881
32892  -28.488  -45.101  1.828 0.6999999881
32860  -28.911  -45.055  2.511 0.6999999881
32849  -30.698  -44.005  4.240 0.6999999881
32850  -31.093  -44.427  4.870 0.6999999881
32882  -29.978  -44.354  1.384 0.6999999881
121450  -30.530  -44.868  4.172 0.6999999881
32883  -30.959  -44.368  1.225 0.6000000238
33842  -29.800  -43.535  1.463 0.6999999881
35812  -32.420  -41.504  1.214 0.5000000000
127672  -32.112  -42.977  0.980 0.5000000000
33836  -33.056  -43.678  2.889 0.4000000060
34872  -32.801  -42.841  2.319 0.5000000000
128882  -33.140  -45.994  7.966 0.6999999881
29088  -28.965  -48.979  10.932 0.6000000238
30965  -31.110  -46.487  4.585 0.6999999881
27271  -27.933  -50.602  9.837 0.5000000000
31870  -32.408  -45.364  6.882 0.6999999881
32861  -29.208  -44.523  2.572 0.6999999881
32871  -28.839  -44.348  2.039 0.6999999881
33811  -30.135  -43.274  3.257 0.6999999881
35823  -31.429  -41.263  0.524 0.6999999881
138422  -30.605  -43.794  1.183 0.6999999881
34882  -31.530  -42.709  0.751 0.6999999881
126660  -30.699  -43.115  0.976 0.6999999881
35824  -32.070  -41.386  0.692 0.6999999881
29048  -32.166  -47.898  12.235 0.6999999881
29959  -32.576  -47.434  12.089 0.6999999881
30877  -33.502  -46.408  11.233 0.8000000119
29047  -31.515  -47.962  12.369 0.6000000238
29958  -31.862  -47.321  12.441 0.6000000238
30897  -33.697  -46.221  10.291 0.8000000119
29046  -30.708  -48.045  12.334 0.6000000238
29973  -30.176  -47.417  12.356 0.6000000238
134814  -33.377  -45.853  8.637 0.6999999881
29067  -29.723  -48.931  11.541 0.6000000238
123409  -29.914  -48.153  12.018 0.6000000238
28173  -28.171  -49.057  10.223 0.6000000238
31858  -32.788  -45.337  7.578 0.6999999881
120653  -26.954  -49.906  9.285 0.5000000000
28188  -27.579  -49.715  9.631 0.6000000238
31859  -33.158  -45.259  8.302 0.6999999881
32816  -32.225  -44.800  6.618 0.6999999881
33825  -29.463  -43.804  2.543 0.6999999881
32848  -30.046  -44.164  3.421 0.6999999881
32836  -31.427  -44.716  5.392 0.6999999881
34891  -29.915  -42.182  1.048 0.8000000119
34881  -29.999  -42.744  1.194 0.6999999881
33813  -31.186  -43.674  4.859 0.6999999881
35821  -30.134  -41.712  0.775 0.8000000119
33834  -29.283  -43.562  1.979 0.6999999881
34871  -32.509  -42.368  1.484 0.5000000000
35805  -33.141  -42.004  2.838 0.5000000000
36660  -33.029  -41.091  2.743 0.5000000000
34862  -33.388  -42.889  3.398 0.4000000060
30852  -31.384  -46.627  12.650 0.6000000238
30876  -33.054  -46.262  11.919 0.6999999881
31798  -33.290  -45.593  11.644 0.8000000119
29957  -31.016  -47.359  12.558 0.6000000238
31799  -33.619  -45.373  10.821 0.8000000119
31830  -33.633  -45.394  9.886 0.8000000119
128050  -33.545  -44.776  9.446 0.8000000119
29972  -29.453  -47.432  11.901 0.6000000238
29087  -28.479  -48.144  10.817 0.6000000238
31847  -33.447  -45.293  9.035 0.8000000119
122838  -26.414  -49.724  8.957 0.6000000238
29110  -27.489  -48.805  9.652 0.6000000238
29086  -27.692  -47.943  10.089 0.6000000238
126971  -33.206  -43.935  8.131 0.6999999881
27284  -26.020  -50.279  8.867 0.5000000000
33768  -32.844  -43.935  7.474 0.6999999881
28204  -24.856  -49.879  8.217 0.5000000000
28205  -25.664  -49.598  8.549 0.5000000000
33782  -32.365  -44.017  6.634 0.6999999881
32815  -31.834  -44.597  5.990 0.6999999881
35811  -29.620  -41.643  1.249 0.8000000119
129716  -29.604  -42.963  1.755 0.8000000119
123049  -29.597  -43.177  2.399 0.6999999881
33812  -30.785  -43.187  4.171 0.6999999881
34870  -29.480  -42.751  2.057 0.6999999881
138500  -32.777  -42.213  2.148 0.5000000000
31775  -30.729  -45.873  12.849 0.6999999881
31776  -31.823  -45.855  12.710 0.6999999881
31777  -32.699  -45.714  12.278 0.8000000119
32738  -33.448  -44.918  11.411 0.8000000119
30851  -30.453  -46.694  12.593 0.6999999881
32716  -32.289  -45.059  12.713 0.8000000119
30875  -29.684  -46.766  12.283 0.6000000238
121862  -33.693  -44.671  10.158 0.8000000119
29971  -28.779  -47.391  11.378 0.6000000238
32765  -33.643  -44.117  9.484 0.6999999881
28187  -26.892  -49.085  9.182 0.6000000238
29109  -27.003  -48.119  9.302 0.6000000238
33754  -33.568  -43.467  8.756 0.6999999881
129644  -26.176  -48.972  8.702 0.6000000238
34787  -33.637  -42.557  8.319 0.8000000119
28218  -24.386  -49.383  7.677 0.4000000060
128069  -31.649  -43.371  5.464 0.6999999881
134023  -31.913  -43.847  5.926 0.6999999881
34805  -32.800  -43.166  7.005 0.6999999881
27310  -23.035  -50.176  6.860 0.4000000060
33802  -32.219  -43.096  6.132 0.6999999881
34880  -29.600  -42.275  1.616 0.8000000119
126819  -29.575  -42.052  2.249 0.8000000119
121096  -31.350  -42.890  4.873 0.6999999881
34850  -30.564  -42.360  3.642 0.6999999881
35822  -30.571  -41.159  0.548 0.8000000119
36677  -31.837  -40.786  0.659 0.6999999881
36668  -32.220  -40.582  1.085 0.5000000000
36649  -33.343  -40.595  3.572 0.5000000000
35804  -32.732  -41.661  2.026 0.5000000000
122831  -33.834  -41.080  4.259 0.4000000060
122398  -31.362  -45.155  13.073 0.6000000238
32737  -33.064  -44.845  12.096 0.8000000119
138578  -33.452  -44.332  11.612 0.8000000119
128895  -29.325  -46.217  12.163 0.6999999881
30874  -29.076  -46.724  11.814 0.6999999881
33720  -33.937  -43.450  10.572 0.8000000119
30873  -28.486  -46.597  11.303 0.6000000238
33702  -33.706  -43.518  11.475 0.8000000119
29994  -27.584  -47.021  10.290 0.6000000238
33737  -33.867  -43.387  9.704 0.8000000119
29129  -26.418  -48.291  8.806 0.6000000238
30019  -26.331  -47.399  8.746 0.6000000238
33769  -33.265  -43.232  7.831 0.8999999762
34769  -33.936  -42.646  9.176 0.8000000119
34826  -32.689  -42.386  6.531 0.8000000119
34806  -33.284  -42.318  7.379 0.8000000119
28219  -25.055  -49.064  8.036 0.5000000000
35775  -32.085  -41.666  5.532 0.8000000119
29138  -23.910  -48.892  7.141 0.4000000060
36667  -29.218  -40.785  1.387 0.8000000119
35803  -29.370  -41.535  1.766 0.8000000119
34851  -31.515  -42.073  4.873 0.6999999881
127967  -29.742  -41.093  0.846 0.8000000119
34860  -29.893  -42.563  2.745 0.8000000119
132244  -31.089  -42.451  4.357 0.6999999881
34861  -30.122  -41.773  3.008 0.8000000119
37460  -30.116  -39.802  0.634 0.8000000119
35794  -29.575  -41.297  2.432 0.8000000119
37462  -31.691  -40.135  0.762 0.6000000238
37441  -32.877  -40.128  2.765 0.5000000000
32714  -30.451  -45.051  13.031 0.6000000238
132749  -32.637  -44.233  12.678 0.6999999881
31795  -28.827  -46.004  11.778 0.6000000238
30896  -27.906  -46.440  10.720 0.6000000238
31796  -29.294  -45.515  12.286 0.6000000238
32713  -29.641  -44.775  12.682 0.6000000238
31813  -27.674  -45.587  10.503 0.6000000238
30020  -26.998  -47.053  9.574 0.6000000238
127276  -34.111  -42.730  10.975 0.6999999881
30031  -25.669  -47.522  8.182 0.5000000000
30042  -25.104  -47.415  7.620 0.3000000119
35753  -33.451  -41.481  7.360 0.8000000119
129969  -32.543  -41.822  6.141 0.8000000119
35767  -33.012  -41.648  6.704 0.8000000119
35774  -31.542  -41.096  4.788 0.8000000119
35783  -30.650  -41.536  3.651 0.8000000119
34842  -31.833  -42.571  5.477 0.6999999881
36647  -29.391  -40.477  2.538 0.8000000119
119030  -30.984  -39.924  0.541 0.6999999881
118766  -32.434  -39.813  1.864 0.6000000238
37421  -33.759  -39.375  4.437 0.3000000119
135826  -30.225  -44.422  13.104 0.6000000238
33680  -31.415  -43.676  13.413 0.6999999881
32696  -32.265  -43.777  13.141 0.6999999881
134609  -32.900  -43.318  12.758 0.6999999881
32814  -24.623  -42.983  6.141 0.5000000000
31814  -28.251  -45.770  11.201 0.6000000238
139449  -29.030  -44.802  12.185 0.6000000238
34731  -33.833  -42.625  11.793 0.6999999881
30926  -26.353  -46.263  8.801 0.5000000000
130932  -26.869  -46.122  9.490 0.5000000000
32750  -28.057  -44.729  10.975 0.6000000238
34732  -34.172  -41.990  11.328 0.6999999881
30945  -24.424  -46.519  6.687 0.3000000119
30925  -25.825  -46.663  8.219 0.5000000000
34750  -34.316  -41.961  10.485 0.8000000119
35736  -34.372  -40.988  9.396 0.8000000119
34770  -34.262  -41.812  9.501 0.8000000119
35766  -32.631  -41.113  6.144 0.8999999762
36606  -33.745  -40.946  7.795 0.8999999762
116696  -33.726  -41.739  8.042 0.8000000119
35735  -34.118  -41.164  8.660 0.8000000119
29150  -24.137  -47.999  6.979 0.4000000060
36627  -32.146  -40.666  5.509 0.8999999762
36620  -33.317  -40.765  6.901 0.8999999762
36666  -28.641  -40.067  1.260 0.8000000119
137087  -30.991  -41.005  4.012 0.8000000119
35784  -31.095  -41.754  4.221 0.8000000119
36674  -29.400  -40.397  0.874 0.8000000119
125719  -30.803  -39.349  0.661 0.6999999881
37450  -31.989  -39.658  1.166 0.6000000238
126778  -32.789  -38.473  3.051 0.6000000238
132694  -32.909  -39.287  3.041 0.6000000238
33678  -29.713  -43.949  12.871 0.6000000238
33679  -30.457  -43.821  13.280 0.6000000238
33664  -32.207  -43.080  13.323 0.6999999881
33701  -29.138  -44.130  12.325 0.6000000238
34697  -32.814  -42.602  13.129 0.6999999881
32736  -28.638  -44.345  11.711 0.6000000238
34716  -33.404  -42.435  12.573 0.8000000119
31846  -26.143  -45.233  8.371 0.6000000238
31828  -26.606  -45.369  9.048 0.5000000000
35679  -34.249  -41.403  11.633 0.8000000119
130792  -24.803  -45.741  6.909 0.4000000060
35698  -34.423  -41.304  10.943 0.6999999881
30936  -25.410  -46.864  7.781 0.4000000060
120396  -33.379  -39.796  6.901 0.8000000119
36592  -34.360  -40.357  9.005 0.8000000119
36626  -31.676  -40.125  4.998 0.8999999762
36619  -32.707  -40.111  6.168 0.8000000119
37380  -34.040  -40.286  8.229 0.8000000119
121266  -32.169  -39.868  5.522 0.8000000119
37430  -30.007  -39.260  3.443 0.8000000119
36637  -31.204  -40.358  4.312 0.6999999881
36657  -28.538  -40.081  1.632 0.8000000119
138466  -30.823  -40.516  3.870 0.8000000119
36648  -30.319  -40.807  3.302 0.8000000119
36646  -28.567  -40.083  2.052 0.8000000119
38272  -31.476  -38.629  1.201 0.6999999881
38273  -32.087  -38.937  1.620 0.6999999881
137826  -32.482  -36.966  2.776 0.6000000238
40001  -32.982  -36.842  3.547 0.6000000238
38253  -33.161  -37.810  3.702 0.6000000238
33700  -28.776  -43.474  11.839 0.6000000238
34695  -31.126  -41.983  13.657 0.8000000119
34696  -32.167  -42.200  13.576 0.6999999881
33767  -24.977  -42.304  6.669 0.5000000000
33718  -27.675  -43.770  10.300 0.5000000000
35678  -33.934  -41.865  12.070 0.8000000119
32781  -25.871  -44.169  7.948 0.5000000000
32764  -27.447  -44.649  10.042 0.5000000000
35657  -33.647  -41.544  12.714 0.8000000119
35658  -34.125  -41.129  12.219 0.8000000119
32798  -25.437  -43.908  7.262 0.5000000000
36558  -34.562  -40.551  10.599 0.8000000119
125992  -34.676  -40.006  11.057 0.8000000119
35720  -34.460  -41.179  10.101 0.8000000119
36577  -34.519  -40.414  9.783 0.8000000119
121444  -33.684  -40.241  7.519 0.8000000119
37413  -32.406  -39.231  5.851 0.8000000119
37429  -29.030  -39.589  2.710 0.8000000119
37420  -31.268  -39.532  4.481 0.8000000119
36636  -30.665  -39.906  3.789 0.8999999762
36673  -29.062  -39.671  0.927 0.8000000119
37439  -27.848  -39.629  1.844 0.8000000119
38282  -31.006  -38.875  0.798 0.6999999881
129297  -30.153  -38.964  0.814 0.6999999881
38262  -32.351  -38.256  2.289 0.6999999881
38271  -30.776  -38.279  1.025 0.6999999881
39150  -31.263  -37.740  1.357 0.6999999881
40022  -31.131  -36.858  1.394 0.6999999881
40023  -31.668  -37.171  1.758 0.6999999881
35655  -29.616  -41.452  12.560 0.8000000119
127794  -29.917  -43.113  13.064 0.6000000238
34714  -29.900  -42.287  13.001 0.6000000238
34765  -24.535  -40.798  8.111 0.6000000238
35734  -25.187  -40.410  8.309 0.5000000000
33719  -28.267  -43.613  11.053 0.6000000238
130663  -28.974  -42.770  12.027 0.6000000238
32761  -24.811  -44.481  9.504 0.6000000238
33733  -24.808  -42.055  9.029 0.6000000238
35717  -25.366  -40.259  8.856 0.6000000238
34767  -26.562  -41.171  8.790 0.5000000000
122726  -27.797  -42.665  10.239 0.5000000000
32734  -24.429  -44.644  11.756 0.5000000000
31812  -25.268  -44.784  10.589 0.5000000000
33734  -25.422  -42.683  10.176 0.6000000238
34766  -25.012  -40.970  9.073 0.6000000238
33735  -26.468  -42.335  8.526 0.5000000000
130608  -27.153  -42.428  9.350 0.5000000000
36520  -33.922  -40.777  12.868 0.8000000119
36521  -34.310  -40.390  12.345 0.8000000119
33699  -25.351  -43.623  11.572 0.5000000000
33736  -27.115  -43.551  9.416 0.5000000000
31791  -22.970  -45.392  11.704 0.4000000060
130933  -26.616  -43.671  8.763 0.5000000000
37381  -34.287  -39.561  8.648 0.8000000119
37364  -34.529  -39.679  9.428 0.8000000119
37356  -34.684  -39.695  10.288 0.6999999881
37405  -32.895  -39.303  6.411 0.8000000119
38198  -34.520  -38.897  9.147 0.8000000119
37393  -33.824  -39.398  7.743 0.8000000119
37406  -33.330  -38.898  6.908 0.8000000119
37448  -27.411  -39.307  1.800 0.8999999762
133510  -27.973  -39.592  2.143 0.8999999762
37412  -31.787  -39.183  5.201 0.8000000119
37419  -30.687  -39.003  4.060 0.8000000119
38281  -29.171  -38.882  1.011 0.8000000119
38270  -29.836  -38.148  1.076 0.6999999881
35656  -30.310  -41.700  13.269 0.8000000119
35633  -30.911  -41.132  13.648 0.8000000119
122366  -25.457  -40.689  9.602 0.6000000238
35676  -28.620  -41.092  10.958 0.6000000238
34729  -29.032  -41.869  11.860 0.6000000238
35634  -31.685  -41.477  13.800 0.8000000119
36502  -32.810  -40.630  13.961 0.8000000119
32749  -25.499  -44.023  10.947 0.5000000000
36575  -26.051  -39.765  9.311 0.6000000238
34747  -27.995  -41.404  10.293 0.6000000238
35635  -32.490  -41.351  13.722 0.8000000119
36503  -33.611  -40.372  13.520 0.8000000119
36504  -34.206  -39.967  13.020 0.6999999881
139277  -25.676  -43.137  11.108 0.5000000000
36556  -27.425  -39.747  9.994 0.6000000238
34748  -28.523  -42.461  11.191 0.6000000238
32733  -23.408  -44.655  11.844 0.4000000060
33677  -25.188  -43.175  12.141 0.4000000060
35674  -25.987  -41.748  12.042 0.4000000060
37335  -34.617  -39.781  11.860 0.6999999881
33676  -24.410  -43.290  12.365 0.4000000060
34713  -25.385  -42.420  12.425 0.4000000060
37343  -26.704  -39.470  10.172 0.4000000060
37346  -34.849  -39.257  11.095 0.6999999881
35653  -25.475  -41.606  12.904 0.4000000060
36517  -26.511  -40.330  12.725 0.5000000000
129381  -34.688  -39.099  9.781 0.6999999881
34711  -23.934  -42.599  12.700 0.3000000119
132160  -25.824  -40.933  13.120 0.5000000000
130449  -26.578  -40.271  11.671 0.5000000000
38214  -33.682  -38.277  7.577 0.8000000119
39076  -34.495  -37.928  8.988 0.8000000119
38197  -34.195  -38.670  8.385 0.8000000119
37428  -27.218  -39.244  1.998 0.8000000119
38250  -27.964  -38.927  2.658 1.0000000000
38240  -29.701  -37.966  3.763 0.8000000119
38241  -30.559  -38.113  4.281 0.8000000119
38242  -31.251  -38.678  4.645 0.8000000119
38231  -32.117  -38.436  5.637 0.8000000119
38225  -32.694  -38.467  6.307 0.8000000119
39110  -31.701  -37.583  5.490 0.8000000119
38280  -28.278  -39.316  1.227 0.8000000119
38239  -28.683  -38.066  3.391 0.8000000119
38229  -31.190  -37.870  4.872 0.8000000119
38269  -28.464  -38.340  1.291 0.8999999762
39148  -29.526  -37.172  1.303 0.6999999881
39149  -30.558  -37.451  1.217 0.6999999881
40931  -31.565  -36.292  1.771 0.6999999881
40010  -32.092  -36.645  2.254 0.6999999881
40921  -32.099  -35.731  2.344 0.6999999881
40930  -31.040  -35.979  1.403 0.6999999881
40912  -33.038  -35.851  3.650 0.6000000238
139395  -32.604  -35.572  3.075 0.6000000238
124894  -30.145  -40.741  13.090 0.8000000119
36500  -30.733  -40.199  13.608 0.8000000119
36554  -25.775  -39.902  9.309 0.5000000000
36537  -28.534  -39.936  10.864 0.8000000119
36518  -29.576  -40.169  12.258 0.8000000119
36501  -31.711  -40.664  14.023 0.8000000119
34746  -25.663  -41.897  10.450 0.5000000000
36555  -26.143  -39.643  9.713 0.6000000238
35677  -29.099  -40.656  11.626 0.8000000119
36536  -26.451  -39.795  10.499 0.5000000000
37345  -28.276  -39.214  11.035 0.6999999881
37323  -32.248  -39.961  14.278 0.6999999881
37324  -33.848  -39.614  13.763 0.6999999881
122176  -34.363  -39.123  13.399 0.6999999881
34712  -24.774  -42.752  12.555 0.3000000119
123373  -34.563  -39.370  12.609 0.6999999881
38159  -34.936  -38.789  11.977 0.6999999881
38160  -35.274  -37.905  11.840 0.6999999881
36499  -26.519  -39.918  13.507 0.5000000000
38168  -35.065  -37.963  10.408 0.6999999881
35632  -24.788  -41.440  13.401 0.4000000060
36498  -25.802  -40.410  13.758 0.4000000060
38180  -34.763  -38.375  9.732 0.6999999881
38226  -33.181  -38.143  6.857 0.8000000119
39101  -32.731  -37.455  6.585 0.8000000119
39089  -33.060  -36.762  7.220 0.6999999881
39120  -29.166  -37.289  3.879 0.8000000119
39111  -32.287  -37.761  5.988 0.8000000119
38261  -26.755  -38.846  1.966 0.8999999762
124166  -27.021  -38.476  1.734 0.8999999762
38249  -26.795  -38.606  2.289 0.8999999762
38238  -27.410  -38.139  3.075 0.8000000119
130688  -28.236  -37.463  3.601 0.8000000119
39989  -29.541  -36.563  4.450 0.8000000119
39147  -28.067  -37.382  1.514 0.8999999762
117936  -26.679  -37.486  1.888 0.8000000119
136316  -28.889  -36.289  1.464 0.8000000119
39123  -33.615  -37.135  4.356 0.4000000060
40021  -30.481  -36.558  1.316 0.8000000119
116749  -30.440  -35.701  1.333 0.6999999881
121610  -31.485  -35.317  1.725 0.6999999881
41901  -33.435  -34.324  3.885 0.5000000000
36519  -30.032  -39.667  12.886 0.6999999881
38151  -29.300  -38.690  12.357 0.6999999881
37303  -31.837  -39.198  14.329 0.6999999881
130120  -28.257  -38.781  12.166 0.6000000238
37321  -30.545  -39.242  13.504 0.6999999881
36486  -33.145  -39.933  14.163 0.6999999881
38139  -34.014  -38.860  14.080 0.6999999881
38140  -34.532  -38.221  13.797 0.6999999881
38152  -34.789  -38.588  12.916 0.6999999881
116208  -27.197  -39.577  12.725 0.5000000000
38153  -35.121  -38.116  12.496 0.6999999881
121184  -26.064  -39.649  14.206 0.4000000060
39053  -35.311  -37.540  11.113 0.6999999881
37299  -24.656  -39.177  14.456 0.3000000119
131762  -25.208  -39.851  14.313 0.3000000119
37302  -27.434  -38.725  14.022 0.5000000000
39102  -33.279  -37.595  7.166 0.6999999881
39052  -35.180  -37.091  10.454 0.6999999881
37301  -26.477  -38.902  14.410 0.4000000060
39090  -33.653  -37.317  7.778 0.6999999881
122765  -34.564  -37.068  9.240 0.6999999881
133601  -34.126  -37.005  8.533 0.6999999881
126757  -32.492  -36.595  6.686 0.6999999881
39121  -30.049  -37.324  4.283 0.8000000119
39109  -31.078  -37.066  5.121 0.8000000119
127793  -31.444  -36.735  5.627 0.8000000119
39990  -30.409  -36.716  4.797 0.8000000119
39132  -26.493  -37.899  2.815 0.8000000119
39139  -26.201  -37.610  2.350 0.8000000119
39140  -26.391  -38.181  2.263 0.8999999762
40019  -27.764  -36.670  1.632 0.8999999762
117442  -30.334  -34.865  1.261 0.8000000119
40911  -32.408  -34.973  2.789 0.6999999881
132863  -32.970  -35.033  3.507 0.6000000238
118699  -30.941  -35.102  1.334 0.6999999881
41936  -30.194  -34.058  1.107 0.6999999881
38136  -29.442  -38.355  12.960 0.6000000238
39022  -30.006  -38.084  13.322 0.6000000238
38137  -30.429  -38.444  13.576 0.6999999881
131697  -31.575  -38.542  14.307 0.6999999881
38118  -32.435  -38.702  14.493 0.6999999881
37304  -32.599  -39.418  14.382 0.6999999881
130422  -27.671  -39.003  12.936 0.5000000000
37333  -28.761  -38.883  11.757 0.6000000238
133239  -32.721  -38.056  14.619 0.6999999881
38119  -33.367  -38.501  14.464 0.6999999881
37305  -33.296  -39.215  14.292 0.6999999881
38150  -28.848  -38.519  12.523 0.6000000238
37318  -24.320  -40.001  14.159 0.3000000119
38149  -28.234  -38.564  13.195 0.5000000000
135950  -30.069  -37.603  13.824 0.6000000238
39038  -35.038  -37.807  13.187 0.6999999881
38114  -27.072  -38.100  14.542 0.4000000060
38115  -28.048  -38.169  14.118 0.5000000000
137246  -28.684  -37.670  14.104 0.6000000238
39039  -35.314  -37.426  12.561 0.6999999881
39920  -34.877  -36.492  9.834 0.6999999881
124156  -35.411  -36.719  11.140 0.6999999881
38997  -26.348  -37.437  14.687 0.3000000119
137444  -33.969  -36.130  8.525 0.6999999881
39977  -30.811  -36.151  5.465 0.8000000119
39978  -31.462  -36.061  6.043 0.8000000119
39968  -32.011  -35.999  6.557 0.6999999881
39958  -32.560  -35.914  7.149 0.6999999881
40853  -33.615  -35.478  8.289 0.6999999881
39988  -28.363  -36.594  4.074 0.8000000119
40885  -30.321  -35.290  5.519 0.8000000119
40009  -25.869  -36.955  2.504 0.8000000119
39119  -27.256  -37.302  3.513 0.8000000119
122501  -29.070  -35.738  4.667 0.8000000119
40018  -27.004  -36.322  1.769 0.8000000119
40896  -26.424  -35.370  3.548 0.8000000119
41886  -27.973  -34.889  4.364 0.8000000119
42910  -27.514  -34.377  3.842 0.8000000119
41900  -32.769  -34.252  3.191 0.6000000238
41909  -32.200  -34.249  2.381 0.6999999881
41922  -29.556  -34.643  1.237 0.8000000119
41923  -31.303  -34.447  1.512 0.6000000238
42972  -29.096  -33.212  0.979 0.6999999881
42973  -30.742  -33.366  1.042 0.6000000238
42955  -31.313  -33.548  1.334 0.6000000238
38116  -30.461  -37.829  13.844 0.6000000238
39021  -29.519  -37.775  13.714 0.6000000238
38120  -34.028  -38.208  14.329 0.6999999881
39001  -30.467  -37.195  14.160 0.6000000238
39871  -33.580  -36.792  14.768 0.6999999881
39005  -34.261  -37.511  14.369 0.6999999881
39023  -34.864  -37.334  13.871 0.6999999881
38998  -27.903  -37.574  14.439 0.4000000060
39024  -35.247  -37.071  13.309 0.6999999881
38999  -29.164  -37.250  14.236 0.5000000000
39000  -29.804  -36.999  14.222 0.5000000000
39905  -35.453  -36.555  12.690 0.6999999881
39911  -35.504  -36.253  11.812 0.6999999881
128259  -27.237  -37.217  14.651 0.3000000119
130639  -27.459  -36.426  14.597 0.3000000119
133829  -27.889  -36.979  14.609 0.4000000060
39943  -33.523  -36.330  7.928 0.6999999881
132940  -35.456  -36.026  11.184 0.6999999881
39864  -26.620  -36.552  14.563 0.3000000119
40841  -34.629  -35.585  9.512 0.6999999881
39934  -35.093  -35.527  10.216 0.6999999881
40854  -34.144  -35.499  8.857 0.6999999881
123226  -34.882  -34.911  9.872 0.6999999881
39976  -29.986  -35.892  5.016 0.8000000119
40862  -32.487  -35.164  7.372 0.6999999881
138025  -33.053  -36.120  7.511 0.6999999881
41834  -34.422  -34.700  9.252 0.6999999881
41855  -32.769  -34.630  7.618 0.6999999881
42872  -33.653  -33.908  8.294 0.6999999881
39987  -27.217  -36.405  3.851 0.8000000119
40898  -28.101  -35.653  4.348 0.8000000119
40875  -31.507  -35.317  6.484 0.6999999881
122873  -33.113  -34.093  7.803 0.6999999881
42882  -33.353  -33.444  7.645 0.6999999881
39118  -26.340  -37.086  3.256 0.8000000119
124937  -28.799  -35.065  4.839 0.8000000119
40884  -29.551  -35.167  5.181 0.8000000119
41877  -30.689  -34.600  5.753 0.8000000119
136140  -32.020  -34.079  6.918 0.8000000119
42891  -33.041  -33.119  6.971 0.6999999881
40920  -25.658  -36.095  2.419 0.8000000119
41888  -29.759  -34.219  4.792 0.8000000119
131278  -31.294  -33.550  5.256 0.8000000119
40017  -25.959  -36.625  2.168 0.8000000119
40919  -25.325  -35.104  2.072 0.8000000119
41885  -27.135  -34.923  3.947 0.8000000119
41887  -28.890  -34.583  4.619 0.8000000119
139037  -30.932  -33.627  4.916 0.8000000119
40927  -27.524  -35.453  1.566 0.8000000119
41899  -25.542  -34.396  2.608 0.8000000119
42911  -28.335  -34.232  4.038 0.8000000119
42912  -29.174  -34.029  4.090 0.8000000119
42929  -30.317  -33.181  3.650 0.8000000119
41920  -26.892  -34.806  1.429 0.8000000119
42926  -27.819  -33.751  3.544 0.8000000119
116593  -27.947  -34.762  1.377 0.8000000119
42931  -33.287  -33.444  3.478 0.5000000000
42938  -32.195  -33.513  2.129 0.6000000238
42952  -26.251  -34.107  1.152 0.8000000119
42953  -27.643  -34.032  1.147 0.8000000119
42930  -32.626  -33.520  2.730 0.6000000238
43758  -32.489  -32.794  2.228 0.6000000238
138358  -31.166  -33.049  1.104 0.6000000238
42956  -31.911  -33.142  1.659 0.6000000238
39002  -31.042  -37.475  14.222 0.6999999881
39003  -31.816  -37.898  14.463 0.6999999881
39870  -32.449  -36.513  14.686 0.6999999881
40775  -34.150  -35.837  14.748 0.6999999881
39872  -34.632  -36.594  14.336 0.6999999881
121487  -31.171  -35.798  14.479 0.5000000000
123663  -33.149  -35.819  14.837 0.6999999881
39865  -28.257  -36.413  14.587 0.4000000060
123675  -29.451  -35.276  14.494 0.4000000060
39867  -29.635  -36.056  14.497 0.5000000000
39890  -35.312  -36.484  13.448 0.6999999881
40811  -35.543  -35.631  12.483 0.6999999881
40772  -27.810  -35.665  14.469 0.3000000119
41762  -28.938  -34.735  14.301 0.3000000119
40774  -30.251  -35.367  14.474 0.5000000000
41781  -35.491  -34.896  13.161 0.6999999881
40819  -35.525  -35.432  11.638 0.6999999881
40771  -26.947  -35.756  14.363 0.3000000119
41779  -29.212  -34.046  13.894 0.3000000119
41807  -35.505  -34.641  11.381 0.6999999881
41778  -28.502  -34.223  13.661 0.3000000119
42860  -35.049  -33.469  9.772 0.6999999881
41865  -31.224  -34.604  6.271 0.8000000119
41854  -32.231  -34.577  7.204 0.6999999881
124068  -34.109  -34.109  8.856 0.6999999881
41866  -31.706  -34.612  6.758 0.6999999881
42881  -32.620  -33.884  7.324 0.6999999881
43698  -33.806  -32.684  7.354 0.6999999881
40897  -27.193  -35.560  4.012 0.8000000119
136681  -29.374  -34.723  5.061 0.8000000119
42889  -31.652  -33.980  6.433 0.6999999881
42890  -32.286  -33.534  6.628 0.8000000119
39986  -26.340  -36.209  3.471 0.8000000119
43719  -32.457  -32.549  5.318 0.8000000119
40909  -25.395  -35.249  2.442 0.8000000119
135712  -29.901  -33.756  4.050 0.8000000119
43729  -31.517  -32.496  4.111 0.8000000119
41908  -25.064  -34.452  2.018 0.8000000119
41919  -25.641  -34.838  1.642 0.8000000119
41884  -26.526  -34.534  3.457 0.8000000119
42927  -28.666  -33.590  3.490 0.8000000119
43746  -28.990  -32.838  2.940 0.8000000119
43748  -30.772  -32.301  3.425 0.8000000119
41933  -25.397  -34.024  1.342 0.8000000119
41918  -25.128  -34.224  1.723 0.8000000119
129946  -27.172  -33.310  3.138 0.8000000119
131436  -27.293  -32.511  2.744 0.8000000119
44563  -30.158  -31.833  2.905 0.8000000119
42971  -28.073  -33.227  0.849 0.8000000119
39869  -31.054  -36.731  14.355 0.6000000238
138526  -31.682  -36.366  14.519 0.6000000238
39866  -29.051  -36.593  14.472 0.5000000000
121645  -32.134  -35.740  14.619 0.6000000238
125521  -32.731  -34.985  14.731 0.6999999881
123874  -33.752  -35.037  14.819 0.6999999881
138499  -35.054  -35.031  14.135 0.6999999881
125783  -31.752  -34.980  14.550 0.6000000238
130364  -34.571  -35.028  14.500 0.6999999881
123570  -35.347  -34.106  13.480 0.6999999881
41761  -28.161  -34.889  14.160 0.3000000119
131090  -29.677  -34.598  14.367 0.3000000119
41767  -34.273  -34.282  14.606 0.6999999881
41777  -27.757  -34.390  13.444 0.3000000119
43620  -30.709  -32.436  13.264 0.3000000119
122721  -35.539  -33.991  12.772 0.6999999881
121493  -35.587  -33.915  11.954 0.6999999881
43647  -28.080  -32.359  11.746 0.3000000119
122172  -28.926  -32.608  12.435 0.3000000119
43636  -30.329  -32.153  12.778 0.3000000119
44472  -27.588  -32.202  11.369 0.3000000119
42859  -34.585  -33.796  9.322 0.6999999881
42873  -34.329  -33.383  8.743 0.6999999881
43708  -32.736  -32.862  6.164 0.8000000119
43718  -31.804  -32.933  4.912 0.8000000119
140111  -31.863  -31.921  4.087 0.8000000119
132746  -24.959  -33.871  2.037 0.8000000119
132626  -25.482  -33.467  2.395 0.8000000119
129773  -24.822  -33.081  1.772 0.8000000119
43744  -26.336  -32.940  2.716 0.8000000119
44560  -27.345  -31.609  2.517 0.8000000119
44561  -28.324  -32.080  2.645 0.8000000119
44562  -29.369  -31.958  2.720 0.8000000119
42970  -26.818  -33.353  0.817 0.8000000119
132309  -26.291  -32.041  2.496 0.8000000119
43786  -28.692  -32.507  0.760 0.6999999881
42799  -33.878  -33.552  14.617 0.6000000238
131690  -35.015  -34.317  14.128 0.6999999881
42808  -30.757  -32.976  13.716 0.4000000060
43609  -33.281  -32.870  14.445 0.6000000238
43611  -34.991  -32.980  13.830 0.6999999881
42801  -35.139  -33.630  13.779 0.6999999881
44440  -32.999  -32.164  13.983 0.4000000060
42809  -35.358  -33.234  13.201 0.6999999881
134607  -35.532  -33.213  12.427 0.6999999881
124528  -35.481  -33.817  11.144 0.6999999881
45325  -31.038  -30.830  12.019 0.3000000119
44454  -33.850  -31.671  13.710 0.4000000060
44467  -35.189  -31.616  12.829 0.6000000238
127337  -35.607  -32.059  10.828 0.6999999881
42842  -35.289  -33.627  10.376 0.6999999881
42874  -34.884  -32.997  9.300 0.6999999881
44485  -35.657  -31.514  10.058 0.6999999881
43686  -34.759  -32.512  8.561 0.6999999881
44516  -34.970  -31.766  8.044 0.6999999881
42902  -31.911  -33.353  5.818 0.8000000119
43747  -29.889  -32.612  3.089 0.8000000119
44550  -32.207  -31.390  4.089 0.8000000119
43745  -28.057  -33.047  3.024 0.8000000119
45427  -29.824  -31.149  2.687 0.8000000119
140351  -24.372  -32.009  0.837 0.8000000119
43743  -25.342  -32.557  2.226 0.8000000119
127806  -28.144  -31.236  2.487 0.8000000119
45423  -26.242  -31.033  2.254 0.8000000119
42974  -31.060  -32.511  0.951 0.6000000238
43785  -27.437  -32.434  0.627 0.8000000119
126506  -29.338  -31.789  0.692 0.6000000238
44607  -27.386  -31.453  0.522 0.6999999881
44608  -28.114  -30.990  0.534 0.6999999881
41765  -32.297  -34.088  14.555 0.6000000238
41780  -33.052  -33.608  14.588 0.6000000238
43610  -34.307  -32.890  14.313 0.6000000238
43621  -31.473  -32.440  13.579 0.3000000119
43625  -35.143  -32.377  13.317 0.6000000238
44463  -31.471  -31.316  12.573 0.3000000119
44453  -32.742  -31.605  13.446 0.3000000119
45327  -32.931  -30.455  12.482 0.3000000119
44465  -33.438  -30.979  13.143 0.5000000000
44476  -35.549  -31.563  11.486 0.6999999881
126001  -29.786  -30.685  11.340 0.3000000119
46290  -35.342  -29.751  11.226 0.4000000060
132991  -29.425  -30.228  10.764 0.3000000119
44527  -35.207  -31.140  7.679 0.6000000238
44517  -35.455  -31.090  8.402 0.6000000238
44535  -33.986  -31.584  6.122 0.8000000119
137773  -34.499  -31.737  7.101 0.6999999881
45397  -35.516  -30.323  7.866 0.6000000238
43720  -33.210  -32.098  5.686 0.8000000119
135753  -34.595  -31.047  6.445 0.6999999881
45396  -35.132  -30.748  7.019 0.6999999881
43730  -32.141  -32.170  4.540 0.8000000119
44542  -32.807  -31.659  4.860 0.8000000119
44543  -33.550  -31.271  5.361 0.6999999881
44544  -34.289  -30.785  5.791 0.6999999881
134078  -34.910  -30.323  6.328 0.6999999881
44564  -31.512  -31.691  3.659 0.8000000119
45411  -32.749  -30.965  4.426 0.8000000119
45417  -33.119  -30.358  4.472 0.6999999881
45412  -33.802  -30.356  5.086 0.6999999881
117274  -30.801  -31.193  3.053 0.8000000119
44565  -31.681  -30.847  3.491 0.8000000119
46378  -33.016  -29.636  4.060 0.6999999881
46379  -33.604  -29.703  4.599 0.6999999881
43772  -24.673  -32.547  1.201 0.8000000119
43757  -24.555  -32.148  1.501 0.8000000119
126947  -28.921  -31.216  2.558 0.8000000119
45428  -31.175  -30.266  3.002 0.8000000119
44580  -24.433  -31.305  1.330 0.8000000119
45424  -27.509  -30.750  2.360 0.8000000119
45426  -29.324  -30.423  2.547 0.8000000119
42968  -24.998  -33.435  1.306 0.8000000119
129349  -24.231  -31.694  0.973 0.8000000119
46388  -27.832  -29.945  2.278 0.8000000119
43784  -25.978  -32.690  0.615 0.8000000119
44606  -25.175  -31.836  0.597 0.8000000119
45476  -26.303  -31.118  0.483 0.6999999881
43788  -30.360  -31.895  0.765 0.6000000238
43789  -31.234  -31.593  0.855 0.6000000238
140281  -26.487  -31.933  0.515 0.8000000119
45478  -28.393  -30.306  0.480 0.6999999881
128926  -35.466  -31.937  12.147 0.5000000000
45328  -34.230  -30.345  12.651 0.4000000060
45329  -35.339  -31.071  12.154 0.5000000000
139494  -35.636  -31.256  10.854 0.6000000238
45336  -32.462  -30.008  11.850 0.3000000119
45339  -35.483  -30.686  11.406 0.5000000000
45353  -35.662  -30.466  10.485 0.6000000238
46286  -31.492  -29.435  10.780 0.3000000119
47300  -33.123  -29.075  11.200 0.3000000119
122469  -35.726  -30.715  9.656 0.6000000238
120603  -29.789  -29.595  10.245 0.3000000119
46304  -31.471  -28.810  10.085 0.3000000119
47301  -34.232  -28.861  11.151 0.3000000119
46303  -30.664  -29.361  10.287 0.3000000119
46324  -29.309  -29.139  9.686 0.3000000119
45406  -35.407  -29.892  6.944 0.6999999881
45413  -34.598  -29.943  5.675 0.6999999881
46390  -29.676  -29.632  2.511 0.8000000119
46392  -31.574  -29.576  3.076 0.6999999881
46393  -32.305  -29.615  3.511 0.6999999881
46391  -30.704  -29.461  2.678 0.6999999881
46389  -28.757  -29.775  2.417 0.8000000119
44581  -25.071  -30.931  1.816 0.8000000119
46407  -26.100  -29.480  1.661 0.6999999881
45449  -26.769  -30.132  2.086 0.8000000119
47406  -29.030  -29.001  2.348 0.6000000238
45464  -32.356  -30.743  1.315 0.6000000238
44619  -25.287  -30.767  0.599 0.6999999881
45491  -26.159  -30.176  0.419 0.6999999881
45475  -24.967  -30.302  0.847 0.6999999881
128187  -28.937  -30.977  0.595 0.6999999881
44609  -29.889  -30.981  0.613 0.6999999881
45477  -27.330  -30.475  0.445 0.6999999881
128307  -28.521  -26.958  -0.051 0.5000000000
48568  -29.655  -26.956  -0.305 0.5000000000
45368  -35.760  -29.987  9.695 0.6000000238
116556  -35.727  -29.579  9.062 0.6000000238
46357  -35.580  -29.335  7.672 0.6000000238
45405  -35.131  -29.531  6.253 0.6999999881
47388  -35.208  -28.777  6.131 0.6999999881
46371  -34.325  -29.324  5.110 0.6999999881
47357  -27.424  -28.185  8.620 0.3000000119
46372  -34.848  -29.235  5.723 0.6999999881
47397  -33.804  -28.709  4.406 0.6999999881
46409  -28.108  -29.149  2.221 0.6999999881
120121  -31.359  -28.984  2.801 0.6999999881
47410  -32.023  -28.937  3.154 0.6000000238
44597  -24.359  -30.949  0.992 0.6999999881
46406  -25.309  -29.662  1.195 0.6999999881
46408  -27.139  -29.320  1.962 0.6999999881
47421  -27.369  -28.491  1.830 0.6000000238
47446  -25.592  -28.668  0.684 0.6999999881
117058  -30.782  -30.962  0.636 0.6000000238
140368  -31.422  -30.868  0.763 0.5000000000
46435  -27.839  -29.770  0.404 0.6999999881
46450  -27.826  -29.053  0.313 0.6999999881
47447  -28.657  -28.736  0.321 0.6999999881
47448  -29.594  -28.446  0.258 0.6000000238
46326  -35.642  -29.307  9.679 0.5000000000
47339  -35.242  -28.191  9.181 0.4000000060
123539  -35.585  -28.869  9.166 0.5000000000
46342  -35.650  -29.115  8.457 0.6000000238
47362  -35.470  -28.425  8.485 0.5000000000
134848  -35.562  -28.671  7.929 0.6000000238
47384  -35.365  -28.408  6.596 0.6000000238
48451  -27.605  -27.883  7.805 0.3000000119
47358  -28.309  -28.210  8.282 0.3000000119
137510  -34.471  -28.636  5.004 0.6999999881
47396  -32.829  -28.851  3.638 0.6000000238
48515  -29.244  -28.237  2.263 0.6000000238
47409  -31.617  -28.327  2.801 0.6000000238
47419  -25.661  -28.898  1.270 0.6999999881
47422  -28.342  -28.373  2.117 0.6000000238
47407  -29.946  -28.810  2.441 0.6000000238
48526  -26.414  -27.790  1.381 0.6999999881
47461  -26.991  -28.578  0.300 0.6999999881
46437  -30.061  -29.306  0.407 0.6999999881
124875  -30.396  -30.157  0.518 0.6000000238
46440  -32.135  -29.512  0.680 0.5000000000
46438  -30.914  -29.414  0.350 0.6000000238
46439  -31.610  -29.472  0.473 0.6000000238
47451  -32.120  -28.710  0.221 0.5000000000
47462  -27.820  -28.252  0.291 0.6000000238
47449  -30.620  -28.589  0.156 0.5000000000
48556  -30.261  -27.749  -0.076 0.5000000000
48557  -31.221  -27.899  -0.378 0.5000000000
48569  -30.782  -26.891  -0.772 0.5000000000
131027  -34.617  -27.359  8.598 0.4000000060
48436  -35.201  -27.807  8.506 0.4000000060
49530  -34.451  -26.829  7.972 0.4000000060
48433  -32.031  -27.708  9.003 0.4000000060
48490  -35.345  -27.833  6.822 0.6000000238
129840  -28.176  -27.801  7.700 0.3000000119
48473  -28.496  -27.375  7.541 0.3000000119
48475  -30.072  -27.333  7.802 0.3000000119
47387  -34.679  -27.939  5.096 0.6000000238
50570  -27.820  -26.061  7.297 0.3000000119
48506  -34.091  -27.513  4.381 0.6000000238
48518  -31.943  -27.450  2.827 0.5000000000
48505  -33.305  -27.923  3.722 0.6000000238
48516  -30.157  -27.912  2.373 0.6000000238
48517  -31.065  -27.772  2.545 0.6000000238
139442  -28.590  -27.756  2.026 0.6000000238
48527  -27.540  -27.542  1.695 0.6000000238
48528  -29.280  -27.475  2.138 0.6000000238
48553  -25.723  -27.989  0.872 0.6999999881
49603  -27.195  -26.444  1.387 0.6000000238
127366  -26.962  -27.784  0.349 0.6999999881
48555  -28.645  -27.918  0.183 0.5000000000
134998  -29.378  -27.627  0.025 0.5000000000
49642  -29.874  -26.195  -0.661 0.5000000000
48434  -33.042  -27.571  9.268 0.4000000060
126907  -35.078  -27.384  7.973 0.4000000060
48457  -33.676  -27.131  8.692 0.4000000060
48478  -35.385  -27.945  7.726 0.5000000000
49529  -33.360  -26.677  8.184 0.4000000060
48477  -35.082  -27.122  7.179 0.4000000060
48489  -35.084  -27.202  6.303 0.4000000060
48495  -35.211  -27.968  5.978 0.5000000000
49542  -28.942  -26.770  7.461 0.3000000119
50572  -29.405  -26.070  7.460 0.3000000119
49543  -29.707  -26.753  7.556 0.4000000060
133482  -34.919  -27.325  5.639 0.4000000060
50587  -29.028  -25.203  7.462 0.3000000119
135747  -30.067  -26.162  7.501 0.4000000060
49585  -33.516  -26.871  3.806 0.5000000000
48507  -34.631  -27.023  5.049 0.6000000238
132539  -32.755  -27.432  3.334 0.5000000000
48531  -31.876  -26.634  2.749 0.5000000000
140228  -30.618  -27.417  2.424 0.6000000238
127231  -32.244  -25.824  2.988 0.5000000000
116449  -28.353  -27.024  1.805 0.6000000238
49605  -29.419  -26.098  1.941 0.6000000238
49630  -26.375  -26.645  0.980 0.6000000238
50634  -27.115  -25.722  1.136 0.6000000238
48566  -27.035  -27.045  0.353 0.5000000000
48567  -27.721  -27.428  0.220 0.5000000000
139811  -27.546  -26.714  0.196 0.5000000000
49641  -28.877  -26.077  -0.293 0.5000000000
50664  -29.395  -25.185  -0.597 0.5000000000
117134  -30.629  -25.639  -1.251 0.5000000000
49547  -34.527  -26.399  7.197 0.4000000060
49560  -34.737  -26.497  6.482 0.4000000060
131614  -33.930  -26.331  7.734 0.4000000060
50589  -34.485  -25.773  5.934 0.4000000060
49573  -34.773  -26.630  5.778 0.4000000060
50586  -28.274  -25.467  7.407 0.3000000119
49586  -33.925  -25.939  4.417 0.4000000060
49587  -34.462  -26.230  5.159 0.5000000000
51550  -27.480  -24.375  7.358 0.3000000119
49597  -33.169  -25.927  3.608 0.4000000060
49607  -31.389  -26.090  2.536 0.5000000000
48529  -30.037  -26.990  2.273 0.6000000238
49606  -30.468  -26.158  2.265 0.5000000000
50627  -31.596  -25.401  2.679 0.5000000000
49604  -28.183  -26.032  1.569 0.6000000238
50637  -29.828  -25.273  1.982 0.5000000000
49639  -27.190  -26.250  0.402 0.5000000000
49631  -26.730  -26.129  0.876 0.6000000238
50635  -27.603  -25.184  1.131 0.6000000238
50636  -28.674  -25.196  1.542 0.6000000238
50644  -27.116  -25.529  0.955 0.6000000238
50663  -28.165  -25.304  0.024 0.5000000000
50666  -31.603  -24.939  -1.858 0.5000000000
50655  -27.330  -25.563  0.600 0.5000000000
123267  -25.423  -21.770  6.264 0.3000000119
123821  -26.948  -21.997  6.834 0.4000000060
54541  -27.297  -21.299  6.628 0.4000000060
55517  -25.384  -20.287  5.613 0.4000000060
51619  -28.128  -24.559  1.121 0.5000000000
52567  -30.112  -23.425  2.113 0.5000000000
51603  -30.983  -23.863  2.564 0.5000000000
51632  -28.102  -24.411  0.920 0.5000000000
128585  -29.287  -23.440  1.505 0.5000000000
51652  -28.554  -24.563  0.001 0.5000000000
51643  -28.298  -24.292  0.592 0.6000000238
119199  -31.327  -24.430  -1.473 0.5000000000
51653  -29.511  -24.286  -0.523 0.5000000000
50665  -30.453  -24.684  -1.223 0.6000000238
55502  -26.782  -20.708  6.300 0.4000000060
54542  -28.859  -21.598  6.934 0.4000000060
52565  -28.612  -23.859  1.124 0.5000000000
52578  -28.583  -23.790  0.855 0.5000000000
52589  -29.157  -23.272  0.555 0.5000000000
52579  -29.098  -23.070  1.135 0.5000000000
52595  -29.617  -23.566  -0.219 0.5000000000
140453  -31.319  -23.425  -0.382 0.4000000060
52596  -30.415  -23.221  -0.406 0.5000000000
51654  -30.382  -23.982  -0.901 0.5000000000
127223  -27.906  -19.820  6.208 0.4000000060
56552  -26.477  -19.144  5.522 0.4000000060
52553  -30.304  -22.594  2.313 0.4000000060
53638  -29.736  -22.839  0.191 0.4000000060
53639  -30.232  -22.527  0.083 0.4000000060
53617  -29.874  -22.015  1.886 0.4000000060
53640  -30.707  -22.622  -0.026 0.5000000000
53633  -31.158  -22.173  0.142 0.4000000060
53632  -30.542  -21.932  0.246 0.4000000060
54619  -29.941  -22.080  0.478 0.4000000060
125284  -33.192  -21.802  1.487 0.4000000060
120939  -31.684  -21.759  0.395 0.4000000060
55570  -30.462  -20.733  0.905 0.4000000060
132209  -32.691  -21.227  1.010 0.4000000060
54606  -33.215  -20.948  1.410 0.4000000060
54597  -33.834  -21.582  2.177 0.4000000060
55576  -30.795  -20.667  0.644 0.4000000060
54613  -31.074  -21.195  0.302 0.3000000119
54614  -31.980  -20.930  0.465 0.4000000060
55577  -31.392  -20.340  0.499 0.4000000060
56603  -30.981  -20.081  0.898 0.4000000060
55578  -32.055  -19.994  0.492 0.3000000119
55571  -32.595  -20.463  0.808 0.4000000060
55561  -33.748  -20.517  1.867 0.4000000060
132688  -32.578  -19.776  0.677 0.4000000060
55572  -33.127  -20.085  1.083 0.5000000000
56605  -32.265  -19.247  0.582 0.4000000060
30911  -33.816  -46.903  9.600 0.6999999881
133978  -28.217  -49.952  10.058 0.6000000238
30853  -32.381  -46.602  12.328 0.6999999881
32783  -33.360  -44.480  8.706 0.8000000119
127749  -33.715  -44.344  10.913 0.8000000119
31774  -29.951  -45.475  12.728 0.6000000238
130549  -30.963  -44.454  13.305 0.6000000238
32715  -31.860  -44.429  13.153 0.6999999881
118494  -33.979  -41.985  8.728 0.8000000119
31856  -24.637  -44.513  6.353 0.4000000060
36658  -29.075  -40.771  1.910 0.8000000119
34715  -30.512  -42.528  13.389 0.6000000238
33753  -25.617  -41.553  7.708 0.5000000000
36539  -34.447  -40.664  11.523 0.8000000119
120591  -33.327  -41.125  13.347 0.8000000119
33698  -24.832  -43.903  11.954 0.4000000060
35694  -25.924  -41.075  10.691 0.5000000000
37344  -27.498  -39.314  10.797 0.6000000238
39100  -32.052  -36.870  6.099 0.6999999881
119275  -31.741  -37.050  14.497 0.6999999881
42928  -29.522  -33.387  3.484 0.8000000119
43699  -34.416  -32.364  7.808 0.6999999881
44455  -34.751  -31.762  13.443 0.6000000238
43687  -35.333  -32.147  9.296 0.6999999881
133553  -35.279  -31.755  8.700 0.6000000238
42797  -31.564  -33.288  14.247 0.6000000238
135046  -35.011  -30.812  12.642 0.5000000000
47315  -35.281  -28.637  10.011 0.4000000060
48519  -32.416  -28.168  3.221 0.6000000238
50577  -34.349  -25.827  6.678 0.4000000060
53631  -29.468  -22.498  0.793 0.4000000060
30092  -27.148  -48.094  1.464 0.5000000000
30101  -27.951  -47.615  0.899 0.5000000000
28244  -30.574  -49.842  3.434 0.6999999881
30988  -30.572  -46.120  1.272 0.5000000000
26314  -29.646  -51.277  11.071 0.5000000000
31895  -30.817  -45.728  4.450 0.6999999881
31896  -31.150  -45.146  4.962 0.6999999881
138278  -30.448  -43.660  3.785 0.6999999881
33843  -31.436  -43.559  1.075 0.6999999881
135378  -32.412  -43.118  1.530 0.5000000000
34883  -32.157  -42.181  0.784 0.6000000238
29066  -29.195  -48.180  11.455 0.6000000238
32799  -32.576  -44.672  7.204 0.6999999881
34892  -30.667  -42.337  0.723 0.6999999881
29068  -30.516  -48.773  11.989 0.6000000238
133161  -33.581  -46.056  9.347 0.8000000119
32800  -32.977  -44.599  7.901 0.6999999881
131538  -33.403  -41.358  3.496 0.4000000060
29995  -28.158  -47.261  10.770 0.6000000238
32751  -33.812  -43.990  10.183 0.6999999881
29140  -25.230  -48.217  7.920 0.5000000000
36659  -32.624  -40.796  1.906 0.5000000000
32717  -33.248  -43.915  12.165 0.6999999881
34749  -34.155  -42.682  10.076 0.8000000119
34843  -32.297  -42.310  5.930 0.8000000119
37461  -31.434  -39.369  0.867 0.6999999881
140411  -32.680  -39.572  2.503 0.6000000238
33681  -33.445  -43.164  12.178 0.6999999881
31829  -27.170  -45.466  9.736 0.6000000238
123076  -29.958  -39.976  3.126 0.8000000119
37440  -32.538  -39.055  2.372 0.6000000238
135580  -33.856  -38.675  4.584 0.4000000060
139444  -24.283  -43.456  5.671 0.3000000119
137655  -25.873  -45.870  8.159 0.5000000000
130931  -25.421  -45.996  7.596 0.5000000000
31868  -24.224  -45.581  6.152 0.4000000060
37449  -28.018  -39.681  1.536 0.8000000119
137393  -30.692  -43.204  13.421 0.6000000238
130527  -29.293  -43.349  12.465 0.6000000238
33663  -31.353  -42.793  13.553 0.6000000238
35636  -33.060  -41.907  13.236 0.8000000119
31857  -25.207  -44.905  7.103 0.4000000060
32782  -26.404  -44.425  8.568 0.5000000000
39151  -31.853  -38.030  1.710 0.6999999881
40000  -32.540  -36.270  2.939 0.6000000238
39991  -33.588  -36.202  4.351 0.4000000060
33781  -24.379  -41.052  6.648 0.5000000000
33752  -25.561  -42.729  7.414 0.5000000000
130519  -26.123  -43.215  8.129 0.5000000000
34730  -29.438  -42.510  12.519 0.6000000238
35716  -24.890  -40.451  8.281 0.5000000000
35718  -25.800  -40.170  8.727 0.6000000238
34786  -25.659  -40.743  8.170 0.5000000000
36574  -25.611  -40.086  8.918 0.6000000238
34785  -25.073  -40.586  7.706 0.5000000000
32762  -25.226  -43.649  9.956 0.6000000238
34768  -27.347  -41.408  9.512 0.6000000238
35696  -27.447  -40.411  9.738 0.6000000238
33697  -23.934  -43.956  12.155 0.4000000060
119398  -34.875  -38.804  10.387 0.6999999881
38230  -31.621  -38.359  5.173 0.8000000119
38251  -29.292  -38.703  3.301 0.8999999762
35695  -25.893  -39.941  10.061 0.5000000000
37354  -26.454  -39.601  9.759 0.6000000238
35719  -26.647  -40.349  9.221 0.6000000238
35697  -28.021  -40.272  10.306 0.6000000238
36557  -27.763  -39.544  10.480 0.6000000238
35654  -26.161  -41.020  12.384 0.4000000060
35675  -26.294  -40.661  11.298 0.4000000060
37331  -27.014  -39.591  11.325 0.5000000000
38169  -35.118  -38.393  11.116 0.6999999881
128704  -25.247  -40.989  13.545 0.4000000060
119244  -34.093  -37.858  8.239 0.6999999881
136909  -31.959  -34.981  2.204 0.6999999881
37322  -31.316  -39.696  14.037 0.6999999881
36538  -28.977  -39.535  11.485 0.6999999881
37334  -29.425  -39.178  12.173 0.6999999881
37319  -26.936  -39.350  13.759 0.5000000000
39065  -34.841  -37.502  9.770 0.6999999881
140090  -25.026  -40.490  14.032 0.4000000060
40020  -29.882  -36.230  1.331 0.8000000119
37320  -29.891  -38.737  12.860 0.6000000238
38138  -31.065  -38.857  13.994 0.6999999881
135866  -28.124  -39.015  11.398 0.6000000238
37332  -27.686  -39.126  11.809 0.5000000000
37300  -25.551  -39.087  14.527 0.3000000119
39921  -35.279  -36.228  10.598 0.6999999881
38113  -25.993  -38.308  14.668 0.3000000119
119876  -28.056  -35.978  1.615 0.8999999762
40928  -28.692  -35.268  1.410 0.8000000119
41924  -31.720  -34.587  1.887 0.6000000238
41935  -29.396  -33.885  1.103 0.8000000119
38135  -28.862  -38.152  13.378 0.6000000238
38117  -30.994  -38.144  14.062 0.6999999881
122673  -32.604  -37.349  14.672 0.6999999881
125233  -28.511  -37.105  14.446 0.4000000060
39944  -34.394  -36.311  9.073 0.6999999881
40886  -30.959  -35.337  5.989 0.8000000119
41846  -33.302  -34.710  8.070 0.6999999881
40926  -26.299  -35.653  1.763 0.8000000119
41921  -28.692  -34.360  1.246 0.8000000119
39889  -35.107  -36.740  13.831 0.6999999881
39868  -30.402  -36.376  14.383 0.5000000000
40793  -35.426  -35.860  13.303 0.6999999881
40828  -35.403  -35.401  10.888 0.6999999881
40792  -27.341  -35.037  13.956 0.3000000119
41817  -35.269  -34.586  10.523 0.6999999881
41847  -33.833  -34.736  8.609 0.6999999881
41835  -34.936  -34.186  9.846 0.6999999881
42883  -34.012  -33.042  8.077 0.6999999881
41876  -30.024  -34.640  5.330 0.8000000119
42900  -30.613  -34.018  5.258 0.8000000119
39873  -35.166  -36.143  13.906 0.6999999881
40773  -28.761  -35.644  14.547 0.3000000119
40777  -35.255  -35.394  13.815 0.6999999881
41799  -35.576  -34.735  12.235 0.6999999881
130850  -30.973  -34.966  14.475 0.5000000000
41763  -30.431  -34.427  14.398 0.4000000060
43672  -35.383  -32.697  10.070 0.6999999881
41766  -33.364  -34.260  14.700 0.6000000238
44451  -31.060  -31.918  12.961 0.3000000119
126507  -35.563  -33.143  11.702 0.6999999881
139777  -29.277  -32.091  12.243 0.3000000119
44462  -30.667  -31.524  12.411 0.3000000119
127439  -28.353  -31.704  0.614 0.6999999881
43608  -32.296  -32.659  14.121 0.6000000238
43623  -33.825  -32.326  14.152 0.6000000238
43624  -34.532  -32.302  13.842 0.6000000238
43622  -32.233  -32.135  13.621 0.4000000060
137728  -35.533  -32.616  12.118 0.6999999881
43655  -35.562  -32.376  11.542 0.6999999881
130092  -35.501  -32.957  10.947 0.6999999881
44503  -35.588  -31.254  9.175 0.6000000238
45416  -32.447  -30.441  3.871 0.8000000119
118042  -30.264  -30.345  2.692 0.8000000119
45425  -28.445  -30.547  2.447 0.8000000119
44452  -31.850  -31.745  13.169 0.3000000119
44464  -32.358  -31.143  12.806 0.3000000119
44466  -34.500  -31.112  13.181 0.5000000000
45352  -30.196  -30.036  10.815 0.3000000119
45335  -31.499  -30.104  11.488 0.3000000119
45382  -35.709  -30.381  8.902 0.6000000238
45429  -31.844  -30.149  3.390 0.6999999881
46436  -28.595  -29.517  0.406 0.6999999881
119695  -32.983  -29.552  11.619 0.3000000119
46288  -33.837  -29.375  11.660 0.3000000119
46325  -30.073  -29.029  9.630 0.3000000119
118249  -35.663  -29.748  8.406 0.6000000238
46366  -35.430  -29.071  6.798 0.6000000238
45492  -26.895  -29.463  0.330 0.6999999881
46448  -25.916  -29.374  0.365 0.6999999881
47374  -35.488  -28.534  7.275 0.6000000238
125259  -34.828  -28.620  5.509 0.6999999881
47408  -30.818  -28.555  2.580 0.6000000238
47460  -26.291  -28.142  0.415 0.6999999881
45480  -31.190  -30.206  0.561 0.5000000000
47338  -34.664  -27.948  9.740 0.4000000060
48541  -25.954  -27.387  0.973 0.6000000238
49602  -26.420  -26.891  1.158 0.6000000238
47450  -31.422  -28.657  0.098 0.6000000238
48570  -31.735  -27.194  -1.001 0.4000000060
48435  -34.100  -27.528  9.281 0.4000000060
48476  -30.953  -27.180  8.009 0.4000000060
48474  -29.286  -27.378  7.663 0.3000000119
49541  -28.132  -26.794  7.338 0.3000000119
50571  -28.605  -26.084  7.416 0.3000000119
128450  -34.210  -26.694  4.515 0.5000000000
128719  -32.593  -26.704  3.202 0.5000000000
48530  -31.095  -26.955  2.474 0.5000000000
48565  -26.317  -27.448  0.591 0.5000000000
50656  -27.816  -24.860  0.627 0.6000000238
54540  -26.397  -21.466  6.488 0.3000000119
131355  -28.201  -21.191  6.715 0.4000000060
51620  -29.118  -24.286  1.579 0.5000000000
136266  -28.362  -20.458  6.487 0.4000000060
54612  -30.315  -21.296  0.657 0.4000000060
56613  -31.646  -19.556  0.641 0.4000000060
122921  -33.335  -52.973  6.790 0.5000000000
25522  -32.410  -52.542  5.665 0.5000000000
24552  -34.029  -53.185  9.178 0.4000000060
24573  -34.149  -52.754  8.351 0.5000000000
25496  -33.784  -52.675  7.455 0.5000000000
25511  -33.443  -52.203  6.737 0.6000000238
26402  -32.594  -51.161  5.587 0.6000000238
25469  -34.271  -52.369  9.219 0.5000000000
25450  -34.151  -51.921  10.016 0.5000000000
25490  -34.432  -51.829  8.592 0.5000000000
27301  -34.218  -50.710  7.294 0.5000000000
26331  -33.640  -51.734  10.736 0.5000000000
27312  -33.794  -50.224  6.665 0.6000000238
28230  -33.262  -49.765  6.071 0.6000000238
27311  -33.181  -50.658  6.073 0.6000000238
27320  -32.690  -50.246  5.531 0.6000000238
28237  -32.224  -49.759  4.983 0.6000000238
28238  -32.698  -49.376  5.501 0.6000000238
27331  -31.678  -50.097  4.487 0.6000000238
28245  -31.244  -49.559  3.995 0.6000000238
29169  -31.417  -48.801  4.193 0.6000000238
26351  -34.438  -51.097  9.744 0.5000000000
26379  -34.533  -51.134  8.036 0.5000000000
25440  -33.105  -52.218  11.122 0.5000000000
26332  -34.059  -51.114  10.424 0.5000000000
26316  -31.689  -51.912  11.534 0.5000000000
26317  -32.475  -51.683  11.403 0.5000000000
126976  -33.144  -48.866  5.984 0.6000000238
29160  -31.818  -48.436  4.727 0.6000000238
29168  -30.785  -48.808  3.551 0.6000000238
26365  -34.621  -51.085  8.936 0.5000000000
27302  -34.552  -50.214  7.915 0.5000000000
136128  -33.589  -51.059  10.896 0.5000000000
27260  -34.325  -50.412  10.167 0.5000000000
27272  -34.581  -50.420  9.412 0.5000000000
28206  -34.590  -49.688  8.505 0.5000000000
28220  -34.284  -49.806  7.337 0.6000000238
27242  -31.885  -51.136  11.587 0.5000000000
27243  -32.573  -50.873  11.451 0.5000000000
28231  -33.808  -49.157  6.760 0.6000000238
118889  -31.149  -51.272  11.600 0.5000000000
140377  -31.425  -50.668  11.641 0.5000000000
29151  -32.761  -48.124  5.892 0.6000000238
29161  -32.269  -48.180  5.317 0.6000000238
131120  -31.273  -47.949  4.245 0.6000000238
27244  -33.226  -50.600  11.204 0.5000000000
131730  -34.527  -49.118  9.204 0.5000000000
29131  -34.465  -49.015  8.356 0.6000000238
30033  -34.374  -48.461  8.831 0.6000000238
28155  -32.701  -50.030  11.492 0.5000000000
28221  -34.486  -49.546  7.923 0.6000000238
29130  -34.199  -48.313  8.164 0.6000000238
26315  -30.368  -51.303  11.432 0.5000000000
30061  -31.785  -47.515  5.092 0.6000000238
124092  -31.338  -47.144  4.655 0.6000000238
123770  -32.886  -49.043  11.616 0.5000000000
29089  -33.727  -48.871  11.040 0.5000000000
29090  -34.281  -48.867  10.227 0.5000000000
30022  -34.313  -48.277  9.568 0.6000000238
126161  -31.332  -50.001  11.725 0.5000000000
27241  -30.763  -50.567  11.568 0.5000000000
28152  -30.421  -49.674  11.596 0.6000000238
29071  -33.282  -48.336  11.485 0.6000000238
137918  -33.983  -48.438  10.695 0.5000000000
29997  -34.086  -48.059  10.356 0.5000000000
30021  -34.082  -47.610  9.811 0.6000000238
28153  -31.270  -49.217  11.988 0.6000000238
30032  -34.086  -47.658  8.928 0.6000000238
28175  -29.501  -49.734  11.105 0.5000000000
133479  -31.212  -48.536  12.232 0.6000000238
27257  -28.578  -50.579  10.311 0.4000000060
29069  -32.013  -48.620  12.081 0.6000000238
29070  -32.705  -48.159  11.886 0.6000000238
29974  -33.182  -47.675  11.640 0.6000000238
130130  -33.718  -47.974  11.060 0.5000000000
29996  -33.820  -47.205  10.556 0.6000000238
129559  -33.570  -46.669  8.588 0.6000000238
133951  -33.502  -47.234  11.278 0.6999999881
39133  -32.630  -37.634  2.949 0.5000000000
43709  -33.569  -32.373  6.549 0.6000000238
43787  -29.666  -32.596  0.822 0.5000000000
45479  -29.390  -30.062  0.498 0.5000000000
56593  -33.616  -19.583  1.354 0.4000000060
55562  -34.260  -19.951  2.303 0.3000000119
56576  -34.775  -19.360  2.762 0.3000000119
57518  -35.244  -18.757  3.258 0.3000000119
118843  -33.599  -54.554  9.947 0.4000000060
23685  -33.781  -54.259  8.309 0.5000000000
24583  -33.793  -53.541  7.857 0.5000000000
26401  -31.837  -51.497  4.994 0.5000000000
25468  -33.991  -52.747  9.803 0.4000000060
121220  -32.306  -51.889  5.496 0.6000000238
27319  -32.118  -50.622  5.012 0.6000000238
120118  -31.581  -50.843  4.572 0.5000000000
27330  -31.020  -50.527  3.993 0.5000000000
23647  -32.711  -54.090  11.118 0.4000000060
25438  -31.446  -52.795  11.566 0.5000000000
25439  -32.366  -52.544  11.376 0.5000000000
118061  -30.839  -52.043  11.569 0.3000000119
139344  -29.343  -51.869  10.907 0.4000000060
25467  -28.155  -52.215  10.077 0.4000000060
124756  -33.312  -38.765  3.875 0.4000000060
38243  -33.698  -38.006  4.440 0.4000000060
41764  -31.261  -34.218  14.450 0.5000000000
129823  -31.528  -32.764  1.279 0.5000000000
44598  -32.231  -31.557  1.450 0.5000000000
44610  -31.836  -31.204  1.033 0.5000000000
123842  -35.512  -29.466  10.376 0.4000000060
116899  -35.587  -18.091  3.759 0.3000000119
23656  -33.294  -53.935  10.602 0.4000000060
29141  -33.830  -48.280  7.367 0.6000000238
28174  -28.781  -49.797  10.532 0.5000000000
27240  -29.970  -50.511  11.289 0.5000000000
43774  -32.097  -32.365  1.578 0.5000000000
119753  -29.953  -52.154  11.357 0.4000000060
26391  -32.880  -51.864  6.066 0.6000000238
24572  -33.924  -53.570  8.550 0.4000000060
25497  -34.288  -52.006  7.914 0.5000000000
26392  -33.549  -51.227  6.596 0.6000000238
135652  -34.431  -51.653  9.316 0.5000000000
25449  -33.603  -52.676  10.508 0.5000000000
28177  -34.487  -49.717  9.809 0.5000000000
28176  -34.079  -49.676  10.579 0.5000000000
127595  -32.004  -50.380  11.671 0.5000000000
28154  -32.065  -49.543  11.806 0.5000000000
56594  -34.193  -19.057  1.675 0.4000000060
24532  -33.030  -53.191  11.041 0.4000000060
120358  -31.171  -51.386  4.382 0.4000000060
27329  -30.246  -50.662  3.431 0.4000000060
24531  -32.205  -53.411  11.403 0.4000000060
34825  -23.901  -40.993  6.382 0.4000000060
33780  -24.230  -41.544  6.123 0.3000000119
32797  -25.038  -43.802  6.707 0.4000000060
34784  -24.177  -40.824  7.360 0.4000000060
34803  -24.169  -40.777  6.983 0.4000000060
31844  -24.546  -45.569  9.369 0.4000000060
131471  -24.293  -44.698  8.762 0.4000000060
33750  -23.776  -41.559  7.437 0.4000000060
29969  -23.677  -47.831  11.176 0.3000000119
30909  -24.657  -46.541  10.022 0.3000000119
30871  -23.681  -47.031  11.427 0.4000000060
130833  -24.647  -43.091  9.001 0.4000000060
29993  -24.399  -47.035  10.780 0.4000000060
31827  -25.008  -45.614  10.302 0.5000000000
127887  -24.057  -46.309  11.452 0.4000000060
121987  -24.567  -45.939  11.247 0.4000000060
31792  -24.034  -45.519  11.642 0.4000000060
42795  -29.913  -33.868  14.112 0.3000000119
45338  -35.107  -30.183  12.053 0.3000000119
45337  -33.468  -29.853  12.109 0.3000000119
136427  -34.428  -29.774  12.086 0.3000000119
46305  -35.080  -28.974  10.905 0.3000000119
46289  -34.820  -29.434  11.564 0.3000000119
47337  -33.655  -27.929  9.948 0.3000000119
138177  -29.683  -23.861  1.818 0.4000000060
120782  -31.772  -27.235  8.370 0.3000000119
130501  -30.452  -26.652  7.649 0.3000000119
51604  -31.373  -24.626  2.650 0.4000000060
51621  -30.295  -24.398  2.146 0.4000000060
52566  -29.614  -22.735  1.681 0.4000000060
53626  -29.547  -22.248  1.288 0.3000000119
48456  -32.655  -27.175  8.606 0.3000000119
49528  -32.416  -26.701  8.084 0.3000000119
49546  -33.168  -26.077  7.644 0.3000000119
49544  -31.232  -26.414  7.702 0.3000000119
49527  -31.664  -26.779  7.952 0.3000000119
49545  -32.100  -26.181  7.691 0.3000000119
50575  -32.694  -25.284  7.361 0.3000000119
50574  -31.628  -25.591  7.525 0.3000000119
136701  -32.781  -24.507  7.045 0.3000000119
50588  -34.035  -25.141  6.345 0.3000000119
128231  -34.225  -25.582  5.243 0.3000000119
51536  -30.045  -25.318  7.508 0.3000000119
50573  -30.733  -25.881  7.529 0.3000000119
51552  -29.638  -24.537  7.507 0.3000000119
125789  -28.955  -24.161  7.489 0.3000000119
125419  -28.026  -22.991  7.346 0.3000000119
50629  -32.767  -24.968  3.567 0.3000000119
51605  -32.063  -24.236  3.238 0.3000000119
55501  -25.844  -20.859  6.118 0.3000000119
50628  -32.040  -25.007  2.981 0.3000000119
139966  -31.525  -24.050  2.873 0.3000000119
55519  -27.167  -20.112  6.144 0.3000000119
56551  -25.659  -19.485  5.387 0.3000000119
54611  -29.747  -21.730  0.930 0.3000000119
51539  -33.375  -24.745  6.791 0.3000000119
51537  -31.069  -24.938  7.494 0.3000000119
51538  -32.057  -24.651  7.337 0.3000000119
51555  -33.551  -24.371  6.096 0.3000000119
50605  -34.040  -25.025  5.718 0.3000000119
50620  -33.820  -25.111  4.877 0.3000000119
136802  -31.572  -23.833  7.312 0.3000000119
52523  -33.258  -23.827  5.620 0.3000000119
51571  -33.575  -24.422  5.329 0.3000000119
131748  -29.776  -23.673  7.471 0.3000000119
52500  -30.758  -23.264  7.345 0.3000000119
52501  -31.637  -22.930  6.993 0.3000000119
132858  -33.442  -25.293  4.122 0.3000000119
52499  -28.935  -23.090  7.406 0.3000000119
51587  -32.729  -24.047  4.010 0.3000000119
52555  -32.242  -23.563  3.684 0.3000000119
139290  -28.298  -21.713  6.960 0.3000000119
52554  -31.562  -23.458  3.128 0.3000000119
55503  -27.622  -20.599  6.427 0.3000000119
56553  -27.156  -19.512  5.847 0.3000000119
130322  -27.744  -19.186  5.835 0.3000000119
133264  -30.816  -23.165  2.638 0.3000000119
54596  -30.225  -21.247  1.937 0.3000000119
54604  -30.029  -21.131  1.167 0.3000000119
54595  -29.840  -21.663  1.413 0.3000000119
138669  -33.113  -24.168  6.550 0.3000000119
51554  -32.534  -23.913  6.896 0.3000000119
52503  -32.978  -23.547  6.153 0.3000000119
53560  -30.009  -22.730  7.302 0.3000000119
130297  -32.330  -23.154  6.646 0.3000000119
52539  -33.161  -23.806  4.886 0.3000000119
53559  -28.378  -22.252  7.196 0.3000000119
121924  -29.343  -22.174  7.188 0.3000000119
139057  -30.200  -22.017  7.045 0.3000000119
52538  -32.608  -23.299  4.406 0.3000000119
53602  -32.046  -22.857  3.837 0.3000000119
55520  -28.915  -19.866  6.374 0.3000000119
56554  -28.463  -19.168  5.999 0.3000000119
53601  -31.190  -22.508  3.103 0.3000000119
57492  -27.990  -18.590  5.627 0.3000000119
53600  -30.545  -21.885  2.568 0.3000000119
55560  -30.509  -20.564  1.403 0.3000000119
52502  -32.553  -22.718  6.048 0.3000000119
54544  -30.794  -21.512  6.705 0.3000000119
54545  -31.691  -21.688  6.385 0.3000000119
53562  -32.261  -22.008  5.973 0.3000000119
52522  -32.824  -23.129  5.387 0.3000000119
54543  -29.789  -21.479  6.842 0.3000000119
54559  -31.951  -21.333  5.807 0.3000000119
53575  -32.481  -22.425  5.541 0.3000000119
53586  -32.426  -22.543  4.781 0.3000000119
55504  -29.215  -20.775  6.616 0.3000000119
55505  -30.412  -20.792  6.535 0.3000000119
57493  -28.904  -18.490  5.717 0.3000000119
57494  -29.961  -18.444  5.812 0.3000000119
54580  -31.551  -21.245  3.894 0.3000000119
120462  -31.221  -21.784  3.294 0.3000000119
58399  -28.313  -17.892  5.330 0.3000000119
58400  -29.324  -17.733  5.373 0.3000000119
55545  -30.946  -20.443  2.421 0.3000000119
54558  -31.352  -20.954  6.286 0.3000000119
54560  -32.234  -21.866  5.268 0.3000000119
55521  -30.024  -19.965  6.372 0.3000000119
55522  -31.061  -20.164  6.185 0.3000000119
56555  -29.491  -19.149  6.142 0.3000000119
56556  -30.744  -19.241  5.954 0.3000000119
58411  -29.210  -17.015  4.832 0.3000000119
139106  -28.604  -17.342  4.965 0.3000000119
58401  -30.272  -17.877  5.510 0.3000000119
129624  -31.379  -20.686  3.459 0.3000000119
54579  -30.982  -21.224  2.881 0.3000000119
56604  -31.470  -19.266  1.015 0.3000000119
54569  -31.948  -21.220  4.911 0.3000000119
55523  -31.713  -20.604  5.574 0.3000000119
55532  -31.613  -19.838  5.393 0.3000000119
55533  -31.715  -20.483  4.476 0.3000000119
57505  -30.923  -18.418  5.546 0.3000000119
55546  -31.553  -20.016  3.500 0.3000000119
58412  -30.096  -17.233  5.171 0.3000000119
58413  -30.980  -17.671  5.275 0.3000000119
56563  -31.600  -19.052  5.263 0.3000000119
56574  -31.390  -19.710  2.536 0.3000000119
56591  -31.055  -19.822  1.593 0.3000000119
57559  -32.011  -18.818  0.694 0.3000000119
59493  -29.859  -16.557  4.635 0.3000000119
56564  -31.776  -19.607  4.433 0.3000000119
59494  -30.922  -16.854  4.812 0.3000000119
57506  -31.647  -18.322  5.013 0.3000000119
128483  -31.938  -18.955  4.450 0.3000000119
56575  -31.869  -19.176  3.397 0.3000000119
56592  -31.563  -19.120  1.917 0.3000000119
57547  -31.943  -18.551  1.224 0.3000000119
57548  -32.554  -18.174  0.771 0.3000000119
59509  -29.506  -15.975  4.041 0.3000000119
60514  -30.517  -16.089  4.286 0.3000000119
58414  -31.709  -17.592  4.738 0.3000000119
58422  -32.323  -17.452  4.065 0.3000000119
57516  -32.236  -18.347  4.006 0.3000000119
57517  -32.457  -17.836  3.224 0.3000000119
57534  -32.522  -17.710  1.742 0.3000000119
57533  -32.164  -18.463  2.599 0.3000000119
57549  -32.699  -18.449  0.637 0.3000000119
56606  -32.933  -19.257  0.676 0.3000000119
60532  -31.212  -15.610  3.903 0.3000000119
59510  -31.515  -16.356  4.271 0.3000000119
59511  -32.249  -16.675  3.988 0.3000000119
58423  -32.659  -17.110  3.195 0.3000000119
134979  -32.869  -17.925  0.581 0.3000000119
56607  -33.447  -18.668  0.823 0.3000000119
30018  -24.345  -47.436  10.187 0.3000000119
33751  -24.250  -41.733  8.164 0.4000000060
35733  -24.669  -40.723  7.724 0.4000000060
32735  -25.114  -44.430  11.436 0.4000000060
31811  -25.064  -45.496  11.003 0.4000000060
42796  -30.653  -33.652  14.200 0.3000000119
47314  -34.439  -28.384  10.469 0.3000000119
50576  -33.694  -25.419  7.064 0.3000000119
50638  -30.862  -25.358  2.344 0.4000000060
53558  -27.493  -22.517  7.132 0.3000000119
134845  -27.767  -21.821  6.945 0.3000000119
55518  -26.345  -19.994  5.877 0.3000000119
30908  -24.228  -46.993  9.433 0.4000000060
30924  -24.196  -46.285  9.015 0.4000000060
131449  -23.705  -44.340  8.088 0.4000000060
32780  -24.145  -43.302  8.341 0.4000000060
29968  -23.000  -47.724  11.568 0.3000000119
30895  -24.720  -46.251  10.841 0.4000000060
51553  -30.455  -24.270  7.494 0.3000000119
51588  -33.320  -24.571  4.447 0.3000000119
57491  -27.237  -18.832  5.562 0.3000000119
135233  -26.673  -18.512  5.265 0.3000000119
121923  -31.085  -22.311  6.941 0.3000000119
53561  -32.065  -22.392  6.473 0.3000000119
53585  -31.828  -21.978  4.172 0.3000000119
59495  -31.804  -16.977  4.472 0.3000000119
59512  -32.689  -16.289  3.282 0.3000000119
120466  -23.948  -48.178  10.233 0.4000000060
37431  -33.305  -39.721  3.694 0.4000000060
27300  -24.174  -50.203  7.847 0.3000000119
27282  -24.618  -50.686  8.339 0.3000000119
28217  -23.695  -49.757  7.301 0.3000000119
26364  -25.911  -51.152  9.064 0.3000000119
30870  -22.625  -46.836  11.670 0.3000000119
128730  -23.386  -46.207  11.595 0.3000000119
133800  -22.560  -45.989  11.631 0.3000000119
32813  -23.002  -42.604  6.745 0.3000000119
31855  -23.355  -45.244  7.889 0.3000000119
32779  -23.489  -42.905  7.499 0.3000000119
31843  -23.959  -45.405  8.548 0.3000000119
33779  -23.116  -41.329  6.152 0.3000000119
33766  -23.413  -41.566  6.875 0.3000000119
30934  -22.988  -46.140  7.749 0.3000000119
32796  -23.168  -44.117  7.374 0.3000000119
36638  -33.742  -40.196  4.310 0.3000000119
24538  -33.738  -53.518  10.006 0.4000000060
26318  -33.135  -51.374  11.192 0.5000000000
26378  -34.043  -51.659  7.337 0.5000000000
27259  -33.809  -50.440  10.766 0.5000000000
27270  -27.240  -50.553  9.476 0.5000000000
27283  -25.352  -50.449  8.636 0.5000000000
27285  -34.643  -50.393  8.628 0.5000000000
27299  -23.476  -50.686  7.448 0.4000000060
28156  -33.428  -49.772  11.154 0.5000000000
28189  -34.640  -49.858  9.108 0.5000000000
28246  -31.796  -49.265  4.541 0.6000000238
29128  -25.842  -48.268  8.418 0.6000000238
29139  -24.579  -48.563  7.529 0.4000000060
29142  -34.275  -49.009  7.622 0.6000000238
29179  -30.013  -48.319  2.932 0.6999999881
29185  -26.957  -48.878  1.881 0.5000000000
29192  -26.988  -48.811  1.812 0.5000000000
29970  -24.107  -47.311  11.120 0.4000000060
29992  -24.065  -47.736  10.797 0.3000000119
30030  -23.829  -47.614  9.344 0.4000000060
30041  -24.577  -47.293  7.104 0.3000000119
30085  -27.199  -47.649  1.724 0.6000000238
30086  -27.445  -46.945  1.765 0.6999999881
30872  -24.298  -46.682  11.187 0.4000000060
30910  -27.368  -46.311  10.077 0.6000000238
30935  -24.946  -46.653  7.313 0.4000000060
31793  -24.837  -45.185  11.339 0.4000000060
31794  -25.218  -44.846  11.103 0.4000000060
31797  -29.859  -46.099  12.547 0.6999999881
31845  -25.676  -45.068  7.744 0.4000000060
31932  -28.550  -45.581  1.528 0.6999999881
32763  -26.864  -44.555  9.272 0.5000000000
32870  -28.438  -44.903  2.070 0.6999999881
33801  -31.503  -44.113  5.434 0.6999999881
34728  -25.712  -42.625  11.673 0.4000000060
34802  -23.728  -40.915  6.698 0.4000000060
34804  -24.806  -41.025  7.183 0.5000000000
34824  -23.259  -41.274  5.834 0.4000000060
34893  -31.550  -41.957  0.543 0.6999999881
36497  -24.526  -40.829  13.749 0.4000000060
36576  -26.817  -39.750  9.641 0.6000000238
36675  -30.297  -40.510  0.575 0.8000000119
36676  -31.201  -40.608  0.521 0.8000000119
37355  -27.061  -39.431  10.057 0.6000000238
37458  -27.824  -39.465  1.508 0.8000000119
37459  -28.275  -39.702  1.277 0.8000000119
38252  -30.097  -38.575  3.740 0.8000000119
38268  -27.412  -39.141  1.604 0.8999999762
39004  -33.466  -37.757  14.610 0.6999999881
39045  -35.431  -37.075  11.843 0.6999999881
39122  -30.687  -37.411  4.658 0.8000000119
39131  -26.079  -37.468  2.611 0.8000000119
39141  -32.187  -37.444  2.240 0.6000000238
39146  -26.455  -38.312  2.106 0.8999999762
39999  -25.777  -36.720  2.827 0.8000000119
40776  -34.859  -35.679  14.278 0.6999999881
40863  -33.043  -35.478  7.709 0.6999999881
40876  -32.017  -35.264  6.964 0.6999999881
40895  -25.778  -35.139  3.046 0.8000000119
40910  -25.641  -35.890  2.970 0.8000000119
40929  -29.699  -35.488  1.329 0.8000000119
41934  -28.614  -33.726  1.096 0.8000000119
42798  -32.471  -33.286  14.434 0.6000000238
42800  -34.681  -33.592  14.274 0.6999999881
42901  -31.206  -33.986  5.844 0.6999999881
42913  -31.217  -33.242  4.577 0.8000000119
42925  -26.308  -33.739  3.087 0.8000000119
42951  -24.963  -33.592  1.721 0.8000000119
42954  -30.842  -34.231  1.236 0.6000000238
42969  -25.598  -33.449  0.913 0.8000000119
43634  -28.262  -32.777  12.152 0.3000000119
43637  -35.395  -32.485  12.679 0.6999999881
43728  -30.946  -33.030  3.950 0.8000000119
43773  -31.674  -32.002  1.190 0.5000000000
43783  -24.896  -32.715  0.840 0.8000000119
44559  -25.149  -31.639  2.063 0.8000000119
44605  -24.400  -31.311  0.825 0.8000000119
45447  -24.789  -30.569  1.293 0.6999999881
45448  -25.616  -30.278  1.755 0.8000000119
45463  -24.893  -30.242  1.007 0.6999999881
45490  -25.470  -29.953  0.546 0.6999999881
46420  -25.301  -29.495  0.848 0.6999999881
46434  -25.478  -29.375  0.589 0.6999999881
46449  -26.279  -28.817  0.314 0.6999999881
47420  -26.366  -28.675  1.560 0.6999999881
47433  -25.431  -28.788  1.002 0.6999999881
47459  -25.812  -28.681  0.448 0.6999999881
48450  -27.108  -27.582  7.501 0.3000000119
48472  -27.660  -27.387  7.417 0.3000000119
48525  -25.720  -28.160  1.121 0.6999999881
48554  -26.106  -27.284  0.881 0.5000000000
48564  -25.895  -27.994  0.630 0.6999999881
49616  -26.271  -26.918  1.059 0.6000000238
49617  -26.578  -26.222  1.006 0.6000000238
49638  -26.510  -26.785  0.715 0.6000000238
49640  -27.801  -26.076  0.067 0.5000000000
50645  -27.597  -24.956  0.928 0.6000000238
52588  -28.853  -23.924  0.206 0.6000000238
118278  -31.748  -33.905  1.799 0.6000000238
120134  -29.101  -26.759  1.943 0.6000000238
120892  -30.546  -33.611  4.455 0.8000000119
121429  -29.946  -50.145  3.049 0.4000000060
122249  -28.759  -46.255  1.173 0.5000000000
124065  -33.819  -54.024  9.165 0.4000000060
124502  -34.048  -25.931  7.295 0.3000000119
125590  -28.660  -45.202  11.719 0.6000000238
126528  -28.794  -52.026  10.559 0.5000000000
126666  -23.574  -46.000  8.341 0.4000000060
127606  -32.262  -48.944  5.052 0.6000000238
128980  -30.395  -32.757  0.876 0.5000000000
129517  -29.963  -33.334  0.946 0.6999999881
130060  -25.588  -48.816  8.333 0.6000000238
131423  -24.732  -47.892  7.435 0.3000000119
131453  -33.087  -46.941  11.809 0.6999999881
131625  -33.220  -30.961  4.802 0.6999999881
132727  -34.843  -27.725  9.084 0.4000000060
132784  -35.273  -34.724  13.765 0.6999999881
133568  -29.287  -29.210  0.394 0.6999999881
134634  -25.643  -40.173  9.539 0.5000000000
134746  -34.424  -39.892  12.465 0.6999999881
136166  -30.854  -41.700  0.532 0.6999999881
136362  -26.747  -51.198  9.364 0.5000000000
136582  -25.612  -35.710  2.055 0.8000000119
136764  -27.003  -48.213  1.787 0.5000000000
136876  -25.057  -51.150  8.710 0.3000000119
137029  -31.032  -23.893  -0.979 0.5000000000
137564  -31.753  -39.156  1.190 0.6000000238
138610  -26.064  -47.857  8.521 0.6000000238
138719  -33.420  -53.340  10.566 0.4000000060
138774  -27.466  -43.147  9.800 0.5000000000
138990  -27.085  -33.920  3.494 0.8000000119
139465  -32.620  -48.687  5.523 0.6000000238
140327  -33.062  -51.237  6.063 0.6000000238
140387  -27.389  -25.198  0.877 0.5000000000
