#!ascii label  , from subject sub-v1s5x0050753_ses-1 vox2ras=TkReg
766
122324  -43.444  -60.310  4.259 0.5000000000
18381  -42.095  -60.931  3.857 0.8000000119
18355  -39.872  -60.248  3.925 0.8000000119
137967  -40.507  -60.700  3.697 0.8000000119
18356  -41.662  -60.361  4.240 0.8000000119
18384  -44.738  -60.643  3.690 0.5000000000
18382  -42.991  -60.939  3.881 0.5000000000
18357  -42.561  -60.358  4.270 0.6000000238
19293  -38.719  -59.360  3.913 0.6999999881
19294  -39.188  -59.912  3.761 0.6999999881
19272  -41.377  -59.804  4.460 0.8000000119
130945  -42.123  -59.706  4.492 0.6999999881
18385  -45.666  -60.507  3.593 0.6000000238
18358  -44.209  -60.292  4.178 0.5000000000
19274  -44.047  -59.557  4.481 0.6000000238
19305  -36.957  -59.193  2.254 0.6999999881
20202  -44.390  -58.412  4.600 0.6000000238
20220  -37.587  -58.541  3.761 0.6999999881
19292  -37.975  -59.278  3.374 0.6999999881
132423  -40.204  -59.584  4.404 0.6999999881
20201  -43.404  -58.759  4.606 0.6000000238
139743  -43.618  -57.944  4.490 0.6000000238
19271  -40.888  -59.537  4.503 0.8000000119
20200  -42.512  -58.926  4.632 0.8000000119
21104  -42.869  -58.067  4.478 0.6999999881
19277  -46.521  -59.280  4.397 0.4000000060
19275  -44.915  -59.238  4.527 0.6000000238
118203  -36.841  -58.279  3.471 0.6999999881
21105  -44.212  -57.421  4.283 0.6000000238
21123  -37.306  -57.812  4.077 0.6999999881
20221  -38.247  -58.783  4.019 0.6999999881
19270  -39.435  -59.466  4.225 0.6999999881
20197  -39.830  -58.804  4.531 0.6999999881
128801  -41.200  -58.245  4.567 0.6000000238
130807  -42.994  -56.627  3.231 0.5000000000
21101  -40.092  -57.268  4.577 0.6000000238
21102  -40.935  -57.471  4.465 0.6000000238
133953  -41.641  -57.672  4.383 0.6000000238
131717  -42.301  -56.864  3.798 0.6000000238
21980  -41.566  -57.063  4.170 0.6000000238
22886  -42.193  -56.262  3.210 0.5000000000
20204  -46.492  -58.200  4.574 0.4000000060
20203  -45.543  -58.558  4.598 0.5000000000
21121  -35.797  -57.288  3.615 0.6999999881
122118  -45.870  -57.575  4.482 0.6000000238
21106  -45.088  -57.506  4.420 0.6000000238
20195  -38.124  -58.020  4.323 0.6999999881
21982  -44.123  -56.928  3.898 0.6000000238
124950  -38.823  -57.760  4.551 0.6999999881
22003  -43.780  -56.673  3.319 0.5000000000
22021  -43.674  -56.429  2.332 0.6000000238
21979  -40.654  -56.605  4.280 0.6000000238
22020  -42.847  -56.235  2.541 0.5000000000
138752  -44.093  -56.393  1.323 0.5000000000
22002  -41.455  -56.406  3.795 0.5000000000
21132  -33.509  -57.355  2.398 0.6000000238
21997  -33.810  -55.633  3.416 0.6000000238
123224  -47.387  -57.816  4.544 0.5000000000
21108  -47.488  -56.744  4.217 0.5000000000
21120  -34.934  -57.042  3.393 0.6999999881
116501  -34.781  -58.279  2.186 0.6999999881
21107  -46.569  -57.169  4.377 0.5000000000
21984  -45.840  -56.791  4.133 0.5000000000
22006  -46.567  -56.380  3.565 0.4000000060
21122  -36.576  -57.545  3.842 0.6999999881
22005  -45.573  -56.507  3.481 0.5000000000
21098  -37.129  -57.022  4.318 0.6999999881
21099  -37.734  -57.322  4.394 0.6999999881
138235  -46.179  -56.334  1.485 0.5000000000
123884  -39.240  -56.071  4.536 0.6999999881
21978  -39.829  -56.529  4.492 0.6000000238
22022  -44.654  -56.480  1.658 0.5000000000
22001  -40.708  -55.885  3.901 0.6000000238
22031  -44.874  -56.429  0.607 0.5000000000
22884  -40.506  -55.279  3.389 0.5000000000
22896  -41.175  -55.282  2.612 0.5000000000
22897  -42.121  -55.714  2.313 0.5000000000
118875  -43.421  -55.814  0.622 0.5000000000
22904  -42.557  -55.526  1.081 0.5000000000
22915  -43.690  -55.318  -0.693 0.3000000119
22887  -48.439  -55.389  1.886 0.3000000119
21131  -32.573  -57.109  2.115 0.6000000238
22018  -33.210  -56.517  2.807 0.6000000238
21986  -47.729  -56.218  3.504 0.4000000060
133843  -47.412  -56.011  2.566 0.4000000060
22882  -35.451  -55.388  4.109 0.6000000238
131061  -46.527  -56.239  2.254 0.5000000000
22000  -36.395  -56.697  4.156 0.6999999881
21975  -37.067  -56.104  4.489 0.6999999881
22032  -45.805  -56.357  0.834 0.5000000000
22867  -38.672  -55.629  4.490 0.5000000000
22906  -45.514  -56.136  -0.043 0.5000000000
134463  -39.775  -55.243  3.932 0.5000000000
22913  -45.079  -55.728  -0.592 0.4000000060
22905  -44.125  -56.210  0.585 0.3000000119
22916  -44.481  -55.255  -1.005 0.4000000060
22910  -42.193  -55.005  0.383 0.5000000000
22911  -43.105  -55.465  0.072 0.4000000060
22017  -32.317  -56.345  2.474 0.6000000238
135809  -33.291  -54.885  3.312 0.6000000238
22880  -33.993  -54.529  3.481 0.6000000238
22881  -34.688  -54.968  3.859 0.6000000238
121971  -35.394  -54.637  4.015 0.6000000238
22908  -47.143  -55.577  1.103 0.3000000119
22033  -46.716  -56.109  0.989 0.4000000060
21974  -36.260  -55.729  4.320 0.6000000238
22907  -46.272  -55.810  0.411 0.3000000119
22865  -36.923  -55.151  4.488 0.6000000238
22866  -37.879  -55.578  4.530 0.6999999881
23775  -46.025  -55.198  0.193 0.3000000119
23774  -45.319  -54.662  -0.160 0.3000000119
126966  -45.574  -55.635  -0.283 0.3000000119
23763  -39.031  -54.250  3.207 0.5000000000
23755  -39.108  -54.751  3.956 0.5000000000
23756  -39.751  -54.710  3.321 0.5000000000
24694  -44.666  -54.461  -1.224 0.3000000119
23780  -45.088  -54.821  -0.913 0.3000000119
23765  -40.435  -54.675  2.359 0.5000000000
23784  -44.462  -54.566  -1.323 0.3000000119
23779  -42.856  -54.954  -0.512 0.4000000060
23783  -43.717  -54.710  -1.293 0.3000000119
131067  -32.641  -54.748  2.997 0.5000000000
23762  -33.308  -54.197  3.088 0.6000000238
23753  -34.099  -53.837  3.150 0.5000000000
22864  -36.084  -54.840  4.289 0.6000000238
24631  -36.370  -53.864  3.567 0.5000000000
24684  -44.057  -53.544  -0.031 0.3000000119
23743  -36.673  -54.426  4.159 0.6000000238
24685  -44.744  -54.245  -0.644 0.3000000119
23744  -37.604  -54.685  4.318 0.6000000238
23764  -39.611  -54.309  2.538 0.5000000000
135137  -40.706  -54.053  0.308 0.5000000000
23778  -42.025  -54.577  -0.231 0.4000000060
24691  -42.161  -53.700  -1.360 0.4000000060
119282  -33.354  -53.634  2.410 0.5000000000
24643  -34.404  -53.561  2.283 0.5000000000
24629  -34.801  -53.677  3.085 0.5000000000
24644  -35.295  -53.580  2.325 0.5000000000
24649  -43.093  -53.092  1.861 0.3000000119
24668  -43.273  -53.015  0.725 0.3000000119
120856  -36.838  -53.639  2.911 0.6000000238
24632  -37.371  -53.991  3.593 0.6000000238
24647  -38.267  -53.884  2.917 0.5000000000
23772  -39.798  -54.127  1.579 0.5000000000
24692  -43.328  -53.985  -1.732 0.4000000060
25574  -42.500  -52.469  -2.189 0.4000000060
24661  -34.081  -53.481  1.077 0.5000000000
24662  -35.082  -53.569  0.912 0.5000000000
25549  -42.392  -52.704  2.640 0.4000000060
25548  -41.668  -52.231  2.428 0.4000000060
24645  -36.125  -53.584  2.639 0.5000000000
121489  -36.783  -53.585  1.741 0.5000000000
130841  -41.731  -51.994  1.540 0.4000000060
121456  -42.756  -52.388  0.465 0.3000000119
24663  -36.570  -53.483  0.585 0.4000000060
25566  -43.196  -51.867  -0.550 0.3000000119
24646  -37.533  -53.653  2.395 0.5000000000
121301  -38.204  -53.666  1.809 0.4000000060
24666  -39.232  -53.669  0.905 0.4000000060
25572  -41.762  -52.969  -1.633 0.4000000060
24675  -34.009  -53.441  0.114 0.5000000000
137978  -35.212  -53.244  -0.321 0.5000000000
24688  -35.780  -53.317  -0.095 0.5000000000
26427  -41.055  -51.801  3.103 0.4000000060
119663  -35.984  -53.588  1.300 0.5000000000
24677  -35.886  -53.496  0.240 0.4000000060
125119  -41.149  -51.566  2.176 0.4000000060
26436  -41.434  -51.291  1.301 0.4000000060
24678  -36.940  -53.303  0.346 0.4000000060
24664  -37.494  -53.586  1.021 0.4000000060
26450  -41.835  -50.872  0.466 0.4000000060
24665  -38.436  -53.597  0.997 0.4000000060
123368  -38.698  -53.280  0.509 0.4000000060
24680  -39.488  -53.281  0.137 0.4000000060
24681  -40.426  -53.578  -0.141 0.4000000060
24689  -40.139  -52.983  -0.514 0.4000000060
25571  -41.410  -52.140  -1.726 0.4000000060
26460  -43.098  -51.820  -2.499 0.4000000060
133842  -42.106  -51.788  -2.196 0.4000000060
26452  -34.325  -52.523  -0.451 0.5000000000
26453  -34.940  -52.628  -0.448 0.4000000060
26423  -40.562  -51.349  3.779 0.4000000060
26426  -40.484  -51.016  2.791 0.4000000060
25561  -35.566  -53.023  -0.378 0.5000000000
26446  -36.399  -52.457  0.342 0.4000000060
25563  -37.484  -53.125  0.301 0.4000000060
27356  -41.255  -50.608  1.085 0.4000000060
24679  -37.867  -53.254  0.519 0.4000000060
25564  -38.519  -53.019  0.269 0.4000000060
25577  -43.809  -51.746  -2.254 0.3000000119
131450  -40.743  -52.593  -1.140 0.4000000060
26430  -34.894  -51.519  0.758 0.4000000060
26431  -35.782  -51.648  1.070 0.5000000000
26432  -36.593  -51.494  1.418 0.4000000060
128154  -40.447  -50.321  2.187 0.4000000060
129483  -37.208  -51.913  0.946 0.4000000060
25562  -36.510  -53.216  0.026 0.4000000060
26433  -38.004  -51.761  0.829 0.4000000060
26447  -37.326  -52.751  0.366 0.4000000060
124513  -38.086  -52.675  0.423 0.4000000060
26448  -38.738  -52.090  0.371 0.4000000060
25565  -39.462  -52.464  -0.123 0.4000000060
25570  -40.123  -52.252  -0.653 0.4000000060
26459  -42.467  -51.109  -2.411 0.4000000060
26458  -41.328  -51.172  -1.899 0.4000000060
125501  -35.985  -51.148  2.000 0.4000000060
129170  -36.568  -50.730  2.219 0.4000000060
27353  -37.388  -51.025  1.561 0.4000000060
26434  -38.761  -50.921  0.503 0.4000000060
27375  -43.610  -50.381  -2.311 0.4000000060
27363  -39.440  -50.677  -0.173 0.4000000060
26454  -39.792  -51.537  -0.474 0.4000000060
27366  -40.047  -50.621  -0.828 0.4000000060
27367  -40.585  -50.658  -1.413 0.4000000060
27346  -36.456  -50.055  2.859 0.4000000060
27347  -37.151  -50.147  2.218 0.4000000060
28272  -37.801  -50.036  1.478 0.4000000060
27354  -38.125  -50.727  1.094 0.4000000060
28280  -38.467  -49.749  0.675 0.4000000060
28281  -39.054  -49.785  0.044 0.4000000060
28285  -39.625  -49.690  -0.574 0.4000000060
27372  -41.890  -50.487  -2.284 0.3000000119
28286  -40.281  -49.678  -1.262 0.4000000060
27371  -41.075  -50.170  -1.846 0.4000000060
28265  -36.379  -49.343  3.304 0.4000000060
28266  -36.971  -49.372  2.619 0.4000000060
29188  -36.874  -48.584  2.926 0.4000000060
28271  -37.504  -49.290  1.875 0.4000000060
28279  -37.988  -48.990  0.993 0.4000000060
135030  -38.782  -49.196  0.124 0.4000000060
28284  -39.114  -48.714  -0.351 0.4000000060
28291  -43.505  -48.685  -2.141 0.4000000060
27374  -42.864  -50.099  -2.515 0.3000000119
127697  -39.736  -48.923  -0.907 0.4000000060
28289  -40.982  -49.246  -1.880 0.5000000000
28290  -41.942  -48.798  -2.341 0.4000000060
29209  -40.254  -48.585  -1.469 0.5000000000
121314  -36.637  -48.060  3.455 0.4000000060
30089  -37.065  -47.756  2.732 0.4000000060
29189  -37.293  -48.746  2.243 0.4000000060
30090  -37.435  -47.538  1.781 0.4000000060
29195  -37.637  -48.297  1.431 0.4000000060
29208  -39.533  -48.166  -0.905 0.4000000060
129918  -41.102  -48.504  -1.997 0.5000000000
30083  -36.714  -47.358  3.494 0.4000000060
130136  -37.205  -46.886  2.522 0.4000000060
30984  -37.391  -46.073  2.002 0.4000000060
29212  -39.995  -47.731  -1.421 0.4000000060
30977  -36.890  -45.916  3.484 0.4000000060
30983  -37.151  -46.178  2.866 0.4000000060
30110  -39.930  -47.119  -1.432 0.5000000000
33828  -36.705  -43.410  4.046 0.4000000060
31914  -36.758  -45.317  3.805 0.4000000060
132902  -37.022  -44.036  3.514 0.4000000060
32864  -37.098  -44.706  3.282 0.4000000060
129260  -37.343  -44.162  2.741 0.4000000060
33837  -37.564  -43.586  2.265 0.5000000000
32853  -36.550  -44.475  4.154 0.4000000060
23773  -40.604  -54.361  1.141 0.5000000000
24682  -41.402  -54.038  -0.439 0.5000000000
23782  -42.553  -54.375  -0.995 0.4000000060
18383  -43.862  -60.792  3.761 0.5000000000
18379  -40.044  -60.815  3.171 0.8000000119
18400  -38.843  -60.284  2.354 0.8000000119
19307  -38.132  -59.767  2.501 0.6999999881
17442  -46.336  -60.892  2.780 0.5000000000
126593  -46.709  -60.477  3.378 0.5000000000
20250  -36.164  -59.015  1.892 0.6999999881
133444  -47.265  -58.741  4.473 0.4000000060
18360  -46.074  -59.995  4.074 0.4000000060
126732  -35.644  -58.469  2.451 0.6999999881
22019  -34.069  -56.763  3.136 0.6999999881
20205  -48.465  -58.641  4.410 0.4000000060
124029  -48.434  -57.297  4.434 0.4000000060
22869  -49.147  -55.530  2.621 0.4000000060
22894  -32.093  -55.521  2.654 0.6000000238
138616  -31.928  -54.761  2.652 0.5000000000
24642  -32.504  -53.490  2.022 0.5000000000
24660  -33.236  -53.349  1.044 0.5000000000
24674  -33.375  -53.121  0.188 0.4000000060
26444  -34.575  -51.974  -0.225 0.4000000060
27351  -34.323  -50.972  1.566 0.4000000060
27352  -35.217  -51.105  1.892 0.4000000060
27344  -34.687  -50.622  2.601 0.4000000060
27339  -35.708  -49.903  3.393 0.4000000060
29183  -36.268  -48.677  3.736 0.4000000060
29171  -36.162  -47.871  4.163 0.4000000060
30071  -36.277  -46.937  4.227 0.4000000060
30968  -36.387  -46.049  4.241 0.4000000060
17436  -40.797  -61.141  3.160 0.8000000119
131336  -40.772  -60.231  4.236 0.8000000119
19276  -45.600  -59.456  4.409 0.5000000000
123704  -38.660  -59.890  3.254 0.6999999881
20196  -38.937  -58.621  4.396 0.6999999881
21981  -43.266  -57.227  4.026 0.6999999881
130369  -42.046  -58.234  4.505 0.6999999881
21983  -44.875  -56.866  4.032 0.6000000238
21103  -42.326  -57.501  4.213 0.6000000238
21999  -35.597  -56.383  3.919 0.6999999881
22004  -44.613  -56.612  3.399 0.5000000000
21998  -34.731  -56.051  3.695 0.6000000238
21985  -46.726  -56.606  4.039 0.5000000000
22023  -47.441  -55.716  1.490 0.3000000119
22903  -41.471  -54.998  1.493 0.5000000000
24630  -35.518  -53.758  3.336 0.6000000238
24648  -38.973  -53.879  1.989 0.5000000000
23777  -41.352  -54.502  0.459 0.5000000000
24690  -41.039  -53.348  -0.897 0.4000000060
24667  -40.009  -53.841  0.628 0.4000000060
25575  -43.560  -52.528  -2.340 0.4000000060
26455  -40.497  -51.595  -1.194 0.4000000060
26449  -39.255  -51.539  0.075 0.4000000060
27345  -35.657  -50.610  2.745 0.4000000060
32874  -37.364  -44.802  2.467 0.4000000060
10466  -36.444  -69.299  -2.798 0.4000000060
12217  -37.210  -68.022  -3.080 0.4000000060
12218  -37.678  -67.297  -2.730 0.4000000060
120649  -37.914  -66.627  -3.658 0.4000000060
11367  -37.374  -68.014  -2.217 0.4000000060
13046  -38.061  -66.576  -2.685 0.4000000060
13047  -38.367  -66.054  -3.171 0.4000000060
14750  -39.040  -64.801  -2.362 0.4000000060
15663  -40.389  -63.803  -2.983 0.5000000000
13038  -37.894  -66.699  -1.652 0.4000000060
13039  -38.283  -66.035  -2.173 0.4000000060
14738  -39.084  -63.843  -1.464 0.5000000000
14739  -39.802  -63.766  -2.269 0.5000000000
15657  -40.715  -62.643  -2.693 0.6000000238
13029  -37.705  -66.286  -0.349 0.4000000060
13867  -38.091  -65.766  -1.116 0.4000000060
14726  -38.476  -63.981  -0.775 0.4000000060
19278  -47.746  -59.488  4.174 0.3000000119
21109  -49.446  -56.857  4.310 0.3000000119
16583  -41.437  -62.622  -3.357 0.5000000000
17461  -46.142  -61.252  2.047 0.5000000000
135397  -47.527  -60.911  2.467 0.4000000060
15633  -37.337  -63.664  0.087 0.4000000060
15647  -39.617  -62.877  -1.774 0.5000000000
14712  -37.269  -64.430  0.416 0.4000000060
13857  -38.270  -64.861  -0.820 0.4000000060
16574  -41.709  -61.660  -3.276 0.6000000238
17530  -42.335  -61.209  -2.877 0.6000000238
17520  -42.529  -61.386  -1.982 0.6999999881
17460  -45.094  -61.331  2.157 0.5000000000
125320  -43.055  -61.610  -2.655 0.6999999881
16550  -44.420  -61.939  -1.254 0.6999999881
17477  -44.731  -61.515  1.268 0.6999999881
16549  -43.394  -61.791  -0.702 0.6999999881
16534  -43.809  -61.746  -0.172 0.6999999881
15646  -38.722  -63.130  -1.035 0.5000000000
16562  -40.356  -61.840  -2.613 0.6000000238
16573  -41.148  -61.047  -3.139 0.6000000238
17518  -41.057  -60.234  -2.740 0.6000000238
16547  -37.508  -62.946  -0.330 0.4000000060
16548  -38.243  -62.721  -0.823 0.5000000000
134373  -40.647  -60.518  -3.190 0.6000000238
17529  -41.609  -60.791  -2.924 0.6000000238
17519  -41.734  -60.792  -2.403 0.6000000238
127485  -41.875  -61.281  -1.161 0.6000000238
21987  -48.909  -56.272  3.849 0.3000000119
16533  -42.849  -61.683  0.027 0.6999999881
17441  -45.368  -61.031  2.958 0.5000000000
17504  -37.493  -61.877  -1.446 0.6000000238
137006  -38.087  -61.276  -2.476 0.6000000238
17515  -38.988  -61.042  -2.793 0.6999999881
17516  -39.961  -60.690  -3.169 0.6000000238
18443  -40.427  -59.757  -3.084 0.6000000238
127141  -41.243  -60.612  -1.607 0.6000000238
135949  -37.698  -62.424  -0.799 0.5000000000
16561  -39.230  -62.212  -1.762 0.6000000238
124136  -42.031  -61.563  -0.062 0.6000000238
121180  -42.282  -61.641  0.838 0.6999999881
17475  -42.624  -61.603  1.629 0.6999999881
17492  -43.194  -61.636  0.764 0.6999999881
17440  -44.413  -61.161  3.077 0.6000000238
17459  -44.014  -61.410  2.300 0.6999999881
17514  -37.250  -61.096  -3.027 0.6000000238
17526  -38.069  -60.074  -3.861 0.6999999881
17527  -39.253  -59.505  -3.530 0.6999999881
18441  -39.606  -59.420  -3.322 0.6999999881
125710  -40.641  -59.979  -2.131 0.6000000238
17439  -43.450  -61.265  3.163 0.5000000000
17491  -41.472  -61.487  0.757 0.6999999881
17458  -43.025  -61.497  2.404 0.6000000238
18434  -39.177  -59.567  -1.258 0.6999999881
18414  -39.695  -60.653  0.812 0.6999999881
19349  -39.185  -59.069  -3.094 0.6999999881
125042  -39.485  -60.303  0.122 0.6000000238
18426  -40.093  -60.657  0.247 0.5000000000
18442  -39.952  -59.480  -2.580 0.6999999881
18435  -40.023  -60.064  -1.043 0.6000000238
17473  -40.899  -61.402  1.568 0.6999999881
17438  -42.529  -61.324  3.206 0.5000000000
17505  -40.662  -60.620  -0.687 0.6000000238
17474  -41.742  -61.583  1.646 0.6999999881
18425  -38.869  -60.070  0.337 0.6999999881
18413  -39.235  -60.497  1.274 0.6999999881
19322  -38.346  -59.993  1.327 0.6999999881
17456  -41.225  -61.439  2.427 0.6000000238
18402  -40.399  -61.183  2.376 0.6999999881
13856  -37.735  -65.165  0.002 0.4000000060
135421  -38.686  -64.622  -1.452 0.4000000060
14725  -37.872  -64.235  -0.176 0.4000000060
131822  -44.286  -61.635  0.488 0.6999999881
17528  -40.848  -60.182  -3.094 0.6000000238
16560  -38.304  -62.032  -1.468 0.6999999881
17490  -40.716  -61.132  0.547 0.6000000238
18452  -38.343  -59.128  -3.833 0.5000000000
16545  -36.203  -62.620  -0.794 0.4000000060
16559  -36.649  -61.908  -1.620 0.5000000000
19362  -37.652  -58.983  -3.744 0.6000000238
15631  -35.754  -63.482  -0.367 0.4000000060
15645  -35.280  -63.161  -1.387 0.5000000000
16558  -35.724  -62.248  -1.976 0.5000000000
17513  -36.216  -61.348  -3.148 0.5000000000
18451  -37.474  -59.470  -3.908 0.5000000000
19361  -36.854  -59.346  -3.637 0.5000000000
17525  -36.911  -60.388  -3.854 0.5000000000
19356  -38.400  -58.960  -3.572 0.6000000238
19348  -38.190  -59.172  -1.922 0.5000000000
120759  -37.512  -58.893  -2.980 0.5000000000
19335  -37.437  -59.536  -0.138 0.6999999881
136638  -36.737  -59.220  -2.194 0.6000000238
19320  -36.902  -59.422  1.148 0.6000000238
15630  -34.751  -64.136  -1.052 0.5000000000
16557  -34.885  -62.834  -2.382 0.5000000000
16572  -35.071  -62.070  -3.309 0.5000000000
122938  -35.880  -59.830  -3.465 0.5000000000
18450  -36.541  -59.973  -3.806 0.5000000000
129538  -37.709  -59.660  0.876 0.6000000238
123188  -35.979  -59.411  -2.168 0.6000000238
19347  -36.206  -59.450  -1.002 0.5000000000
15644  -34.161  -63.910  -2.310 0.5000000000
16581  -34.122  -62.422  -3.621 0.5000000000
17533  -33.982  -61.736  -3.789 0.5000000000
17534  -34.939  -60.968  -3.640 0.5000000000
125494  -35.932  -59.450  -3.140 0.5000000000
19319  -35.922  -59.241  0.952 0.6000000238
14749  -33.251  -64.514  -2.339 0.5000000000
15662  -33.517  -63.097  -3.485 0.5000000000
16579  -32.931  -62.873  -3.643 0.5000000000
17523  -32.634  -61.441  -3.312 0.5000000000
19357  -32.209  -60.403  -2.724 0.6000000238
18453  -33.427  -61.154  -3.591 0.4000000060
19351  -31.849  -59.500  -2.221 0.4000000060
18447  -32.920  -60.434  -3.136 0.5000000000
19353  -33.760  -59.563  -2.249 0.5000000000
19360  -34.716  -59.863  -3.010 0.4000000060
19343  -31.370  -59.010  -1.753 0.4000000060
20266  -32.494  -58.678  -1.118 0.5000000000
19344  -33.045  -59.088  -1.651 0.5000000000
20265  -31.337  -58.668  -1.335 0.4000000060
19345  -34.219  -59.368  -1.281 0.6000000238
19346  -35.267  -59.492  -1.040 0.6000000238
20249  -35.314  -58.775  1.603 0.6000000238
19352  -32.663  -59.398  -2.248 0.5000000000
126616  -32.089  -58.327  -0.485 0.5000000000
118230  -33.201  -58.317  0.741 0.5000000000
20267  -33.622  -58.947  -0.649 0.5000000000
20259  -30.958  -58.167  -0.661 0.4000000060
20246  -31.907  -57.912  0.378 0.5000000000
20260  -34.029  -58.784  0.335 0.6000000238
20248  -34.381  -58.554  1.286 0.6000000238
20247  -32.847  -57.717  1.513 0.5000000000
22016  -31.319  -56.157  2.186 0.3000000119
22030  -31.548  -56.847  1.795 0.4000000060
21146  -30.769  -57.732  0.139 0.4000000060
21141  -31.746  -57.436  1.254 0.5000000000
20231  -33.854  -58.055  1.865 0.5000000000
21133  -34.386  -57.611  2.689 0.6000000238
25567  -33.624  -52.428  -0.323 0.3000000119
25560  -33.506  -52.875  -0.184 0.3000000119
24641  -31.752  -53.612  2.077 0.4000000060
27350  -33.495  -50.678  1.097 0.3000000119
28257  -34.958  -49.537  3.755 0.3000000119
27343  -33.832  -50.402  2.242 0.3000000119
28258  -35.773  -49.273  3.762 0.3000000119
29182  -35.549  -48.711  4.132 0.3000000119
30070  -35.665  -47.164  4.487 0.3000000119
30967  -35.878  -46.480  4.533 0.3000000119
31899  -36.264  -45.264  4.400 0.3000000119
26443  -33.773  -51.830  -0.268 0.3000000119
19336  -38.275  -59.679  -0.063 0.5000000000
19354  -34.965  -59.586  -2.232 0.5000000000
20261  -34.993  -59.026  0.718 0.6000000238
136240  -47.063  -61.188  1.999 0.3000000119
16535  -45.153  -61.781  -0.766 0.6000000238
17493  -45.670  -61.607  -0.051 0.6000000238
134768  -51.375  -60.126  3.561 0.3000000119
124829  -50.488  -60.162  3.428 0.3000000119
18363  -49.938  -60.476  3.143 0.3000000119
19279  -49.136  -59.704  3.810 0.3000000119
18388  -50.613  -61.259  2.584 0.3000000119
18386  -47.986  -60.531  3.064 0.3000000119
17478  -46.157  -61.461  0.858 0.5000000000
19280  -51.908  -59.967  3.791 0.3000000119
20207  -51.233  -58.332  4.013 0.3000000119
20206  -50.301  -59.201  3.922 0.3000000119
17443  -49.091  -61.058  1.959 0.3000000119
17462  -48.456  -61.378  1.196 0.3000000119
128113  -47.280  -61.351  1.029 0.4000000060
15632  -36.673  -63.227  -0.061 0.4000000060
19253  -52.356  -59.519  4.917 0.3000000119
129920  -51.728  -59.346  3.807 0.3000000119
13891  -39.443  -65.464  -4.924 0.5000000000
13895  -40.437  -65.231  -5.114 0.5000000000
13055  -38.370  -66.007  -4.286 0.4000000060
13884  -38.922  -65.570  -4.404 0.4000000060
13894  -39.068  -66.010  -5.278 0.5000000000
15666  -42.816  -63.039  -4.382 0.5000000000
15670  -42.162  -63.779  -4.657 0.5000000000
14760  -39.958  -64.854  -4.432 0.5000000000
14761  -40.820  -64.570  -4.731 0.5000000000
13885  -39.329  -65.186  -4.162 0.4000000060
16577  -45.421  -62.557  -3.522 0.6000000238
122455  -44.332  -62.404  -3.824 0.6000000238
16585  -43.454  -62.327  -3.925 0.5000000000
14756  -39.661  -64.624  -3.387 0.3000000119
14757  -40.475  -64.214  -3.861 0.4000000060
15669  -41.238  -63.913  -4.301 0.5000000000
16551  -46.331  -62.082  -2.268 0.6000000238
124323  -44.000  -62.123  -2.916 0.6000000238
16576  -43.173  -61.822  -3.311 0.6000000238
15664  -41.009  -63.442  -3.417 0.4000000060
16584  -42.289  -62.275  -3.712 0.5000000000
16536  -46.947  -61.833  -1.596 0.6000000238
17463  -49.757  -61.912  1.094 0.3000000119
17479  -48.456  -61.809  -0.012 0.4000000060
16575  -42.479  -61.541  -3.260 0.4000000060
17444  -50.323  -61.758  1.963 0.3000000119
18364  -51.118  -60.947  3.069 0.3000000119
17494  -47.319  -61.691  -0.818 0.5000000000
16563  -43.529  -61.892  -1.708 0.6000000238
16564  -44.959  -62.140  -2.459 0.6000000238
17480  -49.212  -62.119  0.252 0.3000000119
16578  -46.362  -62.941  -3.542 0.5000000000
117457  -47.011  -62.829  -2.917 0.5000000000
16552  -47.404  -62.589  -2.266 0.5000000000
15637  -47.725  -62.726  -1.788 0.4000000060
16537  -47.896  -62.316  -1.588 0.5000000000
15636  -47.292  -62.974  -2.701 0.5000000000
15659  -46.419  -63.140  -3.596 0.5000000000
126969  -47.277  -63.302  -1.848 0.4000000060
15621  -48.090  -63.002  -0.986 0.4000000060
15638  -48.184  -62.498  -1.084 0.4000000060
130560  -44.557  -62.839  -4.270 0.5000000000
16587  -45.995  -62.931  -3.793 0.5000000000
17495  -48.396  -62.092  -0.917 0.4000000060
6933  -36.243  -74.462  -6.108 0.3000000119
133206  -36.792  -75.276  -6.381 0.3000000119
7568  -38.342  -73.677  -6.599 0.3000000119
125059  -38.332  -72.379  -6.969 0.3000000119
134151  -38.613  -71.970  -6.967 0.4000000060
125258  -37.102  -73.439  -5.973 0.3000000119
128023  -37.573  -71.679  -6.705 0.3000000119
8172  -38.739  -71.671  -5.888 0.4000000060
8901  -38.245  -70.830  -6.193 0.4000000060
8194  -38.363  -71.727  -6.919 0.3000000119
8906  -36.816  -71.267  -6.405 0.3000000119
8889  -38.707  -71.099  -5.086 0.4000000060
10490  -39.595  -69.763  -4.418 0.4000000060
9660  -37.982  -70.356  -6.326 0.4000000060
9659  -37.671  -70.328  -6.421 0.4000000060
9658  -37.081  -70.185  -6.443 0.4000000060
10502  -37.843  -69.638  -6.132 0.4000000060
11369  -40.474  -68.462  -3.056 0.3000000119
10491  -40.216  -69.188  -4.335 0.4000000060
11391  -40.580  -68.568  -4.864 0.4000000060
11396  -40.079  -68.154  -5.383 0.4000000060
11395  -38.731  -68.056  -5.660 0.4000000060
11398  -37.432  -68.804  -6.117 0.4000000060
13048  -41.078  -66.969  -2.465 0.3000000119
11379  -41.093  -68.148  -3.900 0.4000000060
12229  -41.693  -67.514  -4.585 0.4000000060
11380  -41.161  -68.105  -4.728 0.4000000060
12238  -40.936  -68.049  -5.162 0.4000000060
13066  -42.066  -66.727  -5.265 0.4000000060
12243  -40.500  -67.412  -5.470 0.4000000060
119341  -37.661  -67.678  -5.760 0.4000000060
13050  -43.154  -65.988  -4.025 0.4000000060
13056  -42.347  -66.831  -4.385 0.4000000060
13897  -43.075  -65.880  -5.258 0.4000000060
137951  -41.603  -66.268  -5.434 0.4000000060
123720  -38.138  -67.201  -5.629 0.4000000060
12242  -39.284  -67.276  -5.597 0.4000000060
11393  -36.983  -68.003  -6.010 0.4000000060
13886  -43.596  -65.774  -4.873 0.4000000060
13892  -43.412  -65.897  -5.050 0.4000000060
14765  -42.797  -65.336  -5.312 0.4000000060
134382  -41.101  -65.775  -5.420 0.4000000060
13063  -38.633  -66.607  -5.431 0.4000000060
127206  -40.047  -65.861  -5.389 0.4000000060
13887  -44.171  -65.268  -4.566 0.4000000060
15672  -44.292  -64.432  -4.809 0.4000000060
15671  -43.296  -64.007  -4.896 0.4000000060
130127  -46.031  -64.028  -3.487 0.4000000060
14758  -44.765  -64.618  -4.446 0.4000000060
15668  -45.971  -63.370  -3.865 0.4000000060
15620  -47.224  -63.456  -0.931 0.3000000119
14762  -42.539  -64.591  -5.114 0.4000000060
14759  -45.700  -64.147  -4.082 0.4000000060
15622  -48.595  -62.763  -0.555 0.3000000119
15667  -45.128  -63.686  -4.376 0.4000000060
10498  -39.097  -69.795  -5.150 0.4000000060
11390  -39.707  -69.046  -5.163 0.4000000060
10497  -38.476  -69.050  -5.701 0.4000000060
12219  -40.768  -67.758  -2.806 0.4000000060
138266  -40.658  -68.592  -3.680 0.4000000060
13877  -42.175  -65.793  -2.435 0.3000000119
13049  -41.935  -66.526  -3.149 0.4000000060
13061  -42.349  -66.905  -4.938 0.4000000060
13893  -43.973  -65.294  -4.906 0.4000000060
13064  -39.704  -66.548  -5.523 0.4000000060
14763  -43.530  -64.950  -5.158 0.4000000060
132630  -44.897  -64.771  -4.217 0.4000000060
121898  -39.158  -71.284  -2.762 0.3000000119
7558  -39.901  -73.154  -5.501 0.3000000119
7565  -40.027  -73.096  -7.141 0.3000000119
130851  -39.178  -72.393  -5.282 0.3000000119
8875  -39.044  -71.318  -3.787 0.3000000119
8173  -39.313  -72.461  -6.737 0.3000000119
138251  -38.903  -71.263  -4.390 0.3000000119
9613  -39.413  -70.310  -2.780 0.3000000119
9630  -39.331  -70.485  -3.649 0.3000000119
10477  -39.779  -69.684  -3.611 0.3000000119
13878  -42.997  -65.376  -2.635 0.3000000119
14751  -43.711  -65.000  -2.547 0.3000000119
14752  -44.971  -64.655  -3.293 0.3000000119
15635  -46.495  -63.728  -1.986 0.3000000119
11368  -39.898  -69.015  -2.455 0.3000000119
13879  -44.104  -65.231  -3.716 0.3000000119
6934  -37.433  -74.614  -6.116 0.3000000119
8890  -38.943  -71.858  -4.450 0.3000000119
8907  -37.557  -70.947  -6.659 0.3000000119
8908  -38.086  -71.087  -6.702 0.3000000119
9644  -38.690  -70.397  -5.330 0.4000000060
9645  -39.043  -70.622  -4.520 0.4000000060
9653  -38.375  -69.972  -5.739 0.4000000060
10467  -39.738  -69.571  -2.840 0.3000000119
10468  -40.278  -69.053  -3.461 0.4000000060
10501  -37.201  -69.537  -6.318 0.4000000060
11394  -37.774  -68.226  -5.895 0.4000000060
12220  -41.525  -67.353  -3.615 0.4000000060
12239  -41.544  -67.486  -5.139 0.4000000060
13062  -43.037  -66.315  -4.864 0.4000000060
13065  -40.962  -66.590  -5.506 0.4000000060
13067  -42.852  -66.346  -5.112 0.4000000060
13868  -38.504  -65.309  -1.764 0.4000000060
13876  -38.610  -65.548  -2.617 0.4000000060
13896  -42.210  -65.934  -5.391 0.4000000060
13898  -43.450  -65.555  -5.140 0.4000000060
14764  -41.619  -65.081  -5.233 0.4000000060
15623  -48.939  -62.626  -0.057 0.3000000119
15634  -38.017  -63.402  -0.423 0.4000000060
15648  -46.631  -63.495  -3.097 0.4000000060
15649  -46.763  -63.053  -3.324 0.5000000000
15656  -33.300  -63.812  -3.031 0.5000000000
15658  -46.350  -63.443  -3.628 0.4000000060
15661  -33.115  -63.316  -3.471 0.5000000000
15665  -41.757  -63.137  -3.973 0.5000000000
16546  -37.024  -62.430  -0.642 0.4000000060
16565  -46.409  -62.616  -3.157 0.5000000000
16571  -34.126  -63.071  -3.192 0.5000000000
16580  -33.370  -62.645  -3.689 0.5000000000
16582  -34.781  -61.612  -3.580 0.5000000000
16586  -45.342  -62.915  -4.069 0.5000000000
17437  -41.628  -61.296  3.193 0.8000000119
17457  -42.102  -61.528  2.443 0.5000000000
17476  -43.602  -61.556  1.512 0.6999999881
17496  -48.789  -62.245  -0.362 0.4000000060
17506  -41.305  -61.181  -0.315 0.6999999881
17507  -42.659  -61.646  -0.845 0.6999999881
17517  -40.228  -59.801  -3.305 0.6000000238
17524  -35.789  -60.901  -3.590 0.5000000000
17531  -32.768  -62.415  -3.531 0.5000000000
17532  -33.098  -62.117  -3.770 0.5000000000
18359  -45.020  -59.997  4.239 0.5000000000
18361  -47.165  -60.031  3.857 0.3000000119
18362  -48.480  -60.142  3.523 0.3000000119
18378  -39.340  -60.381  3.209 0.8000000119
18380  -41.222  -60.861  3.814 0.8000000119
18387  -49.512  -60.785  2.644 0.3000000119
18401  -39.621  -60.750  2.327 0.8000000119
18448  -33.916  -60.382  -3.305 0.4000000060
18449  -34.938  -60.358  -3.447 0.5000000000
18454  -34.259  -60.906  -3.609 0.4000000060
19273  -43.017  -59.628  4.504 0.6000000238
19281  -52.179  -59.403  4.078 0.3000000119
19306  -37.544  -59.383  2.659 0.6999999881
19321  -37.604  -59.573  1.823 0.6000000238
19332  -34.648  -59.208  -0.234 0.6000000238
19333  -35.611  -59.367  0.002 0.6000000238
19334  -36.524  -59.481  0.035 0.5000000000
19355  -36.831  -59.065  -3.226 0.5000000000
19358  -32.512  -59.846  -2.632 0.6000000238
19359  -33.344  -59.891  -2.767 0.5000000000
20198  -40.657  -58.907  4.602 0.6000000238
20199  -41.538  -59.065  4.627 0.8000000119
20208  -52.179  -58.595  3.962 0.3000000119
20219  -36.073  -58.046  3.212 0.6999999881
20232  -35.238  -57.844  2.961 0.6999999881
20233  -36.444  -58.672  2.740 0.6999999881
20234  -37.185  -58.937  3.086 0.6999999881
20268  -32.009  -58.880  -1.893 0.5000000000
21100  -38.371  -57.156  4.541 0.6999999881
21111  -52.001  -57.544  3.916 0.3000000119
21976  -37.794  -56.566  4.526 0.6999999881
21977  -38.542  -56.301  4.574 0.6999999881
22868  -39.945  -55.862  4.273 0.6000000238
22883  -39.193  -55.383  4.310 0.5000000000
22885  -41.375  -55.775  3.277 0.5000000000
22895  -32.879  -55.609  3.054 0.6000000238
22898  -43.257  -56.047  1.564 0.5000000000
22912  -44.148  -55.825  -0.263 0.3000000119
22914  -45.279  -55.436  -0.664 0.3000000119
22917  -45.034  -55.078  -1.018 0.3000000119
23742  -35.814  -54.243  3.904 0.6000000238
23745  -38.479  -54.993  4.349 0.5000000000
23754  -34.900  -54.134  3.605 0.6000000238
23761  -32.387  -54.056  2.565 0.5000000000
23781  -45.359  -55.239  -0.580 0.3000000119
24676  -35.230  -53.474  -0.082 0.5000000000
24686  -34.001  -53.219  -0.244 0.4000000060
24687  -34.621  -53.299  -0.287 0.5000000000
24693  -44.371  -53.675  -1.419 0.3000000119
24695  -43.094  -53.245  -2.093 0.4000000060
24696  -43.875  -53.543  -2.060 0.4000000060
25543  -41.752  -52.311  3.373 0.4000000060
25553  -42.170  -51.704  0.582 0.3000000119
25554  -42.373  -52.575  1.573 0.4000000060
25568  -34.179  -53.001  -0.462 0.5000000000
25569  -34.837  -53.029  -0.519 0.4000000060
26429  -34.021  -51.328  0.429 0.3000000119
26445  -35.378  -52.263  -0.032 0.5000000000
26461  -43.467  -51.018  -2.418 0.4000000060
27376  -43.828  -50.928  -2.193 0.3000000119
28264  -35.016  -50.241  3.264 0.4000000060
28294  -43.512  -49.537  -2.238 0.4000000060
31921  -37.214  -45.463  2.817 0.4000000060
117684  -38.323  -54.376  3.846 0.5000000000
120350  -41.949  -49.681  -2.326 0.4000000060
124449  -38.879  -65.419  -3.514 0.3000000119
125827  -38.948  -72.332  -7.155 0.4000000060
125917  -47.594  -61.586  -0.091 0.5000000000
126990  -40.368  -58.113  4.613 0.6999999881
127540  -45.344  -56.435  2.339 0.5000000000
127628  -34.618  -53.529  0.137 0.5000000000
127782  -39.527  -57.945  4.608 0.6999999881
129104  -44.360  -54.048  -1.565 0.3000000119
129493  -37.290  -48.175  2.224 0.4000000060
130034  -36.303  -53.371  0.131 0.4000000060
130212  -37.168  -72.417  -6.341 0.3000000119
130400  -44.039  -63.328  -4.589 0.4000000060
131239  -40.715  -68.649  -4.231 0.4000000060
133395  -39.207  -56.993  4.594 0.6999999881
133445  -44.829  -56.210  -0.076 0.4000000060
134192  -44.346  -56.498  2.633 0.5000000000
134357  -36.804  -46.565  3.519 0.4000000060
134854  -37.105  -59.323  -1.356 0.6000000238
135653  -33.122  -58.591  -0.201 0.5000000000
135954  -41.626  -64.369  -4.864 0.5000000000
136815  -40.060  -60.973  1.359 0.5000000000
136842  -42.164  -52.213  1.075 0.3000000119
136868  -35.682  -60.369  -3.592 0.5000000000
138230  -40.233  -55.562  3.933 0.5000000000
140218  -38.974  -59.096  -3.602 0.6999999881
